timestamp,open,high,low,close
1781654400000,65618.1,65655.8,65608.4,65624.2
1781654460000,65656.6,65681.8,65624.6,65637.5
1781654520000,65637.3,65678.2,65615.9,65674.3
1781654580000,65650.5,65695,65650.4,65659.1
1781654640000,65659.4,65688.2,65616.9,65621.3
1781654700000,65647.7,65669.4,65615.9,65616.8
1781654760000,65616.7,65669.5,65616.7,65638.3
1781654820000,65637.9,65681.7,65635.8,65635.8
1781654880000,65636,65682.1,65636,65682.1
1781654940000,65679.8,65684.3,65647.8,65679.4
1781655000000,65680.6,65706.8,65658.6,65697.9
1781655060000,65701.3,65725.1,65672.1,65719.4
1781655120000,65688.7,65728.7,65688.2,65726.9
1781655180000,65702,65754.3,65702,65727.4
1781655240000,65727,65744.4,65669.3,65683.8
1781655300000,65700.1,65701.8,65624.4,65658.2
1781655360000,65684.8,65725.3,65658.5,65681.4
1781655420000,65681.5,65720.1,65660.8,65713.2
1781655480000,65688.5,65742.3,65688.5,65731.3
1781655540000,65703.3,65737.8,65691.9,65708.7
1781655600000,65708.3,65741.2,65682.1,65710.4
1781655660000,65709.4,65709.4,65621.2,65647
1781655720000,65647.1,65694.2,65644.6,65680.2
1781655780000,65653.6,65679.4,65641.9,65678.8
1781655840000,65646.6,65691.7,65632.3,65664.1
1781655900000,65668.1,65682.9,65635.6,65682.9
1781655960000,65645.8,65695.3,65634.4,65661.1
1781656020000,65635.7,65671.3,65634.4,65669.8
1781656080000,65667.4,65673.6,65641.2,65673.6
1781656140000,65648.7,65676.4,65648.1,65671.6
1781656200000,65673.4,65689.2,65639.1,65648.4
1781656260000,65625.7,65707.4,65607.3,65707.4
1781656320000,65692.8,65743.2,65682.6,65740.9
1781656380000,65744,65761.4,65712.9,65759
1781656440000,65760.2,65777.7,65720.9,65739.8
1781656500000,65738.8,65738.8,65692.8,65717.9
1781656560000,65716.4,65756.8,65690.2,65746.2
1781656620000,65720.9,65782.1,65720.9,65747.7
1781656680000,65747.4,65772.7,65739.7,65770.2
1781656740000,65740,65764.7,65716.1,65749.3
1781656800000,65751.1,65789.4,65727.2,65782
1781656860000,65756.9,65771.7,65733.2,65734.7
1781656920000,65734.8,65784,65733.4,65753.6
1781656980000,65784,65788.8,65737.3,65785.6
1781657040000,65754.1,65785.6,65743.9,65773.2
1781657100000,65777.4,65795.6,65742.2,65794.4
1781657160000,65788.6,65789.4,65743.4,65744.6
1781657220000,65744.5,65782.5,65732.5,65752.7
1781657280000,65782.8,65787.5,65738.7,65756.3
1781657340000,65760.2,65787.8,65734.8,65752
1781657400000,65756,65767.8,65722.5,65737.7
1781657460000,65739,65740.5,65627.5,65663.6
1781657520000,65665.9,65668.3,65621.4,65661.7
1781657580000,65663,65673.9,65632.7,65664.1
1781657640000,65635.4,65664.1,65624.2,65653.3
1781657700000,65657.4,65693.1,65625.3,65684.6
1781657760000,65695.8,65716.4,65664.3,65676.1
1781657820000,65676.3,65706.6,65659.2,65674.6
1781657880000,65674.5,65706.1,65674.5,65696.9
1781657940000,65674.9,65681.6,65627.4,65627.4
1781658000000,65630.1,65675.9,65604.2,65656.4
1781658060000,65660.8,65695.7,65629.2,65690.7
1781658120000,65693.3,65762.5,65663.4,65751.9
1781658180000,65724.7,65769.8,65708.3,65760.3
1781658240000,65743.8,65755.7,65695.6,65716.7
1781658300000,65744,65751.9,65705.5,65751.2
1781658360000,65762.8,65770.5,65674.8,65705.3
1781658420000,65707.8,65748.1,65689.2,65701.5
1781658480000,65721.8,65770.2,65699.5,65770.2
1781658540000,65739.5,65782.8,65706.8,65737.2
1781658600000,65701,65717.8,65680,65715.7
1781658660000,65715.5,65725.7,65684.4,65721.6
1781658720000,65721.5,65726.3,65696,65724.6
1781658780000,65723.2,65740.2,65695.7,65722.5
1781658840000,65695.5,65741.8,65683.3,65741.8
1781658900000,65736.6,65736.6,65645.9,65652.9
1781658960000,65653.1,65653.1,65578.6,65580.8
1781659020000,65595.8,65647,65576.2,65606.3
1781659080000,65606.5,65648.7,65585.4,65606.8
1781659140000,65615.8,65615.8,65502.2,65547.7
1781659200000,65550.2,65560.3,65504.7,65523.3
1781659260000,65523.4,65578.7,65479.1,65500
1781659320000,65499.8,65531.2,65388,65388
1781659380000,65426.6,65527.3,65417.8,65501.7
1781659440000,65505.6,65567.4,65488.7,65513.6
1781659500000,65519.1,65519.1,65451.8,65496.2
1781659560000,65496,65522.1,65452.6,65476.1
1781659620000,65504.6,65535.2,65477.4,65533.3
1781659680000,65530.2,65531.7,65492.5,65497.1
1781659740000,65497,65539.8,65491.8,65501.8
1781659800000,65544.1,65548,65472,65472.1
1781659860000,65508.3,65538.7,65467.2,65538
1781659920000,65505.2,65535.6,65459.4,65522.4
1781659980000,65526.7,65556.1,65500.6,65556.1
1781660040000,65524.9,65561.3,65504.1,65551.8
1781660100000,65524,65558.3,65514.3,65558.3
1781660160000,65535,65570.1,65530.7,65561.1
1781660220000,65536.9,65565.3,65536.9,65549.9
1781660280000,65577,65596.6,65551.2,65596.6
1781660340000,65601.2,65642.1,65584.6,65595.5
1781660400000,65595.6,65684.1,65592.9,65684.1
1781660460000,65685.1,65764,65666.8,65754.7
1781660520000,65753.1,65753.1,65680.6,65719.7
1781660580000,65692.6,65718.8,65663.4,65663.4
1781660640000,65680.8,65704.8,65680.8,65704.8
1781660700000,65709.8,65750.9,65678.7,65742.4
1781660760000,65742.5,65765,65715.2,65724.9
1781660820000,65724.8,65766,65721.8,65765.9
1781660880000,65763.6,65769.2,65731.6,65765.2
1781660940000,65740.4,65833.1,65736.8,65809.1
1781661000000,65818.7,65850.3,65776.3,65780.7
1781661060000,65775.1,65808.2,65756.5,65758.4
1781661120000,65791.2,65818.2,65753.5,65792.5
1781661180000,65763.3,65848.7,65763.3,65844.5
1781661240000,65819.3,65843.9,65784.1,65822.8
1781661300000,65826.9,65851,65797.1,65847.9
1781661360000,65849.2,65875.6,65821.8,65859.3
1781661420000,65861.8,65885,65833.8,65884.3
1781661480000,65884.7,65887,65847.6,65879.6
1781661540000,65880.9,65903.2,65857.2,65857.8
1781661600000,65858.2,65892.3,65835,65869.9
1781661660000,65843.5,65892.4,65825.1,65853.2
1781661720000,65828.6,65870.9,65808.2,65841.4
1781661780000,65842,65863.3,65801.8,65839.1
1781661840000,65840,65856.1,65813.6,65824.7
1781661900000,65824.6,65852.3,65815.4,65850.6
1781661960000,65822.8,65849,65783,65809.8
1781662020000,65786.3,65821.5,65771.2,65821.4
1781662080000,65804.9,65818.2,65757.1,65784.5
1781662140000,65784.4,65828.3,65769,65769
1781662200000,65797.1,65797.1,65755.2,65755.2
1781662260000,65758,65812.7,65755.1,65782.3
1781662320000,65782.2,65831.4,65782,65789.1
1781662380000,65822.9,65825.2,65783.4,65819.9
1781662440000,65822.1,65851,65796.4,65821.6
1781662500000,65821.7,65868.6,65821.7,65827.6
1781662560000,65818.9,65865.7,65806,65825
1781662620000,65825.1,65868.6,65794.1,65821.1
1781662680000,65821.5,65875,65817.7,65817.7
1781662740000,65815.1,65847.3,65791.7,65847.3
1781662800000,65851.3,65884.4,65838.3,65876.5
1781662860000,65875.7,65880.8,65850.9,65877.4
1781662920000,65855,65976.4,65845.1,65962
1781662980000,65938.5,66082,65937.5,66082
1781663040000,66078.1,66078.4,65991.5,66024.9
1781663100000,66025.6,66027.4,65989.6,65998.1
1781663160000,65997.1,65997.1,65953,65976
1781663220000,65953.3,65988.3,65934.6,65935.1
1781663280000,65934.8,66021.9,65934.8,65986.5
1781663340000,65996.9,66050.8,65984.7,66050.8
1781663400000,66054.1,66054.1,65986.8,66000.9
1781663460000,66001.1,66001.8,65951,65962.4
1781663520000,65961.6,65964.6,65907.4,65951.5
1781663580000,65951.3,65951.3,65873.9,65913.4
1781663640000,65885.9,65901.1,65844.2,65844.2
1781663700000,65844,65874.3,65811.1,65815
1781663760000,65840.8,65855.4,65799.6,65825.8
1781663820000,65853.8,65855.9,65785.8,65788.6
1781663880000,65801.5,65822.4,65779.8,65779.8
1781663940000,65772.4,65796.9,65709.1,65731.5
1781664000000,65736.1,65772.2,65717,65772.2
1781664060000,65767.5,65792.7,65753.7,65792.7
1781664120000,65792.6,65830.2,65747.8,65794.9
1781664180000,65799.5,65824.1,65779.5,65819.6
1781664240000,65821.7,65821.7,65776.9,65782
1781664300000,65810.8,65813.2,65768.7,65811.9
1781664360000,65809.7,65837.1,65774.6,65828.9
1781664420000,65801,65843.5,65761,65778.3
1781664480000,65778,65820.7,65778,65815.4
1781664540000,65785.4,65830.2,65784,65826.1
1781664600000,65833.4,65860.1,65813.8,65821
1781664660000,65851.8,65860.8,65777.5,65778.3
1781664720000,65803.6,65811.3,65760.6,65786.8
1781664780000,65794.8,65801.4,65746.8,65789.9
1781664840000,65788.3,65818.9,65753.8,65804.6
1781664900000,65808,65835.6,65783.6,65812.8
1781664960000,65816.6,65859,65808.8,65853.5
1781665020000,65857.6,65857.8,65817.7,65836.5
1781665080000,65859.4,65860.1,65822.8,65850.9
1781665140000,65824.4,65855.9,65810.7,65853.6
1781665200000,65848.9,65853.6,65813.1,65816
1781665260000,65840.8,65840.8,65785.1,65811.9
1781665320000,65788.9,65811.9,65751.4,65788.6
1781665380000,65758.9,65795.1,65758.7,65793.8
1781665440000,65764,65808.3,65763.4,65808.3
1781665500000,65801.7,65822.8,65769.2,65775.6
1781665560000,65801.7,65822.1,65776.6,65820.6
1781665620000,65795.3,65819.5,65772.5,65819.3
1781665680000,65823.3,65829.4,65789.6,65822.9
1781665740000,65822.5,65841.7,65745.5,65791.8
1781665800000,65766.3,65802.5,65728.3,65764.3
1781665860000,65741.4,65778.6,65737.9,65778.6
1781665920000,65783.1,65802.3,65751.1,65801.3
1781665980000,65772.6,65800.3,65749,65776.8
1781666040000,65745,65769.9,65737.5,65739.2
1781666100000,65764.5,65764.5,65628.4,65663.1
1781666160000,65663.2,65700.1,65647.5,65683.8
1781666220000,65656,65713.4,65653.8,65696.6
1781666280000,65669.9,65705.2,65649,65703.9
1781666340000,65703.8,65726.9,65673.9,65705.2
1781666400000,65705.4,65708.6,65663.6,65707.7
1781666460000,65704.6,65716,65682.9,65709.6
1781666520000,65684.6,65727,65665,65699.8
1781666580000,65702,65706.8,65645.2,65645.2
1781666640000,65645.9,65676.1,65630.5,65672.4
1781666700000,65676.1,65676.1,65639.7,65639.7
1781666760000,65662.4,65715.3,65650.4,65691.5
1781666820000,65718.2,65739.2,65691.8,65738.4
1781666880000,65729.6,65734.3,65695.6,65720
1781666940000,65694.7,65730.4,65688.3,65728
1781667000000,65729.2,65764.1,65702,65743.1
1781667060000,65743.4,65774.5,65733.8,65769.9
1781667120000,65739.1,65796.5,65725,65742.1
1781667180000,65771.1,65831,65742.8,65777.3
1781667240000,65793.8,65794.6,65760.2,65790.8
1781667300000,65792.4,65792.4,65741.3,65741.6
1781667360000,65764.8,65774.6,65736,65743.3
1781667420000,65768.1,65773.1,65728.6,65743.8
1781667480000,65756.9,65763.1,65730,65760.8
1781667540000,65760.3,65764.7,65728.1,65763.5
1781667600000,65739.1,65776.2,65736.2,65749.4
1781667660000,65749.3,65773.1,65729.5,65765.1
1781667720000,65765.2,65777,65747.4,65773.1
1781667780000,65737.4,65773,65737.4,65763.9
1781667840000,65738.7,65745.9,65711.3,65721.2
1781667900000,65751,65762.5,65710.9,65710.9
1781667960000,65710.8,65733.5,65690.4,65691
1781668020000,65715.1,65763.9,65692.3,65739.4
1781668080000,65763.9,65763.9,65735.6,65763.9
1781668140000,65738.2,65784.8,65720.2,65720.2
1781668200000,65720.8,65775.5,65720.8,65746.2
1781668260000,65767.5,65785.9,65749.5,65784.8
1781668320000,65781.5,65793.1,65744.3,65761.4
1781668380000,65784.1,65803.6,65760.1,65760.1
1781668440000,65793,65797.4,65759.8,65771.8
1781668500000,65761.7,65793.6,65735.2,65740.4
1781668560000,65740.7,65765,65737.8,65737.8
1781668620000,65738,65757.6,65723.8,65750.1
1781668680000,65720.9,65751,65718.7,65749.4
1781668740000,65727,65797.5,65727,65797.5
1781668800000,65802.4,65818.9,65773.7,65814.8
1781668860000,65808.4,65808.4,65760.6,65760.6
1781668920000,65750.3,65791.4,65747.8,65786.7
1781668980000,65787.6,65804.7,65763.9,65797.5
1781669040000,65795.9,65799.1,65772.9,65773
1781669100000,65772.9,65817.1,65772.9,65783.3
1781669160000,65782.5,65824.6,65782.5,65815.2
1781669220000,65820.4,65833.2,65796.2,65796.2
1781669280000,65796.1,65809.4,65774.2,65809.4
1781669340000,65783.4,65807.2,65767.9,65802.2
1781669400000,65806.3,65834.1,65787,65834
1781669460000,65807.5,65844.3,65807.1,65836.6
1781669520000,65809.4,65836.6,65801.8,65834.9
1781669580000,65834.8,65834.8,65753.6,65769.9
1781669640000,65771.4,65791.1,65753.6,65758.3
1781669700000,65758.1,65785.7,65745.3,65772.8
1781669760000,65776.7,65798.7,65750.2,65789.8
1781669820000,65791.3,65792.3,65759.5,65787.4
1781669880000,65761.5,65784.6,65752.3,65752.7
1781669940000,65752.8,65752.8,65716.3,65741
1781670000000,65742,65776.3,65728.1,65746.8
1781670060000,65746.9,65773.5,65730.1,65734.4
1781670120000,65734.8,65785.8,65734.8,65781.2
1781670180000,65749.5,65807.4,65749.5,65800.6
1781670240000,65804.5,65842.2,65776.5,65837.7
1781670300000,65837.1,65837.1,65797.1,65802.2
1781670360000,65801.4,65828.7,65790.6,65821.6
1781670420000,65824.6,65831.9,65800.9,65802.1
1781670480000,65802.2,65830.6,65798.9,65811.7
1781670540000,65785.1,65853.4,65777.6,65836.8
1781670600000,65819.4,65841.7,65787.3,65787.3
1781670660000,65818,65830,65778.9,65830
1781670720000,65829.6,65861.1,65805.5,65860.1
1781670780000,65856,65857.9,65832.3,65848.8
1781670840000,65849,65853.5,65811.4,65841.7
1781670900000,65808.6,65841.7,65800.1,65836.3
1781670960000,65838.6,65838.6,65808.1,65808.4
1781671020000,65808.6,65838.2,65797,65797
1781671080000,65794.4,65860.1,65794.4,65860.1
1781671140000,65863,65873.1,65834.9,65865.9
1781671200000,65838.4,65887.6,65837.4,65875.4
1781671260000,65879.1,65886.6,65844.7,65873.6
1781671320000,65848.9,65875.9,65839.7,65845.3
1781671380000,65870.8,65873.4,65845.4,65870.4
1781671440000,65845.5,65872.9,65845.4,65845.4
1781671500000,65845.8,65872,65845.5,65845.8
1781671560000,65845.9,65942.5,65845.9,65938.2
1781671620000,65911.9,65939.8,65897.4,65937.2
1781671680000,65939.8,65983.7,65919.4,65952.2
1781671740000,65952.4,65984,65945.2,65951.4
1781671800000,65951.5,65996.8,65884.1,65920.1
1781671860000,65925.7,65931.1,65872.2,65898.8
1781671920000,65930.7,65932.1,65891.1,65894.4
1781671980000,65890.8,65923.9,65879.2,65895.4
1781672040000,65893.8,65895.8,65863.1,65866.3
1781672100000,65895.3,65895.3,65865.8,65891.1
1781672160000,65892.8,65892.8,65848.5,65851.9
1781672220000,65852,65861.8,65826.1,65836.8
1781672280000,65846.5,65855,65810.1,65812.1
1781672340000,65820.8,65838.1,65806.1,65806.4
1781672400000,65806.3,65841.9,65806.3,65811.2
1781672460000,65811.3,65854.2,65804,65804
1781672520000,65804.1,65844.5,65796.2,65823.9
1781672580000,65796.1,65861.6,65795.9,65825.9
1781672640000,65826,65905.6,65825.8,65903.6
1781672700000,65907.2,65923.1,65840.3,65857.8
1781672760000,65866.7,65870.2,65825.4,65825.4
1781672820000,65824.8,65844,65796.7,65812.8
1781672880000,65795.4,65811.5,65739.2,65788.3
1781672940000,65787.7,65787.7,65732.1,65746.8
1781673000000,65721.7,65758.4,65709.8,65750.1
1781673060000,65746.9,65753,65716.5,65749.7
1781673120000,65719,65749.4,65714.6,65744.3
1781673180000,65719,65754.6,65719,65750.7
1781673240000,65744.7,65756.8,65711.4,65749.1
1781673300000,65729.3,65752.6,65708.2,65711.6
1781673360000,65708.1,65739.4,65679,65731.9
1781673420000,65731.8,65732.6,65700.8,65731.8
1781673480000,65730.4,65731.8,65699.8,65700.9
1781673540000,65699.8,65739.7,65686.7,65686.7
1781673600000,65715,65719.3,65644.1,65710.9
1781673660000,65711.5,65714.7,65674.5,65714
1781673720000,65682.3,65728.1,65682.3,65723.3
1781673780000,65724.7,65726.1,65688.6,65720.9
1781673840000,65721,65746.9,65691.6,65717
1781673900000,65742.4,65765.1,65714.8,65765.1
1781673960000,65767.9,65788.4,65734.4,65784.9
1781674020000,65786.3,65787.7,65749.1,65763.8
1781674080000,65777.8,65785,65750,65785
1781674140000,65786.7,65810.3,65754.2,65771.8
1781674200000,65771.9,65813.2,65754.4,65783.4
1781674260000,65754.6,65813,65754.6,65802.7
1781674320000,65779.8,65810.7,65774.1,65774.3
1781674380000,65800.9,65800.9,65752.3,65775
1781674440000,65748.6,65817.6,65743.2,65816.6
1781674500000,65789.5,65819.4,65770.1,65789
1781674560000,65761.7,65791.1,65761.7,65789.2
1781674620000,65790.2,65791.1,65762.3,65788.7
1781674680000,65761.6,65812.1,65761.2,65802.4
1781674740000,65810,65821.3,65777.4,65819.4
1781674800000,65790,65819.4,65789.5,65789.8
1781674860000,65790.3,65855.6,65790.2,65843.9
1781674920000,65844.3,65864.4,65829.4,65853.4
1781674980000,65861.6,65868.9,65825.3,65865.1
1781675040000,65866.6,65874.1,65831.6,65858.7
1781675100000,65830.7,65867.7,65818.3,65861.1
1781675160000,65832.3,65876.7,65832.3,65870.9
1781675220000,65841.6,65868.7,65808.7,65808.7
1781675280000,65830,65830,65797.1,65797.2
1781675340000,65797.1,65827.7,65779.4,65803.8
1781675400000,65802.4,65806.2,65772,65806.2
1781675460000,65775.7,65806.2,65726.9,65763.6
1781675520000,65728.6,65760.8,65707.6,65742.2
1781675580000,65742.4,65745.7,65692.5,65734.6
1781675640000,65734.9,65743,65696.5,65727.9
1781675700000,65732,65736.9,65697.7,65703
1781675760000,65702.3,65729.3,65696.1,65727.8
1781675820000,65730.4,65761.2,65697.8,65731.1
1781675880000,65761.9,65785.8,65725.2,65782.9
1781675940000,65786.1,65804.6,65750.2,65778.5
1781676000000,65753.7,65792.3,65742.5,65752.8
1781676060000,65743,65779.9,65731.2,65764.6
1781676120000,65764.9,65779.2,65732.5,65748.8
1781676180000,65732.3,65774.2,65699.1,65763.4
1781676240000,65771.3,65789.7,65737.2,65757.5
1781676300000,65756.7,65795.8,65742.5,65792.3
1781676360000,65768.4,65789.2,65758.4,65783.9
1781676420000,65758.4,65795.5,65749.1,65791.4
1781676480000,65792.3,65792.3,65765.3,65791.4
1781676540000,65787.1,65794.5,65747.5,65770.7
1781676600000,65799.9,65810.7,65765.4,65778.2
1781676660000,65778.1,65811,65753.7,65776.8
1781676720000,65751.5,65803.8,65750,65803.8
1781676780000,65803.4,65808.2,65758.7,65776.9
1781676840000,65776.8,65812.7,65776.8,65803.9
1781676900000,65775.2,65804.6,65764.4,65770.9
1781676960000,65771,65803.4,65757.6,65786
1781677020000,65790.5,65802.4,65762.6,65767.1
1781677080000,65801.4,65844.1,65776.8,65816.9
1781677140000,65816,65843.4,65799.5,65829.6
1781677200000,65798.9,65830.3,65795.2,65795.3
1781677260000,65795.5,65833.5,65781.6,65816.2
1781677320000,65790.8,65812.1,65778.8,65784.8
1781677380000,65784.7,65813.4,65771.6,65771.6
1781677440000,65803.9,65804.6,65756.9,65757.9
1781677500000,65757.5,65768.6,65729.2,65729.5
1781677560000,65730.3,65737.8,65677.7,65677.7
1781677620000,65695.8,65695.8,65643.5,65654.8
1781677680000,65643.9,65675.7,65578.4,65620.5
1781677740000,65621.9,65621.9,65564.9,65596.4
1781677800000,65568.4,65621.6,65552.7,65585.5
1781677860000,65585.3,65621.6,65526.1,65574.8
1781677920000,65572.8,65611.8,65543.3,65543.3
1781677980000,65570.7,65651.8,65544.4,65651.4
1781678040000,65652.1,65681.8,65621.9,65630.4
1781678100000,65630.8,65684.3,65617.6,65617.6
1781678160000,65617.8,65656.1,65605.6,65608.3
1781678220000,65608.4,65625.5,65590.7,65624.1
1781678280000,65600.8,65641.4,65590.3,65635.8
1781678340000,65632.3,65649.6,65566.1,65614.3
1781678400000,65613.5,65614.3,65517.6,65568.1
1781678460000,65566.5,65568.1,65494.2,65533.3
1781678520000,65534.1,65569.2,65513.2,65547.8
1781678580000,65546.8,65585.3,65531.1,65556.2
1781678640000,65556.4,65591.4,65548.3,65583.4
1781678700000,65588.3,65603.6,65557.2,65589.1
1781678760000,65561.5,65589.1,65521.5,65570.1
1781678820000,65577.2,65608.3,65547.3,65575.8
1781678880000,65575.9,65614.4,65571.9,65602.1
1781678940000,65571.6,65616.1,65565.8,65614
1781679000000,65611.1,65625.5,65585.9,65585.9
1781679060000,65586,65600,65563.6,65598.7
1781679120000,65571.5,65615.6,65568.4,65568.4
1781679180000,65571.2,65606.9,65567.6,65604.4
1781679240000,65601.8,65603.1,65553.6,65555.7
1781679300000,65585.6,65591.7,65530.9,65557.6
1781679360000,65528.1,65585.3,65525.3,65535
1781679420000,65533.7,65565.3,65524,65529.3
1781679480000,65558.7,65566.8,65530.2,65565
1781679540000,65569.7,65571.5,65536.7,65566.4
1781679600000,65542.5,65568.1,65523.7,65553.6
1781679660000,65525.4,65546,65495.6,65546
1781679720000,65549.4,65568.9,65506.7,65529.9
1781679780000,65531.6,65567.3,65486.2,65564.8
1781679840000,65564.7,65564.7,65497.8,65501
1781679900000,65530.5,65579.9,65475.5,65545.9
1781679960000,65541,65561.8,65493.9,65534.5
1781680020000,65538.6,65543.8,65498.9,65533.3
1781680080000,65534.6,65549.3,65507.8,65519
1781680140000,65518.9,65599.4,65518.4,65597.2
1781680200000,65573.3,65633.2,65570,65625.9
1781680260000,65627.7,65643.6,65580.7,65619
1781680320000,65649.9,65654.8,65594.2,65622
1781680380000,65622.2,65636.4,65591.3,65620.6
1781680440000,65621,65636.4,65597.8,65635.9
1781680500000,65632,65662.4,65597.7,65649.3
1781680560000,65653.3,65653.3,65603.9,65642.2
1781680620000,65615.1,65620.6,65590.5,65590.7
1781680680000,65578.2,65618.4,65561.2,65608.4
1781680740000,65583.7,65610.4,65540.8,65541.1
1781680800000,65541,65546,65405.9,65417.1
1781680860000,65417.4,65483.8,65410.6,65483.8
1781680920000,65483.7,65492.8,65440.7,65486.5
1781680980000,65490.7,65501.4,65421.7,65421.8
1781681040000,65421.9,65466,65420.3,65430.3
1781681100000,65430.4,65489.5,65430.1,65451.1
1781681160000,65450.9,65499.5,65436.3,65495.3
1781681220000,65497.7,65499.5,65465.9,65499.5
1781681280000,65468.5,65499.5,65466.9,65499.5
1781681340000,65474.5,65499.5,65473.9,65474.2
1781681400000,65474,65498.5,65450.1,65461.8
1781681460000,65461.9,65520.8,65453.1,65507.8
1781681520000,65475.9,65505.6,65460.4,65472.7
1781681580000,65473.3,65523.5,65445.8,65495.1
1781681640000,65494.8,65507.8,65463,65488.8
1781681700000,65487.8,65518.4,65464,65498.2
1781681760000,65494.8,65516.5,65464.6,65493.8
1781681820000,65496.1,65501.7,65425.8,65457.8
1781681880000,65425.5,65479,65417.3,65478.1
1781681940000,65483.6,65493.5,65421.5,65451.8
1781682000000,65418.9,65462.4,65402.7,65462.4
1781682060000,65461.6,65492.8,65435,65492.7
1781682120000,65458.2,65491.1,65457.8,65489.4
1781682180000,65489.5,65499,65458.7,65497.6
1781682240000,65493.1,65499.6,65451.1,65480.4
1781682300000,65467.7,65467.7,65406.6,65428.5
1781682360000,65428.6,65483.9,65428.6,65455.5
1781682420000,65475.8,65488.4,65434.8,65462.6
1781682480000,65458.8,65458.8,65383.7,65416.8
1781682540000,65401,65416.7,65346.8,65409.2
1781682600000,65410.9,65410.9,65348.3,65384.9
1781682660000,65359.5,65413.3,65354.3,65411.3
1781682720000,65407.5,65410.1,65355.8,65355.9
1781682780000,65355.8,65374.8,65186.4,65214.7
1781682840000,65199.6,65258.2,65163.2,65225.7
1781682900000,65254,65341.3,65216.3,65330.5
1781682960000,65339.3,65405.1,65288.5,65375.7
1781683020000,65375.8,65471.8,65375.8,65442.7
1781683080000,65442.6,65539.2,65442.6,65504.1
1781683140000,65478.6,65502.6,65429.2,65456.6
1781683200000,65456.8,65478.3,65398.6,65471.1
1781683260000,65471.3,65522.9,65448.3,65466.5
1781683320000,65478.8,65484.4,65359.3,65400.7
1781683380000,65400.8,65426.4,65374.1,65415.2
1781683440000,65420.3,65442.6,65376.8,65409.5
1781683500000,65413.4,65440,65386.8,65422
1781683560000,65421,65421,65357.4,65418.3
1781683620000,65381.3,65436.8,65351.9,65382.2
1781683680000,65387,65392.4,65336.7,65378.9
1781683740000,65378,65380.5,65330.8,65347.9
1781683800000,65346.6,65375.7,65302.3,65349.5
1781683860000,65315.8,65344.6,65274.7,65309.2
1781683920000,65309.3,65365.1,65299.4,65321.5
1781683980000,65298.6,65336.4,65275.1,65320.4
1781684040000,65321.9,65321.9,65252.1,65283.5
1781684100000,65287.3,65306.1,65233.3,65265.2
1781684160000,65233.3,65277.5,65219.6,65235.3
1781684220000,65235.7,65284.1,65194.7,65253.4
1781684280000,65221.1,65253.5,65197.4,65226.8
1781684340000,65228.4,65244.9,65188.8,65240.8
1781684400000,65211.2,65240.8,65165.2,65176.8
1781684460000,65187.3,65244.6,65161.9,65244.6
1781684520000,65251.4,65301.9,65214.3,65299.2
1781684580000,65270.7,65320.7,65270.7,65318.8
1781684640000,65304.1,65305.2,65249.8,65281
1781684700000,65285.3,65296.7,65248.9,65295.3
1781684760000,65296.7,65340.1,65266.6,65324.5
1781684820000,65329.1,65336.4,65300.2,65332.3
1781684880000,65334.1,65334.1,65238.1,65281.9
1781684940000,65286.2,65293,65254.8,65268.7
1781685000000,65237.2,65264.6,65191,65193.4
1781685060000,65193,65209.8,65072,65136.6
1781685120000,65141.7,65193.6,65120.5,65169.2
1781685180000,65174.3,65174.3,65081.8,65117.3
1781685240000,65117.4,65147.1,65082.4,65108.1
1781685300000,65108.2,65138.9,65054.8,65072.8
1781685360000,65087.8,65125.1,65054.5,65087.2
1781685420000,65086.9,65086.9,65012.6,65061.2
1781685480000,65027.2,65059.6,64982.8,65005.8
1781685540000,65016.4,65022.1,64870.6,64942.1
1781685600000,64938.1,64952.9,64871.2,64914.8
1781685660000,64948.3,65032.5,64920.3,65019
1781685720000,64995.9,65020.6,64920,64949.6
1781685780000,64922.5,64948.9,64890,64937.7
1781685840000,64941.4,64948.9,64835.5,64839.7
1781685900000,64839.6,64898.8,64814.8,64896.9
1781685960000,64902,64920,64855.7,64896.3
1781686020000,64894.8,64941.2,64866.2,64940.5
1781686080000,64934.4,64934.4,64824.8,64874.7
1781686140000,64847.7,64915.9,64767,64821.9
1781686200000,64850.5,64899.9,64822.4,64882.4
1781686260000,64883.8,64899.1,64767.3,64767.3
1781686320000,64787.3,64859,64762.3,64848.1
1781686380000,64852,64878.3,64824.3,64878.3
1781686440000,64874.9,64887.4,64834.9,64835.8
1781686500000,64855.8,64898,64824.2,64859.8
1781686560000,64860,64968.1,64860,64940.1
1781686620000,64958,64958,64897.6,64906.4
1781686680000,64931.8,64942.2,64863.5,64865
1781686740000,64892.1,64892.1,64837.7,64869.3
1781686800000,64841.4,64927.1,64828.5,64918.1
1781686860000,64892.7,64945.4,64888.6,64929
1781686920000,64926.8,64958.2,64893.9,64953
1781686980000,64948.6,64953.5,64906.4,64908.1
1781687040000,64908,64980.8,64905.3,64941
1781687100000,64939.8,64939.8,64873.3,64907.9
1781687160000,64909.5,64916.6,64876.1,64876.1
1781687220000,64875.9,64925.2,64850.5,64894
1781687280000,64894.2,64922,64863.5,64885.1
1781687340000,64857.3,64924.8,64854.8,64912.3
1781687400000,64890.9,64914.7,64858.9,64914.7
1781687460000,64918.6,64958.9,64884.1,64958.9
1781687520000,64957.8,64958.9,64905.3,64949
1781687580000,64919.1,64948.6,64898.2,64948.6
1781687640000,64940.2,64940.2,64892,64925.6
1781687700000,64929.4,64944.5,64893.4,64896.4
1781687760000,64924.6,64935.2,64857.2,64861.7
1781687820000,64887.1,64902.8,64860.6,64873.7
1781687880000,64873.9,64944.5,64869,64918.7
1781687940000,64918.6,64991.1,64916.2,64970.9
1781688000000,64978.8,64983.1,64914.7,64940.4
1781688060000,64914.5,64935.8,64879.2,64888.4
1781688120000,64847.3,64921.8,64846.5,64884.4
1781688180000,64910.3,64919.8,64877.4,64912
1781688240000,64882.4,64951.3,64882.2,64913.3
1781688300000,64942.1,64980.5,64898,64948.9
1781688360000,64949.2,65028.2,64949.2,64994.2
1781688420000,64998.5,64998.5,64950.1,64991.8
1781688480000,64994,64999.7,64952.5,64994.9
1781688540000,64997.5,64997.5,64949.8,64994.8
1781688600000,64992.4,64992.4,64950.9,64954.5
1781688660000,64980.4,65020.1,64954.3,65000
1781688720000,64965.5,64985.3,64923,64933.3
1781688780000,64939.8,64957.4,64922.8,64957.4
1781688840000,64963.2,64964.9,64896,64922.7
1781688900000,64922.8,64949.4,64872.2,64872.2
1781688960000,64894.3,64932.1,64836.2,64926
1781689020000,64926.6,64929.3,64887.2,64926.8
1781689080000,64914.3,64943.1,64910.4,64943.1
1781689140000,64942.9,64945.8,64881.8,64881.8
1781689200000,64879.3,64926.4,64879.3,64906.8
1781689260000,64933.5,64933.5,64860.7,64901.2
1781689320000,64906.8,64930.5,64906.8,64930.5
1781689380000,64921.9,64929.6,64888.3,64909.5
1781689440000,64911.3,64924.2,64884,64898.8
1781689500000,64874,64931.6,64871.2,64930.9
1781689560000,64927.1,64937,64866.1,64931
1781689620000,64934.8,64946.4,64880.6,64928.6
1781689680000,64925.7,64939.4,64883,64935.8
1781689740000,64935.5,64947.2,64884.5,64946.9
1781689800000,64943.3,64957.9,64856,64866.9
1781689860000,64887.7,64891.3,64826.1,64883.7
1781689920000,64885,64897.9,64863.5,64886.4
1781689980000,64882.5,64882.5,64842.7,64864.4
1781690040000,64867.3,64868.4,64791.1,64806.6
1781690100000,64827.9,64838.2,64770.4,64806.6
1781690160000,64809.9,64809.9,64754,64804.8
1781690220000,64809.9,64853.2,64805.9,64845.6
1781690280000,64835.8,64850.5,64823.3,64838.9
1781690340000,64839.9,64862,64837.2,64859.1
1781690400000,64862.8,64862.8,64824.1,64848.7
1781690460000,64850.3,64947.4,64823.2,64939.8
1781690520000,64910.6,64934.6,64817.9,64838.9
1781690580000,64820.8,64835.4,64773.4,64820.6
1781690640000,64818.5,64818.5,64731.6,64769.7
1781690700000,64800.9,64822.2,64755.1,64766
1781690760000,64770.8,64844.6,64757.8,64831.8
1781690820000,64836.1,64843.6,64760.4,64798.9
1781690880000,64797.7,64801.3,64742.4,64775.3
1781690940000,64779.9,64828.1,64751.8,64799.3
1781691000000,64803.6,64821.4,64770.3,64788.8
1781691060000,64817.8,64847,64777.4,64817.9
1781691120000,64818,64860,64812.7,64813.2
1781691180000,64813,64848.5,64812.8,64813.2
1781691240000,64813.1,64843.4,64777.3,64806.7
1781691300000,64838.9,64839.8,64780.9,64839.8
1781691360000,64837.3,64889,64809.8,64873.4
1781691420000,64840.8,64885.3,64840.8,64854.5
1781691480000,64886.3,64914.2,64846.9,64874.1
1781691540000,64844.5,64877.8,64800,64828.5
1781691600000,64825.4,64875,64788.5,64840.2
1781691660000,64876.2,64907.8,64840.6,64881
1781691720000,64906.8,64937.5,64864.1,64916.5
1781691780000,64883.2,64926,64854.7,64895.9
1781691840000,64867.3,64907.9,64858.8,64860.1
1781691900000,64860.5,64881.7,64836.9,64869.1
1781691960000,64844.8,64875.5,64827.2,64827.2
1781692020000,64858.2,64867.3,64817.8,64834.7
1781692080000,64835.4,64887.3,64835.4,64856.3
1781692140000,64856.2,64889.3,64855.5,64856
1781692200000,64855.8,64923.7,64855.7,64890.1
1781692260000,64890.2,64926.1,64861.2,64872.2
1781692320000,64879.9,64916.3,64860.4,64915.2
1781692380000,64916.3,64919.9,64874.3,64904.5
1781692440000,64901.7,64903.4,64860.2,64893
1781692500000,64866.5,64888,64842.3,64856.2
1781692560000,64856.1,64881.4,64840.5,64874.5
1781692620000,64844.4,64893.6,64827.6,64861
1781692680000,64861.4,64881.9,64826.5,64876.7
1781692740000,64877.7,64880.7,64828.4,64859.5
1781692800000,64857,64865.1,64821.1,64851.6
1781692860000,64819.9,64875.4,64794.3,64847.1
1781692920000,64846.9,64884.3,64826.4,64831.7
1781692980000,64831.4,64860.1,64824.7,64832.5
1781693040000,64832.3,64878.2,64832.2,64871.6
1781693100000,64870.6,64899.1,64836.8,64863.2
1781693160000,64862.8,64896.6,64843.8,64872
1781693220000,64846.8,64872,64804.4,64841.1
1781693280000,64845.2,64855.9,64789.4,64818.9
1781693340000,64821.3,64834.3,64761.9,64798.5
1781693400000,64833.5,64852.4,64774.1,64780.3
1781693460000,64780.2,64829.2,64769.3,64769.3
1781693520000,64769.2,64830.4,64756.4,64796.5
1781693580000,64796.2,64823,64754.8,64783.9
1781693640000,64785.9,64785.9,64743,64744.9
1781693700000,64745.2,64776.4,64741.1,64769.8
1781693760000,64743.5,64764.8,64706,64739
1781693820000,64740,64750.2,64707.6,64741.6
1781693880000,64737.4,64748.8,64709.4,64736.8
1781693940000,64738.4,64748,64685.8,64725.5
1781694000000,64753.2,64807.5,64699.3,64706.9
1781694060000,64731.8,64752.8,64686.5,64700
1781694120000,64736.4,64736.4,64662,64699.1
1781694180000,64671.1,64708,64659.4,64704
1781694240000,64675.4,64704,64624.3,64635.9
1781694300000,64635.8,64654.5,64505.8,64543.3
1781694360000,64580.9,64656.6,64544.4,64614.6
1781694420000,64611.9,64683.4,64603.7,64633.5
1781694480000,64600.5,64648.6,64558.6,64585.7
1781694540000,64585.5,64644.7,64585.5,64623.7
1781694600000,64620.1,64642.6,64592.5,64636.9
1781694660000,64613,64648.5,64571.3,64631.1
1781694720000,64633.4,64643.8,64573.9,64601.3
1781694780000,64603,64622.7,64538.1,64539.2
1781694840000,64540.4,64586.6,64516.4,64523.8
1781694900000,64560.1,64577.9,64508.8,64544.7
1781694960000,64544.4,64579.4,64492.1,64537.1
1781695020000,64536.9,64572.8,64479.2,64491.3
1781695080000,64491.4,64541.2,64484.4,64523.4
1781695140000,64499.5,64583.5,64493.7,64554.9
1781695200000,64584.5,64648.1,64554.7,64616.9
1781695260000,64620.9,64666.6,64590,64666.6
1781695320000,64666.8,64672.5,64561,64598.4
1781695380000,64602.1,64640.1,64571.1,64603
1781695440000,64602.1,64634.3,64563.9,64569.8
1781695500000,64590.5,64663.1,64549.9,64641.2
1781695560000,64612.2,64661.9,64610.3,64647.2
1781695620000,64616.9,64694.9,64607.8,64672.9
1781695680000,64644.1,64677.7,64617.6,64632.3
1781695740000,64632.5,64680.6,64623.8,64653.1
1781695800000,64656.3,64656.3,64585,64619.4
1781695860000,64585,64674,64585,64635.8
1781695920000,64635.6,64677.6,64626.2,64643.2
1781695980000,64643.4,64697.5,64641.3,64676.1
1781696040000,64648.3,64683.5,64610.4,64681.4
1781696100000,64650.3,64679.8,64609.5,64660.6
1781696160000,64662.9,64683.3,64633.3,64646.6
1781696220000,64646.8,64699.4,64646.7,64697
1781696280000,64691.4,64726.2,64652.4,64713.8
1781696340000,64686.3,64707.6,64654.8,64670.4
1781696400000,64708.2,64742.3,64670.6,64713.4
1781696460000,64740.5,64753.5,64701.3,64718.8
1781696520000,64746.5,64753.3,64692.5,64725.1
1781696580000,64694.5,64745.9,64681,64738.6
1781696640000,64742.2,64746.8,64709.3,64746.8
1781696700000,64747.2,64772.6,64717.6,64763.8
1781696760000,64766.2,64797,64741,64794.6
1781696820000,64801,64815.3,64763.8,64812.1
1781696880000,64795.6,64801.4,64758.9,64799.4
1781696940000,64775.3,64794.2,64750.4,64790.5
1781697000000,64756.8,64801.8,64749.8,64763.3
1781697060000,64792,64804.1,64754.9,64754.9
1781697120000,64784.7,64808.8,64767.7,64794.2
1781697180000,64767.9,64815.8,64767.9,64779.1
1781697240000,64778.6,64796.4,64766.5,64768.8
1781697300000,64769.2,64813.7,64769.2,64813.7
1781697360000,64782.1,64813.6,64768.1,64784.4
1781697420000,64790.4,64809.6,64748,64753.1
1781697480000,64763.2,64797.5,64752.2,64789.2
1781697540000,64754.5,64778.8,64736.1,64757.4
1781697600000,64759.1,64765.8,64694.9,64736.1
1781697660000,64741.6,64775.2,64719.2,64719.3
1781697720000,64748.9,64762.8,64701.9,64760.3
1781697780000,64733.8,64759,64688.8,64745.6
1781697840000,64749.6,64778.9,64698.2,64775.3
1781697900000,64752.3,64797.4,64737.4,64797.4
1781697960000,64798.4,64816.4,64756.6,64806.7
1781698020000,64811,64815.2,64773.9,64805.9
1781698080000,64810.9,64810.9,64754,64798.1
1781698140000,64790.4,64808.1,64774.2,64805.9
1781698200000,64806.7,64825.9,64769.4,64795.2
1781698260000,64795.3,64820.6,64756.7,64760.5
1781698320000,64760.6,64809.3,64717.1,64747
1781698380000,64751.9,64798.8,64728.2,64794.4
1781698440000,64772.5,64805.2,64753.4,64776.4
1781698500000,64776.3,64807.2,64763.2,64794.4
1781698560000,64792,64795.4,64748.2,64770.2
1781698620000,64764.4,64790.6,64727.4,64727.5
1781698680000,64752.4,64784,64737.9,64768.2
1781698740000,64774.9,64794.3,64743.7,64776.2
1781698800000,64775.6,64775.6,64662.1,64716.5
1781698860000,64681.8,64716.6,64642.5,64678.9
1781698920000,64682.9,64714,64624.6,64695.5
1781698980000,64691,64722.2,64601,64601
1781699040000,64625.9,64664.5,64582.7,64616.7
1781699100000,64612.9,64631.1,64576.6,64576.6
1781699160000,64613.8,64659.9,64568.5,64638.3
1781699220000,64637.8,64688,64625.1,64678.3
1781699280000,64651.1,64677.1,64604.6,64653.8
1781699340000,64654.5,64656,64599.9,64641.2
1781699400000,64617.7,64643.6,64511.8,64600.2
1781699460000,64628.7,64685.1,64601.3,64658.4
1781699520000,64681.4,64718.5,64651.4,64708.4
1781699580000,64687.9,64740.8,64673.8,64738.6
1781699640000,64740.8,64740.8,64677.7,64735.5
1781699700000,64708.2,64773.1,64708.2,64729.9
1781699760000,64761,64811,64747.1,64768.9
1781699820000,64761.7,64779.1,64722.6,64723
1781699880000,64722.9,64784.6,64721,64784.6
1781699940000,64755.3,64811.6,64735.2,64735.2
1781700000000,64735.1,64765.8,64723.7,64754.9
1781700060000,64762,64776.1,64726.8,64768.7
1781700120000,64763.8,64801.9,64729.5,64765.2
1781700180000,64765.3,64823.9,64765.2,64814.9
1781700240000,64786.6,64872,64786.6,64862.5
1781700300000,64837.7,64927.9,64837.7,64916.4
1781700360000,64886.4,64935.9,64880.5,64886.9
1781700420000,64882.9,64949.9,64877.4,64918.9
1781700480000,64919.1,65057.4,64919,64966
1781700540000,64995.3,65006,64925.5,64973.4
1781700600000,64966.2,64973.4,64913.3,64915.3
1781700660000,64915.2,64960.5,64910.2,64947.1
1781700720000,64919.2,64954.6,64883,64896.9
1781700780000,64920.9,64920.9,64876.7,64911
1781700840000,64911.1,64916.4,64873.9,64900.6
1781700900000,64900.9,64966.3,64876,64966.3
1781700960000,64967.7,64970.4,64918.8,64955.1
1781701020000,64953.7,64979.4,64928,64939.6
1781701080000,64937.8,64982.5,64924.4,64949
1781701140000,64948.8,65004.8,64948.8,64960.2
1781701200000,64970.8,64998.2,64918.6,64998.2
1781701260000,64967.4,65002.2,64948.9,64989.7
1781701320000,64972.7,64997.9,64948.4,64985.7
1781701380000,64960.8,64986.3,64916.4,64916.4
1781701440000,64946.7,64986.7,64914.6,64941.2
1781701500000,64941.4,64985.6,64930.6,64981
1781701560000,64982.9,65011.5,64935.1,64985.6
1781701620000,65013.5,65026.2,64936.2,64938.8
1781701680000,64938.9,64953.4,64908.3,64942.4
1781701740000,64937.2,64944,64910.9,64942.3
1781701800000,64936.2,64952.5,64907.7,64907.7
1781701860000,64936.3,64981.1,64915.8,64951.2
1781701920000,64951.1,64999.4,64949.8,64999.4
1781701980000,64968.8,65040.1,64967.7,65039.2
1781702040000,65034,65039.1,64995.7,65029.5
1781702100000,65024.9,65024.9,64951.7,64951.7
1781702160000,64986,64994.1,64961.2,64987.8
1781702220000,64984.3,65000,64960.7,64991.4
1781702280000,64968.9,65027.5,64944.6,65015.8
1781702340000,65020,65020.5,64968.2,65000.4
1781702400000,64999.1,65000,64954.5,64995.8
1781702460000,64989.5,64989.5,64940.1,64954.6
1781702520000,64954.5,64959,64907.9,64931.6
1781702580000,64929.2,64930.3,64824.4,64852.4
1781702640000,64881.8,64881.8,64820,64827
1781702700000,64847.1,64849.9,64788.7,64823.8
1781702760000,64848.3,64851.5,64800,64842
1781702820000,64816.1,64862.2,64803.4,64825.3
1781702880000,64830.8,64880.9,64811.9,64821
1781702940000,64823.7,64884.3,64822.9,64878.6
1781703000000,64844.6,64883.3,64769.1,64872.1
1781703060000,64855.8,64925.5,64855.8,64879.6
1781703120000,64880.1,65000.3,64873.5,64992.3
1781703180000,64991.7,65021.3,64954.2,64976
1781703240000,64962.7,64982.2,64914.3,64976.7
1781703300000,64978.8,65036.8,64954,65035.8
1781703360000,65028.2,65059.3,64974.3,65050.6
1781703420000,65049,65206.6,65026.8,65164.5
1781703480000,65138.5,65191.5,65095.8,65108.2
1781703540000,65112.4,65176.2,65070.8,65169.5
1781703600000,65136.2,65223.6,65106.2,65183.1
1781703660000,65176.4,65296.2,65140,65267.1
1781703720000,65294.3,65294.3,65178.6,65219.2
1781703780000,65224.1,65228.2,65113.3,65144.4
1781703840000,65172.1,65239.2,65131.5,65205.7
1781703900000,65206.1,65256.4,65190,65203.7
1781703960000,65227.3,65323.3,65203.4,65280.8
1781704020000,65268.6,65301,65202.8,65215.1
1781704080000,65215,65287.7,65208.8,65220.9
1781704140000,65218,65283.3,65207.8,65209.6
1781704200000,65210.8,65246.4,65152.2,65192.5
1781704260000,65167.6,65271.6,65164.3,65247.9
1781704320000,65244.1,65317.7,65244.1,65293.6
1781704380000,65294,65305,65193.8,65219.2
1781704440000,65219.3,65283.1,65188.9,65254.9
1781704500000,65281.8,65297.5,65242,65280.5
1781704560000,65252.6,65289,65209.3,65245.6
1781704620000,65216.7,65273.9,65197.6,65248.6
1781704680000,65244.9,65263,65188.8,65214
1781704740000,65213.5,65258.1,65166.4,65203.9
1781704800000,65206.1,65208.8,65101.5,65161.1
1781704860000,65143.4,65240.7,65135.7,65199.2
1781704920000,65168,65195.3,65123.4,65170
1781704980000,65168.4,65219.2,65119.4,65183.9
1781705040000,65214.1,65222.5,65121.4,65122.6
1781705100000,65150.8,65150.8,65061.8,65081.2
1781705160000,65108,65188.4,65089.3,65132.7
1781705220000,65129.8,65231.6,65129.8,65231.6
1781705280000,65209.3,65298,65182,65273
1781705340000,65270.3,65270.3,65122.5,65136.7
1781705400000,65169.2,65191,65116.5,65162.2
1781705460000,65132.4,65241.1,65132.4,65200.9
1781705520000,65201,65308,65192.5,65252.2
1781705580000,65252.8,65290.4,65230.8,65261.1
1781705640000,65230.8,65304.8,65220.7,65299.9
1781705700000,65304.6,65413,65277.7,65358
1781705760000,65350,65411.6,65333.5,65369.9
1781705820000,65344.4,65368.7,65247.1,65265.3
1781705880000,65248.1,65288.1,65199.6,65221.2
1781705940000,65200.9,65240.4,65177.1,65218.5
1781706000000,65210.4,65210.5,65140.8,65184.6
1781706060000,65209.5,65211.2,65134.3,65136.9
1781706120000,65164.3,65196.1,65119.4,65129.6
1781706180000,65129.5,65224.5,65122.7,65184.3
1781706240000,65184.4,65246.9,65177.6,65201.5
1781706300000,65201.7,65204.6,65062.6,65062.6
1781706360000,65093.7,65148.9,65068.5,65131.5
1781706420000,65104.9,65162,65088.6,65117.3
1781706480000,65117.4,65172.1,65108.6,65152.9
1781706540000,65123.8,65204.6,65123.8,65204.6
1781706600000,65213.4,65249,65160.4,65200.9
1781706660000,65201.8,65207.4,65116.2,65119
1781706720000,65143.9,65192.5,65109.1,65128.8
1781706780000,65138.9,65187.2,65105.9,65144.1
1781706840000,65142.5,65160.7,65090.8,65132
1781706900000,65131.9,65174.3,65102.5,65128.5
1781706960000,65128.3,65163.6,65075.8,65109.4
1781707020000,65115.2,65137.5,65076.4,65111.2
1781707080000,65111,65111,65031.7,65072.4
1781707140000,65075.8,65099.7,65019.6,65055.1
1781707200000,65059.2,65076.4,64984,65034.6
1781707260000,65038.4,65039.1,64970.6,64983.9
1781707320000,64983.5,65083.5,64983.5,65047.8
1781707380000,65048.3,65160.4,65048.1,65124.1
1781707440000,65124,65145.1,65034.1,65062.3
1781707500000,65057.8,65094.3,65023,65051.7
1781707560000,65051.9,65133.5,65051.9,65126.6
1781707620000,65098.3,65124.6,64696.8,64756.3
1781707680000,64756,64912.5,64756,64912.3
1781707740000,64912.6,65015.6,64861,65012.8
1781707800000,65012.7,65135.5,64991.5,65113.8
1781707860000,65112.1,65112.1,65020.3,65070
1781707920000,65042.5,65198.9,65042.5,65184.8
1781707980000,65157.9,65176.5,65117.8,65155.4
1781708040000,65136.3,65242.3,65131.1,65185.8
1781708100000,65217.1,65235.1,65141,65182.5
1781708160000,65170.9,65184.9,65101,65126.4
1781708220000,65097.7,65143.6,65057.6,65066.8
1781708280000,65043.8,65077,65014.3,65049.1
1781708340000,65055,65083.4,65020.9,65021.6
1781708400000,65055.5,65088,65018.6,65072.3
1781708460000,65075.8,65115.3,65034.5,65059.4
1781708520000,65089,65123.9,65067.1,65086.5
1781708580000,65086.6,65158.6,65086.6,65142.2
1781708640000,65138.4,65169.4,65111.7,65122.5
1781708700000,65111.1,65128.7,65084,65125
1781708760000,65122.8,65132.8,65064.8,65064.9
1781708820000,65064,65120.3,65043.5,65070.8
1781708880000,65044.3,65055.6,64923.2,64932.5
1781708940000,64959.2,65008.6,64897.2,64948.1
1781709000000,64916.4,65012,64916.4,64980
1781709060000,64980.5,65074.3,64980.1,65050.2
1781709120000,65023.3,65082.4,65005.5,65068.7
1781709180000,65068.1,65133.3,65029.5,65130.3
1781709240000,65131.9,65201.7,65088.4,65163.9
1781709300000,65180.4,65244.6,65124.8,65244.6
1781709360000,65244.1,65271.7,65203.8,65236
1781709420000,65234.6,65234.6,65132.1,65154.5
1781709480000,65142.5,65207,65120.5,65170.7
1781709540000,65172.8,65189.5,65119.6,65144.8
1781709600000,65173.4,65215.1,65137.5,65160.8
1781709660000,65160.7,65235.2,65160.6,65214
1781709720000,65218.3,65256.1,65195,65235.6
1781709780000,65211.8,65305.1,65201.9,65244.9
1781709840000,65245.1,65323.7,65243.2,65318.8
1781709900000,65320.9,65362.5,65291.9,65333.9
1781709960000,65334,65376,65295.1,65304
1781710020000,65303.8,65329.5,65231,65284.3
1781710080000,65284.6,65304,65251.4,65299.3
1781710140000,65301.3,65319,65234.5,65291.7
1781710200000,65252.7,65304.6,65178.8,65251.3
1781710260000,65254.1,65267.2,65194.1,65232.2
1781710320000,65232.1,65339.6,65209.4,65327.6
1781710380000,65329,65339.4,65266.3,65293.5
1781710440000,65293.7,65356.8,65293.5,65312.2
1781710500000,65340.9,65345,65274,65340.9
1781710560000,65335.2,65366.9,65302.1,65336.8
1781710620000,65360.7,65391.9,65321.3,65377.5
1781710680000,65357.1,65463.5,65330.8,65444.3
1781710740000,65419.9,65475.3,65402.7,65438.9
1781710800000,65412.8,65437.5,65347.6,65383.8
1781710860000,65357.1,65455.1,65356.7,65424.3
1781710920000,65424.2,65474.4,65419.6,65447.5
1781710980000,65448.9,65476.6,65391.7,65417.6
1781711040000,65416.3,65455,65367.3,65422.9
1781711100000,65423,65476.5,65402.3,65439.7
1781711160000,65417.3,65474,65417.3,65470.1
1781711220000,65464.1,65483.3,65428.6,65449.7
1781711280000,65441.9,65605.4,65441.7,65520.3
1781711340000,65560.2,65660.7,65522.4,65658.9
1781711400000,65628,65807.7,65628,65801.3
1781711460000,65801.2,65801.2,65685.7,65712.9
1781711520000,65715.6,65759.4,65689.2,65692.1
1781711580000,65712.6,65717,65623.4,65645.5
1781711640000,65639.5,65705.5,65612.6,65650.1
1781711700000,65648.5,65662.4,65583.2,65605.2
1781711760000,65605.1,65685.6,65605.1,65678.5
1781711820000,65678.7,65724.2,65646.6,65660.8
1781711880000,65680.6,65687.2,65640.1,65646.6
1781711940000,65645.8,65728.2,65645.8,65705.8
1781712000000,65682.5,65767,65682.5,65751.8
1781712060000,65747.4,65772.6,65707.8,65758.5
1781712120000,65759.7,65809.5,65728.7,65779.7
1781712180000,65779.8,65803.1,65729.1,65756.1
1781712240000,65757.9,65799.2,65728.1,65770
1781712300000,65769.9,65832.4,65728.5,65728.8
1781712360000,65757.8,65782.1,65737,65767.7
1781712420000,65741.7,65768.8,65717.8,65739.3
1781712480000,65739.8,65771.1,65709.9,65739.6
1781712540000,65739.8,65779.5,65721.1,65754.1
1781712600000,65728.1,65747.5,65654.8,65684.4
1781712660000,65688.2,65715.3,65648.2,65673.1
1781712720000,65644.2,65764.6,65644.2,65759.7
1781712780000,65762.8,65801,65730.6,65785.2
1781712840000,65779.9,65830.7,65744.7,65779.6
1781712900000,65808.6,65828.8,65744.6,65816.3
1781712960000,65787.6,65891.2,65787.3,65868.9
1781713020000,65869.9,65996.2,65869.9,65944.7
1781713080000,65916.9,65968.2,65891.1,65908.3
1781713140000,65908,65912.9,65837.2,65886.5
1781713200000,65861.8,65891,65828.3,65862.1
1781713260000,65863.7,65869.9,65820.4,65862.6
1781713320000,65839.6,65883.6,65821.5,65867.6
1781713380000,65872.7,65905.1,65820.9,65826.4
1781713440000,65826.3,65904.1,65820.2,65904.1
1781713500000,65877.4,65957.2,65875.8,65948.6
1781713560000,65961.3,66069.2,65923,66029
1781713620000,65997.1,66205.6,65972.9,66190.8
1781713680000,66193.1,66391.3,66174.2,66352.9
1781713740000,66328.3,66349.4,66186.3,66187.4
1781713800000,66183,66252.1,66053.1,66075
1781713860000,66048.2,66085.2,65999.2,66002.9
1781713920000,66031.2,66068,65994.1,66037.5
1781713980000,66039.2,66060,65976.7,65995.1
1781714040000,65995.4,66014.2,65900.4,65900.4
1781714100000,65947.8,66005,65927.6,65978.8
1781714160000,65951.5,65981.8,65923.8,65942.1
1781714220000,65942.1,65973.5,65859.4,65928.8
1781714280000,65929.2,66038,65929.2,65975.5
1781714340000,65948.7,65999.8,65930.2,65973.8
1781714400000,65972.3,65976.2,65840.2,65863.4
1781714460000,65866.8,65932.5,65836.4,65923.4
1781714520000,65923.2,65967.5,65886.6,65957
1781714580000,65961,66008.3,65906.9,65929.6
1781714640000,65925.9,65931.3,65887.4,65893.4
1781714700000,65914.9,65931.8,65876.6,65903.6
1781714760000,65903.5,65961,65871.7,65917.5
1781714820000,65948,65969.8,65913.1,65967.9
1781714880000,65966.4,65966.4,65855.7,65855.7
1781714940000,65856.6,65897.3,65822.2,65861.6
1781715000000,65861.9,65917.4,65839.8,65915.7
1781715060000,65915.4,65916,65835.7,65869.7
1781715120000,65873.6,65881.1,65775.4,65811.8
1781715180000,65774.3,65831.5,65771.9,65791.8
1781715240000,65791.7,65889.3,65791.7,65857.7
1781715300000,65857.5,65910.1,65846,65863.3
1781715360000,65863.2,65896,65841.1,65841.2
1781715420000,65841.4,65890.8,65837.7,65840.6
1781715480000,65866.6,65870.5,65813.6,65851.9
1781715540000,65824.3,65840.4,65776.9,65787.6
1781715600000,65787.8,65843.6,65780.3,65808.1
1781715660000,65778.9,65832.2,65778.6,65816.5
1781715720000,65809.8,65851.5,65779,65817.4
1781715780000,65817.6,65873.6,65816.6,65839.3
1781715840000,65869.5,65898.9,65823.9,65843.8
1781715900000,65834.4,65844.6,65799.4,65814.3
1781715960000,65814.1,65919.5,65814.1,65906.8
1781716020000,65902,65938.1,65869.1,65925.1
1781716080000,65921.4,65921.4,65706.3,65770.1
1781716140000,65770.2,65872.8,65770.2,65842.7
1781716200000,65843,65913.8,65842.8,65904.5
1781716260000,65899.9,65930.3,65863.2,65920.3
1781716320000,65915.7,65915.7,65812.6,65828.6
1781716380000,65826.3,65871.5,65817.6,65851.9
1781716440000,65828,65859.1,65786.5,65786.5
1781716500000,65819.2,65827.1,65759.3,65794.5
1781716560000,65763.2,65854.3,65763.2,65819.3
1781716620000,65819.4,65874.6,65818.6,65843.4
1781716680000,65843.6,65902.8,65832.4,65873.4
1781716740000,65872.5,65907.2,65839.6,65892.9
1781716800000,65894.4,65904.4,65812.8,65880.8
1781716860000,65884.6,65904.9,65844.5,65845.2
1781716920000,65876.4,65910.8,65845.9,65889.3
1781716980000,65893.6,65924.5,65857,65893.8
1781717040000,65857.2,65934.2,65852.2,65900.2
1781717100000,65931.4,65956.8,65900.7,65901.4
1781717160000,65936.4,65967.9,65902.2,65937
1781717220000,65936.9,65962.6,65877.7,65887.3
1781717280000,65890.6,65938.6,65878.3,65894.3
1781717340000,65894.1,65927.6,65888.3,65926
1781717400000,65904.2,65942.2,65898,65933.8
1781717460000,65944.1,65945,65875.7,65891.5
1781717520000,65875.1,65932.2,65873.8,65910
1781717580000,65890.5,65964.5,65890.1,65927.5
1781717640000,65927.4,65950.3,65884.6,65884.6
1781717700000,65881.2,65919.2,65845.3,65902.6
1781717760000,65866.3,65906.3,65835.4,65865.9
1781717820000,65869.8,65904.2,65842.9,65883.3
1781717880000,65889.5,65916.8,65872.2,65899.6
1781717940000,65915,65928.3,65873.9,65894.9
1781718000000,65891.3,65894.6,65840.2,65892.6
1781718060000,65862.2,65889.1,65847.6,65872.1
1781718120000,65867.6,65874.1,65778.1,65818.1
1781718180000,65817.6,65821.4,65758.6,65810.8
1781718240000,65805.6,65834.4,65778.6,65783.9
1781718300000,65782.9,65887.2,65782.9,65846.8
1781718360000,65846.9,65867.8,65792.5,65820.5
1781718420000,65824.6,65841.3,65752.4,65754.1
1781718480000,65754,65798.2,65742.9,65760.9
1781718540000,65760.7,65815.4,65760.6,65811.9
1781718600000,65786.1,65831.2,65776,65828.9
1781718660000,65806,65883.2,65788.5,65850.2
1781718720000,65851.9,65964.3,65851.9,65947.9
1781718780000,65966.7,66100.3,65966.6,66053.2
1781718840000,66081.9,66090.9,65990.4,66067.7
1781718900000,66091.4,66148.6,65952.3,65955.1
1781718960000,65955.7,66037.2,65955.7,65976.9
1781719020000,65976.4,66014.8,65955.3,65956
1781719080000,65956.1,66015.2,65954.5,65966.7
1781719140000,65966.5,66049.3,65966.5,66047.8
1781719200000,66025.6,66055.8,65345.9,65411.4
1781719260000,65404.3,65581.3,65308,65581.3
1781719320000,65554.1,65643.4,65399.5,65419.6
1781719380000,65396.4,65465.6,65310.6,65311.9
1781719440000,65310.8,65413.2,65143.8,65209.3
1781719500000,65163.9,65219.7,64751.2,64827.5
1781719560000,64819.7,65139.7,64791.9,65112.8
1781719620000,65118.3,65293.7,65089.9,65203.1
1781719680000,65213.9,65297.1,65173.9,65227.3
1781719740000,65261.3,65432.5,65214.3,65408.2
1781719800000,65408.1,65455.5,65329.5,65330.1
1781719860000,65329.6,65375.3,65318.5,65355.8
1781719920000,65355,65405.4,65307.4,65381.2
1781719980000,65406.4,65416.7,65258.9,65261
1781720040000,65288,65318.9,65208.7,65252.3
1781720100000,65219,65410.2,65196.5,65398.1
1781720160000,65390.2,65402.1,65304.6,65364.9
1781720220000,65344.5,65360.4,65246,65280.2
1781720280000,65251.9,65335.3,65229.1,65299.3
1781720340000,65267.8,65421.7,65264,65388.3
1781720400000,65421.7,65450.9,65295.9,65300.9
1781720460000,65325.6,65490.1,65302.3,65427.7
1781720520000,65450.3,65450.3,65322.2,65360
1781720580000,65360.2,65421.1,65324.7,65405.3
1781720640000,65373.5,65391.4,65287.6,65308.8
1781720700000,65308.7,65337,65222.4,65319.8
1781720760000,65286.9,65409.5,65286.9,65312.4
1781720820000,65341.3,65341.3,65238.4,65295.8
1781720880000,65262,65378.6,65262,65316.8
1781720940000,65314.9,65378.2,65246.9,65361.1
1781721000000,65334.1,65409.5,65290.2,65331.3
1781721060000,65331.5,65542.7,65331.5,65522.4
1781721120000,65522.2,65564.8,65226.3,65300.3
1781721180000,65301,65366,65199.7,65279.4
1781721240000,65289,65327.1,65202.3,65231.9
1781721300000,65226.3,65344.1,65221.9,65325.9
1781721360000,65315.6,65453.8,65315.6,65453.1
1781721420000,65453.5,65477.8,65381.9,65385
1781721480000,65385.4,65637.4,65385,65611.1
1781721540000,65600.9,65663.2,65511,65511
1781721600000,65510.8,65598.9,65508.1,65554.1
1781721660000,65566.4,65640.9,65497.8,65614.4
1781721720000,65614.5,65710,65579.7,65710
1781721780000,65717.7,65979.8,65690.3,65951.2
1781721840000,65951.6,65969.5,65873.2,65967.8
1781721900000,65968,65973.8,65799.6,65811.6
1781721960000,65812.4,65888,65812.4,65821.8
1781722020000,65816.9,65917.4,65791.1,65908.6
1781722080000,65907.9,65908.6,65751.5,65765.3
1781722140000,65765.4,65886.3,65765.4,65878
1781722200000,65850.6,65907.7,65812.2,65874.5
1781722260000,65874.6,65973.2,65853,65885.4
1781722320000,65857.5,65967.3,65805.1,65933
1781722380000,65905.2,65937.8,65833.5,65861.9
1781722440000,65856.3,65884.9,65813.5,65844.5
1781722500000,65839.9,65839.9,65681.8,65715.5
1781722560000,65682.6,65741,65594.1,65614
1781722620000,65618.3,65632.2,65523.8,65553.5
1781722680000,65530.2,65556.9,65287.8,65345.3
1781722740000,65345.5,65516.7,65345.5,65440.9
1781722800000,65446.8,65550.2,65439.7,65545.4
1781722860000,65545.1,65582.4,65509.8,65520.9
1781722920000,65520.3,65594.5,65478,65487
1781722980000,65486.4,65486.8,65398.6,65450.6
1781723040000,65450.5,65487.1,65362.5,65378.7
1781723100000,65379,65413.2,65304.2,65328.4
1781723160000,65328.3,65399.7,65313,65313
1781723220000,65327,65346.4,65282.4,65282.9
1781723280000,65278.8,65336,65242.1,65267.1
1781723340000,65267.2,65279.6,65094.8,65132
1781723400000,65133.2,65162.3,65018.9,65136.3
1781723460000,65135,65135,65018.5,65042.5
1781723520000,65041.3,65132,65026.4,65119
1781723580000,65118.9,65325.6,65103.9,65316.6
1781723640000,65316.5,65336.8,65287.8,65293.4
1781723700000,65293.5,65312.2,65105,65133.9
1781723760000,65136.7,65159.2,65031.3,65033.7
1781723820000,65038,65068.8,64990,65000.5
1781723880000,64997.3,64997.3,64853.8,64861.8
1781723940000,64857.8,64893.5,64703.9,64715.6
1781724000000,64701.2,64701.2,64513.8,64564.3
1781724060000,64564.4,64823.9,64558.7,64812.8
1781724120000,64807.6,64885,64745.3,64746.9
1781724180000,64743.8,64798.1,64709.1,64741.7
1781724240000,64746.1,64764,64540.2,64557.3
1781724300000,64556.7,64727.5,64556.7,64708.4
1781724360000,64708.1,64764.8,64705.7,64764.8
1781724420000,64766,64775.6,64685.2,64699.8
1781724480000,64699.9,64726.7,64549.9,64582.3
1781724540000,64579.3,64630.1,64277.3,64425.7
1781724600000,64402.1,64465.9,64344.8,64413.2
1781724660000,64415.6,64612.9,64415.6,64468.7
1781724720000,64473.8,64482.3,64299.2,64369.8
1781724780000,64369.9,64439.8,64344.9,64353
1781724840000,64351.9,64407.8,64330.4,64355.6
1781724900000,64355.7,64469,64310.8,64414.5
1781724960000,64414.2,64513.2,64400.8,64502.4
1781725020000,64507.2,64526.4,64408.4,64437.6
1781725080000,64458.4,64466.1,64240.2,64288.3
1781725140000,64262.8,64367.4,64202.7,64214.7
1781725200000,64249.6,64249.6,64161.1,64163.4
1781725260000,64163.2,64211.9,64132.1,64166.3
1781725320000,64137.7,64207.7,64096.5,64194.9
1781725380000,64171.4,64188.4,64093,64155.4
1781725440000,64156.1,64187.2,64073.8,64135.1
1781725500000,64127.5,64208,64087.6,64088
1781725560000,64087.9,64168.2,64064.1,64157.2
1781725620000,64153.7,64195.7,64134.8,64163
1781725680000,64164.2,64227.2,64138.7,64198.9
1781725740000,64150.4,64195.3,64070,64097.3
1781725800000,64098.8,64233.4,63989.1,64130.7
1781725860000,64130.5,64146.8,64018.5,64055.4
1781725920000,64055.7,64076.8,64040.4,64063.8
1781725980000,64063.7,64194.5,64040.4,64096.1
1781726040000,64121.6,64182.5,64060.3,64094.6
1781726100000,64121.4,64248.7,64121.4,64181.9
1781726160000,64181.9,64206.5,64125.6,64184.5
1781726220000,64158.2,64179.9,64098,64149.7
1781726280000,64180.8,64215.9,64153.8,64188.2
1781726340000,64188.2,64272.1,64139.3,64246
1781726400000,64233.5,64272.1,64128.9,64153.7
1781726460000,64153.8,64277.9,64153.8,64244.3
1781726520000,64244.4,64324,64216,64320.6
1781726580000,64321.2,64373.2,64277.2,64335.6
1781726640000,64360.2,64378.2,64318.2,64369.2
1781726700000,64381.2,64414.2,64271,64313.3
1781726760000,64312.5,64346.7,64280.6,64322
1781726820000,64291.2,64355.3,64281.4,64322.5
1781726880000,64328.8,64349.3,64281.5,64283.6
1781726940000,64300.7,64332.3,64249.2,64295.1
1781727000000,64327.5,64368.3,64279.6,64288.1
1781727060000,64288.3,64311.8,64234.2,64248.6
1781727120000,64252.7,64326.3,64245.5,64315.3
1781727180000,64315.9,64315.9,64178.6,64222
1781727240000,64231.9,64235.7,64131.6,64172.3
1781727300000,64169.8,64227.1,64146.3,64221.4
1781727360000,64192.4,64223.2,64132.4,64160.6
1781727420000,64159.7,64243.1,64138.6,64181.1
1781727480000,64185.4,64269.1,64151.4,64221
1781727540000,64221.4,64285.9,64219,64252.3
1781727600000,64252.4,64316.3,64230,64254.4
1781727660000,64281.3,64298.9,64236.5,64288.2
1781727720000,64293.8,64327.5,64255,64267.3
1781727780000,64268.8,64328.5,64250.4,64317
1781727840000,64288.6,64320.5,64269.9,64312.6
1781727900000,64316.9,64358.3,64296,64347.3
1781727960000,64321.8,64385.3,64321.6,64337.7
1781728020000,64337.5,64413.3,64321.2,64369.8
1781728080000,64357.8,64358.8,64258.4,64258.4
1781728140000,64258.6,64318.4,64257.9,64284.6
1781728200000,64284.7,64350.3,64261.2,64289.2
1781728260000,64325.1,64368.3,64283.2,64333.8
1781728320000,64333.5,64418,64333.3,64405.9
1781728380000,64411.5,64427.6,64342.1,64364.8
1781728440000,64366.9,64383.6,64324.3,64339.3
1781728500000,64342.2,64399.7,64342.2,64373
1781728560000,64372.9,64427.2,64372.5,64387.3
1781728620000,64387.2,64427.8,64371.7,64380.5
1781728680000,64380.4,64443.3,64380.3,64406.9
1781728740000,64406,64415.1,64284.8,64284.8
1781728800000,64285,64342.8,64284.7,64309.8
1781728860000,64334.3,64334.3,64268.6,64300.4
1781728920000,64303.6,64320.1,64189.1,64215.8
1781728980000,64219.8,64232,64176.6,64197.6
1781729040000,64201.4,64208.6,64152.1,64183
1781729100000,64156.7,64223.4,64119.4,64188.9
1781729160000,64188.4,64243,64188.4,64192.3
1781729220000,64219.4,64245.8,64193.7,64213.4
1781729280000,64221.1,64255.8,64188.3,64255
1781729340000,64224.3,64278.6,64224.1,64266.1
1781729400000,64264.1,64289.6,64216.3,64258.3
1781729460000,64279.8,64279.8,64209.5,64260.6
1781729520000,64266.3,64266.3,64215.9,64219.6
1781729580000,64231.8,64252.5,64206.7,64231.4
1781729640000,64227.8,64254.5,64200.9,64233.1
1781729700000,64235.4,64272.8,64205,64238.2
1781729760000,64238,64277.5,64221.5,64246.7
1781729820000,64251.6,64293,64221,64293
1781729880000,64258.7,64390.9,64247,64359.7
1781729940000,64385.8,64386.1,64334.1,64357.8
1781730000000,64357.9,64407.6,64323.3,64361.5
1781730060000,64361.3,64401.4,64315.8,64318.6
1781730120000,64318.4,64348.8,64245.7,64272.6
1781730180000,64272.7,64298.6,64216.7,64237.2
1781730240000,64264.3,64310.6,64237.2,64299.3
1781730300000,64295.2,64307.6,64207,64212.8
1781730360000,64219.3,64317.3,64198.7,64281.8
1781730420000,64281.2,64351.3,64266.1,64268
1781730480000,64306.3,64336.5,64268.6,64297.2
1781730540000,64301.6,64313.1,64253.6,64308.4
1781730600000,64282,64311,64249.2,64277.3
1781730660000,64277.9,64313.2,64268.7,64277.7
1781730720000,64277.8,64310.6,64269.9,64269.9
1781730780000,64270,64304.8,64231.2,64265.4
1781730840000,64265.5,64301.5,64258.3,64274.4
1781730900000,64276.8,64319.5,64237.5,64285.7
1781730960000,64258.8,64286.9,64221.2,64225.9
1781731020000,64225.7,64257.6,64219.8,64251.6
1781731080000,64247,64250.4,64196.4,64219.2
1781731140000,64219.1,64283,64218.7,64278.9
1781731200000,64278.2,64307.7,64252.7,64292.9
1781731260000,64292.8,64292.8,64233.7,64240.6
1781731320000,64240.7,64317.8,64240.7,64270.6
1781731380000,64275.5,64336.9,64250.5,64304.9
1781731440000,64330.9,64330.9,64284.5,64284.7
1781731500000,64284.5,64314.3,64238.7,64258.1
1781731560000,64258,64270.2,64226.8,64270.2
1781731620000,64276,64276,64191.5,64192.2
1781731680000,64192,64227.9,64185,64220.4
1781731740000,64224.6,64228.2,64195.2,64214.6
1781731800000,64216.8,64229.5,64189.5,64228.2
1781731860000,64222.5,64242.6,64194.9,64241
1781731920000,64236.5,64252.8,64206.5,64252.2
1781731980000,64252.8,64261.6,64223.3,64224.8
1781732040000,64224.7,64294.7,64224.7,64294.7
1781732100000,64301,64345.2,64265.7,64311.6
1781732160000,64346.5,64364.8,64306.2,64336.9
1781732220000,64333.1,64358.6,64302.4,64347.9
1781732280000,64342.6,64347.9,64288.8,64313.3
1781732340000,64310.7,64329.7,64285.5,64326
1781732400000,64320.3,64320.3,64239.9,64273.4
1781732460000,64248.6,64264.6,64221.9,64250
1781732520000,64250.5,64258.7,64205,64205
1781732580000,64227.5,64227.5,64123.6,64151.3
1781732640000,64133.8,64170.8,64089.1,64100.7
1781732700000,64103.8,64165.2,64095.8,64132.3
1781732760000,64164.1,64198.4,64111.8,64171
1781732820000,64148.6,64183.1,64084.4,64088.9
1781732880000,64109.2,64156.9,64052.8,64131.3
1781732940000,64133.3,64160.6,64105.1,64155.7
1781733000000,64132.6,64190.9,64115.1,64173.1
1781733060000,64172.1,64208.1,64145.8,64208.1
1781733120000,64179.4,64203.9,64156.4,64198
1781733180000,64170.1,64218.8,64166.7,64218.8
1781733240000,64216.2,64225.9,64181.4,64224.2
1781733300000,64226.3,64230.6,64161,64197.3
1781733360000,64197.3,64197.3,64142.7,64164
1781733420000,64160.1,64182.1,64144.9,64152.9
1781733480000,64152.7,64202.2,64144,64150.6
1781733540000,64177,64207.1,64164,64173.1
1781733600000,64173.1,64192.5,64088.7,64096.6
1781733660000,64123.6,64158.8,64096.7,64133.7
1781733720000,64131.6,64131.6,64003.2,64038.1
1781733780000,64010.1,64034,63825,63858.2
1781733840000,63875.2,63997.6,63835.6,63948.4
1781733900000,63918.4,64025,63914.1,64022.9
1781733960000,64023.3,64106.7,63977.9,64085.7
1781734020000,64066,64135.4,64066,64127.9
1781734080000,64132.7,64148.1,64086.6,64133.7
1781734140000,64104.3,64154.5,64101.5,64114.7
1781734200000,64114.6,64167.5,64114.5,64115.8
1781734260000,64115.9,64165.8,64097.9,64127.9
1781734320000,64144.9,64166,64117.3,64132.9
1781734380000,64163.7,64192.1,64084.6,64108.7
1781734440000,64112.8,64114.7,64013.2,64052.3
1781734500000,64049.4,64152.5,63991.7,64124.8
1781734560000,64104.2,64128.3,64082.5,64116
1781734620000,64086.4,64157.4,64086.3,64123.1
1781734680000,64116.2,64129.9,64058.5,64109.5
1781734740000,64111.1,64111.1,64062.1,64074.5
1781734800000,64074.3,64140.9,64074.3,64109.3
1781734860000,64109.4,64163.8,64099.2,64132.2
1781734920000,64132.3,64170.3,64113.2,64166.3
1781734980000,64141.5,64189.2,64120.9,64159.2
1781735040000,64179.4,64240.5,64159.3,64238.9
1781735100000,64208.7,64274.8,64207.8,64239.5
1781735160000,64240.2,64288.6,64236.8,64259.5
1781735220000,64289.8,64320,64265,64315.1
1781735280000,64320.4,64321.9,64239.1,64288
1781735340000,64290.3,64308.3,64257.2,64290.2
1781735400000,64311.9,64330,64281.7,64305.4
1781735460000,64300.2,64326.9,64283,64284.7
1781735520000,64284.9,64337.3,64284.6,64307.3
1781735580000,64307.5,64338.1,64303.7,64303.9
1781735640000,64328.7,64343.4,64287,64314.5
1781735700000,64314.4,64356.4,64301.2,64320.3
1781735760000,64353.9,64386.3,64254.4,64269.1
1781735820000,64269,64349.2,64257.9,64343.9
1781735880000,64339,64352.1,64283.5,64298.3
1781735940000,64298.4,64336.9,64245.2,64265
1781736000000,64265.3,64309.5,64263.5,64309.5
1781736060000,64280.8,64338.2,64280.8,64311.1
1781736120000,64337.5,64340.4,64300,64303.8
1781736180000,64304.3,64344.8,64204.4,64204.4
1781736240000,64212.7,64249.9,64153.1,64182.6
1781736300000,64183,64230.3,64182.6,64202.1
1781736360000,64202.3,64295.4,64202.3,64291.8
1781736420000,64284.5,64358.6,64245.9,64329.4
1781736480000,64359.7,64360.2,64312.3,64336.5
1781736540000,64333.6,64347.8,64298.2,64313.1
1781736600000,64331.3,64352.6,64287,64319
1781736660000,64318.7,64357,64318.6,64326.9
1781736720000,64327,64361,64321.3,64352.3
1781736780000,64326.6,64364.4,64318,64352.2
1781736840000,64326.3,64352.9,64303.6,64318.8
1781736900000,64318.5,64342.7,64309.6,64333.5
1781736960000,64336.6,64336.6,64285.3,64285.3
1781737020000,64285.1,64308,64247.9,64249.1
1781737080000,64250.3,64293.6,64250.3,64256.3
1781737140000,64284.6,64284.6,64219.1,64221.3
1781737200000,64246.4,64284.8,64210,64277.7
1781737260000,64248.5,64321.1,64248.4,64285.4
1781737320000,64285.3,64336.6,64281,64310
1781737380000,64310.7,64356.8,64258.9,64328.5
1781737440000,64328.6,64362.9,64324,64329.8
1781737500000,64354.9,64354.9,64229.1,64257.9
1781737560000,64256.4,64262.7,64166.8,64203.9
1781737620000,64173.9,64237.3,64173.9,64195.1
1781737680000,64218,64241.6,64191.7,64234.4
1781737740000,64206.8,64273,64200.7,64272.5
1781737800000,64264.7,64274.6,64212.1,64272.5
1781737860000,64271.5,64283.1,64239.7,64274.8
1781737920000,64252.4,64270.6,64185.1,64224.4
1781737980000,64228.4,64232.8,64203.8,64232.5
1781738040000,64207.4,64271.2,64207.4,64270.6
1781738100000,64275.1,64287.9,64245.6,64278.6
1781738160000,64282.8,64349.4,64254.3,64343
1781738220000,64341.5,64379.3,64285.7,64342
1781738280000,64366,64405.4,64341.9,64381.4
1781738340000,64382.8,64417.2,64365.1,64387.9
1781738400000,64387.7,64464.5,64387.6,64412.9
1781738460000,64412.3,64435.4,64377.8,64403.1
1781738520000,64397.5,64407.7,64349.1,64349.4
1781738580000,64375.3,64405.6,64349.6,64379.4
1781738640000,64404.4,64431.4,64380.2,64431.2
1781738700000,64400.9,64467,64394.1,64467
1781738760000,64472.6,64478.1,64440.2,64465.4
1781738820000,64466.4,64467.4,64386.8,64423.7
1781738880000,64395.7,64447.6,64384.5,64443.1
1781738940000,64443.2,64447.6,64415.8,64446
1781739000000,64410.6,64465.2,64394.2,64436.8
1781739060000,64467.6,64471.8,64423.5,64428.4
1781739120000,64454.1,64457.4,64396.3,64454.8
1781739180000,64458.7,64458.7,64385.9,64425.6
1781739240000,64422.7,64422.7,64370.7,64383.7
1781739300000,64381.8,64406.4,64363.4,64401.8
1781739360000,64408.1,64413.5,64365.5,64385.7
1781739420000,64358.7,64394.1,64358.2,64387.2
1781739480000,64388.5,64393.4,64341.3,64393.3
1781739540000,64391.7,64415.9,64359.1,64413.8
1781739600000,64409.2,64409.2,64347.1,64347.5
1781739660000,64374.4,64375.4,64325.2,64362.2
1781739720000,64367.9,64386.4,64334.6,64376.6
1781739780000,64348.7,64398.1,64347.5,64384.3
1781739840000,64386.9,64397.2,64362.9,64363
1781739900000,64387.9,64412.9,64335.7,64363.5
1781739960000,64352.3,64402.9,64321.3,64372.2
1781740020000,64372.3,64436.8,64372.2,64390
1781740080000,64389,64461.2,64379.1,64448.3
1781740140000,64449.9,64454.8,64393.2,64425.5
1781740200000,64428.7,64446.5,64390.7,64437.5
1781740260000,64431.4,64439.9,64405.8,64439.4
1781740320000,64437.8,64437.8,64394.6,64423.2
1781740380000,64423.6,64446.5,64394,64418.2
1781740440000,64445.8,64466.9,64417.6,64461.8
1781740500000,64460.5,64460.5,64399.4,64415.8
1781740560000,64397,64417.8,64370.8,64395.6
1781740620000,64398.5,64427.3,64377.8,64397.8
1781740680000,64397.7,64433.9,64397.7,64427.8
1781740740000,64398.1,64462.5,64386.8,64427.8
1781827200000,62874.8,62886.8,62842.6,62842.6
1781827260000,62862.8,62864.3,62829.2,62831
1781827320000,62830.9,62852.3,62811.8,62826.6
1781827380000,62851.8,62872.2,62845.1,62865.4
1781827440000,62845.5,62916.6,62829.9,62895.4
1781827500000,62922.6,62923.3,62865.5,62906.6
1781827560000,62909.2,62913.3,62818.5,62836.4
1781827620000,62842.8,62852,62773.3,62804.8
1781827680000,62789.4,62831.2,62759.4,62761.6
1781827740000,62761.7,62834,62752.3,62802.6
1781827800000,62803.4,62848,62782.3,62837
1781827860000,62827.8,62849,62795.1,62800.4
1781827920000,62800.5,62827.4,62774.3,62785.9
1781827980000,62783.1,62809.5,62759.8,62804.8
1781828040000,62774.5,62807.6,62768.5,62800.7
1781828100000,62789.8,62811.5,62765.6,62809.6
1781828160000,62810.3,62820.3,62779.2,62805.8
1781828220000,62805.4,62806.7,62768.7,62806.2
1781828280000,62804.7,62832.3,62775.8,62832.3
1781828340000,62831.3,62931,62800,62909.9
1781828400000,62910.6,62910.6,62829.7,62832.9
1781828460000,62856.3,62856.3,62802.8,62850.3
1781828520000,62854.1,62860.7,62823.3,62834.3
1781828580000,62833.7,62889,62829.6,62857.9
1781828640000,62854.9,62898,62854.9,62898
1781828700000,62905.2,62914.7,62871.1,62885.5
1781828760000,62887.8,62905.1,62862.4,62885.8
1781828820000,62881.5,62884.8,62830.7,62839.2
1781828880000,62839.6,62882.6,62839.6,62865.8
1781828940000,62873.5,62908.4,62837.9,62908.4
1781829000000,62878.7,62952.5,62873.4,62926.7
1781829060000,62954.3,62956.2,62907.9,62933.2
1781829120000,62934.5,62979.4,62934.4,62964.8
1781829180000,62963.8,62970,62935,62940.7
1781829240000,62968.5,62977.7,62938.3,62938.6
1781829300000,62954.8,62963.5,62924.4,62932.1
1781829360000,62931.1,62967.9,62927.6,62933.3
1781829420000,62933.1,62960,62914.1,62949.4
1781829480000,62915.8,62961.9,62915.2,62940.8
1781829540000,62937.9,62959.3,62918.3,62925.3
1781829600000,62925.7,62974.1,62918.2,62939.7
1781829660000,62937.7,62983,62928.6,62983
1781829720000,62948.6,62983.8,62936,62983.8
1781829780000,62961.5,62992.2,62950.8,62961.1
1781829840000,62957.1,63000.8,62957.1,63000.8
1781829900000,63000,63007.1,62963.6,62983.8
1781829960000,62981.8,63020.3,62951.6,62996.3
1781830020000,63025.2,63025.2,62979,62990.6
1781830080000,62990.2,63001.1,62967.9,62967.9
1781830140000,62968.2,63006.7,62936.4,62978.2
1781830200000,62977.4,62991.4,62938.8,62959.3
1781830260000,62937.6,62959.8,62917.5,62917.9
1781830320000,62917.2,62958,62910.3,62948.9
1781830380000,62920,62958.5,62914.7,62918.5
1781830440000,62918.4,62955.7,62918.4,62947.4
1781830500000,62917.4,62936.6,62884.6,62890.4
1781830560000,62889.3,62925.9,62886.7,62904.8
1781830620000,62888.6,62944.7,62886.1,62912.7
1781830680000,62912.3,62942.7,62905.4,62905.9
1781830740000,62902.7,62960.8,62902.7,62960.8
1781830800000,62938.7,62966.1,62919,62942.8
1781830860000,62917.6,62960.1,62905,62929.8
1781830920000,62930.8,62951.4,62902.5,62951.4
1781830980000,62956,63025,62926.1,63024.2
1781831040000,63022.8,63025.8,62980.1,62983.5
1781831100000,62983.9,63025.9,62983.9,63017.1
1781831160000,62991.2,63013.2,62971.6,63002
1781831220000,62972.7,62990.8,62942.3,62961.1
1781831280000,62942.1,62986.9,62935.9,62961.8
1781831340000,62953.8,62953.8,62892.8,62898.5
1781831400000,62875.8,62912.1,62869.9,62871.4
1781831460000,62871.1,62881.1,62808.5,62835.8
1781831520000,62823.3,62886,62822.7,62838.6
1781831580000,62868.7,62887.9,62850.4,62883
1781831640000,62856.8,62913.3,62835.9,62883.9
1781831700000,62886.4,62955.6,62885,62955.6
1781831760000,62959.4,63018.6,62933.7,63018.6
1781831820000,62995.1,63036.6,62974.1,63000
1781831880000,63001.1,63001.1,62940.4,62974.8
1781831940000,62990.5,62997.9,62952.9,62975.8
1781832000000,62958.4,62993.4,62958.4,62963
1781832060000,62995.8,63020.8,62961.1,63012.2
1781832120000,63016,63024.1,62981.6,62981.6
1781832180000,63017.9,63028.2,62989.1,62996.8
1781832240000,62972.1,62988.8,62935.3,62954.4
1781832300000,62951.8,62951.8,62901.3,62934.5
1781832360000,62914.8,62941.9,62893.4,62941.9
1781832420000,62938,62938,62907.8,62908.2
1781832480000,62918.8,62918.8,62830.1,62860.4
1781832540000,62861.2,62871.8,62834.4,62839.9
1781832600000,62837.4,62880.3,62837.4,62852.6
1781832660000,62879,62899.2,62823.4,62827.8
1781832720000,62845.2,62861.3,62791.1,62838.8
1781832780000,62843.1,62849.5,62765.6,62770.8
1781832840000,62768.4,62801.9,62761.4,62776.3
1781832900000,62776.4,62812.3,62773.3,62787.5
1781832960000,62787.9,62835,62787.9,62834.4
1781833020000,62838.8,62854.9,62806.9,62853.7
1781833080000,62854.7,62858.8,62820.3,62823.1
1781833140000,62822.9,62844.1,62795.7,62796
1781833200000,62796.6,62833.2,62794.6,62804.2
1781833260000,62832.5,62837.7,62801.9,62803.6
1781833320000,62803.9,62833,62790.9,62816.8
1781833380000,62821.4,62847.7,62798,62816.4
1781833440000,62826.9,62861.8,62818.9,62846.9
1781833500000,62830.1,62858.7,62830.1,62835.8
1781833560000,62868.8,62874,62829.9,62870.4
1781833620000,62874.8,62893.6,62842.8,62843.9
1781833680000,62844.4,62878.2,62842.6,62844
1781833740000,62842.6,62867.5,62830.1,62867.5
1781833800000,62867.1,62899.5,62848.4,62848.4
1781833860000,62848.7,62887.2,62848.4,62886.9
1781833920000,62890.8,62908.5,62867.8,62885.8
1781833980000,62860.8,62933.5,62858.1,62901
1781834040000,62899.6,62943,62896.7,62942.3
1781834100000,62942.7,62972.3,62917.1,62927
1781834160000,62927.2,62963.1,62918.8,62960.9
1781834220000,62963.8,62966.6,62938.7,62962
1781834280000,62965.8,62970.8,62939.6,62939.6
1781834340000,62940,62956.7,62933.4,62935.8
1781834400000,62935.9,62991.7,62935.8,62956.6
1781834460000,62956.7,62970.8,62934.9,62935
1781834520000,62933.7,62992.4,62933.7,62992.4
1781834580000,62994.6,63027.9,62985.8,63027.9
1781834640000,63027.1,63027.5,63001.3,63003.3
1781834700000,63032.3,63039.5,63006.7,63025.7
1781834760000,63025.6,63051.4,62983.5,62983.5
1781834820000,63003.8,63004.6,62933.3,62965.6
1781834880000,62970.7,62988,62935.6,62971.2
1781834940000,62975.5,62986.3,62952.4,62982.5
1781835000000,62986.5,62986.5,62936.8,62986.5
1781835060000,62992.4,62998.6,62953.1,62953.1
1781835120000,62970.8,62984.8,62947.4,62984.8
1781835180000,62984.3,62984.3,62928.6,62938.5
1781835240000,62938.4,62961.3,62927.1,62961.3
1781835300000,62962,63007.9,62937.9,62968.8
1781835360000,62946.8,62970.4,62928.9,62964.1
1781835420000,62934.5,62950.9,62912.1,62935.8
1781835480000,62934.8,62944,62905.5,62926.8
1781835540000,62932.6,62936.1,62900,62910.8
1781835600000,62909.8,62930.5,62874.5,62906.8
1781835660000,62904.8,62930.8,62886.9,62929.8
1781835720000,62930.3,62942.4,62908.3,62908.3
1781835780000,62910.9,62941.2,62876.4,62877
1781835840000,62908.6,62977.8,62883.2,62942.6
1781835900000,62942.4,62963.9,62931.4,62934.8
1781835960000,62934.9,62962.4,62926.6,62957.6
1781836020000,62957,62957,62897.9,62897.9
1781836080000,62897.8,62918.1,62883.5,62885.6
1781836140000,62885.8,62914,62870.1,62894.8
1781836200000,62894.3,62908.5,62859.8,62908.5
1781836260000,62876.7,62908.5,62850.4,62880.4
1781836320000,62867.1,62891.2,62848.5,62886.6
1781836380000,62888.1,62924.8,62879.2,62924.8
1781836440000,62928.7,62967.4,62883,62934.1
1781836500000,62937,62962.3,62903.6,62903.6
1781836560000,62932.7,62934.6,62833.3,62875.5
1781836620000,62876.5,62882.8,62841.5,62844.1
1781836680000,62844.6,62884,62844.6,62865.4
1781836740000,62848.5,62879.6,62831.3,62870.9
1781836800000,62871.6,62871.6,62833,62865.4
1781836860000,62870.4,62871.2,62834.5,62870.1
1781836920000,62871,62886.5,62843.5,62885.8
1781836980000,62886.6,62887.2,62848.4,62883.3
1781837040000,62887.1,62891.4,62851.3,62854.4
1781837100000,62870.6,62870.8,62801,62801
1781837160000,62825.3,62852.9,62801.9,62815.9
1781837220000,62816.6,62889.6,62816.6,62861.7
1781837280000,62861.8,62885,62840.5,62841.2
1781837340000,62858.8,62892.8,62845.3,62888
1781837400000,62887.4,62887.4,62834.1,62836.2
1781837460000,62836.6,62935.6,62836.5,62899.3
1781837520000,62903.3,62927.7,62890.6,62925.4
1781837580000,62899.1,62914.8,62875.6,62911.1
1781837640000,62913.9,62927.4,62889,62926.9
1781837700000,62895.5,62919.5,62886.2,62886.2
1781837760000,62887.6,62935.1,62879.4,62909.7
1781837820000,62935.8,62954.8,62926.3,62941.8
1781837880000,62926.9,62942.5,62911.9,62918.1
1781837940000,62917.4,62943.5,62915.2,62940.9
1781838000000,62942.7,62956.4,62918.4,62956.4
1781838060000,62961.3,62971.3,62907.8,62907.8
1781838120000,62908.3,62927.8,62883.6,62883.6
1781838180000,62884.1,62946.3,62880.8,62925.5
1781838240000,62926.8,62927.1,62890.3,62906.8
1781838300000,62888.6,62898.2,62872,62880.8
1781838360000,62867.7,62886.2,62858,62886.1
1781838420000,62858.3,62882.9,62832.5,62840.8
1781838480000,62823,62857.4,62821.4,62822.8
1781838540000,62820.3,62860.7,62820.3,62822.3
1781838600000,62822.2,62837.8,62809.1,62824.8
1781838660000,62821.5,62829.5,62785.4,62798.8
1781838720000,62798.7,62820.8,62705.5,62743
1781838780000,62722.3,62739.2,62631.2,62662.2
1781838840000,62661.9,62679.3,62638.3,62676.2
1781838900000,62677.7,62693.9,62385.2,62420.4
1781838960000,62445.9,62487.8,62395.7,62442.8
1781839020000,62437.5,62456.6,62318.9,62385.7
1781839080000,62373.8,62373.8,62283.2,62323.8
1781839140000,62323.1,62462.3,62294.6,62461.7
1781839200000,62466.7,62549.2,62439.3,62453.5
1781839260000,62444.2,62652.7,62441.3,62627.2
1781839320000,62627.4,62734.7,62620,62653.6
1781839380000,62646.8,62735.9,62624.1,62725.9
1781839440000,62706.3,62790.6,62701.5,62781.9
1781839500000,62760.9,62765.5,62703.1,62716
1781839560000,62716.5,62786.1,62667.3,62713.8
1781839620000,62707.7,62789.9,62672.1,62742.4
1781839680000,62742.2,62766.7,62715,62754.4
1781839740000,62726,62787.5,62726,62758.2
1781839800000,62756.1,62775.2,62711.1,62734
1781839860000,62746.8,62756,62703.9,62723.1
1781839920000,62748,62748,62696.4,62725.5
1781839980000,62695.8,62719.3,62654,62658.7
1781840040000,62658.6,62729.1,62656.9,62674.3
1781840100000,62677.8,62698.9,62648.6,62665.1
1781840160000,62655.1,62664.6,62605.9,62657.8
1781840220000,62657.5,62657.5,62597.9,62629.2
1781840280000,62617.9,62629.2,62580.8,62618.3
1781840340000,62588.1,62623.1,62551,62576.2
1781840400000,62571,62612.2,62531,62602.7
1781840460000,62603.3,62630.6,62538.8,62588
1781840520000,62588.1,62639.8,62575.4,62601.3
1781840580000,62598.7,62626.9,62557.8,62619.8
1781840640000,62626.5,62647.3,62601,62641.1
1781840700000,62637.5,62641.1,62564.9,62615.9
1781840760000,62617.4,62633,62582.3,62629.2
1781840820000,62630.7,62642.3,62586.2,62634
1781840880000,62637.4,62651.3,62545.3,62596.6
1781840940000,62600.5,62622.6,62572.7,62606.7
1781841000000,62582.2,62655.9,62582.2,62621
1781841060000,62621.4,62706.6,62621.4,62706.6
1781841120000,62707.6,62718.4,62654.9,62709.8
1781841180000,62715.3,62725.9,62669.2,62688.8
1781841240000,62666.7,62705.1,62666.2,62677.8
1781841300000,62676.9,62708.3,62667.1,62686.8
1781841360000,62663.1,62704.3,62662.4,62701.4
1781841420000,62708.1,62758.6,62682.2,62758.6
1781841480000,62757.5,62757.5,62677.6,62708.1
1781841540000,62709.2,62712.2,62676.2,62712.2
1781841600000,62717.1,62717.1,62640.9,62666.8
1781841660000,62641.8,62663.8,62553.1,62554.4
1781841720000,62551.9,62613.4,62528.5,62613.4
1781841780000,62581.9,62631.8,62559.8,62559.8
1781841840000,62588.9,62597.2,62530.1,62577.5
1781841900000,62581.6,62615.6,62550.4,62609.8
1781841960000,62583.2,62676.8,62583.2,62676.8
1781842020000,62684.5,62715.1,62646,62670.3
1781842080000,62698.3,62703.1,62660.8,62702.3
1781842140000,62672.3,62736.2,62669,62700
1781842200000,62704.6,62813.7,62704.5,62813.7
1781842260000,62808.7,62817.8,62781.2,62814.7
1781842320000,62781.4,62806.5,62766.6,62768
1781842380000,62768.1,62815.9,62768,62784.7
1781842440000,62814.9,62821.2,62775.9,62814.6
1781842500000,62815,62818.2,62757.9,62811.3
1781842560000,62812.3,62817.4,62779.9,62817.4
1781842620000,62819.9,62856.3,62795.2,62838.8
1781842680000,62850.5,62853.9,62735,62744.8
1781842740000,62753.7,62756.5,62688.6,62689.8
1781842800000,62688.2,62706.8,62645,62645
1781842860000,62645.9,62700.3,62643.2,62693.3
1781842920000,62667.5,62690.6,62629.3,62652.7
1781842980000,62652.9,62698.4,62645.8,62695.3
1781843040000,62696.3,62714.1,62665.4,62683.5
1781843100000,62683.4,62706.6,62651.2,62696.2
1781843160000,62700,62720.4,62661.3,62661.9
1781843220000,62661.5,62689.7,62652.6,62689.7
1781843280000,62700.8,62700.8,62649.9,62680.5
1781843340000,62649.7,62680.5,62636.7,62669.4
1781843400000,62674.1,62674.1,62607.4,62607.4
1781843460000,62607.1,62622.8,62569.3,62604.7
1781843520000,62569.3,62596.8,62537.5,62571.9
1781843580000,62575.7,62589.2,62440.3,62501.8
1781843640000,62470.9,62515.7,62430.6,62511.8
1781843700000,62485.2,62524.1,62459.5,62491.7
1781843760000,62530,62554.2,62469.1,62480.4
1781843820000,62480.5,62522.9,62480,62482.3
1781843880000,62513.6,62521.9,62473.6,62505.4
1781843940000,62505.1,62520.2,62457.9,62489.8
1781844000000,62500.7,62526.9,62489.6,62522.5
1781844060000,62519.9,62539.3,62484.2,62537.9
1781844120000,62532.6,62566.2,62507.5,62536.8
1781844180000,62534.8,62543.9,62498,62538.1
1781844240000,62536.2,62555.1,62499,62555.1
1781844300000,62523.8,62574.5,62511.7,62515.3
1781844360000,62515.2,62564.5,62511,62559.2
1781844420000,62563.6,62563.6,62510.7,62511.1
1781844480000,62510.8,62565.8,62510.8,62561.6
1781844540000,62565.7,62609,62534.1,62609
1781844600000,62575.5,62629.3,62550.1,62573.3
1781844660000,62539.9,62573.6,62501.4,62501.4
1781844720000,62502.8,62541.6,62455,62508.3
1781844780000,62542.7,62543.7,62443.1,62443.1
1781844840000,62463.8,62478.3,62416.2,62458.3
1781844900000,62455,62458.2,62374.5,62389.4
1781844960000,62378.8,62396.5,62339.1,62339.1
1781845020000,62339.2,62390.2,62329.6,62336.4
1781845080000,62336.5,62385.7,62328.1,62385.7
1781845140000,62360.9,62421.4,62360.9,62399.4
1781845200000,62401.7,62440.5,62365.9,62404.7
1781845260000,62404.5,62502.4,62400.3,62502.4
1781845320000,62501.5,62533.4,62456.3,62497.6
1781845380000,62497.8,62535.5,62487.2,62518.9
1781845440000,62526.3,62545.5,62495,62542.3
1781845500000,62513.1,62573.7,62513.1,62540.9
1781845560000,62577.7,62577.7,62514.1,62539.8
1781845620000,62539.9,62564.8,62515.1,62561.1
1781845680000,62566,62604.9,62537.5,62568.1
1781845740000,62597.5,62614.7,62563.7,62580.9
1781845800000,62580.7,62613.1,62538.2,62582.8
1781845860000,62557.7,62587.3,62538.3,62586.3
1781845920000,62582.8,62591,62558.1,62562.1
1781845980000,62565.8,62612.6,62565.6,62596.6
1781846040000,62597.1,62614.1,62563,62614.1
1781846100000,62609.9,62609.9,62532.6,62535.7
1781846160000,62535.8,62586.2,62529.9,62583.4
1781846220000,62556.4,62577.5,62505.7,62528.4
1781846280000,62528.2,62563.2,62505.8,62551.9
1781846340000,62556.6,62568,62484.4,62528.7
1781846400000,62562.2,62564.2,62501.1,62532
1781846460000,62518.8,62579.7,62510,62565.8
1781846520000,62550.9,62572.3,62489,62513.4
1781846580000,62489.4,62553.3,62489.4,62552.8
1781846640000,62550.5,62551.5,62518.6,62518.6
1781846700000,62518.8,62595.6,62518.8,62593.1
1781846760000,62566.7,62589.8,62540.1,62559.8
1781846820000,62559.5,62575.3,62528.3,62542.8
1781846880000,62535.4,62547.8,62508.3,62545.2
1781846940000,62547.4,62563.2,62525.1,62556.5
1781847000000,62529.8,62619.1,62529.8,62619.1
1781847060000,62590.8,62618,62577.1,62617.4
1781847120000,62590.6,62612.8,62519.7,62547.5
1781847180000,62520.2,62558.6,62467.6,62520.8
1781847240000,62524.9,62545.8,62496.7,62518.1
1781847300000,62537.9,62592.8,62515.3,62538.4
1781847360000,62515.7,62561.1,62505,62534.6
1781847420000,62534.9,62572.1,62513.7,62560
1781847480000,62560.8,62572.8,62511.9,62553.4
1781847540000,62553.4,62558.9,62513.8,62545.3
1781847600000,62549.1,62573.3,62528.3,62564.7
1781847660000,62540.8,62586.4,62516.3,62576.8
1781847720000,62558.6,62577.1,62514,62565
1781847780000,62570.6,62578.8,62535.7,62576.8
1781847840000,62577,62597.2,62575.7,62595.5
1781847900000,62572.5,62611.3,62572.5,62598.3
1781847960000,62604,62623.1,62571.3,62619.7
1781848020000,62624.8,62658.3,62593.3,62642.2
1781848080000,62646.4,62663.6,62619.6,62663.3
1781848140000,62663.6,62663.9,62627.5,62633.5
1781848200000,62633.4,62661.1,62614.8,62648.8
1781848260000,62666.7,62686.3,62627.2,62641.2
1781848320000,62658.3,62682.4,62624.6,62678.9
1781848380000,62679.4,62683.7,62623.4,62651.3
1781848440000,62648.8,62688.7,62631.1,62678
1781848500000,62679.8,62688.8,62644.5,62671.4
1781848560000,62644.8,62666,62641.3,62642.7
1781848620000,62666,62674.4,62654.8,62671.9
1781848680000,62666.6,62679.5,62646,62676.5
1781848740000,62679.3,62685.6,62643.5,62650.4
1781848800000,62650.3,62704.4,62649.7,62704.4
1781848860000,62674.3,62706.6,62664.6,62665.7
1781848920000,62665.5,62704.5,62644.9,62679.1
1781848980000,62679.3,62739,62679.3,62739
1781849040000,62742.1,62779.3,62720.4,62742.7
1781849100000,62740.3,62800.1,62740.3,62783.6
1781849160000,62779.7,62779.7,62729.9,62738.1
1781849220000,62737.9,62748.7,62706.2,62748.6
1781849280000,62754.4,62755.8,62706.1,62707.2
1781849340000,62703.9,62770.3,62703.4,62768.1
1781849400000,62763.8,62763.8,62693.1,62725.2
1781849460000,62700.3,62735.4,62699.9,62730.3
1781849520000,62732.8,62754.5,62702.2,62749.6
1781849580000,62751.1,62777.7,62729.6,62776.6
1781849640000,62781.4,62797.7,62753.9,62797.2
1781849700000,62767.7,62805.1,62744.2,62744.2
1781849760000,62755.8,62778.3,62723,62751
1781849820000,62776.2,62776.2,62700.5,62739.1
1781849880000,62738.6,62751.1,62694.4,62741.6
1781849940000,62715.8,62741.5,62697.4,62739
1781850000000,62740,62751.1,62691.9,62691.9
1781850060000,62701.8,62728.2,62681.4,62705.3
1781850120000,62705.2,62761.1,62697,62761.1
1781850180000,62731.2,62769.5,62729.1,62737.7
1781850240000,62737.8,62771.9,62737.8,62771.7
1781850300000,62765,62779.6,62725.9,62750.1
1781850360000,62750.3,62793.1,62750.3,62787.2
1781850420000,62759.3,62787.2,62745.6,62746.4
1781850480000,62741.6,62775.7,62739.9,62741.9
1781850540000,62773.2,62785,62742.3,62779.4
1781850600000,62751.8,62831.4,62751.8,62793.2
1781850660000,62799.8,62820.6,62731.8,62733.3
1781850720000,62733.5,62766.2,62725.4,62742
1781850780000,62741.9,62784.2,62741.7,62742.4
1781850840000,62743.1,62776.6,62742.8,62774.1
1781850900000,62742.5,62749.8,62691.3,62694.9
1781850960000,62695.3,62719.9,62677.7,62677.8
1781851020000,62677.5,62708.8,62656.1,62675.8
1781851080000,62674.8,62674.8,62655.3,62655.5
1781851140000,62655.8,62692.4,62651,62657.8
1781851200000,62657.7,62719.1,62657.7,62673.4
1781851260000,62678.8,62701,62660.5,62701
1781851320000,62675.7,62737.7,62675.7,62708.2
1781851380000,62728.2,62758.4,62711.5,62728.2
1781851440000,62751.8,62772.8,62728.8,62746.5
1781851500000,62746.4,62766.7,62698.6,62712
1781851560000,62736.6,62736.6,62686.9,62724.8
1781851620000,62728.9,62731.1,62685.8,62717.5
1781851680000,62683,62731.4,62683,62695
1781851740000,62724,62746.3,62696.6,62714.9
1781851800000,62714.7,62739.8,62714.6,62737.7
1781851860000,62715.7,62749,62699.5,62746.6
1781851920000,62745.8,62759,62700,62757.8
1781851980000,62760.6,62820.2,62732,62788.3
1781852040000,62812.8,62825.5,62787.3,62796.7
1781852100000,62796.8,62818.3,62772.4,62789.3
1781852160000,62789.2,62831.2,62781.7,62822.1
1781852220000,62822.6,62852.8,62790.2,62828.4
1781852280000,62828.5,62854.2,62826,62828.5
1781852340000,62828.4,62858.5,62799.7,62809.6
1781852400000,62809.5,62850.2,62800.9,62819.5
1781852460000,62819.4,62849.9,62819.4,62822.7
1781852520000,62822.6,62849,62789.6,62818.9
1781852580000,62778,62804.9,62752.4,62757.1
1781852640000,62757.2,62791.1,62753.6,62760.8
1781852700000,62760.9,62798.4,62752,62762
1781852760000,62761.6,62783.9,62722.7,62735.5
1781852820000,62735.4,62773.5,62728.5,62754.8
1781852880000,62756.5,62793,62735.3,62760.6
1781852940000,62760.8,62803.2,62760.8,62774.5
1781853000000,62792.5,62792.5,62736.4,62769.5
1781853060000,62772.2,62801.7,62750.3,62790.4
1781853120000,62785.7,62785.7,62738.6,62738.6
1781853180000,62773.5,62779.8,62732.3,62767.3
1781853240000,62768.2,62768.2,62686.1,62721.6
1781853300000,62717.5,62733.5,62662.8,62707.8
1781853360000,62707.1,62731.9,62663.9,62685.7
1781853420000,62685.6,62745.2,62685.6,62739.2
1781853480000,62738.6,62738.6,62620.2,62683.8
1781853540000,62657.9,62695.2,62638.1,62649.6
1781853600000,62671,62685.5,62658.7,62685.5
1781853660000,62659.2,62700.2,62659.1,62667
1781853720000,62667.1,62744.5,62667.1,62732.5
1781853780000,62732.2,62732.2,62670.4,62703.4
1781853840000,62706.9,62723.9,62692,62716.8
1781853900000,62717.8,62783.1,62695.3,62757.7
1781853960000,62757.3,62782.9,62722.9,62722.9
1781854020000,62720.9,62746.3,62704.7,62723.4
1781854080000,62745.1,62746.7,62691,62721.5
1781854140000,62693.1,62694.6,62644.4,62687.9
1781854200000,62697.8,62772,62676,62752.6
1781854260000,62731,62731,62681.1,62691.1
1781854320000,62688,62718.1,62667.4,62689.8
1781854380000,62662.6,62694.6,62593.9,62626.6
1781854440000,62632.6,62647.1,62588.3,62611.6
1781854500000,62617.9,62622.5,62553.4,62589.9
1781854560000,62584.9,62593.9,62481.8,62525.7
1781854620000,62526.4,62526.4,62449.6,62456.1
1781854680000,62466.8,62489.9,62419.8,62458.1
1781854740000,62436.4,62483.5,62427.1,62478.5
1781854800000,62480.4,62482.3,62436,62444
1781854860000,62444.3,62450,62437.6,62437.6
1781854920000,62439.7,62483,62428.7,62444.1
1781854980000,62457.8,62475.8,62425.1,62443.5
1781855040000,62470.8,62501.7,62425.7,62465.6
1781855100000,62486.5,62516.1,62448.4,62452.7
1781855160000,62452.6,62490.6,62426.6,62464.8
1781855220000,62473.8,62486.7,62445.7,62478.9
1781855280000,62483.5,62484.8,62439.2,62473
1781855340000,62474,62485.4,62443.5,62481.4
1781855400000,62448.2,62524.3,62448.2,62524.1
1781855460000,62496.5,62607.4,62496.5,62575.3
1781855520000,62606.9,62623.4,62572.2,62610.8
1781855580000,62613.1,62615.1,62507.8,62517.5
1781855640000,62519.3,62562.3,62463.6,62532.1
1781855700000,62536,62579.1,62532,62540.1
1781855760000,62537.6,62571.9,62531.1,62531.1
1781855820000,62528.1,62561.3,62527.5,62559.4
1781855880000,62564.8,62564.8,62526.9,62529.3
1781855940000,62553.3,62570.2,62522.6,62546.7
1781856000000,62546.5,62573.5,62528.6,62531.2
1781856060000,62531.3,62577.5,62530.1,62546.3
1781856120000,62572.3,62572.3,62530.1,62530.5
1781856180000,62561.9,62561.9,62515,62557.9
1781856240000,62561.9,62589.5,62535.4,62572.2
1781856300000,62566.8,62566.8,62512.6,62547.8
1781856360000,62549.9,62572.6,62524.7,62566.2
1781856420000,62539.4,62559.3,62518.8,62554.4
1781856480000,62558.3,62565.6,62508.3,62546.4
1781856540000,62521,62558.5,62495.4,62495.4
1781856600000,62530.7,62530.7,62482.4,62526.3
1781856660000,62530.2,62578,62509.3,62575.7
1781856720000,62570.4,62619.5,62550.2,62569.1
1781856780000,62568.7,62608.5,62564.8,62573.2
1781856840000,62570.4,62620.2,62570.4,62592.6
1781856900000,62614,62614,62567.6,62581.5
1781856960000,62577.2,62578.8,62531.5,62574.3
1781857020000,62573.1,62578.9,62539.2,62542.8
1781857080000,62542.5,62568.4,62525.8,62544.4
1781857140000,62567.7,62591.8,62544.3,62590.9
1781857200000,62588.2,62599.9,62565.2,62576.3
1781857260000,62576.1,62622.4,62562,62622.4
1781857320000,62632.1,62662.3,62607.6,62651.7
1781857380000,62629.2,62661.4,62621.2,62621.2
1781857440000,62621.7,62656.1,62620.2,62626.8
1781857500000,62632.8,62632.8,62566.6,62615.4
1781857560000,62620.9,62633.6,62586.9,62629.6
1781857620000,62629.5,62630,62597.2,62600.5
1781857680000,62599.8,62618.3,62576.2,62576.2
1781857740000,62574.9,62616.2,62569.9,62611.6
1781857800000,62586.9,62660.5,62586.9,62655
1781857860000,62655.1,62661.4,62611.4,62627
1781857920000,62631,62660.4,62595.1,62595.7
1781857980000,62590.7,62633.1,62577.2,62595.7
1781858040000,62595.5,62625.5,62564,62580.8
1781858100000,62596.8,62619.1,62579.5,62616.8
1781858160000,62586.1,62628.9,62585.6,62605
1781858220000,62633.1,62660.5,62607,62635.8
1781858280000,62662.5,62710.8,62629.5,62710.8
1781858340000,62714.1,62725.5,62673.5,62723.8
1781858400000,62693.2,62708.8,62558.8,62558.8
1781858460000,62578.8,62594.4,62533.3,62533.4
1781858520000,62556.4,62558.6,62501.2,62514.8
1781858580000,62528.5,62613.7,62499,62609
1781858640000,62607.1,62607.1,62545.9,62570.7
1781858700000,62598.6,62603.6,62558.7,62574.8
1781858760000,62561.1,62598.5,62546.3,62570.1
1781858820000,62570.9,62598.5,62558.4,62598.5
1781858880000,62600.2,62617.1,62579.8,62585.8
1781858940000,62567.3,62609.5,62550.1,62580.9
1781859000000,62589.4,62609.3,62554.2,62599
1781859060000,62588.2,62607.2,62554.9,62557.1
1781859120000,62557.2,62607.8,62554.9,62588.8
1781859180000,62598.2,62607.4,62537.7,62537.7
1781859240000,62538.1,62551.8,62510.8,62512.2
1781859300000,62512,62512.5,62510.2,62510.5
1781859360000,62510.4,62533.7,62484.4,62512
1781859420000,62500.9,62524.1,62489.7,62521.5
1781859480000,62492.3,62538,62486.4,62507.7
1781859540000,62535.3,62544.7,62492.2,62544.7
1781859600000,62513.2,62587.2,62513.2,62555.3
1781859660000,62555.4,62600,62521.6,62564.9
1781859720000,62574.9,62576.4,62521.7,62551.2
1781859780000,62543.1,62588,62525.4,62551.6
1781859840000,62540.8,62559.4,62480.2,62480.2
1781859900000,62480.9,62500.3,62455.4,62466.8
1781859960000,62445,62484.4,62434.3,62472.5
1781860020000,62461.8,62483.5,62430.7,62482.5
1781860080000,62483.5,62483.5,62430.1,62431.8
1781860140000,62431.9,62462.2,62396.7,62424.4
1781860200000,62393.7,62421,62346.4,62381.4
1781860260000,62353.1,62388.8,62266.4,62355
1781860320000,62355.2,62390.6,62243,62249
1781860380000,62248.9,62351.8,62246.8,62351
1781860440000,62340.8,62378.2,62323.7,62364.8
1781860500000,62345.5,62416.8,62343.8,62407.8
1781860560000,62407.4,62420.5,62367.4,62396.8
1781860620000,62395.8,62409.1,62342.8,62346.9
1781860680000,62349.7,62361.8,62336.7,62336.7
1781860740000,62336.8,62392.1,62336.8,62340.6
1781860800000,62340.4,62373.9,62336,62341.2
1781860860000,62341.1,62360.8,62293.2,62304.5
1781860920000,62297.9,62327.5,62247.3,62291.1
1781860980000,62261,62321.7,62236.4,62293.8
1781861040000,62288.2,62371.3,62288.2,62371.3
1781861100000,62371.8,62390.1,62343.1,62381.8
1781861160000,62355.5,62369.1,62313,62341.8
1781861220000,62311.7,62340.4,62276.9,62309.8
1781861280000,62309.2,62329.3,62264.9,62328.1
1781861340000,62329.9,62329.9,62290.7,62319.6
1781861400000,62323.4,62355.9,62306.3,62329.9
1781861460000,62331.2,62353.9,62313.3,62326.2
1781861520000,62359.7,62409.2,62339.3,62385.6
1781861580000,62386,62408.7,62366,62408.7
1781861640000,62380.2,62404.9,62351.1,62356.2
1781861700000,62356.1,62413.6,62338.4,62366.9
1781861760000,62407.4,62427.6,62365.3,62369.8
1781861820000,62370.5,62405.2,62361.5,62397.5
1781861880000,62371.4,62390.1,62359,62379.8
1781861940000,62378.7,62419.1,62324,62419.1
1781862000000,62428.3,62437.8,62347,62347.1
1781862060000,62347,62408.8,62336.3,62375.8
1781862120000,62390.6,62391.7,62346.4,62346.4
1781862180000,62346.3,62387.3,62346.2,62363.1
1781862240000,62362.1,62385.6,62343,62343.1
1781862300000,62340.8,62373.3,62320.3,62332.8
1781862360000,62332.9,62365.5,62321.4,62345.8
1781862420000,62324,62358.5,62320.5,62343.8
1781862480000,62337.8,62362.9,62301.8,62336.8
1781862540000,62337.8,62337.8,62263.8,62289.1
1781862600000,62287.6,62342.8,62244.8,62340.2
1781862660000,62344.8,62344.8,62258.8,62300
1781862720000,62307.5,62314.7,62265.8,62281.3
1781862780000,62309.5,62326.2,62265.8,62295.8
1781862840000,62295.7,62335.1,62293.6,62329.2
1781862900000,62307,62324.2,62279.4,62302
1781862960000,62308.4,62348.3,62284.8,62300.4
1781863020000,62300.5,62349.2,62299.8,62335.6
1781863080000,62339.2,62355.9,62295.7,62327.1
1781863140000,62335.1,62358.2,62294.2,62329.7
1781863200000,62304.3,62352.7,62303.8,62320.3
1781863260000,62343.9,62352,62297.5,62326.2
1781863320000,62311.5,62350.5,62301,62301
1781863380000,62308.9,62343.2,62296.7,62322
1781863440000,62346.9,62372,62325.6,62355.4
1781863500000,62360.4,62360.4,62317.8,62343
1781863560000,62345.7,62345.7,62306.9,62307.4
1781863620000,62307.5,62377.8,62307.5,62345.2
1781863680000,62385.2,62422.4,62350.2,62421
1781863740000,62422.3,62494.6,62398.5,62461.8
1781863800000,62461.5,62469.2,62395.8,62450.8
1781863860000,62436.1,62451.8,62398.1,62451.4
1781863920000,62454.6,62492,62427.8,62471.8
1781863980000,62451.3,62488.5,62451.3,62488.5
1781864040000,62462.3,62497.5,62442.3,62471.5
1781864100000,62468.8,62477.2,62422.6,62459.8
1781864160000,62440.4,62469.9,62352.7,62366.2
1781864220000,62394,62395.9,62332.6,62372.7
1781864280000,62367.9,62398.2,62348,62353.3
1781864340000,62349.9,62398,62349.5,62376.8
1781864400000,62354.3,62397.3,62337.7,62371.4
1781864460000,62371.5,62391.2,62360.4,62360.8
1781864520000,62360.9,62402.4,62351.5,62375.2
1781864580000,62394.9,62459.1,62373.2,62434
1781864640000,62405.9,62422.8,62357,62359.8
1781864700000,62375.2,62399.4,62350.9,62377.7
1781864760000,62379.4,62463.7,62364.8,62451.2
1781864820000,62452.2,62487.3,62407.9,62445.8
1781864880000,62428.9,62445.8,62394.9,62433
1781864940000,62434.9,62453.7,62413.3,62448
1781865000000,62445.4,62445.4,62350,62357.5
1781865060000,62384.1,62402.1,62332.5,62388.4
1781865120000,62362.3,62401.5,62335.9,62394.9
1781865180000,62400.6,62405.7,62364,62400.3
1781865240000,62378.7,62419.2,62370.5,62375.4
1781865300000,62375.3,62436,62371.5,62386.1
1781865360000,62405.8,62421,62369,62393.5
1781865420000,62370.8,62418.9,62357.1,62363.9
1781865480000,62388.8,62394.8,62331.6,62366.2
1781865540000,62364.9,62390,62339,62348.2
1781865600000,62365.8,62381.4,62344.8,62376.8
1781865660000,62376.2,62383.1,62330.1,62375.6
1781865720000,62379.4,62383.5,62352.6,62376.4
1781865780000,62379.6,62399.3,62351,62376.8
1781865840000,62361.7,62391.9,62341.5,62345.8
1781865900000,62360.1,62384.6,62322.4,62373.1
1781865960000,62372.9,62378.8,62324.9,62369.8
1781866020000,62369.7,62417.3,62339.7,62404.4
1781866080000,62410.3,62416.7,62378.1,62391.6
1781866140000,62413.9,62430.6,62377.6,62377.6
1781866200000,62380.7,62423.2,62376.2,62418.4
1781866260000,62410.9,62434.8,62381.4,62434
1781866320000,62440.5,62473,62424.3,62472.6
1781866380000,62468.2,62512.2,62443.2,62485.7
1781866440000,62511.8,62511.8,62448.3,62486
1781866500000,62481,62491.4,62432.3,62490.8
1781866560000,62494.9,62537.7,62463.6,62526.8
1781866620000,62528,62537.2,62499.1,62522.4
1781866680000,62521.9,62521.9,62471.9,62475.9
1781866740000,62480.8,62480.8,62448.7,62455.6
1781866800000,62455.4,62496.6,62447.5,62474.4
1781866860000,62475.3,62475.7,62427.5,62465
1781866920000,62469.1,62505.7,62458.3,62504.4
1781866980000,62507.3,62516.3,62457.4,62492.5
1781867040000,62492.2,62501,62459.6,62468.3
1781867100000,62490.7,62515,62436.8,62440.9
1781867160000,62464.7,62469.7,62431.3,62468.5
1781867220000,62463.1,62475.3,62391.5,62407.8
1781867280000,62406.2,62435.5,62363.6,62408.5
1781867340000,62439.6,62455.5,62406.3,62424.8
1781867400000,62407.9,62431.1,62383.9,62431.1
1781867460000,62427.3,62441.6,62394.4,62414.2
1781867520000,62414.1,62468.7,62413.9,62452.7
1781867580000,62425.8,62451.7,62376.2,62379.7
1781867640000,62379.6,62440,62374.4,62440
1781867700000,62439.4,62478,62420,62440
1781867760000,62443.1,62458.5,62416.9,62417.8
1781867820000,62417.9,62429.4,62387.6,62408.9
1781867880000,62406.7,62458.8,62384.4,62456.8
1781867940000,62450.7,62514.9,62419.4,62481.1
1781868000000,62508.1,62524.5,62480.7,62491
1781868060000,62497.8,62604.2,62481,62568.5
1781868120000,62561.4,62602.1,62557.8,62596.1
1781868180000,62571.1,62626.4,62551.7,62623.7
1781868240000,62597.2,62615.4,62572.3,62572.3
1781868300000,62563.5,62589.8,62546.9,62546.9
1781868360000,62544.6,62579.1,62518,62554.6
1781868420000,62526.2,62574.6,62513.3,62572.5
1781868480000,62572.9,62601.2,62552.3,62601.2
1781868540000,62576.4,62608.1,62569.4,62572.2
1781868600000,62567.1,62623.7,62563.2,62579.7
1781868660000,62579.5,62608.7,62574.7,62606.8
1781868720000,62605.3,62605.3,62562.4,62586.1
1781868780000,62590.7,62593.6,62539.9,62539.9
1781868840000,62539,62584.6,62532.8,62576.4
1781868900000,62577.3,62577.3,62540.4,62546.6
1781868960000,62567.7,62570.3,62546.4,62563.8
1781869020000,62539.2,62546.1,62514,62514.3
1781869080000,62544.8,62560.9,62514.2,62556.9
1781869140000,62530.6,62595.5,62514,62567.6
1781869200000,62568,62594.8,62542.5,62579.5
1781869260000,62543,62583.9,62543,62555.1
1781869320000,62583.9,62603.8,62555.3,62577.2
1781869380000,62577.1,62610.4,62560.5,62576.4
1781869440000,62576.5,62614.5,62571,62585.7
1781869500000,62588.8,62616.4,62570.9,62608.1
1781869560000,62611.4,62633.7,62582.1,62613.7
1781869620000,62608.9,62618,62563.9,62594.8
1781869680000,62595.6,62618,62589.2,62589.2
1781869740000,62612.7,62616.7,62589.4,62615.5
1781869800000,62589.4,62627.5,62570.5,62570.5
1781869860000,62573.4,62608.5,62559.3,62559.3
1781869920000,62552.1,62590,62544.9,62544.9
1781869980000,62548.7,62584.9,62537.9,62582.7
1781870040000,62574.2,62601.3,62544.8,62601.3
1781870100000,62603.8,62610.3,62506.2,62551.3
1781870160000,62549.9,62566.7,62524.1,62564.4
1781870220000,62535.3,62579.4,62529.3,62571.6
1781870280000,62572.1,62577.8,62542.4,62570.2
1781870340000,62575.9,62577.4,62551.6,62575.9
1781870400000,62579.8,62606.6,62547.6,62598.1
1781870460000,62599.8,62603.2,62545.4,62600.2
1781870520000,62600.4,62616.7,62559.4,62560.5
1781870580000,62579.8,62613.6,62554.8,62581.1
1781870640000,62611.7,62619.2,62586.7,62587.4
1781870700000,62586.6,62618.3,62568.1,62597.6
1781870760000,62598.1,62598.1,62526.4,62545.4
1781870820000,62549.2,62563.8,62531.9,62563.8
1781870880000,62568,62585.3,62532.6,62545.4
1781870940000,62573.3,62634.1,62559.8,62630
1781871000000,62632.5,62633.3,62559.9,62563.8
1781871060000,62563.5,62589.2,62559.4,62559.4
1781871120000,62586.8,62607.1,62559.4,62565.7
1781871180000,62595.1,62595.1,62556.9,62568.8
1781871240000,62586.4,62586.4,62539,62539
1781871300000,62538.6,62551.5,62455.8,62469.8
1781871360000,62447.9,62468.4,62404,62451.5
1781871420000,62451.7,62458.6,62410.2,62444.2
1781871480000,62417.4,62466.4,62417.4,62459.3
1781871540000,62429,62490,62427.8,62455
1781871600000,62454.9,62484.7,62436.1,62436.1
1781871660000,62460.9,62488.5,62436.4,62453.9
1781871720000,62485,62515,62462.4,62481.5
1781871780000,62481.9,62526.8,62470.6,62471.9
1781871840000,62495.4,62495.4,62449.5,62453.1
1781871900000,62477.1,62477.7,62442,62447.4
1781871960000,62471.1,62480.9,62448.2,62480.5
1781872020000,62484.3,62488.3,62460.8,62486
1781872080000,62461,62513.9,62461,62513.2
1781872140000,62491.3,62508,62484.8,62484.8
1781872200000,62474.8,62511.1,62456.9,62456.9
1781872260000,62472.8,62479,62443.4,62445.9
1781872320000,62442.9,62450.8,62424.6,62424.6
1781872380000,62440,62455.2,62355.8,62409.4
1781872440000,62410,62444.5,62391.8,62408.9
1781872500000,62405.8,62437.2,62383.4,62414.9
1781872560000,62390.1,62430.8,62377.1,62427.7
1781872620000,62438.1,62444.6,62327.7,62406.8
1781872680000,62405.9,62479.9,62373.6,62444.9
1781872740000,62469.3,62511,62435.9,62507.8
1781872800000,62511.1,62542.3,62448.8,62498.4
1781872860000,62478,62518.2,62462.7,62492.8
1781872920000,62506.4,62527.1,62467.4,62525.3
1781872980000,62489.5,62524.3,62472.2,62501.2
1781873040000,62503.5,62503.5,62435.5,62436.2
1781873100000,62456.2,62464.6,62364.5,62395.8
1781873160000,62368.4,62388,62314.7,62354.5
1781873220000,62320.5,62351.9,62267.8,62326.3
1781873280000,62328.3,62337.1,62272.9,62296
1781873340000,62296.1,62331,62275.4,62326.3
1781873400000,62331,62456.1,62306.6,62456.1
1781873460000,62453.7,62791,62444.4,62715.7
1781873520000,62714.1,62825,62615.1,62786.6
1781873580000,62787.1,62808.6,62677.2,62724.9
1781873640000,62692.9,62753.9,62653.2,62697.5
1781873700000,62664.8,62696.9,62631.5,62669.9
1781873760000,62674.5,62758.4,62665.4,62698.3
1781873820000,62703.8,62716.9,62671.5,62674.2
1781873880000,62705.8,62743.3,62680.9,62710.7
1781873940000,62707.3,62780.9,62698.6,62777
1781874000000,62753,62793.1,62709.1,62750.7
1781874060000,62750.3,62815.2,62706.1,62735.8
1781874120000,62725.1,62768.4,62688.4,62688.4
1781874180000,62716.9,62726,62673.6,62726
1781874240000,62753.8,62825.7,62724.8,62821.2
1781874300000,62799,62922.3,62799,62892.6
1781874360000,62913.7,62922.1,62829.6,62841.8
1781874420000,62841.7,62905.4,62841.7,62874.1
1781874480000,62868.6,62894.7,62810.2,62810.2
1781874540000,62799,62827.2,62770.6,62818.9
1781874600000,62801.8,62811,62749.6,62776.5
1781874660000,62780.3,62790.6,62735.6,62762.5
1781874720000,62728.9,62775.4,62709.3,62744.9
1781874780000,62719.1,62771.4,62718.7,62718.7
1781874840000,62717.3,62752.5,62708.9,62708.9
1781874900000,62734.5,62750.7,62677.7,62723.2
1781874960000,62733.2,62737.4,62679.8,62679.8
1781875020000,62699.8,62699.8,62643.4,62643.5
1781875080000,62643.4,62673,62588,62621.1
1781875140000,62621,62663.8,62587.4,62654.4
1781875200000,62627.8,62683.4,62614.4,62651.1
1781875260000,62650.8,62680.9,62605.5,62647.3
1781875320000,62622,62685.6,62621.2,62685.6
1781875380000,62655.7,62709,62655.7,62676.3
1781875440000,62676.2,62709,62650.1,62684.5
1781875500000,62686.8,62726,62662.1,62705
1781875560000,62704,62704,62666.1,62675.1
1781875620000,62675.4,62743.6,62674.4,62743.6
1781875680000,62713.3,62740.4,62672.8,62702.9
1781875740000,62706.7,62740.4,62677.6,62738.6
1781875800000,62714,62779.7,62709.7,62735.7
1781875860000,62757.4,62785.4,62720.8,62720.8
1781875920000,62751.1,62757.6,62679.3,62727.4
1781875980000,62724,62765.5,62681.1,62731.2
1781876040000,62730.7,62777.3,62708.3,62737.1
1781876100000,62775,62804.6,62746.2,62786.5
1781876160000,62784,62784,62722.3,62745.3
1781876220000,62768.7,62814.2,62744.2,62805.9
1781876280000,62802.7,62897.2,62773.2,62829.4
1781876340000,62829.9,62900.8,62829.9,62898.5
1781876400000,62865.9,62921.3,62864.2,62921.3
1781876460000,62893.9,62930.9,62888.3,62929.9
1781876520000,62925.1,62967.6,62882.8,62967.6
1781876580000,62943.1,63020.9,62933,63000.5
1781876640000,62975.5,63044.2,62974.8,63019
1781876700000,63041.5,63336.2,63002.9,63188.4
1781876760000,63187,63288.2,63129.3,63129.3
1781876820000,63162.6,63181.5,63110.7,63147
1781876880000,63143.1,63219.7,63111.6,63200.7
1781876940000,63224.5,63274.4,63188.7,63229.7
1781877000000,63232.5,63232.5,63133.6,63150.1
1781877060000,63173.6,63193.5,63113.8,63113.8
1781877120000,63145.6,63162.7,63111,63152.8
1781877180000,63156.9,63178.2,63118.8,63178.2
1781877240000,63159,63236.9,63140.1,63145.2
1781877300000,63136.5,63137.9,63090.9,63113.6
1781877360000,63135.4,63202.7,63135.4,63173.9
1781877420000,63176.1,63209.8,63152.9,63157.4
1781877480000,63156.6,63182,63131.1,63146.3
1781877540000,63161.8,63173.2,63129.4,63129.4
1781877600000,63127.4,63169.8,63086.1,63086.1
1781877660000,63085.6,63135.6,63077.1,63112.5
1781877720000,63140.4,63185.9,63118.3,63185.9
1781877780000,63151.9,63208.7,63117.1,63148.2
1781877840000,63148.3,63179.9,63134.2,63169.9
1781877900000,63172.5,63183.2,63113.9,63155.1
1781877960000,63130.7,63155.1,63016.7,63037.7
1781878020000,63056.3,63083.1,62980.2,62980.2
1781878080000,63007.6,63117.8,62993.6,63116.3
1781878140000,63111.4,63116.3,63040.3,63086.2
1781878200000,63058.1,63120.3,62984,63015.8
1781878260000,63011.6,63019.4,62958.9,63009.1
1781878320000,63011,63021.4,62974.3,63016.2
1781878380000,63017.3,63033.9,62985.7,63021.9
1781878440000,63018.4,63037.9,62982.4,63037.5
1781878500000,63010.5,63061.5,62991.9,63033
1781878560000,63035.1,63036,62965.8,63003.6
1781878620000,63009.1,63025.9,62974.4,62987.3
1781878680000,63017.2,63055.8,62999.3,63019.1
1781878740000,63020.4,63038,62979.4,62981.9
1781878800000,62994.8,63019.2,62979,62983.8
1781878860000,62970.8,63003.2,62968.3,63000.8
1781878920000,62974.4,63019.2,62974.4,63019
1781878980000,63019.1,63019.1,62932.9,62960.4
1781879040000,62970.2,63038,62939.8,63014.4
1781879100000,63032.1,63146.6,63019.8,63141.7
1781879160000,63146.3,63205.4,63119.5,63205.1
1781879220000,63205.8,63222.6,63149.2,63173.8
1781879280000,63173.6,63234.9,63167.3,63234.4
1781879340000,63206.1,63242.3,63181.7,63216.1
1781879400000,63222,63248.4,63168.8,63178.1
1781879460000,63174.9,63207.2,63118.2,63146.8
1781879520000,63152.5,63159.8,63094.9,63125.5
1781879580000,63152.5,63174.5,63126.1,63145.2
1781879640000,63145.1,63193.4,63145.1,63193.4
1781879700000,63191.2,63262.4,63167.4,63261.5
1781879760000,63266.9,63331.9,63237.9,63325.6
1781879820000,63321.4,63348,63267.6,63312.1
1781879880000,63315.9,63319.9,63262.4,63285.4
1781879940000,63315.2,63325.8,63228.5,63243.7
1781880000000,63265,63299.7,63248.8,63278.5
1781880060000,63278.1,63334.2,63267.6,63297.9
1781880120000,63315.6,63324.1,63258.7,63281.6
1781880180000,63260.9,63273.7,63233.3,63264.2
1781880240000,63267.7,63276.3,63233.7,63233.7
1781880300000,63263.7,63274.5,63234.6,63272.1
1781880360000,63274.5,63285.6,63211.2,63234.4
1781880420000,63226,63261,63178.6,63256.1
1781880480000,63244.9,63314.3,63216.1,63296.4
1781880540000,63299.3,63299.3,63217.2,63271.1
1781880600000,63275.7,63277.7,63214.3,63241.2
1781880660000,63242.7,63266.7,63214.4,63214.9
1781880720000,63239.1,63240.7,63214.4,63214.8
1781880780000,63215.2,63225.5,63170.7,63171.4
1781880840000,63171.7,63213.7,63162.9,63211.8
1781880900000,63210.7,63210.7,63125.3,63165.8
1781880960000,63146.4,63197.2,63146.4,63169.3
1781881020000,63162.8,63172.7,63119.3,63137.1
1781881080000,63168,63168.6,63116,63155.3
1781881140000,63127.3,63156.5,63127,63154.1
1781881200000,63155.4,63157.1,63093.6,63147.9
1781881260000,63147.4,63147.4,63088.3,63100.7
1781881320000,63100.7,63129.5,63087.2,63100.9
1781881380000,63100.6,63117.5,63040.5,63043.3
1781881440000,63043.4,63088.1,63036.3,63036.5
1781881500000,63036.4,63089.5,63036.4,63079.3
1781881560000,63088.5,63168.6,63057.1,63168.6
1781881620000,63172,63204.5,63125.3,63170
1781881680000,63141.1,63168.6,63105.9,63167.6
1781881740000,63133.9,63171.7,63089.3,63111.8
1781881800000,63117.9,63150.9,63093.2,63120.4
1781881860000,63120.3,63149.8,63085.1,63085.8
1781881920000,63116.1,63124.5,63072.9,63087.3
1781881980000,63087.2,63118.6,63081.4,63116.6
1781882040000,63121.2,63124.5,63084.9,63124.5
1781882100000,63131.6,63145.7,63079.6,63136.6
1781882160000,63140.8,63164.2,63073.1,63073.2
1781882220000,63073.1,63122.2,63071.7,63090.8
1781882280000,63079.7,63112.3,63052.4,63108.8
1781882340000,63107.5,63107.5,63013.4,63044.3
1781882400000,63013.9,63077.9,62992.5,63025.6
1781882460000,63024.3,63074.3,63004.7,63038.9
1781882520000,63039.1,63075.7,62959.8,63005.8
1781882580000,63004.8,63006.8,62945.1,62964.7
1781882640000,62962.5,63008.8,62933.9,62969.8
1781882700000,62939.8,63007.8,62939.8,62945.6
1781882760000,62945.5,63027.7,62945.2,62994.4
1781882820000,63013.1,63023.6,62980.9,63009.8
1781882880000,63006,63012.2,62955.7,62976.9
1781882940000,62977,63017.5,62976.9,62981.3
1781883000000,63012,63088,62981.5,63045.3
1781883060000,63045.2,63099.3,63030.9,63082
1781883120000,63089.9,63104.1,63044,63052.6
1781883180000,63052.3,63104.8,63052.3,63071.3
1781883240000,63071.2,63160,63071.2,63123.5
1781883300000,63123.4,63156.7,63086.9,63139.9
1781883360000,63106.6,63135.3,63063.7,63084.7
1781883420000,63084.6,63115,63052.1,63078.9
1781883480000,63083.2,63112,63055.8,63071.1
1781883540000,63071,63101.2,63038.4,63067.1
1781883600000,63038.5,63110.6,63027,63108.7
1781883660000,63077,63192,63076.8,63152.2
1781883720000,63180.5,63200.8,63152.4,63153.3
1781883780000,63152.7,63206.7,63142.4,63180
1781883840000,63177.6,63238.5,63169.1,63169.1
1781883900000,63199.2,63229.5,63169.7,63183
1781883960000,63183.5,63227.3,63142.9,63183.1
1781884020000,63178.2,63208.7,63150.6,63189.5
1781884080000,63199.1,63205.4,63120.1,63120.3
1781884140000,63151.4,63171.7,63115.4,63163.4
1781884200000,63166,63178,63129.6,63146.4
1781884260000,63178.3,63192.8,63130.6,63152.5
1781884320000,63152.6,63181.7,63130.2,63148.4
1781884380000,63118.5,63188.7,63118.5,63176.7
1781884440000,63182.1,63192.6,63150.6,63177.6
1781884500000,63178,63212.6,63153.6,63212.6
1781884560000,63213.4,63215,63162.8,63210.8
1781884620000,63185.3,63208.3,63122.3,63142.3
1781884680000,63141.1,63169.5,63140.1,63140.3
1781884740000,63140.6,63175.9,63111.6,63129.7
1781884800000,63129.6,63183,63125.6,63183
1781884860000,63151.5,63200.8,63150.8,63167
1781884920000,63167.1,63213.4,63148.9,63148.9
1781884980000,63146.1,63174.7,63078.8,63115.7
1781885040000,63085.8,63119.4,63070.2,63118.3
1781885100000,63127,63146.5,63094.2,63115
1781885160000,63115.1,63149.3,63105.3,63116
1781885220000,63116.6,63163.6,63081.9,63107.6
1781885280000,63081.8,63088.6,63027.3,63061.7
1781885340000,63066.4,63078.8,63016,63045.9
1781885400000,63051.2,63074.5,63036,63074.5
1781885460000,63047.2,63094,63041.2,63081.4
1781885520000,63079.2,63229.2,63060,63185.6
1781885580000,63209.9,63269.6,63182.2,63240.3
1781885640000,63246.7,63336.1,63228.3,63327.7
1781885700000,63308.8,63311.1,63248.6,63280.4
1781885760000,63278.4,63330.1,63263,63274
1781885820000,63302.7,63318.8,63210.1,63279.6
1781885880000,63277,63289.7,63186.6,63194.9
1781885940000,63194.8,63264.7,63190.2,63190.2
1781886000000,63216.6,63275.8,63186.7,63231.3
1781886060000,63259.9,63272.3,63201.9,63218.8
1781886120000,63245.3,63245.3,63193,63236.4
1781886180000,63237.9,63248.6,63210,63219.2
1781886240000,63218.9,63263.4,63208.4,63259.9
1781886300000,63237,63279.8,63235.2,63240.1
1781886360000,63240,63280,63240,63272.2
1781886420000,63275.9,63312.1,63239,63281.7
1781886480000,63281.6,63330.4,63244.2,63244.2
1781886540000,63241.5,63272.8,63241.4,63258.9
1781886600000,63225.8,63270.1,63163.8,63237.9
1781886660000,63237.1,63249.9,63186.4,63249.9
1781886720000,63214,63328.7,63206.6,63298.2
1781886780000,63298.3,63320.5,63179.3,63216.9
1781886840000,63222.1,63245.3,63185,63236.1
1781886900000,63241,63242,63182.7,63233.6
1781886960000,63196.3,63254.3,63184.9,63244.7
1781887020000,63246.9,63254.5,63212.9,63243.7
1781887080000,63250.1,63270.2,63221.5,63256.2
1781887140000,63230.4,63251.6,63218.1,63222.4
1781887200000,63222.3,63238.9,63195.1,63219.8
1781887260000,63218.8,63224.8,63168.8,63201.4
1781887320000,63197,63221.7,63185.5,63210.8
1781887380000,63213.4,63229.3,63192.4,63218.5
1781887440000,63205.7,63217.8,63162,63189
1781887500000,63183.9,63185.8,63136.1,63144.9
1781887560000,63172.7,63185.2,63144.8,63173.2
1781887620000,63178.4,63180.8,63121.2,63124.9
1781887680000,63124.7,63161.4,63110.1,63110.2
1781887740000,63110.3,63150.6,63109.1,63116.6
1781887800000,63124.8,63127.8,63072.3,63106.2
1781887860000,63103.2,63107.6,63048.4,63051.8
1781887920000,63051.9,63073.7,63014.3,63068.5
1781887980000,63041.4,63068.2,63014.3,63039.7
1781888040000,63014.4,63042.3,62973.2,62997.8
1781888100000,62998.8,63006.3,62858.7,62879.1
1781888160000,62879.2,62964.4,62835.4,62945.6
1781888220000,62914.1,62971.7,62906.9,62943.1
1781888280000,62915.9,62951.8,62903,62921.4
1781888340000,62921.3,62956.8,62874,62920.5
1781888400000,62919,62944.1,62872.4,62872.4
1781888460000,62905.6,62907.5,62846.4,62906.5
1781888520000,62879,62936.6,62873.5,62932.1
1781888580000,62934.6,62938.4,62832.6,62863.2
1781888640000,62834.7,62875.7,62821,62865.1
1781888700000,62840.2,62925.2,62788.3,62904.1
1781888760000,62923.7,62956.9,62883.2,62948
1781888820000,62922.1,62957.5,62897.7,62924.9
1781888880000,62924.5,62969.5,62914.9,62925.3
1781888940000,62945.6,62968,62885.8,62894.6
1781889000000,62898.8,62908.5,62866,62883.1
1781889060000,62908.3,62952.7,62888.6,62952.7
1781889120000,62954.4,62965.4,62906.5,62940.1
1781889180000,62946.9,62946.9,62880.9,62903.1
1781889240000,62903.5,62949.5,62903,62949.5
1781889300000,62953.6,62954.6,62904.5,62936.9
1781889360000,62941,62949.5,62903.1,62945.8
1781889420000,62949.8,63013.8,62930.1,63007.4
1781889480000,62983.4,63039.4,62951.3,63033.6
1781889540000,63028.3,63063.7,62988.7,63034.4
1781889600000,63034.1,63046,63000.6,63038.4
1781889660000,63007.9,63039.9,63005.1,63029.4
1781889720000,63005.4,63009.9,62963.4,62987.2
1781889780000,62990.5,62990.5,62950.7,62950.7
1781889840000,62950.6,62955.5,62884.8,62890.6
1781889900000,62890.5,62921.7,62855,62877
1781889960000,62877.8,62877.9,62843.1,62866.3
1781890020000,62866.9,62871.8,62787.9,62842.9
1781890080000,62847,62854,62808.7,62825.3
1781890140000,62851.5,62867.7,62811.7,62845.9
1781890200000,62863.6,62894.9,62837.6,62891.2
1781890260000,62895.2,62959.7,62855.9,62902.4
1781890320000,62930.4,62941.9,62884.1,62920.9
1781890380000,62925,62950.6,62897.9,62945.7
1781890440000,62961.3,63016.5,62936.8,63014.3
1781890500000,62978.8,63007.4,62939.5,62960.8
1781890560000,62974.3,62989.4,62931.3,62973
1781890620000,62972.6,62986.7,62922.8,62960.9
1781890680000,62970.4,62989,62938.3,62980.5
1781890740000,62986,62998.4,62950.8,62970.1
1781890800000,62998.4,63007.6,62970.9,63005.3
1781890860000,63008.1,63019.8,62966.1,63007.5
1781890920000,63009.9,63020.5,62978.2,63020.5
1781890980000,63024.9,63052.9,62996.2,63037.7
1781891040000,63039.2,63051.1,63002.7,63044.1
1781891100000,63010,63040.8,62990.8,62995.1
1781891160000,62995.5,63024.3,62971.2,62973.2
1781891220000,62973.5,63042.3,62961.4,63009.9
1781891280000,63010.1,63149.8,63010,63115.1
1781891340000,63145.5,63170.8,63110.4,63118.8
1781891400000,63117.9,63168.9,63079.2,63148.7
1781891460000,63142.9,63150,63065.4,63067.8
1781891520000,63068.6,63102.2,63059.7,63096.6
1781891580000,63094.4,63168.5,63068,63146.5
1781891640000,63146.3,63156.9,63098.1,63156
1781891700000,63152.2,63154.5,63102.9,63107.2
1781891760000,63131.3,63131.3,63096.3,63128.9
1781891820000,63126.7,63155.4,63102.8,63123.7
1781891880000,63123.6,63170.8,63123.6,63131.1
1781891940000,63157.5,63164.3,63118.8,63118.8
1781892000000,63128.8,63146.8,63100.7,63140.2
1781892060000,63139.5,63139.5,63078,63088.3
1781892120000,63084.7,63106.2,63052.6,63101.8
1781892180000,63101.1,63104.1,63054.6,63080.1
1781892240000,63084.2,63089.1,63056.6,63087.1
1781892300000,63091.3,63092.1,63049.7,63090.2
1781892360000,63086.4,63091.6,63054,63090.2
1781892420000,63089.9,63099.3,63046.4,63068.4
1781892480000,63055.8,63074.4,63035.4,63049.4
1781892540000,63045.5,63072.4,63035.6,63068.8
1781892600000,63065.8,63065.8,63036.2,63065.4
1781892660000,63040.6,63091,63040.6,63064.3
1781892720000,63087.8,63107.5,63054.3,63104
1781892780000,63107.8,63112.2,63062.9,63097.9
1781892840000,63098.2,63108.1,63070.9,63107.4
1781892900000,63101.9,63102.2,63065.2,63093.4
1781892960000,63097.8,63101,63063.6,63091.4
1781893020000,63092,63096.7,63037.2,63038.1
1781893080000,63038.4,63100.3,63037.1,63100.3
1781893140000,63105.7,63113.3,63052.8,63090.2
1781893200000,63061.1,63106.3,63053.6,63069.8
1781893260000,63069.6,63116.1,63063.9,63085.3
1781893320000,63085.4,63113.2,63071.1,63103.4
1781893380000,63074.1,63101.9,63057.5,63098.2
1781893440000,63067.5,63099.4,63052.2,63052.2
1781893500000,63076.4,63089.2,63051.6,63060.1
1781893560000,63060,63091.7,63059.7,63070.8
1781893620000,63085,63085,63033.8,63067.1
1781893680000,63069.1,63072.7,63045.1,63072.7
1781893740000,63045.1,63079.7,63035,63064.4
1781893800000,63073.4,63073.4,62990.9,63036.1
1781893860000,63032.3,63046,62996.6,63021
1781893920000,63021.1,63063.7,63020.9,63032.9
1781893980000,63033,63080.9,63031.9,63050.1
1781894040000,63050.3,63113.2,63050.3,63107.8
1781894100000,63080.8,63123.2,63073.6,63120.1
1781894160000,63097.8,63131.7,63033.6,63040.4
1781894220000,63041.5,63071.9,63017.5,63017.5
1781894280000,63015.9,63037.8,63001.1,63023
1781894340000,63022.4,63022.4,62910.4,62942.2
1781894400000,62946.1,62988,62916.7,62985.6
1781894460000,62990,63013.2,62963.4,63005
1781894520000,63001.2,63005.5,62951.4,62977.2
1781894580000,62977.1,63005.5,62966.2,62990.9
1781894640000,62990.7,63000.6,62957.8,62979.6
1781894700000,62979.7,63015.8,62971.7,63008.7
1781894760000,63015.8,63020.2,62978.4,63013.5
1781894820000,63013.4,63013.4,62975.7,62998.7
1781894880000,63000.3,63013.9,63000.3,63011.4
1781894940000,63009.5,63015.3,62964.4,63013.9
1781895000000,63012.4,63012.4,62974.5,62988.3
1781895060000,63011.5,63016.9,62988.8,62989.9
1781895120000,62989.5,63019.1,62973.5,62976.4
1781895180000,62992.3,62992.3,62937.6,62969.9
1781895240000,62945.1,63020.6,62945.1,62989.8
1781895300000,62989.7,63018.4,62973.9,62979.8
1781895360000,62974,63014.2,62973.9,63010.4
1781895420000,62985.1,62985.1,62984.9,62985.1
1781895480000,62984.7,63092,62984.7,63050.9
1781895540000,63054.8,63065.2,63033.1,63057.3
1781895600000,63024.3,63062.2,63013.6,63052.1
1781895660000,63048.2,63048.2,63003.3,63003.3
1781895720000,62997.5,63016.5,62955.1,62986.9
1781895780000,62987.7,63016,62969.6,63013.4
1781895840000,62985.5,63061.1,62985.5,63058.9
1781895900000,63033.5,63064.9,63001.6,63024.4
1781895960000,63025.3,63028.9,62967.3,62994.7
1781896020000,62976.8,62998.8,62948.2,62991.9
1781896080000,62985.4,63002.4,62968.5,62974.5
1781896140000,62973.5,63001.6,62945.5,62961
1781896200000,62960.9,62982.6,62929.6,62953
1781896260000,62953.4,62962.8,62924.1,62961
1781896320000,62958.8,62979,62950.2,62972.1
1781896380000,62984.8,62995.9,62956.1,62992.6
1781896440000,62974.8,63007.7,62974.5,62979.9
1781896500000,62979.6,63012.8,62979.3,62979.9
1781896560000,62979.4,63012.8,62973.9,62980.4
1781896620000,62980.3,63011.3,62964,62964
1781896680000,62990.8,63003.7,62955.3,62978
1781896740000,62951.6,62959.2,62921.8,62953.6
1781896800000,62954.1,62975.3,62920.6,62962.4
1781896860000,62933.2,62976.6,62933.2,62973.8
1781896920000,62973.7,62973.9,62934.6,62971.8
1781896980000,62941.6,62962.6,62919.6,62948
1781897040000,62950.3,62958.8,62931.7,62954.7
1781897100000,62954,62965.4,62926.7,62962.3
1781897160000,62935.6,62955,62866.9,62867
1781897220000,62893.6,62927,62867.3,62896.1
1781897280000,62902.2,62950.9,62902.2,62950.9
1781897340000,62923.4,62954.6,62923.4,62952.6
1781897400000,62950.4,62951.6,62893.5,62910.7
1781897460000,62937.1,62945.7,62911.6,62918.6
1781897520000,62918.7,62959,62918.6,62927.9
1781897580000,62927.8,62951.6,62896.4,62928.3
1781897640000,62929,62938.4,62910,62910.3
1781897700000,62937.1,62943.9,62882,62910.1
1781897760000,62911.7,62932.6,62888.2,62928.9
1781897820000,62908.9,62908.9,62908.9,62908.9
1781897880000,62927,62976.1,62905.6,62964
1781897940000,62940.5,62952.8,62910.3,62910.3
1781898000000,62910.6,62910.6,62910.4,62910.6
1781898060000,62910.7,62945.1,62910.1,62910.1
1781898120000,62947.2,62959.5,62922.5,62926.2
1781898180000,62926.1,62964,62925.3,62935.1
1781898240000,62935.2,62961,62928.2,62928.2
1781898300000,62955.3,62973.6,62907.8,62932.1
1781898360000,62932,62976.1,62930.2,62953.5
1781898420000,62963.3,62973.6,62934.4,62945.1
1781898480000,62944.9,62988.8,62941.4,62984.4
1781898540000,62962.8,62990.9,62954.4,62979.3
1781898600000,62976.5,63084.9,62955,63051.6
1781898660000,63051.5,63074.4,63027.5,63059.6
1781898720000,63053,63054.5,63015.6,63041.7
1781898780000,63040.5,63040.5,63002.6,63025.4
1781898840000,63029.3,63057.1,63005.9,63024.7
1781898900000,63024.8,63058.3,63012.7,63048.9
1781898960000,63045,63056,62972.6,63000.6
1781899020000,62975.1,63004.6,62946.7,62979.9
1781899080000,62977.4,62982.1,62933.3,62955.9
1781899140000,62956.9,62975.8,62931.3,62975.7
1781899200000,62951.8,63014.4,62951.8,62983.6
1781899260000,62983.8,63031.7,62983,63013.8
1781899320000,62986.1,63012.5,62957.2,62957.2
1781899380000,62957.1,62996.8,62942.8,62981.1
1781899440000,62977.1,62982.5,62946.1,62967.3
1781899500000,62966,62995.4,62948,62972.1
1781899560000,62990.1,62995.4,62961.5,62995.4
1781899620000,63000.7,63014.2,62970.2,63008.2
1781899680000,63011.6,63028.6,62986.9,63027.1
1781899740000,62999.8,63027.1,62986.3,63019.6
1781899800000,63025.4,63025.4,62986.2,63013.2
1781899860000,63014.3,63029.6,62993.1,63000
1781899920000,62992.1,63027.1,62992.1,62999.6
1781899980000,62999.5,63026.4,62977,62993
1781900040000,63024.2,63026.3,62992.8,62998.9
1781900100000,62998.7,63028.6,62991.4,63025.5
1781900160000,63017.3,63023.6,62983,63009.4
1781900220000,63004.1,63009.5,62965,62992.4
1781900280000,62964.7,62986,62951.1,62959.3
1781900340000,62959.2,62998.8,62946.9,62977.4
1781900400000,62955.8,62981.2,62901.9,62927.6
1781900460000,62919.8,62953.3,62887.4,62916.4
1781900520000,62916.3,62953.3,62916.3,62948.1
1781900580000,62942.8,62946.4,62894.8,62918.3
1781900640000,62918.4,62975,62918.1,62944.7
1781900700000,62945.1,63001.3,62945.1,63001.3
1781900760000,63001.7,63026.2,62973.4,62992.5
1781900820000,62992.4,63025.5,62986.9,62992.5
1781900880000,62992.6,62992.6,62992.3,62992.5
1781900940000,62992.6,63028.7,62992.5,63025.3
1781901000000,63018.9,63049.7,63005.1,63043.8
1781901060000,63009.2,63025.2,62981.6,62984.6
1781901120000,62985.6,63000.8,62967.3,62967.3
1781901180000,62971.8,62981.6,62959,62978.6
1781901240000,62983.4,63008.2,62964.1,63006.3
1781901300000,63005.5,63013.9,62980.7,62985.7
1781901360000,62985,63020.9,62979.2,62992.1
1781901420000,62992.2,63020.9,62991.9,63004.8
1781901480000,63011.3,63035.2,62981.5,63001.6
1781901540000,62980,62997.5,62964.3,62968.3
1781901600000,62986.3,62999.8,62957,62996.1
1781901660000,62968.1,63024.2,62968.1,63020.5
1781901720000,63017.7,63017.7,63009.9,63009.9
1781901780000,63015.3,63020.7,62991.2,63014.8
1781901840000,63019.9,63043.8,62992.5,63041.8
1781901900000,63019.9,63057.3,63019.9,63053.1
1781901960000,63029.3,63124.6,63029.3,63120.1
1781902020000,63101.3,63156.4,63101.3,63148.2
1781902080000,63147.5,63147.5,63097.3,63116.6
1781902140000,63121.1,63140.3,63076.8,63123.7
1781902200000,63123.4,63137.3,63092.3,63137.3
1781902260000,63141.3,63153.8,63114.9,63116
1781902320000,63116.1,63150.5,63101.1,63110.4
1781902380000,63110.3,63145.1,63110.1,63138.4
1781902440000,63139.9,63144.4,63115.6,63137.3
1781902500000,63141.1,63155.1,63109.8,63155.1
1781902560000,63160.5,63163.9,63122.9,63162.5
1781902620000,63163.9,63229.5,63133.6,63138.3
1781902680000,63159.7,63201.2,63129.9,63173.6
1781902740000,63174.3,63212.7,63173.3,63197.4
1781902800000,63182.8,63184.3,63152.6,63156.5
1781902860000,63137.5,63173.7,63137.5,63173.1
1781902920000,63165.8,63165.8,63116.7,63118.6
1781902980000,63118.4,63123.5,63102.2,63109.7
1781903040000,63114.3,63126.1,63107.4,63115
1781903100000,63111.8,63114,63104.6,63105.9
1781903160000,63103.4,63124.6,63100.3,63123.8
1781903220000,63126.1,63143.6,63126.1,63143.6
1781903280000,63148,63155,63143.6,63151.2
1781903340000,63152.5,63159,63144.9,63155.8
1781903400000,63156,63181.6,63156,63166.8
1781903460000,63172,63196.7,63172,63191.2
1781903520000,63196.2,63202.8,63191.2,63197.6
1781903580000,63196.8,63225.1,63191.2,63212.8
1781903640000,63212.5,63212.5,63203.9,63206.4
1781903700000,63207,63207,63190.7,63205.7
1781903760000,63204.1,63205.2,63188.9,63196.9
1781903820000,63201.1,63206,63194.3,63202.6
1781903880000,63194.3,63200.8,63194.2,63198.8
1781903940000,63198,63198,63187.7,63195.7
1781904000000,63193,63195.4,63193,63195.2
1781904060000,63193.6,63193.6,63162.1,63162.1
1781904120000,63167.5,63170.7,63146.6,63148.2
1781904180000,63149.5,63161.9,63149.5,63156.5
1781904240000,63161.9,63173.2,63156.5,63173.2
1781904300000,63158.5,63160.1,63121.4,63140.6
1781904360000,63133.8,63141,63117.1,63141
1781904420000,63128.3,63128.3,63109,63109
1781904480000,63105.2,63109.6,63105.2,63108
1781904540000,63036.8,63036.8,63036.8,63036.8
1781904600000,63036.8,63106.5,63034.3,63106.5
1781904660000,63107.3,63107.3,63097.9,63106.7
1781904720000,63109,63117.5,63099.2,63108.7
1781904780000,63103.5,63103.5,63091.9,63093.2
1781904840000,63096.1,63096.1,63080.3,63080.3
1781904900000,63069.9,63082.4,63067.1,63080.3
1781904960000,63079.5,63079.5,63063.5,63075.3
1781905020000,63067.4,63074.4,63067.4,63072.4
1781905080000,63078.2,63103,63078.2,63094.2
1781905140000,63091.2,63091.2,63053.2,63053.2
1781905200000,63055.3,63074.3,63055.3,63063.8
1781905260000,63059.2,63059.2,63051.1,63059.2
1781905320000,63059.5,63078.7,63054.9,63078.7
1781905380000,63065.3,63080.1,63059,63080.1
1781905440000,63072.3,63072.3,63037.6,63037.6
1781905500000,63043,63080.4,63043,63055
1781905560000,63050.3,63076.1,63047.4,63048.1
1781905620000,63048.9,63070.7,63043.3,63065.5
1781905680000,63054.3,63067,63041.8,63067
1781905740000,63068.2,63073.7,63066.8,63066.8
1781905800000,63066.4,63077.2,63057.4,63072.3
1781905860000,63072,63072,63051.6,63064.7
1781905920000,63063.6,63063.6,63059.6,63059.6
1781905980000,63058.6,63058.6,63029.4,63029.4
1781906040000,63027.4,63028.7,63011.7,63011.7
1781906100000,63008.1,63008.1,62998.9,63007
1781906160000,63014.2,63017.2,63000.5,63013.8
1781906220000,63013.4,63019.9,63013.4,63019.2
1781906280000,63020.5,63021.5,63020.5,63021.5
1781906340000,63021.9,63024.7,63012,63023.3
1781906400000,62950,63060,62932.6,63055.6
1781906460000,63051.2,63051.2,63030.2,63033.4
1781906520000,63032.1,63044.7,63027.2,63039.5
1781906580000,63034.9,63034.9,62998.8,63002.7
1781906640000,63008,63036.9,62999.9,63036.7
1781906700000,63039.1,63039.1,63015.1,63024.1
1781906760000,63024.3,63024.8,63019.9,63019.9
1781906820000,63011.8,63016.2,62997.2,62998.9
1781906880000,63003.4,63005.2,63003.4,63005.2
1781906940000,62933.6,63041.4,62933.6,63040.5
1781907000000,63034.8,63034.8,63006.5,63018
1781907060000,63020.8,63023.6,63020.8,63023.6
1781907120000,63027.5,63031.2,63019.5,63028.1
1781907180000,63031,63038.9,63029.7,63033.8
1781907240000,63037.9,63045.6,63037.9,63045.6
1781907300000,63048.5,63065.3,63048.5,63052.5
1781907360000,63053.4,63053.4,63053.4,63053.4
1781907420000,63057.5,63071.7,63057.5,63070.3
1781907480000,63078.5,63107.3,63078.5,63107.3
1781907540000,63111.2,63139.7,63111.2,63139.7
1781907600000,63141,63169,63141,63162.7
1781907660000,63158.1,63158.1,63155.9,63155.9
1781907720000,63084.1,63223,63084.1,63212.4
1781907780000,63208.9,63221,63206.5,63214.9
1781907840000,63219.7,63238.5,63219.7,63228
1781907900000,63234.6,63238.5,63228.7,63229.7
1781907960000,63225.2,63245.8,63224.3,63245.8
1781908020000,63246.8,63247.3,63244,63244
1781908080000,63234.5,63248.4,63231,63243.1
1781908140000,63242.9,63242.9,63212.8,63212.8
1781908200000,63211.8,63211.8,63208,63208
1781908260000,63202.4,63203.8,63197.1,63200.6
1781908320000,63196.8,63196.8,63192.8,63195.4
1781908380000,63190.3,63207.6,63190.3,63207.5
1781908440000,63205.6,63221.7,63134.9,63220.9
1781908500000,63218.6,63218.6,63193.2,63193.2
1781908560000,63195.6,63208.5,63195.6,63208.5
1781908620000,63211,63211,63178.2,63178.7
1781908680000,63182.9,63188.8,63171.8,63173.6
1781908740000,63176.2,63227,63100.9,63222.4
1781908800000,63223.2,63230.7,63197.9,63230.7
1781908860000,63231.5,63287.4,63231.5,63270.3
1781908920000,63267.2,63267.2,63260.2,63261
1781908980000,63187.9,63256.9,63187.9,63246.2
1781909040000,63249.6,63270.9,63242.3,63263.8
1781909100000,63263.7,63272,63258.8,63270.9
1781909160000,63268.4,63268.4,63251.6,63253.4
1781909220000,63246.7,63279.6,63243.8,63279.6
1781909280000,63282.1,63319.6,63282.1,63314.5
1781909340000,63311.4,63311.4,63296.1,63307.5
1781909400000,63311.6,63311.6,63276.9,63277.3
1781909460000,63273.1,63273.5,63269.2,63269.2
1781909520000,63272.4,63286.7,63272.4,63285.1
1781909580000,63289.7,63289.7,63263.5,63281.6
1781909640000,63281,63289.7,63274.2,63285.5
1781909700000,63290,63290,63290,63290
1781909760000,63216.9,63290.6,63216.9,63268.4
1781909820000,63272.7,63277.5,63270.5,63275.3
1781909880000,63203.7,63203.7,63203.7,63203.7
1781909940000,63200.8,63269.5,63200.8,63264.6
1781910000000,63265.3,63283.9,63265.1,63276.7
1781910060000,63276.9,63287.2,63247.8,63248.2
1781910120000,63244.3,63244.3,63239,63239
1781910180000,63233.1,63245.3,63230.9,63235.5
1781910240000,63240.7,63245.7,63237.9,63237.9
1781910300000,63242.9,63260,63242.9,63249
1781910360000,63244.5,63244.5,63228.6,63238.5
1781910420000,63240.7,63244.8,63233.9,63239.3
1781910480000,63167.5,63247.5,63167.5,63246.8
1781910540000,63242.1,63242.1,63227.6,63227.6
1781910600000,63223.6,63226.6,63214,63222.2
1781910660000,63217.8,63219.8,63217.8,63219.8
1781910720000,63150.5,63231,63150.5,63231
1781910780000,63226.3,63226.3,63220,63220
1781910840000,63222.7,63239.6,63222.7,63239.6
1781910900000,63239.7,63244.6,63224.6,63244.6
1781910960000,63243.4,63243.4,63225.7,63231.2
1781911020000,63229.1,63229.1,63229.1,63229.1
1781911080000,63233.3,63251.5,63232.8,63249.5
1781911140000,63243.1,63253.8,63229.2,63253.8
1781911200000,63249.5,63254.1,63239.2,63239.2
1781911260000,63237.5,63237.5,63232,63237.5
1781911320000,63166,63166,63163.5,63163.5
1781911380000,63165.2,63245.6,63165.2,63245.6
1781911440000,63247.6,63263.9,63247.6,63263.2
1781911500000,63263.9,63263.9,63262.4,63262.4
1781911560000,63265,63282.2,63265,63277.5
1781911620000,63271.5,63271.5,63239.2,63244
1781911680000,63244.4,63244.4,63244.4,63244.4
1781911740000,63250.9,63258.4,63250.9,63258.4
1781911800000,63250.7,63260.9,63246.4,63258.4
1781911860000,63255.7,63255.7,63247,63250.5
1781911920000,63249.9,63279.4,63249.9,63274.2
1781911980000,63277.2,63311.4,63277.2,63311.4
1781912040000,63312.9,63312.9,63273.7,63273.7
1781912100000,63267.1,63299.4,63253.1,63293.9
1781912160000,63297.2,63297.2,63297.2,63297.2
1781912220000,63290.7,63297.2,63289.6,63297.1
1781912280000,63225.5,63225.5,63225.5,63225.5
1781912340000,63225.3,63292.5,63225.3,63280.2
1781912400000,63273.3,63278.5,63273.3,63278.5
1781912460000,63276.1,63284.9,63253.5,63256.6
1781912520000,63259.3,63269.3,63258.6,63258.6
1781912580000,63266,63266,63258.2,63264.7
1781912640000,63260.7,63278.7,63252.4,63278.7
1781912700000,63273.1,63273.1,63255.8,63255.8
1781912760000,63253.6,63253.6,63240,63248.8
1781912820000,63251.3,63251.3,63247.5,63247.5
1781912880000,63251.9,63258.8,63251.3,63258.4
1781912940000,63257.5,63282.2,63257.5,63270.1
1781913000000,63266.6,63266.6,63250.1,63250.1
1781913060000,63249.5,63250.2,63249.5,63250.2
1781913120000,63254.6,63267.6,63254.6,63267.6
1781913180000,63269.9,63297.8,63267.6,63283.8
1781913240000,63283.5,63299.3,63257.3,63286.4
1781913300000,63291.8,63338.8,63291.8,63338.7
1781913360000,63339.7,63595,63330.1,63589.1
1781913420000,63587.2,63602.6,63483.7,63544.8
1781913480000,63543.4,63585.7,63506.5,63512.5
1781913540000,63514.8,63514.8,63478.8,63485.2
1781913600000,63472.5,63551.6,63463.6,63546.6
1781913660000,63544,63544,63489.1,63526.8
1781913720000,63529,63529,63486,63518.1
1781913780000,63517.1,63538.1,63515.8,63515.8
1781913840000,63511.5,63515,63451.5,63451.5
1781913900000,63454.9,63469.1,63419.9,63469
1781913960000,63472.7,63472.7,63453.7,63453.7
1781914020000,63455.8,63531.1,63455.8,63530.1
1781914080000,63537.5,63537.7,63487.8,63503
1781914140000,63502.5,63509.5,63456.5,63456.5
1781914200000,63448.7,63448.7,63422.9,63428.1
1781914260000,63422.3,63435.7,63410.1,63415.7
1781914320000,63420.7,63433.7,63420.7,63432.2
1781914380000,63429.7,63429.7,63410.6,63422.9
1781914440000,63427.8,63475.8,63427.8,63468.4
1781914500000,63468.6,63481.9,63465.4,63481.9
1781914560000,63481.6,63494.1,63481.6,63485.5
1781914620000,63484.4,63494.8,63463,63475.2
1781914680000,63461.8,63468.7,63435.5,63447.2
1781914740000,63448,63448.1,63444.6,63444.6
1781914800000,63452.7,63466.9,63436.9,63455.2
1781914860000,63450.8,63452.8,63424.1,63437.7
1781914920000,63437,63437.7,63414.9,63425.3
1781914980000,63437,63448.6,63423.2,63423.2
1781915040000,63423.7,63475.5,63418.7,63474.8
1781915100000,63472.5,63525.9,63463.1,63525.9
1781915160000,63529,63529,63478.6,63486.6
1781915220000,63487.1,63535.3,63471.3,63535.3
1781915280000,63532.5,63584.1,63532.5,63581.6
1781915340000,63578.4,63578.4,63557.9,63563.2
1781915400000,63562.6,63562.6,63527.6,63530.7
1781915460000,63530.9,63549.4,63530.7,63549.4
1781915520000,63555.2,63600.7,63540.5,63599.4
1781915580000,63600.9,63638,63585.8,63618.1
1781915640000,63614.5,63716.8,63614.5,63716.3
1781915700000,63709.4,63721.5,63658.1,63658.1
1781915760000,63651.3,63669.4,63642.2,63649.5
1781915820000,63642.7,63642.7,63588.9,63588.9
1781915880000,63591,63591,63540.1,63549.5
1781915940000,63545.6,63545.6,63521.4,63521.4
1781916000000,63516.4,63518.5,63474.5,63510.9
1781916060000,63503.4,63511,63493.9,63498.4
1781916120000,63500.1,63504,63486.5,63504
1781916180000,63509,63543.9,63507.3,63539
1781916240000,63543.1,63557.7,63540.1,63550
1781916300000,63546.1,63546.1,63513.3,63515.2
1781916360000,63511.1,63516.8,63492.5,63493.1
1781916420000,63497.2,63505.3,63481.7,63488.3
1781916480000,63492.2,63500.2,63474.7,63481.9
1781916540000,63483.6,63550.2,63467.2,63543.7
1781916600000,63538.9,63540.7,63501.1,63501.1
1781916660000,63494.7,63496.6,63476.6,63476.6
1781916720000,63467.9,63487.7,63461.9,63467.7
1781916780000,63467.1,63508.2,63467.1,63502.9
1781916840000,63495.9,63552.3,63471.2,63550
1781916900000,63553.6,63553.6,63515.9,63515.9
1781916960000,63511.6,63511.6,63483.9,63483.9
1781917020000,63481,63495.9,63476.3,63492.5
1781917080000,63488.1,63505.7,63488.1,63502
1781917140000,63500.1,63500.1,63469.1,63473.6
1781917200000,63471.6,63479.6,63471.6,63476.5
1781917260000,63480.4,63490.7,63480,63489.9
1781917320000,63485.2,63485.2,63447.2,63472.9
1781917380000,63474.8,63474.8,63450.6,63458.2
1781917440000,63457.5,63457.5,63433.6,63450.3
1781917500000,63446.9,63473.6,63442.2,63442.9
1781917560000,63448.2,63472.9,63428.3,63429.1
1781917620000,63427,63427,63344.2,63398.9
1781917680000,63401.7,63413.9,63388.4,63388.4
1781917740000,63387.3,63400.4,63377.3,63392.9
1781917800000,63392,63392,63378.9,63378.9
1781917860000,63377.3,63390.4,63376.3,63388.8
1781917920000,63397.6,63408.8,63390.3,63401.4
1781917980000,63397.4,63401.4,63393.5,63395.5
1781918040000,63394.9,63400.1,63393.9,63398.5
1781918100000,63395.2,63408.4,63391.4,63399.9
1781918160000,63400,63400,63378.3,63378.8
1781918220000,63384.4,63423.4,63377.9,63423.4
1781918280000,63424.4,63430.9,63410.9,63411.3
1781918340000,63407.6,63429.4,63397.8,63429.4
1781918400000,63428.5,63452.4,63425.1,63445.3
1781918460000,63443.8,63445.1,63414.1,63440.5
1781918520000,63435.5,63435.5,63412.8,63413.5
1781918580000,63417.4,63418.2,63405.1,63407.9
1781918640000,63407.5,63407.9,63393.4,63393.4
1781918700000,63382.8,63386.2,63367.3,63367.3
1781918760000,63365.3,63373.5,63348.3,63373.5
1781918820000,63377,63392.5,63368.9,63391.4
1781918880000,63394.1,63427.5,63394.1,63427.5
1781918940000,63431.2,63464.6,63431.2,63451.7
1781919000000,63457.8,63475.3,63457.8,63463.4
1781919060000,63458.6,63474.8,63457.1,63466.3
1781919120000,63474.4,63504.7,63401.6,63504.7
1781919180000,63505.4,63561,63498.1,63561
1781919240000,63556.6,63556.6,63525.8,63525.8
1781919300000,63524.3,63524.3,63495.7,63515.2
1781919360000,63515.9,63539.8,63515.9,63524.3
1781919420000,63522,63528.4,63519.4,63528.4
1781919480000,63530.9,63548.1,63529.7,63547.4
1781919540000,63548.9,63564.2,63547.1,63548
1781919600000,63548.5,63548.5,63523.8,63523.8
1781919660000,63522.9,63522.9,63497,63500.4
1781919720000,63502.9,63506.5,63480.5,63488.8
1781919780000,63488.9,63511.1,63482.2,63511.1
1781919840000,63505.9,63512.7,63494.7,63512.7
1781919900000,63508,63508,63490.2,63497.6
1781919960000,63493.1,63497.6,63490.4,63497.6
1781920020000,63501.4,63528,63501.4,63528
1781920080000,63519.6,63525.3,63514.4,63525.3
1781920140000,63520,63530.1,63501.5,63530.1
1781920200000,63534,63534,63494.9,63511
1781920260000,63515.6,63520,63515.6,63520
1781920320000,63522.4,63531.1,63517.1,63523.1
1781920380000,63521.8,63521.8,63502.9,63521.3
1781920440000,63517,63531.4,63517,63531.4
1781920500000,63525.8,63531.4,63525.8,63528.2
1781920560000,63527.9,63527.9,63516.1,63524.3
1781920620000,63520.4,63520.4,63511.7,63512.9
1781920680000,63512.6,63512.6,63505.8,63508.1
1781920740000,63505.8,63529.4,63503.3,63529.4
1781920800000,63515.6,63515.6,63468.6,63468.6
1781920860000,63468.8,63502.3,63468.5,63502
1781920920000,63503.1,63506.2,63484.5,63494.4
1781920980000,63491.4,63502.4,63478,63479.7
1781921040000,63481.8,63481.8,63467.7,63468.5
1781921100000,63463.9,63463.9,63437.8,63442.5
1781921160000,63441.5,63443.9,63433,63434.9
1781921220000,63439.5,63461.8,63439.5,63459.3
1781921280000,63455.3,63455.3,63438.8,63438.8
1781921340000,63439.3,63446.2,63439.2,63443.1
1781921400000,63449.8,63452.3,63441.9,63445.7
1781921460000,63452.4,63454,63439.8,63441.1
1781921520000,63440.5,63443.2,63423.5,63443.2
1781921580000,63439.3,63439.3,63424.2,63432.2
1781921640000,63428,63432.1,63412.1,63417
1781921700000,63413.1,63413.1,63399.4,63401.2
1781921760000,63403.2,63403.2,63396.5,63400
1781921820000,63404.3,63407.8,63360.8,63366.7
1781921880000,63362.2,63363.1,63334.1,63335.1
1781921940000,63339.7,63368,63339.7,63360.4
1781922000000,63358.9,63358.9,63354.3,63357.7
1781922060000,63361.6,63368.3,63351.3,63355.2
1781922120000,63358.2,63368.9,63356.6,63357.5
1781922180000,63363.8,63368.9,63339.9,63340.2
1781922240000,63340.9,63355.4,63340.7,63349.3
1781922300000,63350.8,63361.4,63349.8,63360.3
1781922360000,63363.4,63363.4,63360.3,63360.3
1781922420000,63357,63389.3,63357,63379.3
1781922480000,63375.2,63375.2,63346.5,63348.5
1781922540000,63354.6,63370.8,63343.2,63349.7
1781922600000,63349,63396,63349,63395
1781922660000,63389,63391.5,63374.5,63384.3
1781922720000,63387,63439,63387,63439
1781922780000,63438.9,63441.3,63414.3,63420.1
1781922840000,63421.6,63427.6,63421.6,63425.2
1781922900000,63420.9,63440.6,63363.1,63363.1
1781922960000,63366.6,63371.5,63355.5,63360.5
1781923020000,63356.4,63365.7,63313.6,63365.7
1781923080000,63367.7,63384.4,63354.3,63357.9
1781923140000,63353.1,63358.5,63330.2,63347.9
1781923200000,63344.8,63350,63324.2,63350
1781923260000,63345.3,63349.2,63336.9,63343.9
1781923320000,63337.8,63337.8,63309.7,63319.6
1781923380000,63323.7,63336.5,63323.7,63336.5
1781923440000,63327.3,63352.2,63305.6,63344.6
1781923500000,63349.7,63355.3,63349,63352.4
1781923560000,63356.1,63360,63356.1,63356.1
1781923620000,63360.4,63374.2,63356.1,63373.2
1781923680000,63371.2,63371.2,63364.4,63368.6
1781923740000,63369.4,63375.9,63330.3,63330.3
1781923800000,63327.6,63360.2,63327.6,63349
1781923860000,63343.4,63343.4,63264.7,63287.9
1781923920000,63291.9,63321.4,63291.9,63315.9
1781923980000,63324.4,63336.8,63293.9,63301.7
1781924040000,63297.6,63326.4,63280.2,63326.4
1781924100000,63331,63331,63293.1,63293.1
1781924160000,63296.6,63304.3,63293.7,63304.3
1781924220000,63305.7,63306.4,63303.3,63306
1781924280000,63310.1,63315.1,63306.2,63306.2
1781924340000,63301.4,63301.4,63279.7,63286.5
1781924400000,63285.9,63290.8,63276,63276.8
1781924460000,63277.3,63277.3,63263.1,63263.1
1781924520000,63263.2,63323.7,63262.4,63323.7
1781924580000,63326.1,63329.7,63308.9,63313.2
1781924640000,63314.5,63314.5,63308.4,63313.8
1781924700000,63311.2,63311.2,63306.4,63310.7
1781924760000,63316.6,63323.7,63313.9,63314.1
1781924820000,63318,63323.7,63309.9,63312.2
1781924880000,63314.2,63314.2,63308.8,63308.8
1781924940000,63306.4,63306.4,63272.3,63281.3
1781925000000,63284.4,63297.2,63277.7,63277.7
1781925060000,63272.5,63307.4,63271.7,63307.4
1781925120000,63309.7,63311.1,63302.9,63303.7
1781925180000,63303.5,63317.3,63303.5,63311.2
1781925240000,63313.4,63313.4,63288,63299
1781925300000,63301,63317.2,63299.1,63313.4
1781925360000,63320.3,63337.9,63320.3,63331.6
1781925420000,63330.4,63330.4,63325.1,63325.2
1781925480000,63329.4,63354.4,63329.4,63351
1781925540000,63348.1,63348.1,63341,63345.2
1781925600000,63340.6,63350.6,63320.9,63332.4
1781925660000,63336.6,63356.5,63336.6,63356.5
1781925720000,63354.6,63357.2,63345.6,63357.2
1781925780000,63358.7,63359.8,63350.2,63353.4
1781925840000,63354.1,63394.9,63354.1,63392.9
1781925900000,63395.8,63403.8,63376.7,63394.8
1781925960000,63397.4,63399.3,63384.4,63384.4
1781926020000,63385.3,63385.3,63377.9,63377.9
1781926080000,63378.4,63384.3,63378.4,63384.3
1781926140000,63316.2,63393.5,63316.2,63393.5
1781926200000,63387.6,63397.8,63384.1,63397.8
1781926260000,63393.4,63393.4,63374.6,63374.6
1781926320000,63378.9,63406.4,63378.9,63396.5
1781926380000,63397.8,63412.8,63397.8,63402.4
1781926440000,63394.3,63394.3,63365.9,63365.9
1781926500000,63363.3,63370.6,63359.7,63370.5
1781926560000,63301.8,63301.8,63301.8,63301.8
1781926620000,63301.2,63379.2,63301.2,63377.7
1781926680000,63379.9,63414.8,63377.7,63414.8
1781926740000,63416.6,63427.3,63411.8,63425.3
1781926800000,63425.7,63452.5,63425.7,63452.3
1781926860000,63456.6,63456.6,63444.1,63444.1
1781926920000,63445.5,63445.5,63434.8,63436.7
1781926980000,63436.9,63441.3,63415.3,63415.3
1781927040000,63412.7,63444.7,63411.3,63434.7
1781927100000,63430.3,63430.3,63411.3,63415.5
1781927160000,63413.6,63413.6,63404,63406
1781927220000,63411.1,63419.9,63403.8,63418.1
1781927280000,63414,63414,63406.5,63406.5
1781927340000,63411,63444.2,63411,63444.2
1781927400000,63444.7,63444.7,63422.2,63424.1
1781927460000,63421.6,63423.4,63408.4,63408.9
1781927520000,63413.3,63416.1,63409.6,63409.6
1781927580000,63409.4,63409.4,63392.8,63392.8
1781927640000,63397.6,63400.5,63394.8,63397.2
1781927700000,63392.1,63392.7,63378.4,63378.4
1781927760000,63376.1,63381.2,63373.5,63377.3
1781927820000,63311.1,63381.9,63311.1,63381.3
1781927880000,63382.5,63389.5,63380.1,63389.5
1781927940000,63386.9,63422.9,63386.9,63421.9
1781928000000,63416.4,63416.4,63408.7,63409.3
1781928060000,63408.3,63411.9,63396.6,63398.1
1781928120000,63393.1,63399.9,63375.7,63375.7
1781928180000,63377.9,63379.6,63368.8,63379.6
1781928240000,63376.2,63377.1,63363.9,63377.1
1781928300000,63377.4,63391.1,63377.1,63388.9
1781928360000,63385,63395.3,63383.9,63395.3
1781928420000,63399.9,63412.6,63399.9,63412.6
1781928480000,63411.7,63411.7,63359.1,63371.5
1781928540000,63366.8,63368.3,63342.9,63347.6
1781928600000,63346.2,63361.6,63341.4,63361.6
1781928660000,63362.4,63368.7,63362.4,63368.3
1781928720000,63363.8,63369,63363.5,63369
1781928780000,63367.1,63383.7,63359.2,63383.7
1781928840000,63378.3,63383.7,63359.2,63368.3
1781928900000,63370.4,63371.9,63370.4,63370.4
1781928960000,63374.3,63394.3,63373.5,63394.2
1781929020000,63408.1,63413.7,63408.1,63411.7
1781929080000,63411.8,63417,63392.6,63398.7
1781929140000,63394.1,63440.1,63394.1,63434
1781929200000,63444.7,63452.3,63425.9,63434.3
1781929260000,63432.7,63432.7,63412.7,63422.9
1781929320000,63426.8,63431.8,63422.9,63429.3
1781929380000,63428.3,63442.7,63428.3,63435
1781929440000,63435.9,63444.7,63432.4,63444.7
1781929500000,63447.8,63476.7,63447.8,63476.7
1781929560000,63475.5,63479.9,63472.2,63476.7
1781929620000,63478.2,63489.9,63476.7,63484.8
1781929680000,63486.4,63505.5,63486.4,63505.5
1781929740000,63506.9,63513.6,63506.2,63508.8
1781929800000,63509.3,63518.9,63503.3,63503.3
1781929860000,63499.1,63499.1,63461.1,63497.9
1781929920000,63493.1,63496,63459,63463.3
1781929980000,63463.7,63464.1,63456.5,63456.5
1781930040000,63460.1,63474.4,63460.1,63472.7
1781930100000,63467.4,63474.4,63456.7,63470.1
1781930160000,63464.2,63471.4,63464.2,63471.3
1781930220000,63474.1,63500.3,63468.3,63500.3
1781930280000,63494.1,63494.1,63473.1,63477.4
1781930340000,63488.2,63500.8,63488.2,63498.1
1781930400000,63493.8,63497.4,63483.7,63496.6
1781930460000,63499.7,63550.8,63499.7,63543.5
1781930520000,63545.5,63552.3,63521.3,63543.9
1781930580000,63545.4,63555.5,63545.4,63548.9
1781930640000,63550.6,63554.3,63534,63552.8
1781930700000,63544.7,63553.7,63524.3,63541.1
1781930760000,63535.5,63540.5,63484.2,63484.2
1781930820000,63488,63493.3,63484.4,63487.7
1781930880000,63483.7,63518.8,63482.7,63515.6
1781930940000,63516.8,63531.1,63515.6,63528.6
1781931000000,63531.5,63544.6,63521.7,63544.6
1781931060000,63545.4,63550,63507.3,63521.5
1781931120000,63517.1,63521.5,63513.7,63513.7
1781931180000,63514.6,63523,63507.6,63515.3
1781931240000,63510.6,63533.7,63499.8,63507.3
1781931300000,63506.4,63507.3,63502.5,63507.3
1781931360000,63505.8,63507.3,63499.4,63504.3
1781931420000,63504.6,63508.4,63501.2,63508.3
1781931480000,63507.4,63509.8,63503.4,63509.5
1781931540000,63504.6,63522,63504.6,63522
1781931600000,63528.1,63546.8,63525.9,63527.8
1781931660000,63523.8,63525.3,63481.4,63484.2
1781931720000,63488.2,63515,63488.2,63509.3
1781931780000,63509.2,63521.8,63509.2,63518.1
1781931840000,63517.6,63525.8,63507.7,63513.3
1781931900000,63510.6,63510.6,63492.1,63504
1781931960000,63509,63610.2,63464.9,63602.2
1781932020000,63603.2,63644.6,63599.9,63642.9
1781932080000,63640.9,63662.9,63630.1,63649.6
1781932140000,63649.1,63653.4,63627.9,63639.4
1781932200000,63642.7,63837.4,63642.7,63762.5
1781932260000,63754.4,63787.3,63732.6,63732.6
1781932320000,63732.3,63743.8,63666.6,63725.5
1781932380000,63758.2,63840.5,63726.7,63820.2
1781932440000,63817.7,63817.7,63742,63755.5
1781932500000,63754,63777.6,63724.6,63730.5
1781932560000,63733.6,63757.7,63701.4,63701.4
1781932620000,63701.3,63703.4,63671.2,63672.9
1781932680000,63675.9,63700.6,63675.9,63693.4
1781932740000,63695.1,63695.4,63681.7,63681.7
1781932800000,63681.3,63691.2,63664.5,63691.1
1781932860000,63695.1,63695.1,63658.2,63663.5
1781932920000,63661.5,63670.9,63650.2,63659.1
1781932980000,63664.6,63678.9,63658.3,63659.1
1781933040000,63664.2,63677.9,63658.9,63676.4
1781933100000,63672.8,63672.8,63657.5,63662.7
1781933160000,63656.7,63666.3,63653.6,63655.5
1781933220000,63655,63669.3,63637.8,63637.8
1781933280000,63630.9,63630.9,63591.4,63591.5
1781933340000,63596.2,63599.4,63577.1,63577.7
1781933400000,63580.5,63621.3,63580.5,63616.9
1781933460000,63612.7,63618,63597.1,63614.9
1781933520000,63611.5,63634.6,63611.5,63620.8
1781933580000,63621.2,63678.2,63621.2,63658.8
1781933640000,63657.2,63657.2,63593.5,63607.9
1781933700000,63612.5,63638.3,63608,63628.2
1781933760000,63623.9,63638.8,63611.1,63638.8
1781933820000,63636.9,63636.9,63599,63616.1
1781933880000,63619.6,63637.3,63619.6,63625.1
1781933940000,63628.7,63631.6,63623.9,63623.9
1781934000000,63624.8,63624.8,63597.9,63601.3
1781934060000,63602,63602,63588.3,63597.9
1781934120000,63601.7,63602.7,63591.3,63591.4
1781934180000,63595.3,63596.2,63590.3,63591.2
1781934240000,63587.5,63589.6,63580.6,63582.8
1781934300000,63588.2,63605.6,63584.8,63605.6
1781934360000,63609.6,63614.5,63574.7,63577
1781934420000,63576,63576,63527.9,63563.5
1781934480000,63567.7,63568.9,63555.4,63566.7
1781934540000,63568.2,63575.2,63557.6,63565.2
1781934600000,63562,63562,63551,63554.4
1781934660000,63551.3,63576,63533,63576
1781934720000,63576.3,63603.5,63574.8,63575.9
1781934780000,63575.8,63597.5,63575.8,63595
1781934840000,63600.8,63645,63573.5,63625.6
1781934900000,63621.7,63621.7,63603.4,63609.8
1781934960000,63607.4,63611.1,63604.7,63604.7
1781935020000,63608.5,63626.4,63608.5,63618
1781935080000,63615.2,63625,63614.3,63621.1
1781935140000,63619.6,63619.9,63619.6,63619.9
1781935200000,63621,63625.1,63599,63613.1
1781935260000,63621.5,63644.6,63621.5,63641.4
1781935320000,63640.9,63645,63634.4,63645
1781935380000,63645.2,63658.3,63624,63646.4
1781935440000,63643.4,63643.4,63622.4,63632.9
1781935500000,63632.1,63632.7,63617.1,63623.4
1781935560000,63627.6,63649.1,63627.6,63644.1
1781935620000,63644.7,63655.9,63638,63640.1
1781935680000,63630.4,63630.4,63609.4,63618
1781935740000,63611.7,63611.7,63586,63595.4
1781935800000,63587.7,63593.1,63509.8,63523.9
1781935860000,63525.3,63532.9,63525,63530.3
1781935920000,63530.3,63534.9,63528.5,63534.9
1781935980000,63534.9,63534.9,63522.9,63524.4
1781936040000,63523.1,63552.3,63515.7,63552.3
1781936100000,63559.9,63562.9,63507.7,63507.7
1781936160000,63510.8,63532.8,63510.8,63532.8
1781936220000,63532,63543.1,63532,63539.2
1781936280000,63539.2,63539.2,63528.4,63528.4
1781936340000,63530.8,63536.1,63524.9,63536.1
1781936400000,63530.6,63530.6,63525.7,63525.7
1781936460000,63526.3,63582.9,63526.3,63571.8
1781936520000,63569.6,63604.6,63568.9,63601.3
1781936580000,63602.2,63625.2,63588.3,63596.8
1781936640000,63593.2,63597.8,63580.6,63580.8
1781936700000,63580.8,63580.8,63540.1,63540.1
1781936760000,63540.1,63556.3,63537.1,63548.3
1781936820000,63550,63572.5,63550,63572.5
1781936880000,63567.1,63570.9,63564.9,63564.9
1781936940000,63564.9,63564.9,63556.3,63564.9
1781937000000,63568.4,63572.9,63556.3,63563.9
1781937060000,63568.5,63578.4,63566.1,63566.1
1781937120000,63568.9,63568.9,63561.4,63566.2
1781937180000,63566.2,63566.2,63561.4,63561.4
1781937240000,63566.1,63577.8,63564.9,63566.9
1781937300000,63561.4,63600.9,63561.4,63587.9
1781937360000,63592.2,63599.8,63580.6,63584.8
1781937420000,63590.9,63595.9,63583.8,63594.8
1781937480000,63595.9,63612.8,63595.9,63610.9
1781937540000,63610.9,63610.9,63595.9,63606.8
1781937600000,63609,63617,63565.6,63565.6
1781937660000,63568.5,63588.7,63566.6,63581.9
1781937720000,63584.6,63616.7,63584.1,63612.9
1781937780000,63616.7,63621.5,63616.7,63621.5
1781937840000,63623.9,63625.2,63623.9,63623.9
1781937900000,63626.9,63626.9,63613,63613
1781937960000,63613,63614.7,63600.9,63600.9
1781938020000,63605.6,63613,63592.9,63599.5
1781938080000,63602.9,63624.8,63596.8,63613
1781938140000,63613.4,63634.8,63609.6,63634.8
1781938200000,63634.9,63634.9,63596.8,63604.9
1781938260000,63609,63622.9,63604.9,63615.4
1781938320000,63620.1,63621.1,63618.9,63618.9
1781938380000,63618.9,63618.9,63612.3,63612.3
1781938440000,63612.3,63612.3,63609,63609
1781938500000,63609,63609,63609,63609
1781938560000,63609,63609,63598.9,63598.9
1781938620000,63599,63624.3,63599,63616.9
1781938680000,63616.8,63619.7,63616.8,63618.8
1781938740000,63616.8,63616.8,63611.4,63613.3
1781938800000,63671.8,63671.8,63658.8,63663.8
1781938860000,63663.8,63663.8,63598.8,63598.8
1781938920000,63598.8,63598.8,63567.8,63585.8
1781938980000,63585.8,63597.8,63577.8,63577.8
1781939040000,63576.8,63585.8,63575.8,63585.8
1781939100000,63581.8,63581.8,63564.8,63564.8
1781939160000,63565.8,63566.8,63543.8,63543.8
1781939220000,63543.8,63543.8,63525.8,63540.8
1781939280000,63540.8,63550.8,63540.8,63550.8
1781939340000,63550.8,63567.8,63550.8,63567.8
1781939400000,63567.8,63593.8,63567.8,63592.8
1781939460000,63594.8,63596.8,63562.8,63562.8
1781939520000,63562.8,63562.8,63560.8,63561.8
1781939580000,63561.8,63588.8,63561.8,63588.8
1781939640000,63588.8,63591.8,63586.8,63591.8
1781939700000,63591.8,63601.8,63591.8,63601.8
1781939760000,63601.8,63601.8,63540.6,63540.6
1781939820000,63543.6,63611.8,63543.6,63611.8
1781939880000,63612.8,63653.8,63612.8,63653.8
1781939940000,63653.8,63678.8,63644.8,63677.8
1781940000000,63677.8,63678.8,63675.8,63678.8
1781940060000,63678.8,63678.8,63659.8,63670.8
1781940120000,63671.8,63693.8,63671.8,63693.8
1781940180000,63696.8,63699.8,63692.8,63699.8
1781940240000,63700.8,63718.8,63700.8,63711.8
1781940300000,63713.8,63714.8,63711.8,63711.8
1781940360000,63711.8,63718.8,63698.8,63698.8
1781940420000,63698.8,63698.8,63680.8,63680.8
1781940480000,63679.8,63694.5,63661.1,63694.5
1781940540000,63675.2,63734.7,63674.8,63706.4
1781940600000,63705.7,63748,63691.2,63707.2
1781940660000,63705.9,63708.8,63679.9,63682.9
1781940720000,63683.2,63683.2,63682.9,63682.9
1781940780000,63679.8,63695.7,63656.2,63679.8
1781940840000,63669.8,63669.8,63642.9,63642.9
1781940900000,63642.2,63647.3,63640.6,63646.6
1781940960000,63643.1,63688.4,63629,63660.5
1781941020000,63662.4,63719,63662.4,63670.3
1781941080000,63666.3,63682.8,63654.5,63657.5
1781941140000,63661.8,63674.7,63661.8,63674.7
1781941200000,63698.8,63698.8,63698.8,63698.8
1781941260000,63697.8,63725.6,63674.9,63674.9
1781941320000,63671.6,63671.6,63663.6,63667.4
1781941380000,63667.8,63670,63660.1,63670
1781941440000,63670.1,63670.1,63661.6,63661.6
1781941500000,63677.8,63712.9,63653.3,63654
1781941560000,63653.5,63697.9,63653.5,63658.1
1781941620000,63659,63659,63634.7,63636.9
1781941680000,63640.3,63687.9,63617.9,63659.4
1781941740000,63657.2,63669.3,63625.5,63638.6
1781941800000,63638.1,63686.9,63635,63686.1
1781941860000,63652.3,63652.3,63647.7,63648.4
1781941920000,63648,63672.4,63632.6,63640.1
1781941980000,63639.9,63657.6,63617,63621.5
1781942040000,63619,63632.4,63602.2,63602.2
1781942100000,63601.9,63646.3,63599.6,63615.6
1781942160000,63652.7,63652.7,63617.6,63647.2
1781942220000,63614.3,63619.9,63577.4,63590.3
1781942280000,63621.2,63623.3,63583.1,63587.7
1781942340000,63583.1,63595.1,63559.5,63595.1
1781942400000,63568.6,63571.8,63541.3,63541.3
1781942460000,63539.9,63539.9,63522.2,63522.8
1781942520000,63553.5,63553.5,63437.8,63448.8
1781942580000,63429.8,63486.3,63424.3,63486.3
1781942640000,63484.3,63600.6,63466.5,63553.1
1781942700000,63548.9,63548.9,63507,63547
1781942760000,63548.6,63558.8,63493.7,63534.3
1781942820000,63530.5,63530.8,63464.6,63497.6
1781942880000,63502,63506.5,63467.8,63503.6
1781942940000,63503.9,63503.9,63461.5,63494.8
1781943000000,63462.6,63481.1,63448.7,63478.4
1781943060000,63475.1,63486.4,63441.6,63479.3
1781943120000,63482.6,63485.9,63446.7,63480.1
1781943180000,63481.6,63495.4,63459.5,63459.5
1781943240000,63492.1,63493.9,63453.1,63490.7
1781943300000,63497.1,63516.9,63468.3,63516.9
1781943360000,63518.4,63522.3,63455.9,63455.9
1781943420000,63487.9,63504,63460.6,63467.7
1781943480000,63463.3,63497.6,63461.9,63493.3
1781943540000,63493.9,63502.1,63464.8,63498
1781943600000,63494.4,63509.9,63463.9,63507.1
1781943660000,63474.7,63497.1,63463.8,63489.6
1781943720000,63457.3,63463.1,63422.3,63422.3
1781943780000,63417.7,63464.7,63412,63457.1
1781943840000,63423,63461.4,63419.1,63459.8
1781943900000,63426.9,63459.8,63414.3,63414.3
1781943960000,63414.2,63461.4,63414.2,63416
1781944020000,63415.7,63445.1,63409.5,63434.5
1781944080000,63438.3,63438.3,63394,63429
1781944140000,63425.1,63428.1,63388.6,63390.2
1781944200000,63417.8,63421.9,63386.6,63415.8
1781944260000,63410.6,63410.6,63405.6,63408.5
1781944320000,63405.6,63408.2,63359,63403.2
1781944380000,63408.2,63419.5,63403.2,63419.5
1781944440000,63418,63432.9,63392.9,63426.8
1781944500000,63425.5,63425.5,63382.5,63416.5
1781944560000,63417.1,63417.9,63416.5,63417.9
1781944620000,63418,63425.7,63343,63373.1
1781944680000,63376.2,63379,63341.4,63375.5
1781944740000,63380.3,63431.1,63380.3,63431.1
1781944800000,63432.7,63432.7,63381.4,63415
1781944860000,63417.4,63424.1,63417.4,63419.5
1781944920000,63385.4,63419.5,63385.4,63417.4
1781944980000,63411.4,63411.4,63363.2,63398.3
1781945040000,63397.4,63397.4,63392.6,63397.2
1781945100000,63393.4,63401.4,63393.4,63395.7
1781945160000,63390.6,63394.5,63387.2,63390
1781945220000,63386.1,63386.1,63344.1,63374.8
1781945280000,63380,63401.1,63351.1,63373
1781945340000,63336.1,63384,63306.2,63342.1
1781945400000,63374.5,63378.5,63327.4,63356.5
1781945460000,63359.1,63366,63327.9,63344.3
1781945520000,63341.5,63353.5,63306.2,63349.3
1781945580000,63317.1,63346.8,63312.7,63346.8
1781945640000,63355.5,63356.8,63349.9,63354.9
1781945700000,63359.2,63383.5,63340.7,63370.5
1781945760000,63376.8,63392.2,63336.9,63392.2
1781945820000,63389.4,63394,63345.6,63380.4
1781945880000,63374.8,63379.9,63348.1,63356.3
1781945940000,63357.4,63365.6,63324.9,63362.1
1781946000000,63367,63384.3,63365.1,63380.4
1781946060000,63378.9,63380.2,63344.8,63380.2
1781946120000,63374.1,63404,63364.9,63398.2
1781946180000,63399.5,63419.3,63384.3,63418.1
1781946240000,63420.2,63421.8,63377.8,63402.7
1781946300000,63399.9,63404.1,63364.3,63399.3
1781946360000,63398,63434,63387.8,63387.8
1781946420000,63421.3,63451.5,63421.3,63439.4
1781946480000,63436.7,63436.7,63383.1,63420.2
1781946540000,63420.3,63429.7,63411.2,63411.2
1781946600000,63412.1,63440.3,63412.1,63436.7
1781946660000,63441.2,63447.1,63412.6,63446.1
1781946720000,63439.3,63463,63405.8,63459.8
1781946780000,63463.4,63477.9,63459.8,63473.5
1781946840000,63468.5,63468.5,63433.9,63463
1781946900000,63464.4,63477.6,63464.4,63472.6
1781946960000,63473.5,63494.7,63439.2,63479.2
1781947020000,63443.8,63466.9,63423.1,63456.6
1781947080000,63422.3,63475,63422.3,63461
1781947140000,63462,63462,63427.5,63458.9
1781947200000,63463.9,63473.8,63432.6,63469.1
1781947260000,63479.2,63496.3,63452.8,63495.1
1781947320000,63497.2,63504.4,63495.2,63504.4
1781947380000,63507.9,63513.3,63467.3,63509.4
1781947440000,63474.5,63530.4,63466.7,63507.1
1781947500000,63475.4,63502.3,63460.9,63490.2
1781947560000,63491.3,63494,63452.5,63484
1781947620000,63453.7,63487.7,63453.7,63487.7
1781947680000,63412.2,63487.4,63412.2,63487.3
1781947740000,63484,63517.8,63481.4,63510
1781947800000,63509.1,63509.1,63467.8,63498.6
1781947860000,63468.8,63519.2,63468.8,63510.9
1781947920000,63515.4,63515.4,63483.5,63484.1
1781947980000,63516.2,63548.6,63489.9,63545
1781948040000,63548.7,63556.6,63520.6,63521.7
1781948100000,63525.5,63557.3,63524.9,63556.2
1781948160000,63530.8,63577.2,63530.1,63547.2
1781948220000,63585.6,63627.7,63561.6,63589.6
1781948280000,63588.4,63588.4,63542.3,63580.1
1781948340000,63583,63589.6,63552.2,63581.6
1781948400000,63580.4,63607.7,63567.9,63567.9
1781948460000,63603.8,63608.2,63569.3,63588.8
1781948520000,63573.7,63654.9,63573.7,63615.1
1781948580000,63626.2,63646.7,63617.8,63646.7
1781948640000,63646.1,63646.1,63609.7,63642.2
1781948700000,63643.7,63647,63596.1,63624.5
1781948760000,63621.7,63627.5,63569.1,63602.3
1781948820000,63606.5,63612.3,63567,63600.7
1781948880000,63569,63588,63553,63585.8
1781948940000,63554.9,63605.1,63553.9,63596.2
1781949000000,63567.5,63635.1,63567.5,63621.4
1781949060000,63623.7,63633.4,63583.6,63586.9
1781949120000,63620.8,63645.2,63592.5,63610.7
1781949180000,63608.3,63658.3,63608.3,63636.4
1781949240000,63639.2,63683.5,63638.5,63646.5
1781949300000,63644.1,63681.4,63638.9,63644.2
1781949360000,63645.2,63727.8,63645.2,63699.3
1781949420000,63698.8,63701.2,63655.3,63670.2
1781949480000,63669.6,63687.8,63662.6,63662.6
1781949540000,63686.8,63686.8,63645.9,63647.2
1781949600000,63648.4,63664.7,63613.9,63617.7
1781949660000,63620.3,63659.2,63613.5,63627.1
1781949720000,63628.1,63673.1,63626.6,63657.5
1781949780000,63660.9,63706.9,63660.9,63677.8
1781949840000,63678.9,63683.7,63652.9,63666.9
1781949900000,63647,63694.3,63647,63669.3
1781949960000,63665.6,63676.8,63660.8,63676.8
1781950020000,63679.2,63708,63679.2,63686.2
1781950080000,63686,63702.8,63644.3,63644.3
1781950140000,63640.7,63666.1,63602.2,63602.2
1781950200000,63603.7,63639.3,63602,63603.5
1781950260000,63605.1,63641.2,63598.2,63608.9
1781950320000,63607.5,63607.5,63600.2,63600.2
1781950380000,63620.8,63632.3,63557,63602.6
1781950440000,63602.7,63602.7,63601.1,63601.1
1781950500000,63631.6,63633.2,63631.1,63633.2
1781950560000,63623.8,63638,63563.4,63638
1781950620000,63645.8,63649.1,63606.2,63615.1
1781950680000,63618.8,63669.3,63618.5,63637.8
1781950740000,63617,63649.3,63591.5,63591.5
1781950800000,63628.4,63642.3,63566,63566
1781950860000,63562.9,63602.1,63557,63602.1
1781950920000,63601.7,63601.7,63552.4,63554.1
1781950980000,63555.7,63601.7,63555.7,63601
1781951040000,63600.6,63608.2,63560.8,63606.1
1781951100000,63569.5,63602.8,63563.7,63575.5
1781951160000,63576.2,63611,63569.1,63605.6
1781951220000,63573.5,63573.5,63571.5,63573.2
1781951280000,63570.8,63624.2,63570.8,63587.7
1781951340000,63607.8,63607.8,63607.8,63607.8
1781951400000,63607.8,63637.6,63582.5,63637.6
1781951460000,63644,63644,63585.3,63585.3
1781951520000,63584.5,63584.5,63564.5,63566.9
1781951580000,63566.6,63566.6,63566.6,63566.6
1781951640000,63596.5,63601.6,63557.5,63557.5
1781951700000,63556.3,63573,63529.3,63532.3
1781951760000,63532.4,63532.4,63517.2,63517.2
1781951820000,63517.6,63573.3,63517.6,63535.2
1781951880000,63534.5,63571.8,63529,63529
1781951940000,63525.5,63561,63518.5,63561
1781952000000,63562,63573.1,63524.2,63527.8
1781952060000,63525.2,63525.2,63506.9,63506.9
1781952120000,63508.6,63545.9,63508.6,63545.9
1781952180000,63511.1,63511.5,63511.1,63511.3
1781952240000,63543.1,63543.1,63537.7,63543.1
1781952300000,63546.3,63568.3,63526.1,63537.1
1781952360000,63569.6,63569.6,63569.6,63569.6
1781952420000,63560.6,63565.7,63557.9,63562.1
1781952480000,63531.6,63534.2,63531.6,63534.2
1781952540000,63535.5,63610.5,63535.5,63572.7
1781952600000,63571.9,63617.1,63571.9,63579.9
1781952660000,63577,63609.3,63568.5,63568.5
1781952720000,63567.5,63591.3,63548.3,63591.3
1781952780000,63592.1,63597.3,63561,63562.4
1781952840000,63562.1,63605.5,63562.1,63572.4
1781952900000,63605.5,63624.4,63576.2,63579.9
1781952960000,63577.2,63611.8,63573.5,63574.6
1781953020000,63602.3,63603.4,63601.1,63601.1
1781953080000,63603.8,63606.7,63577.7,63577.7
1781953140000,63614,63622,63584.8,63588.2
1781953200000,63622,63642.5,63593.1,63604.1
1781953260000,63604.4,63659.1,63604.4,63607.8
1781953320000,63609.1,63610.9,63604.2,63604.2
1781953380000,63601,63601,63579.4,63579.4
1781953440000,63575.6,63612,63574.6,63575.7
1781953500000,63573.8,63584.3,63536.2,63562.3
1781953560000,63548.7,63591,63548.7,63559.4
1781953620000,63560.1,63616.3,63555.8,63555.8
1781953680000,63585.5,63593.9,63543.6,63543.6
1781953740000,63535.7,63605.4,63529.4,63585.1
1781953800000,63602.8,63602.8,63568.7,63568.7
1781953860000,63532.9,63585.8,63532.9,63566.7
1781953920000,63567.4,63603.8,63567.4,63572.7
1781953980000,63570.6,63609.7,63570.6,63579.2
1781954040000,63612.3,63614.4,63581,63613
1781954100000,63580.1,63580.1,63575.4,63579.3
1781954160000,63581.2,63614.8,63581.2,63590.8
1781954220000,63627.4,63659.8,63602.7,63628.8
1781954280000,63625.2,63627.1,63596.1,63596.1
1781954340000,63595.2,63595.2,63584.2,63584.2
1781954400000,63583.7,63598.5,63575.6,63575.6
1781954460000,63533.3,63617.2,63533.3,63617.2
1781954520000,63621.8,63680.2,63598.6,63642.7
1781954580000,63639.9,63642.8,63639.9,63642.8
1781954640000,63660.8,63661.6,63632.1,63632.1
1781954700000,63630.4,63630.4,63622.9,63623.2
1781954760000,63623.1,63661.8,63623.1,63627.2
1781954820000,63624.9,63645.4,63615,63645.4
1781954880000,63630.8,63630.8,63574.9,63575.1
1781954940000,63639.7,63644,63607.2,63607.8
1781955000000,63609.9,63615.4,63604.7,63605.9
1781955060000,63607.3,63637.3,63604.2,63637.3
1781955120000,63604.5,63647.1,63604.5,63614.7
1781955180000,63612.6,63645.4,63612.6,63645.4
1781955240000,63572.5,63633.6,63572.5,63594.4
1781955300000,63596.8,63645.4,63596.8,63644.2
1781955360000,63645.4,63645.4,63617.6,63619.5
1781955420000,63578.8,63578.8,63578.8,63578.8
1781955480000,63651.6,63651.6,63610.8,63646.9
1781955540000,63612.5,63653.1,63612.5,63617.1
1781955600000,63573.9,63639.8,63573.9,63615.6
1781955660000,63616.3,63661.2,63616.3,63630
1781955720000,63629,63633.1,63629,63632.4
1781955780000,63634.3,63674.8,63633.4,63674.8
1781955840000,63675.9,63678.4,63638.7,63642.2
1781955900000,63641.1,63674.9,63627.6,63630.1
1781955960000,63627.9,63674.3,63627.9,63673.2
1781956020000,63680.9,63701,63647,63665.6
1781956080000,63665.1,63700.3,63662.7,63662.7
1781956140000,63663,63701.1,63655.4,63659.5
1781956200000,63696.6,63719.6,63665.5,63689.2
1781956260000,63722.6,63739.8,63666.1,63666.1
1781956320000,63664.5,63693.4,63630.1,63632.8
1781956380000,63632.1,63670.7,63631.7,63668.3
1781956440000,63667.6,63667.6,63598.5,63598.5
1781956500000,63597.4,63612.8,63594.7,63598.6
1781956560000,63599.1,63655.4,63599.1,63623.4
1781956620000,63625,63625,63601.3,63602.1
1781956680000,63601.5,63601.5,63600.5,63600.5
1781956740000,63599.2,63630.2,63598.3,63598.3
1781956800000,63599.6,63634.6,63596.5,63596.5
1781956860000,63600.1,63639.1,63594.9,63597.9
1781956920000,63598.6,63639.1,63595.3,63639.1
1781956980000,63640.9,63657.1,63604.5,63604.5
1781957040000,63604.9,63608.7,63604.9,63608.7
1781957100000,63608.9,63684.2,63584.9,63676.2
1781957160000,63640.6,63672.2,63637.8,63641
1781957220000,63641.7,63734.7,63641.7,63690.1
1781957280000,63686.8,63727.5,63684.4,63694.6
1781957340000,63729,63729,63729,63729
1781957400000,63708.4,63708.4,63646,63646
1781957460000,63681.1,63700.7,63668.8,63670.7
1781957520000,63671.4,63724,63671.4,63692.1
1781957580000,63686.5,63686.5,63666.5,63666.5
1781957640000,63665.8,63700.2,63657.1,63700.2
1781957700000,63663.8,63676.8,63641.6,63642.8
1781957760000,63641.5,63673.3,63624.5,63673.3
1781957820000,63678,63702.4,63645.1,63675.3
1781957880000,63676.1,63692.8,63673.6,63675.8
1781957940000,63676.5,63676.5,63661.1,63661.1
1781958000000,63662.7,63692.4,63661.4,63692.4
1781958060000,63694.1,63695.9,63643.3,63643.3
1781958120000,63682.7,63682.8,63682.7,63682.7
1781958180000,63644,63669.7,63616.5,63647.6
1781958240000,63615.8,63705.8,63612.6,63662.4
1781958300000,63659.9,63693.5,63656.8,63693.5
1781958360000,63697.5,63697.5,63660,63662.4
1781958420000,63613,63613,63613,63613
1781958480000,63616.5,63694.8,63616.5,63656.7
1781958540000,63652.6,63652.6,63643.7,63647.9
1781958600000,63685.6,63691.3,63652,63652
1781958660000,63649.3,63649.3,63645.4,63645.4
1781958720000,63644.9,63644.9,63615,63615
1781958780000,63616.6,63658.8,63595.9,63606.6
1781958840000,63607.8,63636.5,63598.1,63636.5
1781958900000,63601.4,63601.4,63595.1,63598.9
1781958960000,63599,63599,63514.9,63572
1781959020000,63575.9,63581.9,63513,63513
1781959080000,63550.3,63552,63498.2,63505.8
1781959140000,63540.6,63549.4,63499.8,63518.4
1781959200000,63513.3,63565.6,63504.3,63533.4
1781959260000,63531.8,63568.7,63525.9,63525.9
1781959320000,63560.1,63562.5,63529,63530.2
1781959380000,63562.8,63572.1,63525,63542.3
1781959440000,63573.4,63573.4,63540.4,63555.8
1781959500000,63553.8,63555.8,63495.6,63540
1781959560000,63539.7,63573,63536.1,63542.4
1781959620000,63543.7,63575.9,63525.5,63525.5
1781959680000,63525.9,63527.2,63525.9,63527.2
1781959740000,63523.8,63556,63507.2,63556
1781959800000,63556.9,63557.4,63501.7,63501.7
1781959860000,63498.5,63535,63473.3,63501.1
1781959920000,63469.1,63515.4,63461,63490.3
1781959980000,63521.5,63524.7,63490.4,63521.2
1781960040000,63522.2,63536.4,63503.1,63503.1
1781960100000,63531.4,63582.4,63481,63578.6
1781960160000,63574.8,63582.7,63536.2,63548
1781960220000,63588.6,63602.1,63563.8,63564
1781960280000,63600.7,63600.7,63563.4,63563.4
1781960340000,63595.2,63602.6,63565.7,63602.6
1781960400000,63567.5,63591,63538,63538
1781960460000,63570.7,63585.8,63543.3,63543.3
1781960520000,63580.5,63581,63542.8,63543.7
1781960580000,63540.7,63540.7,63532.9,63532.9
1781960640000,63534.6,63578.4,63533.8,63542.1
1781960700000,63501,63501.5,63501,63501.5
1781960760000,63502.9,63596.6,63502.9,63592.5
1781960820000,63558.8,63588.5,63542.1,63588.5
1781960880000,63553.2,63553.2,63553.2,63553.2
1781960940000,63512.1,63589.1,63512.1,63566.9
1781961000000,63570.9,63572.5,63528.5,63538.6
1781961060000,63541,63547.3,63540.6,63540.6
1781961120000,63574.2,63576.1,63533,63537.5
1781961180000,63533.8,63561.1,63505.5,63539.3
1781961240000,63507.8,63539.9,63501.3,63501.3
1781961300000,63496.9,63542.5,63496.9,63542.5
1781961360000,63551.7,63555.5,63510.9,63512.3
1781961420000,63550.5,63565.9,63501.5,63501.5
1781961480000,63532.9,63562.7,63513.5,63533.2
1781961540000,63527,63559.1,63461.2,63461.2
1781961600000,63459.4,63486.1,63432.6,63465
1781961660000,63465.2,63473.7,63405.5,63438.5
1781961720000,63405.8,63437.4,63362.2,63394.6
1781961780000,63391.4,63394.4,63329.1,63357.8
1781961840000,63330.8,63359.9,63224.6,63248.7
1781961900000,63280.7,63310.1,63204.7,63274.6
1781961960000,63275.9,63300.7,63228.6,63298.7
1781962020000,63300.6,63302.2,63208.7,63229.9
1781962080000,63222,63255.5,63191.6,63253.1
1781962140000,63259,63293,63220.3,63263
1781962200000,63259.1,63343.7,63257.7,63299.8
1781962260000,63330.2,63342.3,63272.9,63342.3
1781962320000,63346.4,63358.3,63288.6,63333
1781962380000,63332.3,63352.1,63287.3,63290.9
1781962440000,63292.5,63332.3,63275.2,63275.3
1781962500000,63278.1,63333.2,63269.2,63332.6
1781962560000,63333.2,63372.2,63315,63368
1781962620000,63367.2,63382.7,63344,63353.1
1781962680000,63352.3,63405.4,63352.3,63378.1
1781962740000,63373.8,63396.3,63360,63360.6
1781962800000,63364.4,63409.3,63364.4,63377.5
1781962860000,63403.8,63408.1,63366.4,63377.8
1781962920000,63373.9,63407.4,63361.5,63361.5
1781962980000,63394.6,63396.9,63354.6,63355.5
1781963040000,63394.6,63397.9,63356.4,63397.7
1781963100000,63364.9,63409.7,63364.9,63407.2
1781963160000,63418,63420.8,63354.7,63354.8
1781963220000,63354,63424.1,63354,63375.3
1781963280000,63377.4,63409.6,63374.2,63409.6
1781963340000,63417.1,63436,63390.8,63404.6
1781963400000,63435.5,63435.5,63400.4,63400.4
1781963460000,63397.6,63423.7,63368.8,63399.4
1781963520000,63366.7,63411,63358.8,63358.8
1781963580000,63356.6,63394.3,63338.8,63342.6
1781963640000,63337.7,63371.7,63291.7,63291.7
1781963700000,63286.7,63331.2,63276.8,63329.6
1781963760000,63335.9,63361.6,63335.9,63358.6
1781963820000,63324.5,63362.8,63318.6,63359.2
1781963880000,63361.3,63379.8,63334.9,63378.8
1781963940000,63379.8,63379.8,63314.1,63314.1
1781964000000,63307.8,63363.2,63286.4,63363.2
1781964060000,63361.8,63361.8,63287.8,63329
1781964120000,63328.6,63333.1,63261.2,63306.3
1781964180000,63273.9,63313.1,63264.7,63298.6
1781964240000,63303.9,63328.2,63261.3,63261.3
1781964300000,63258.7,63287.8,63201.1,63202.1
1781964360000,63234.5,63279.6,63220.8,63227.1
1781964420000,63227.6,63276,63192.9,63193.5
1781964480000,63191.6,63217.7,63160,63199.9
1781964540000,63201.3,63212.6,63151.8,63189.6
1781964600000,63158.1,63224.9,63142.6,63186.6
1781964660000,63182.5,63221.9,63153.6,63163.9
1781964720000,63162.6,63237.6,63156.5,63160.5
1781964780000,63190.4,63225.5,63171.6,63190.7
1781964840000,63158.4,63158.4,63109.3,63129.7
1781964900000,63165.8,63222.8,63133.8,63222.8
1781964960000,63223.3,63226.6,63158.3,63204.2
1781965020000,63199.5,63223.1,63165.8,63195.9
1781965080000,63199.1,63235.5,63195,63231.9
1781965140000,63236.5,63265.4,63206.5,63236.1
1781965200000,63233,63253.3,63214,63217.8
1781965260000,63213.7,63244.3,63205.2,63244.3
1781965320000,63248,63281.8,63228.5,63252.1
1781965380000,63284.4,63307.2,63251,63252.1
1781965440000,63252.5,63312.4,63252.5,63265.7
1781965500000,63299.9,63303,63253.1,63259.2
1781965560000,63295.1,63302.8,63262.7,63267.4
1781965620000,63262.5,63302.9,63260.2,63295.9
1781965680000,63300.5,63307.5,63269.5,63306.6
1781965740000,63279.5,63324.5,63279.5,63323.8
1781965800000,63287.5,63325.8,63254.7,63255.3
1781965860000,63291.5,63330.3,63288.3,63330.3
1781965920000,63297.2,63346.6,63297.2,63315.8
1781965980000,63347.7,63368.7,63313.2,63368.7
1781966040000,63373.6,63374.6,63321.9,63321.9
1781966100000,63320.6,63386.3,63320.6,63383.5
1781966160000,63383.8,63405.3,63347.7,63369.9
1781966220000,63371.3,63407.1,63358.2,63389.1
1781966280000,63355.3,63392.4,63340.3,63340.3
1781966340000,63373.9,63374.5,63318.1,63354.4
1781966400000,63359.2,63361.9,63318.5,63360.7
1781966460000,63362.8,63368.3,63326.2,63326.2
1781966520000,63322.4,63337.8,63294.8,63297.8
1781966580000,63297.4,63315.5,63276.2,63277.9
1781966640000,63316,63466.8,63296.1,63423.3
1781966700000,63419.4,63679.4,63410.2,63668.4
1781966760000,63674.5,64081.4,63635.5,63873.1
1781966820000,63868,63892.3,63729.6,63809.2
1781966880000,63776.7,63920.2,63773.2,63843.9
1781966940000,63810.4,63898.4,63763.3,63898.4
1781967000000,63906.6,63916.3,63769.5,63812.5
1781967060000,63811.1,63955.3,63797.3,63906.2
1781967120000,63903.8,63948.7,63856.8,63903.3
1781967180000,63903.4,63923.1,63812.1,63814.7
1781967240000,63850.5,63894.9,63819.1,63819.1
1781967300000,63814.3,63915.5,63814.3,63849.9
1781967360000,63846.2,63934.4,63840.9,63844.3
1781967420000,63877.3,63891.8,63825.4,63843.9
1781967480000,63841.2,63924.6,63841.2,63918.9
1781967540000,63886.8,63911.6,63832.1,63867.9
1781967600000,63862.9,63916.5,63811.8,63841.6
1781967660000,63840.8,63874.9,63810.3,63819.8
1781967720000,63852.6,63855.4,63794.2,63835
1781967780000,63839.9,63921.2,63810.7,63887.9
1781967840000,63891.8,63989.2,63886.6,63951.8
1781967900000,63936.5,63957.2,63860.7,63861
1781967960000,63858.2,63876.8,63805.3,63805.3
1781968020000,63801.9,63846.6,63794.7,63795.4
1781968080000,63791.8,63840.4,63791.8,63800.2
1781968140000,63798.5,63835.6,63792.1,63798.2
1781968200000,63802.3,63845.9,63788.7,63845.9
1781968260000,63852.3,63852.6,63753.7,63790.2
1781968320000,63756.2,63856.9,63752.6,63817.8
1781968380000,63850.5,63862.8,63812.6,63862.8
1781968440000,63865.6,63949.7,63864.7,63949.7
1781968500000,63949.9,63999,63909.2,63967.8
1781968560000,63966.1,64022.1,63901.7,63951.9
1781968620000,63955.8,63969.2,63912.1,63929.8
1781968680000,63904.1,64173.6,63878.8,64170.1
1781968740000,64133,64274.6,64126.9,64138.1
1781968800000,64135.4,64320.3,64130.8,64215
1781968860000,64215.3,64227.8,64093.2,64127.5
1781968920000,64124.9,64189.6,64111.9,64148.8
1781968980000,64125.8,64189.8,64098.3,64146.1
1781969040000,64148.8,64175.1,64087.3,64133.4
1781969100000,64130.8,64161.1,64098.1,64125
1781969160000,64115.4,64135.8,64096.4,64096.4
1781969220000,64096.8,64155,64096.8,64102.2
1781969280000,64098.4,64135,64084.4,64089
1781969340000,64088.9,64132.6,64088.9,64101.4
1781969400000,64136.7,64149.7,64046,64052.3
1781969460000,64049.3,64069.3,64011.2,64040.3
1781969520000,64038.4,64087.5,64012.5,64012.5
1781969580000,64007.3,64145.8,64007,64111.2
1781969640000,64110,64138.7,64028,64056.5
1781969700000,64055.5,64083.6,63983.2,64027
1781969760000,64029.7,64052.8,64010.3,64033
1781969820000,64069.6,64069.6,64016.9,64033.1
1781969880000,64067.5,64071.4,64024,64032.8
1781969940000,64010.8,64065.1,64009.2,64041.7
1781970000000,64046.4,64065.8,64002.8,64016.5
1781970060000,64017.6,64046.7,64017,64027.2
1781970120000,64029,64049.8,63999.2,63999.2
1781970180000,63997.8,64034.4,63991.2,63991.2
1781970240000,63992.8,64060.2,63992.8,64027.3
1781970300000,64058.7,64109.2,64030.1,64057.3
1781970360000,64054.8,64109.6,64049.5,64083.8
1781970420000,64083.9,64141.3,64078.9,64110.3
1781970480000,64108.3,64134.3,64088,64088
1781970540000,64090.8,64102.8,64045,64060.5
1781970600000,64056.3,64075.8,64040.4,64040.6
1781970660000,64039,64081.7,64038,64038
1781970720000,64036.4,64050.8,63997.6,63997.6
1781970780000,63995,64050.3,63994.8,64018.1
1781970840000,64016.4,64044.5,64005.7,64044.5
1781970900000,64013.8,64024.8,63993.1,63995.2
1781970960000,63995.3,64047.2,63985.2,64015.1
1781971020000,64047.2,64088.9,64038,64056.5
1781971080000,64056.3,64066.8,64038.5,64039
1781971140000,64035.2,64081,64027,64059.5
1781971200000,64092.2,64113.5,63922.9,63960.8
1781971260000,63930.8,63972,63919.2,63972
1781971320000,63971.1,64005.8,63936.8,63936.8
1781971380000,63943.2,63990.5,63933.8,63955.8
1781971440000,63937.1,63973.4,63920.3,63926.1
1781971500000,63968.5,63968.5,63907.9,63930.3
1781971560000,63963.1,63972.3,63923.7,63927.6
1781971620000,63928.1,63973.6,63927.4,63929.9
1781971680000,63963.4,63973.9,63920.2,63958.3
1781971740000,63959.7,63983.7,63931,63947.7
1781971800000,63980.3,63980.3,63932.2,63947.3
1781971860000,63951.3,63992.2,63906.9,63906.9
1781971920000,63906.7,63929.8,63884.1,63884.1
1781971980000,63882.4,63926.2,63882.4,63892.4
1781972040000,63891.8,63937.8,63883.6,63907.9
1781972100000,63909.7,63991,63909.7,63921.1
1781972160000,63918.5,63977.9,63915.3,63948.8
1781972220000,63950.3,63993.2,63950.3,63960.7
1781972280000,63958.9,63965.9,63929.2,63931.6
1781972340000,63932.4,63936.4,63926.9,63936.4
1781972400000,63931.9,63960.3,63921,63921
1781972460000,63924.4,63994.8,63924.4,63975.1
1781972520000,63975.3,63993.8,63941.5,63977.8
1781972580000,63976.3,64035.8,63952.5,63952.5
1781972640000,63975.1,63975.1,63891.8,63968.4
1781972700000,63976,64004.2,63962.2,63989.3
1781972760000,63991.4,64012.8,63953.6,63957.8
1781972820000,63960.9,63977.8,63901.3,63905.2
1781972880000,63905.1,63951.9,63901.1,63922
1781972940000,63922.4,63949.8,63906.9,63908
1781973000000,63906.7,63931.8,63859.7,63859.7
1781973060000,63862.4,63903.2,63835,63836
1781973120000,63835.1,63894.1,63818.3,63865.9
1781973180000,63864.1,63881.1,63839.1,63846.5
1781973240000,63847.7,63883.6,63843.6,63853.7
1781973300000,63856,63884.8,63842.4,63842.4
1781973360000,63838.8,63873.3,63830.4,63844.9
1781973420000,63845,63950,63815.7,63908.4
1781973480000,63907.3,63932.7,63885.9,63890.7
1781973540000,63892.3,63987.5,63892.3,63958.1
1781973600000,63976.4,63976.8,63930,63931.6
1781973660000,63935.2,63941.8,63909.7,63909.7
1781973720000,63911.5,63947.5,63904.1,63919.3
1781973780000,63920.9,63943,63904.9,63919.8
1781973840000,63918.1,63919.5,63908.6,63908.6
1781973900000,63905.8,63943.8,63883.9,63895.8
1781973960000,63873.7,63909.8,63871.2,63878.5
1781974020000,63882.2,63882.2,63875.5,63881.4
1781974080000,63884.7,63933.9,63884.7,63909.1
1781974140000,63913.2,63962.6,63913.2,63927
1781974200000,63946.8,63963.4,63921.2,63944
1781974260000,63941,63956.4,63934.3,63956.4
1781974320000,63976.9,63976.9,63935.9,63941.1
1781974380000,63964.8,63964.8,63923.2,63957.9
1781974440000,63954.8,63954.8,63931.5,63931.5
1781974500000,63954.8,63954.8,63913.3,63915.4
1781974560000,63914.3,63935.8,63904,63904
1781974620000,63928.8,63939.8,63909.1,63916.5
1781974680000,63917.4,63945.8,63917.4,63919.4
1781974740000,63921,63958.2,63907.8,63939.6
1781974800000,63963.8,63963.8,63899.9,63899.9
1781974860000,63921.2,63921.2,63877,63900.7
1781974920000,63899.6,63909.8,63857.6,63909.8
1781974980000,63889.3,63925.8,63888.5,63895.1
1781975040000,63895,63917.3,63887.8,63895.8
1781975100000,63868.8,63890.8,63844.4,63849.8
1781975160000,63868.2,63868.2,63820.7,63847.4
1781975220000,63848.6,63850.8,63848.6,63849.8
1781975280000,63853,63877.3,63841,63860.8
1781975340000,63840.2,63868.2,63800.3,63802.9
1781975400000,63806.5,63829.2,63799.4,63806.8
1781975460000,63825.8,63825.8,63800.3,63814.2
1781975520000,63816.7,63857.8,63816.7,63838
1781975580000,63836.1,63868.8,63836.1,63868.8
1781975640000,63867.5,63892,63842.6,63862.4
1781975700000,63862,63882,63820.5,63820.5
1781975760000,63840.1,63841.2,63779.9,63779.9
1781975820000,63778.5,63849.8,63778.5,63841.2
1781975880000,63843.2,63879.7,63843.2,63861.8
1781975940000,63841.1,63867.3,63825.8,63841.6
1781976000000,63842.5,63865.8,63822.2,63828.5
1781976060000,63831.1,63841,63831.1,63841
1781976120000,63844.6,63885,63844.6,63873.8
1781976180000,63870.3,63870.3,63794.1,63813.8
1781976240000,63794.3,63815.3,63794.3,63815.3
1781976300000,63835.3,63835.3,63791,63799.3
1781976360000,63800.5,63838.2,63800.5,63810.6
1781976420000,63813.5,63838.8,63813.3,63835.8
1781976480000,63815.7,63863.5,63815.7,63829.8
1781976540000,63853.8,63922,63831.9,63902.1
1781976600000,63901.4,63919.6,63861.7,63861.7
1781976660000,63866.4,63921.2,63866.4,63921.2
1781976720000,63921,63969.8,63914.5,63935.8
1781976780000,63913.4,63973.3,63913.4,63924.9
1781976840000,63947,63947,63895.6,63908.1
1781976900000,63930.7,63930.7,63659.7,63711.5
1781976960000,63716.1,63755.9,63660.8,63715.9
1781977020000,63717,63781.7,63712.8,63748.9
1781977080000,63772.6,63785.3,63734.7,63734.7
1781977140000,63733.9,63780.8,63723.9,63739.4
1781977200000,63739.5,63771.6,63710.2,63717.3
1781977260000,63718.4,63776.5,63714.4,63738.5
1781977320000,63741.4,63819.8,63741.4,63788.3
1781977380000,63807.7,63807.7,63761.3,63775.1
1781977440000,63773.7,63773.7,63769,63769
1781977500000,63770.5,63789.8,63732.2,63740
1781977560000,63742.5,63761.9,63718.7,63718.7
1781977620000,63721.2,63826.4,63720.8,63777.1
1781977680000,63776.1,63776.1,63754.2,63775.1
1781977740000,63769.9,63790.8,63748.9,63748.9
1781977800000,63751.4,63792.1,63751.4,63752
1781977860000,63752.2,63780.8,63741.1,63741.1
1781977920000,63743.9,63743.9,63736.1,63736.1
1781977980000,63774,63774,63745.4,63762
1781978040000,63783.3,63783.3,63742.8,63742.8
1781978100000,63744.2,63791.1,63744.2,63770.7
1781978160000,63771.6,63804.8,63771.6,63778.5
1781978220000,63774,63795.3,63752.3,63761
1781978280000,63757.2,63760.4,63757.2,63760.4
1781978340000,63757.9,63777.3,63741.3,63741.3
1781978400000,63761.8,63790.7,63751,63789.8
1781978460000,63764.4,63799.8,63764.4,63777.1
1781978520000,63780.4,63812.8,63780.4,63807.5
1781978580000,63809.1,63858.4,63808.9,63849.8
1781978640000,63852.8,63858.8,63796.2,63820.4
1781978700000,63822.8,63822.8,63782,63785.6
1781978760000,63781.6,63801.8,63763.3,63777.8
1781978820000,63776.8,63776.8,63747.4,63747.4
1781978880000,63752.4,63772.8,63706.3,63729.2
1781978940000,63729.9,63765.8,63729.9,63743.9
1781979000000,63746.1,63818.8,63746.1,63812.8
1781979060000,63809.8,63809.8,63774.8,63795.8
1781979120000,63791.6,63791.6,63775.9,63778.8
1781979180000,63776.6,63778.8,63775.3,63778.8
1781979240000,63772.1,63772.8,63733.1,63733.9
1781979300000,63737.2,63760.4,63737.2,63760.4
1781979360000,63761.1,63800.8,63750.7,63769.2
1781979420000,63772.8,63789.8,63749.1,63764.8
1781979480000,63765.3,63801.8,63765.3,63772.8
1781979540000,63793.1,63793.1,63768,63769.6
1781979600000,63765.1,63788.6,63761.7,63787.8
1781979660000,63786.8,63786.8,63754.5,63757.7
1781979720000,63754.9,63778.3,63748.8,63755.2
1781979780000,63752.8,63775.9,63748.4,63754.4
1781979840000,63753.6,63805.8,63753.6,63780.9
1781979900000,63781.7,63801.8,63779.3,63795.2
1781979960000,63774,63817.8,63774,63782
1781980020000,63786.8,63791.8,63761.9,63767.2
1781980080000,63790.8,63790.8,63721,63722.6
1781980140000,63723.6,63795.8,63721.4,63773.1
1781980200000,63774.8,63816.6,63774.5,63774.5
1781980260000,63777.8,63792.9,63754.7,63785.8
1781980320000,63760.3,63785.8,63750.6,63781.8
1781980380000,63782.8,63784.8,63752.9,63779.8
1781980440000,63754.6,63787.8,63754.6,63787.8
1781980500000,63779.6,63784.8,63741.8,63765.8
1781980560000,63742.3,63790.8,63742.3,63790.8
1781980620000,63791.8,63793.8,63767.3,63787.8
1781980680000,63763.3,63764.5,63763.3,63764.5
1781980740000,63767,63803.8,63767,63803.8
1781980800000,63795.8,63799.8,63747.7,63773.8
1781980860000,63751.2,63783.8,63751.2,63774.8
1781980920000,63771.8,63771.8,63746.1,63769.2
1781980980000,63700.8,63769.3,63700.8,63769.3
1781981040000,63762.9,63762.9,63692.9,63722.2
1781981100000,63726.7,63761.8,63726.7,63759.5
1781981160000,63737.9,63765.8,63737.9,63761.5
1781981220000,63761.8,63761.8,63739.1,63749.8
1781981280000,63726.9,63751.3,63716.8,63741.4
1781981340000,63718.5,63767.8,63718.5,63732
1781981400000,63756.5,63757.8,63731.5,63731.5
1781981460000,63756.8,63756.8,63735,63741.5
1781981520000,63743.8,63762.1,63737,63737
1781981580000,63763.8,63763.8,63723.6,63745.8
1781981640000,63738,63742.8,63694.7,63698.4
1781981700000,63722.8,63724.2,63654.2,63724.2
1781981760000,63724.1,63724.1,63724.1,63724.1
1781981820000,63653.7,63725.9,63653.7,63725.3
1781981880000,63724.4,63724.4,63694,63717.8
1781981940000,63693.1,63736.8,63693.1,63736.8
1781982000000,63732.2,63734.8,63700.1,63721.4
1781982060000,63744.5,63761.8,63721,63751.8
1781982120000,63727,63753.8,63719,63722.3
1781982180000,63726.7,63783.8,63726.7,63754.3
1781982240000,63759.1,63807.8,63759.1,63788.8
1781982300000,63783.9,63786.8,63743.4,63764.8
1781982360000,63766.8,63785,63743.8,63770.7
1781982420000,63770.5,63784.4,63732.1,63757.1
1781982480000,63778.5,63781.8,63755.1,63755.1
1781982540000,63783.4,63826.1,63749.5,63808.2
1781982600000,63810.7,63855.8,63807.6,63828.6
1781982660000,63845.3,63848.8,63796.9,63823
1781982720000,63822.4,63822.8,63818.6,63818.6
1781982780000,63820.8,63827.8,63795.4,63826.1
1781982840000,63826.3,63829.8,63806.5,63806.5
1781982900000,63809.8,63845.8,63801.1,63826.3
1781982960000,63805,63845.8,63805,63816.5
1781983020000,63816.1,63842.8,63815.8,63840.8
1781983080000,63838.5,63839.8,63772.1,63798.8
1781983140000,63774.3,63839.8,63774.3,63824.3
1781983200000,63810.2,63860.8,63803.4,63844.8
1781983260000,63843.9,63843.9,63807.3,63835.7
1781983320000,63833.6,63856.8,63816.3,63832.2
1781983380000,63829.2,63855.8,63829.2,63833.4
1781983440000,63856.1,63856.1,63838.6,63841.4
1781983500000,63837.9,63861.6,63809.2,63849.8
1781983560000,63825.6,63852.8,63812.5,63820.7
1781983620000,63821.6,63829.8,63788.7,63796.8
1781983680000,63794.8,63800.8,63765.5,63774
1781983740000,63770.8,63797.8,63768.5,63797.8
1781983800000,63793.8,63793.8,63749.7,63769.3
1781983860000,63767.9,63828.3,63764.4,63811.3
1781983920000,63809.1,63833.8,63807.9,63810
1781983980000,63811.1,63830.7,63792.5,63816.8
1781984040000,63816.3,63816.3,63815.8,63815.8
1781984100000,63812.4,63814.8,63774,63792.8
1781984160000,63792.9,63792.9,63792.9,63792.9
1781984220000,63749.4,63819.9,63749.4,63800.7
1781984280000,63820.7,63820.7,63792.5,63796.4
1781984340000,63801.2,63809,63801.2,63809
1781984400000,63812.3,63815.2,63812.3,63815.2
1781984460000,63834.1,63834.8,63794.2,63801.3
1781984520000,63803.4,63878.8,63803.4,63872.8
1781984580000,63852.1,63898.8,63852.1,63876.8
1781984640000,63871.8,63871.8,63842.7,63850.7
1781984700000,63854.8,63882.8,63854.8,63859.3
1781984760000,63878.5,63878.5,63843.8,63844.1
1781984820000,63842.7,63864.8,63835.5,63859.8
1781984880000,63834.4,63859.8,63830.2,63830.2
1781984940000,63831.2,63864.8,63831.2,63841.2
1781985000000,63867.2,63867.2,63842.2,63857.8
1781985060000,63837.5,63865.5,63837.5,63838.3
1781985120000,63836.1,63836.1,63835.3,63835.3
1781985180000,63860.8,63861.3,63794.1,63837.9
1781985240000,63835.9,63863.2,63835.9,63857.8
1781985300000,63852.6,63856.8,63825.3,63830.2
1781985360000,63787.8,63789.1,63787.8,63789.1
1781985420000,63853.8,63853.8,63830.2,63830.9
1781985480000,63851.8,63851.8,63786,63786
1781985540000,63858.7,63858.7,63835.1,63847
1781985600000,63847.1,63875.3,63845.6,63851.3
1781985660000,63876.8,63898.8,63856.4,63866.3
1781985720000,63887.5,63887.5,63848.3,63848.3
1781985780000,63867.9,63869.8,63830.9,63839.5
1781985840000,63842.5,63865.8,63839,63839
1781985900000,63863.8,63866.4,63799.2,63866.4
1781985960000,63872.8,63891.6,63849,63861
1781986020000,63863.9,63905.2,63863.9,63902.8
1781986080000,63902.7,63902.8,63878.4,63878.4
1781986140000,63879.2,63907.8,63845,63849.4
1781986200000,63854.1,63886.8,63854.1,63869.3
1781986260000,63894.7,63897.8,63866.5,63897.8
1781986320000,63895.8,63896.2,63871.5,63873.7
1781986380000,63897.2,63907.6,63875.4,63902.6
1781986440000,63900.8,63900.8,63894.3,63896.8
1781986500000,63893.3,63894.8,63852.8,63859.7
1781986560000,63861.7,63892.8,63861.7,63863.1
1781986620000,63884.5,63900.1,63860.9,63892.8
1781986680000,63886,63887.8,63857.6,63881.7
1781986740000,63889.9,63903.8,63866.7,63900.8
1781986800000,63899.8,63899.8,63855.6,63855.6
1781986860000,63858.2,63880.8,63858.2,63877.8
1781986920000,63854.8,63854.8,63854.8,63854.8
1781986980000,63877,63880.1,63852.6,63874.8
1781987040000,63874.8,63874.8,63802.2,63802.2
1781987100000,63806.4,63881.9,63804.9,63856.5
1781987160000,63859.7,63885.8,63859.7,63877.8
1781987220000,63860.9,63865.1,63847.8,63847.8
1781987280000,63848.7,63861.8,63830.3,63854.4
1781987340000,63846,63851.8,63813,63817
1781987400000,63818.8,63845.8,63818.8,63834.8
1781987460000,63837.8,63840.8,63809.7,63833.3
1781987520000,63832.8,63833.8,63830.6,63830.6
1781987580000,63819.6,63830.8,63770.1,63774.8
1781987640000,63772.3,63791.4,63759.3,63778.1
1781987700000,63803,63803,63766.3,63788.4
1781987760000,63765.8,63787,63763.6,63770.3
1781987820000,63772.1,63778,63772.1,63778
1781987880000,63802.8,63804.7,63734.7,63777.6
1781987940000,63778.2,63826.1,63778.2,63793.1
1781988000000,63815.2,63815.8,63786.2,63802.8
1781988060000,63798.8,63798.8,63778.5,63779.9
1781988120000,63782.9,63827.8,63782.9,63798.3
1781988180000,63819.8,63819.8,63799.9,63800.8
1781988240000,63776.9,63783.5,63776.9,63783.5
1781988300000,63801.9,63828.8,63782,63804.3
1781988360000,63806.4,63830.8,63795.5,63800.8
1781988420000,63802.8,63838.3,63800,63803.7
1781988480000,63825.8,63825.8,63825.8,63825.8
1781988540000,63758.8,63826.6,63755.7,63802.1
1781988600000,63801.2,63801.2,63799.9,63800.8
1781988660000,63800.9,63833.1,63800.9,63819.6
1781988720000,63843,63859.3,63817.9,63830.5
1781988780000,63830.9,63875.5,63823.7,63823.7
1781988840000,63824.4,63825.9,63823.9,63825.9
1781988900000,63829.6,63833.1,63829.2,63829.2
1781988960000,63851.8,63852.6,63781.5,63852.6
1781989020000,63849.2,63864.7,63827.9,63827.9
1781989080000,63850.8,63853.7,63780.1,63853.7
1781989140000,63850.8,63857.8,63818.6,63857.8
1781989200000,63868.7,63872.3,63852,63872.3
1781989260000,63866.8,63866.8,63829.6,63848.3
1781989320000,63878.8,63879.8,63814.5,63879.8
1781989380000,63879.8,63882.8,63843.2,63843.9
1781989440000,63852.7,63855,63847.8,63847.8
1781989500000,63844.1,63844.1,63844.1,63844.1
1781989560000,63843,63843,63834,63838.2
1781989620000,63859.6,63859.6,63837.5,63837.5
1781989680000,63838.1,63867.8,63838.1,63867.8
1781989740000,63870.6,63870.6,63845.1,63845.1
1781989800000,63846.7,63878.2,63846.7,63852.4
1781989860000,63851.5,63851.5,63851.5,63851.5
1781989920000,63807.3,63898.8,63807.3,63879.2
1781989980000,63882.1,63987,63880.6,63935.8
1781990040000,63916.2,63976.6,63895.4,63896.6
1781990100000,63921.5,63921.5,63873.8,63899.4
1781990160000,63897.5,63903.8,63873.1,63901.8
1781990220000,63896.9,63897.9,63854.3,63854.3
1781990280000,63875.4,63890.9,63854.7,63867
1781990340000,63868,63889.8,63867.7,63889.8
1781990400000,63890.8,63890.8,63861,63861
1781990460000,63861.1,63882.1,63852.5,63852.5
1781990520000,63872.2,63873.8,63842.2,63871.8
1781990580000,63849.2,63849.2,63848,63848.4
1781990640000,63848.8,63918,63848.8,63889.4
1781990700000,63887.5,63918.8,63881.4,63902.8
1781990760000,63880.7,63902.9,63863.9,63888.5
1781990820000,63889.8,63889.8,63883.4,63883.4
1781990880000,63880.8,63880.8,63840,63858.4
1781990940000,63858.8,63863.8,63831.5,63862.6
1781991000000,63839.1,63865.2,63839.1,63841.3
1781991060000,63857.4,63876.8,63829,63871.8
1781991120000,63864.9,63869.8,63832.4,63857.5
1781991180000,63852.2,63867.8,63836.6,63840.7
1781991240000,63868.8,63868.8,63837.5,63846.2
1781991300000,63848.2,63874.8,63848.2,63868.8
1781991360000,63846.5,63888.8,63846.5,63884.8
1781991420000,63880.6,63881.8,63877,63877.9
1781991480000,63877.8,63890.8,63856.6,63889.8
1781991540000,63883.5,63883.5,63853.5,63855
1781991600000,63858.3,63863.3,63858.3,63863.3
1781991660000,63862.9,63876.1,63861.9,63876.1
1781991720000,63902.8,63937.1,63881.2,63917
1781991780000,63917.3,63973.8,63911,63973.8
1781991840000,63975.8,63981.8,63912.2,63961.3
1781991900000,63934.8,63962.8,63926.4,63944.3
1781991960000,63944.8,63954.9,63905.8,63950.8
1781992020000,63925.5,63971.8,63925.5,63948.8
1781992080000,63953.7,63981.8,63940.6,63943
1781992140000,63964.4,63979.7,63933,63961.5
1781992200000,64004.3,64017.8,63964.2,63980.2
1781992260000,63980.9,64025.4,63979.1,63986.3
1781992320000,63965.8,63993.3,63925.9,63950.8
1781992380000,63945.6,63959.5,63923.9,63927.6
1781992440000,63950,63951.8,63925.3,63934.8
1781992500000,63936.7,63937.7,63936.7,63937
1781992560000,63956.5,63968.9,63927,63950.8
1781992620000,63927,63958.8,63904.1,63911.3
1781992680000,63913,63934,63903.8,63906.8
1781992740000,63908.9,63950.1,63908.9,63913.6
1781992800000,63943.8,63943.8,63864.1,63923
1781992860000,63925.2,63925.2,63876.6,63876.6
1781992920000,63875.9,63916.3,63875.8,63879.1
1781992980000,63877.8,63947.9,63877.8,63917.1
1781993040000,63920.3,63969.2,63915,63930.1
1781993100000,63952.1,63964.4,63917.3,63934.7
1781993160000,63935.4,63962.9,63934.6,63943.4
1781993220000,63965.2,63965.2,63938.5,63940.2
1781993280000,63940.6,63965.4,63923.9,63923.9
1781993340000,63944.8,63961.8,63916.4,63961.8
1781993400000,63957.6,63957.8,63932.9,63957.5
1781993460000,63953.4,63953.4,63912,63913.7
1781993520000,63919.3,64085.2,63919.3,64036.4
1781993580000,64041,64099.4,64023.4,64066.9
1781993640000,64089.5,64089.5,64033.1,64042.4
1781993700000,64063.5,64063.8,64008.1,64029.8
1781993760000,64027.4,64027.4,63986.9,63990
1781993820000,64014.7,64027.7,63990.1,64024.2
1781993880000,63999.8,64030.1,63976.2,64030.1
1781993940000,64002.9,64039.8,64002.9,64031.8
1781994000000,64024.1,64027.4,63991.9,63999.2
1781994060000,64016.4,64019.8,63987.4,63994.2
1781994120000,63999.7,64046.8,63999.7,64013.3
1781994180000,64035.9,64068.8,64009.3,64038.3
1781994240000,64039,64149.8,64039,64146.6
1781994300000,64146.4,64146.4,64081.9,64086.2
1781994360000,64090.1,64123.4,64073.9,64094.1
1781994420000,64096.8,64215.8,64096.8,64184.8
1781994480000,64182.8,64263.3,64155,64232.2
1781994540000,64249.2,64269.9,64202.6,64205.1
1781994600000,64228.5,64228.5,64165,64171.7
1781994660000,64170.7,64245.3,64169.5,64217.2
1781994720000,64220,64258.9,64181.5,64189.2
1781994780000,64193.9,64239.8,64192.9,64208.6
1781994840000,64211.5,64280.4,64211.5,64216.6
1781994900000,64236,64239.8,64195.5,64218.8
1781994960000,64194,64235.1,64194,64221.8
1781995020000,64216.4,64218.8,64162.7,64165.8
1781995080000,64168.5,64187.8,64160.2,64186.8
1781995140000,64159.5,64179.8,64151.3,64164.7
1781995200000,64164.9,64185.8,64161.4,64180.8
1781995260000,64180.8,64180.8,64110.2,64155.7
1781995320000,64156.7,64180.4,64155.6,64178.6
1781995380000,64184.5,64242.6,64119.1,64162
1781995440000,64167.4,64196.8,64157.1,64184.2
1781995500000,64184.6,64215.8,64184.6,64185.8
1781995560000,64162.4,64189,64162.4,64184.8
1781995620000,64185.8,64185.8,64155.9,64155.9
1781995680000,64159.1,64206.5,64159.1,64202.8
1781995740000,64196.3,64214.8,64173.2,64212.8
1781995800000,64204.5,64247.8,64183.5,64244.9
1781995860000,64246.8,64246.8,64195.8,64202.3
1781995920000,64203.6,64251.8,64203.6,64225.7
1781995980000,64203.4,64242.3,64203.4,64237.5
1781996040000,64233.1,64235.8,64177.5,64222.8
1781996100000,64216.3,64218.8,64187.9,64206.1
1781996160000,64210.4,64233.4,64201.1,64213.3
1781996220000,64241,64241,64203.8,64216
1781996280000,64214.4,64241.8,64211.7,64226
1781996340000,64201.8,64230.8,64198.8,64200.8
1781996400000,64195.5,64196.8,64168.3,64168.3
1781996460000,64190.2,64190.8,64157.9,64177.5
1781996520000,64177.7,64215.8,64170.4,64197.8
1781996580000,64175.2,64217.8,64175.2,64214.3
1781996640000,64192.9,64225.8,64185.5,64200
1781996700000,64198,64218.8,64160.3,64171.2
1781996760000,64171,64205.2,64169.7,64191.4
1781996820000,64218.8,64226.1,64190.9,64208.8
1781996880000,64205.8,64208.8,64182.7,64192.7
1781996940000,64193.3,64230.8,64193,64230.8
1781997000000,64226.3,64226.3,64191.8,64212.8
1781997060000,64187.3,64211.7,64187.3,64206.8
1781997120000,64202.3,64203.8,64169.3,64169.3
1781997180000,64196.8,64219.8,64173.8,64218.2
1781997240000,64218.8,64218.8,64191.8,64191.8
1781997300000,64170,64202.4,64170,64198.8
1781997360000,64174.6,64178.1,64174.6,64178
1781997420000,64180.3,64185.4,64180.3,64184.9
1781997480000,64187.1,64240.8,64187.1,64220.2
1781997540000,64221.3,64241.8,64183.5,64187.5
1781997600000,64185.4,64205.8,64175.2,64194.8
1781997660000,64193,64209.8,64167.9,64186.7
1781997720000,64204.9,64211.9,64185.8,64206.8
1781997780000,64201.3,64205.8,64171.9,64173.6
1781997840000,64203.8,64213.8,64177.7,64188.5
1781997900000,64209,64209,64204.3,64205.5
1781997960000,64205.8,64211,64176.9,64198.8
1781998020000,64197.8,64197.8,64174,64174
1781998080000,64173.7,64196.2,64172.3,64195.8
1781998140000,64195.5,64204.8,64165.2,64204.8
1781998200000,64182.2,64213.8,64182.2,64194.6
1781998260000,64194.2,64241.8,64194.2,64238.5
1781998320000,64216.9,64235.8,64195.1,64200.8
1781998380000,64199.8,64199.8,64167.4,64192.6
1781998440000,64194.8,64202.2,64161.8,64161.8
1781998500000,64188.8,64188.8,64188.8,64188.8
1781998560000,64188.8,64188.8,64135.4,64142.1
1781998620000,64142.1,64142.1,64137,64140.3
1781998680000,64140.3,64159.9,64137.5,64159.9
1781998740000,64159.9,64175.9,64155.7,64173.2
1781998800000,64170.9,64170.9,64149.2,64163.8
1781998860000,64164.3,64176,64164.3,64169.5
1781998920000,64170.6,64170.6,64155.7,64161.2
1781998980000,64161.2,64176,64159.9,64171.8
1781999040000,64173.7,64199.6,64173.4,64192.9
1781999100000,64190.7,64200.3,64159.8,64192.9
1781999160000,64192.9,64192.9,64176,64176.2
1781999220000,64173.4,64173.4,64159.8,64159.8
1781999280000,64159.8,64159.8,64149.5,64149.5
1781999340000,64150.8,64154.9,64150.8,64154.9
1781999400000,64154.9,64154.9,64145,64145
1781999460000,64145,64145,64138.9,64140.9
1781999520000,64142.2,64144.8,64140.9,64144.8
1781999580000,64144.8,64144.8,64136.9,64136.9
1781999640000,64142.9,64182.4,64139.6,64176.9
1781999700000,64176.2,64176.2,64163.8,64163.8
1781999760000,64163,64163,64155.7,64160.9
1781999820000,64165.7,64187.1,64165.7,64183.3
1781999880000,64183.4,64254.7,64171.9,64245.3
1781999940000,64222.4,64248.2,64222.4,64227.7
1782000000000,64228.8,64232.3,64207.9,64232.3
1782000060000,64209.2,64231.9,64174.2,64193.8
1782000120000,64193,64196.1,64162.1,64162.1
1782000180000,64160.4,64184.3,64149.1,64156.2
1782000240000,64159.3,64165.8,64159.1,64164.2
1782000300000,64184.9,64194.4,64167,64193
1782000360000,64196.8,64211.8,64176.4,64208.2
1782000420000,64209.1,64209.1,64159.5,64167.9
1782000480000,64190.7,64190.7,64161.2,64168.5
1782000540000,64190.2,64190.2,64167.9,64167.9
1782000600000,64188.7,64193,64188.7,64193
1782000660000,64123.4,64123.4,64123.4,64123.4
1782000720000,64188.2,64188.2,64177.1,64177.1
1782000780000,64155.3,64155.3,64155.3,64155.3
1782000840000,64178.8,64201.1,64153.9,64193.7
1782000900000,64171.1,64194.8,64152.6,64153
1782000960000,64153.8,64180,64153.3,64180
1782001020000,64177.7,64177.7,64145.3,64145.3
1782001080000,64144.3,64145.9,64144.3,64145.9
1782001140000,64169.3,64173.2,64147,64152.2
1782001200000,64172.6,64173.4,64141.5,64144.1
1782001260000,64144.4,64187.8,64144.1,64187.8
1782001320000,64165.3,64217.3,64165.3,64213.4
1782001380000,64211,64234.3,64168.6,64169.3
1782001440000,64168.5,64191,64155.9,64183.8
1782001500000,64176.6,64181.8,64152.3,64178.1
1782001560000,64176.8,64179.4,64153.3,64179.1
1782001620000,64180.9,64180.9,64157.3,64157.7
1782001680000,64156.5,64177.8,64156.5,64158.3
1782001740000,64183.8,64197.5,64165,64196.8
1782001800000,64171.9,64194.9,64156.9,64156.9
1782001860000,64178.3,64182.4,64156.2,64179.9
1782001920000,64174.6,64180.8,64154.2,64154.2
1782001980000,64180.6,64180.6,64171.3,64177
1782002040000,64152.9,64202.8,64152.9,64202.8
1782002100000,64193,64199.1,64161.4,64176.1
1782002160000,64177,64211.9,64177,64193.2
1782002220000,64192.5,64211.8,64172.6,64172.6
1782002280000,64178.7,64242.6,64178.7,64214.5
1782002340000,64213.5,64246.8,64198.3,64198.3
1782002400000,64218.7,64222.8,64180.4,64191.7
1782002460000,64194.8,64226.8,64194.8,64226.8
1782002520000,64218.3,64228.8,64198.1,64228.6
1782002580000,64203.9,64230.8,64203.9,64206.7
1782002640000,64207.1,64222.8,64207.1,64214.8
1782002700000,64213.5,64213.5,64185,64206.8
1782002760000,64179.6,64206.9,64174.8,64202.8
1782002820000,64199.1,64201.8,64154.8,64162.9
1782002880000,64164.3,64192.4,64164.3,64164.9
1782002940000,64165.2,64233.4,64165.2,64212.7
1782003000000,64226.2,64243.8,64193.6,64241.8
1782003060000,64240.8,64240.8,64196.6,64210.5
1782003120000,64212,64242.8,64212,64242.8
1782003180000,64241.8,64241.8,64218.2,64219.3
1782003240000,64219.8,64219.8,64177.3,64207.8
1782003300000,64200.8,64208.8,64175.9,64208.8
1782003360000,64209.8,64209.8,64187.2,64187.2
1782003420000,64214.2,64214.2,64205.5,64208.5
1782003480000,64183.6,64193.1,64183.6,64193.1
1782003540000,64195.6,64227.8,64195.6,64223.6
1782003600000,64197.4,64226.8,64197.4,64209.2
1782003660000,64214.8,64214.8,64181.5,64211.7
1782003720000,64185.9,64245.1,64185.9,64237.8
1782003780000,64233,64234.8,64207.3,64211.8
1782003840000,64234,64241.8,64178.8,64185.2
1782003900000,64187.7,64194.6,64187.7,64193.3
1782003960000,64193.8,64221.8,64175.4,64200.7
1782004020000,64176.3,64199.8,64170.3,64175.3
1782004080000,64126.1,64201.3,64126.1,64201.3
1782004140000,64201.5,64218.8,64175.4,64218.8
1782004200000,64211.5,64213.8,64172.8,64196.3
1782004260000,64172.3,64196.8,64156.8,64157.2
1782004320000,64157.8,64182.9,64157.4,64161.5
1782004380000,64160.2,64184.8,64160.2,64180.3
1782004440000,64183.8,64183.8,64153.2,64153.2
1782004500000,64181.8,64183.7,64156.6,64183.7
1782004560000,64185,64188.9,64185,64188.9
1782004620000,64179.8,64183.1,64151.4,64151.9
1782004680000,64181.8,64182.2,64154.4,64154.8
1782004740000,64155.2,64187.8,64153.8,64154
1782004800000,64180.3,64180.3,64176.3,64178.8
1782004860000,64177.8,64177.8,64146.9,64148.8
1782004920000,64149.5,64150.1,64149.5,64150.1
1782004980000,64098.7,64176.8,64098.7,64176.8
1782005040000,64174.1,64176.2,64147.2,64148.5
1782005100000,64181.8,64181.8,64145.9,64145.9
1782005160000,64142,64142,64141,64141
1782005220000,64088.9,64166.1,64088.3,64166.1
1782005280000,64087.1,64087.1,64087.1,64087.1
1782005340000,64088.4,64166.4,64088.4,64166.4
1782005400000,64169.7,64170.2,64134.7,64167.8
1782005460000,64137.6,64166.8,64137.6,64157.8
1782005520000,64131.7,64131.7,64131.7,64131.7
1782005580000,64156.1,64156.1,64116.5,64119.5
1782005640000,64123.4,64159.8,64123.4,64137.5
1782005700000,64139.9,64143.8,64139.1,64143.8
1782005760000,64144.6,64145,64144.6,64145
1782005820000,64092.8,64198.8,64092.8,64183.6
1782005880000,64184.5,64221.8,64184.5,64197.3
1782005940000,64190,64195.8,64120.9,64149.7
1782006000000,64144.3,64149.8,64124.1,64124.1
1782006060000,64127.2,64127.2,64127.2,64127.2
1782006120000,64157.8,64157.8,64080.4,64153.8
1782006180000,64156.8,64169.8,64128.8,64162.2
1782006240000,64159.6,64182.6,64131.1,64182.6
1782006300000,64186.8,64186.8,64158.4,64158.4
1782006360000,64160.7,64224.1,64160.7,64223.5
1782006420000,64201.8,64248.7,64201.8,64221.8
1782006480000,64219.8,64221.8,64166.2,64169
1782006540000,64195.6,64205.2,64167.4,64183.8
1782006600000,64182.8,64208.8,64155.1,64206.4
1782006660000,64204.5,64205.8,64179,64179
1782006720000,64181.7,64211.5,64181.7,64211.5
1782006780000,64202.4,64208.8,64196.2,64198.1
1782006840000,64203.6,64203.6,64154.3,64160
1782006900000,64162.1,64195.8,64162.1,64177.6
1782006960000,64173.5,64182.8,64154.7,64158.7
1782007020000,64159.3,64190.8,64159.3,64171.1
1782007080000,64189.9,64192.8,64155.3,64163
1782007140000,64166.8,64196.8,64160.5,64174.1
1782007200000,64177.8,64177.8,64141.6,64141.6
1782007260000,64168.5,64168.5,64160.9,64167.8
1782007320000,64157.4,64161.8,64130.4,64130.9
1782007380000,64154.5,64160.8,64131.7,64157.2
1782007440000,64157.3,64189.8,64132.7,64189.8
1782007500000,64188.4,64188.4,64146.9,64170.9
1782007560000,64169.3,64169.3,64095,64095
1782007620000,64096.9,64171.8,64095,64163.1
1782007680000,64169.8,64169.8,64156.4,64156.4
1782007740000,64157.5,64185.8,64136.5,64184.6
1782007800000,64186.8,64188.8,64174.8,64174.8
1782007860000,64172,64177.8,64165.8,64169.8
1782007920000,64166.2,64168.8,64139.1,64144.2
1782007980000,64165,64167.8,64163.9,64167.8
1782008040000,64169.8,64189.8,64141.7,64189.2
1782008100000,64185.8,64189.8,64147.3,64156.8
1782008160000,64131.3,64161.8,64131.3,64137.9
1782008220000,64138.5,64163.8,64138.5,64163.8
1782008280000,64138.7,64168.8,64138.7,64143.3
1782008340000,64143.7,64174.2,64143.7,64144.6
1782008400000,64144.2,64167.2,64144.2,64160.8
1782008460000,64160.8,64160.8,64087.3,64087.3
1782008520000,64084.9,64155.8,64084.9,64148.6
1782008580000,64081.5,64146.8,64081.5,64146.8
1782008640000,64078.2,64148.9,64078.2,64148.9
1782008700000,64152.7,64153.8,64131.2,64131.2
1782008760000,64132.1,64153.8,64132.1,64134.2
1782008820000,64089,64089,64089,64089
1782008880000,64162.9,64162.9,64136.3,64137
1782008940000,64090.9,64159.9,64087,64156.2
1782009000000,64147.9,64158.8,64144.9,64154.8
1782009060000,64153.9,64155.8,64129.7,64133.5
1782009120000,64135,64157.7,64135,64156.7
1782009180000,64086.8,64157.8,64086.2,64155.7
1782009240000,64157,64176.8,64132.2,64176.8
1782009300000,64151.8,64186.8,64151.8,64184.8
1782009360000,64178.8,64190.8,64155,64189.5
1782009420000,64118.8,64192.8,64118.8,64167.8
1782009480000,64167.9,64190.3,64167.9,64190.2
1782009540000,64191.2,64193.8,64168.6,64175.8
1782009600000,64159.6,64169.8,64157.1,64166
1782009660000,64143.2,64187.8,64143.2,64174.7
1782009720000,64170.8,64182.8,64153.7,64182.8
1782009780000,64182.6,64182.6,64175.3,64177.8
1782009840000,64179.8,64179.8,64142.9,64170.1
1782009900000,64142.9,64142.9,64142.9,64142.9
1782009960000,64173.2,64173.2,64147.5,64149.5
1782010020000,64177.8,64184.8,64154,64184.8
1782010080000,64187.8,64187.8,64161.5,64168.5
1782010140000,64196.8,64205.8,64169.7,64205.8
1782010200000,64205.8,64205.8,64124.7,64198.8
1782010260000,64197.8,64197.8,64194.4,64194.4
1782010320000,64185.3,64193.8,64176.1,64178.8
1782010380000,64179.8,64188.4,64160.4,64182.8
1782010440000,64188.8,64196.8,64159,64183.2
1782010500000,64190.8,64190.8,64189.8,64189.8
1782010560000,64189.3,64189.3,64109.1,64109.1
1782010620000,64185.4,64190.8,64185.4,64189.9
1782010680000,64188,64188.9,64113.5,64185.5
1782010740000,64116,64189.8,64114.8,64171
1782010800000,64173.8,64173.8,64164.7,64164.7
1782010860000,64160.4,64170.1,64145.8,64165.3
1782010920000,64171.8,64171.8,64164.4,64170.8
1782010980000,64159.3,64168.8,64159.3,64167.7
1782011040000,64158.9,64176.8,64142.7,64175.7
1782011100000,64181.8,64181.8,64167.8,64173.8
1782011160000,64171.9,64181.8,64155.2,64175.9
1782011220000,64175.2,64178.8,64175.2,64178.8
1782011280000,64153.3,64187.8,64153.3,64187.8
1782011340000,64188.8,64193.8,64155.8,64193.8
1782011400000,64194.8,64195.8,64192.3,64195.8
1782011460000,64171.2,64215.8,64171.2,64208.8
1782011520000,64197.8,64210.8,64179.6,64210.8
1782011580000,64186.1,64225.8,64186.1,64224.5
1782011640000,64215.7,64222.8,64198.8,64202.6
1782011700000,64206.6,64243.8,64206.6,64216.3
1782011760000,64232.3,64242.3,64208.1,64212.8
1782011820000,64205.8,64230.8,64188.2,64230.8
1782011880000,64224.5,64247.8,64208.4,64222.3
1782011940000,64223.4,64261.8,64204.7,64206.3
1782012000000,64210.2,64242.4,64210.2,64242.4
1782012060000,64218.1,64262.8,64218.1,64232.6
1782012120000,64252.2,64393.3,64232.6,64373.8
1782012180000,64362.4,64373.8,64322,64372.8
1782012240000,64362.3,64398.2,64339.5,64341.2
1782012300000,64340.8,64367.8,64310.2,64348.3
1782012360000,64351.8,64357.9,64321.9,64350.4
1782012420000,64353.8,64363.8,64325.3,64352.3
1782012480000,64351.8,64356.8,64322.4,64336.8
1782012540000,64332,64334.8,64257.8,64283.8
1782012600000,64283.7,64323.8,64261.2,64319.8
1782012660000,64307,64313.8,64210.3,64249.8
1782012720000,64251.8,64272,64230.5,64272
1782012780000,64249.1,64294.8,64249.1,64294.8
1782012840000,64288.5,64295.8,64264,64288.8
1782012900000,64277.7,64285.8,64256.5,64262.8
1782012960000,64256.8,64262.6,64221,64244.8
1782013020000,64219.6,64317.8,64219.6,64314.2
1782013080000,64318.8,64381.3,64291.4,64366.8
1782013140000,64360.3,64363.8,64348,64351.8
1782013200000,64344.6,64358.8,64319.7,64347.8
1782013260000,64339,64342.8,64335.2,64340.8
1782013320000,64340.8,64345.8,64314.2,64345.8
1782013380000,64340.5,64347.8,64319.1,64347.2
1782013440000,64349.8,64388.8,64322.9,64378.8
1782013500000,64377.8,64377.8,64329.9,64331.8
1782013560000,64354.7,64358.8,64326.8,64332.6
1782013620000,64352.2,64356.8,64336.8,64345.8
1782013680000,64335.8,64345.8,64314.4,64344.9
1782013740000,64347.8,64381.8,64323.5,64381.8
1782013800000,64383.8,64383.8,64356.8,64361.8
1782013860000,64356.8,64356.8,64354.7,64356.6
1782013920000,64355.6,64355.6,64314,64340.8
1782013980000,64342.8,64353.8,64319.4,64353.8
1782014040000,64353.8,64366.8,64332.4,64336
1782014100000,64344.8,64359.8,64322.9,64347.9
1782014160000,64344.6,64360.8,64344.6,64356.5
1782014220000,64351.9,64366.8,64347.7,64363.8
1782014280000,64356.4,64367.8,64354.6,64360.6
1782014340000,64361.8,64361.8,64343.3,64354.8
1782014400000,64356.8,64362.8,64329.4,64343.8
1782014460000,64350.8,64350.8,64347.7,64347.7
1782014520000,64343.8,64352.8,64333.8,64335.5
1782014580000,64332.9,64360.8,64317.3,64343.8
1782014640000,64332,64345.8,64293.8,64342.8
1782014700000,64328.4,64339.8,64304.4,64325
1782014760000,64319.8,64322.8,64310,64320.8
1782014820000,64321.8,64321.8,64313.7,64319.2
1782014880000,64319.9,64325.8,64297.5,64324.6
1782014940000,64325.4,64346.8,64300.8,64340.8
1782015000000,64338.8,64338.8,64338.8,64338.8
1782015060000,64328.8,64332.8,64305.2,64311.8
1782015120000,64308.6,64332.8,64287.3,64328.7
1782015180000,64323.7,64330.8,64322.6,64327.1
1782015240000,64327.5,64332.8,64306,64306.6
1782015300000,64310.3,64344.8,64310.3,64344.3
1782015360000,64346.8,64354.8,64319.4,64353
1782015420000,64353.1,64372.8,64332.2,64356.9
1782015480000,64362.7,64386.8,64333.2,64365
1782015540000,64365.7,64369.8,64363.7,64368.2
1782015600000,64370.8,64441.8,64349.6,64439.8
1782015660000,64438.3,64441.8,64380.8,64422.3
1782015720000,64422.8,64428.4,64395.1,64411.6
1782015780000,64406.1,64406.1,64396.3,64397.3
1782015840000,64399.8,64428.8,64378.5,64417.4
1782015900000,64415.1,64423.8,64415.1,64423.8
1782015960000,64412.2,64438.8,64396.4,64438.8
1782016020000,64412,64487.8,64412,64477.4
1782016080000,64452.7,64500.8,64450.2,64450.2
1782016140000,64452.8,64470.8,64430.1,64457.8
1782016200000,64456.8,64458.8,64422.1,64446.8
1782016260000,64442.7,64454.8,64419,64449.5
1782016320000,64452.3,64467.8,64434.5,64456.8
1782016380000,64459.8,64479.8,64436.5,64459.8
1782016440000,64458.1,64476.8,64436.4,64449.3
1782016500000,64448.4,64486.8,64448.4,64479.4
1782016560000,64481,64507.8,64448.1,64483.8
1782016620000,64474,64480.8,64391.7,64438.8
1782016680000,64434,64454.8,64403.6,64430
1782016740000,64456.8,64473.8,64434.6,64468.8
1782016800000,64461.9,64472.8,64440,64446.8
1782016860000,64439,64445.8,64426,64434.8
1782016920000,64429.7,64436.8,64426.1,64431.8
1782016980000,64430.2,64436.8,64417.8,64424.8
1782017040000,64425.8,64438.8,64399.2,64416.8
1782017100000,64409.6,64415.8,64371.1,64401.8
1782017160000,64377.5,64405.2,64371.4,64400.2
1782017220000,64395.4,64411.8,64377.3,64395.8
1782017280000,64369.6,64401.4,64369.6,64400.3
1782017340000,64390.4,64398.8,64386.8,64388.7
1782017400000,64383.9,64387.8,64343.9,64347
1782017460000,64342.4,64353.8,64245.6,64269
1782017520000,64296.8,64299.8,64252.9,64265.2
1782017580000,64259.1,64277.8,64221.4,64267.5
1782017640000,64263.4,64270.8,64228.5,64261.2
1782017700000,64256.5,64260.8,64222.7,64256.3
1782017760000,64257.3,64257.8,64217.2,64244.8
1782017820000,64219,64253.8,64219,64226.1
1782017880000,64182.8,64248.3,64173.5,64203.8
1782017940000,64201.1,64218.8,64185.4,64207.8
1782018000000,64202.1,64217.8,64180.4,64217.8
1782018060000,64219.8,64229.8,64195.2,64222.6
1782018120000,64218.5,64231.8,64192.7,64199.4
1782018180000,64222.7,64230.8,64199.9,64227.8
1782018240000,64220,64224.8,64171.4,64192.8
1782018300000,64191.8,64192.8,64165,64192.4
1782018360000,64185.3,64201.8,64144.6,64200.7
1782018420000,64178.9,64205.8,64175.9,64189.9
1782018480000,64184.4,64193.8,64156.8,64193.8
1782018540000,64169,64196.8,64159.3,64194.8
1782018600000,64197.8,64203.8,64174,64203.8
1782018660000,64199.2,64199.8,64155.3,64179.9
1782018720000,64176.2,64180.8,64165.5,64168.9
1782018780000,64147,64172.8,64147,64169.9
1782018840000,64170.8,64170.8,64141,64165.5
1782018900000,64167.8,64168.8,64145.9,64157
1782018960000,64161.5,64167.8,64140.4,64164.8
1782019020000,64162.3,64174.8,64143.1,64169.7
1782019080000,64169.1,64171.8,64156.8,64160.4
1782019140000,64163.8,64174.8,64140.3,64161.9
1782019200000,64155.1,64170.8,64125.3,64163.9
1782019260000,64164.7,64175.8,64143.7,64170.1
1782019320000,64146.5,64205.8,64146.5,64192.2
1782019380000,64196.5,64213.8,64172.4,64196.8
1782019440000,64173,64216.8,64173,64210
1782019500000,64202.7,64213.8,64181.5,64187.4
1782019560000,64215.8,64227.8,64198,64222.7
1782019620000,64215.9,64227.8,64197.4,64225.8
1782019680000,64224,64230.8,64200.2,64230.8
1782019740000,64229.2,64229.8,64221.5,64223.5
1782019800000,64226.4,64238.6,64203.3,64232
1782019860000,64221.6,64229.8,64210.4,64210.4
1782019920000,64213.4,64245.8,64192.8,64238.4
1782019980000,64241,64246.8,64205.6,64243.8
1782020040000,64244.8,64244.8,64227.3,64233.8
1782020100000,64230.6,64242.8,64211.7,64239.8
1782020160000,64236.7,64240.8,64236.7,64240.8
1782020220000,64238.8,64252.8,64213.5,64249.4
1782020280000,64246.8,64275.8,64223.4,64275.8
1782020340000,64251.5,64287.8,64251.5,64268.5
1782020400000,64282.8,64282.8,64250.1,64251.8
1782020460000,64247.1,64257.8,64225.5,64257.8
1782020520000,64234.1,64273.8,64234.1,64273.2
1782020580000,64247.8,64276.8,64247.8,64259.8
1782020640000,64253,64256.8,64227.4,64233.8
1782020700000,64219.5,64226.8,64204.7,64215.8
1782020760000,64204.4,64206.8,64163.4,64198.8
1782020820000,64191.8,64197.8,64166.7,64178.7
1782020880000,64175,64185.8,64153.7,64183.4
1782020940000,64179,64184.8,64175.6,64175.6
1782021000000,64174,64185.8,64165.7,64165.7
1782021060000,64163.8,64176.5,64154.5,64154.5
1782021120000,64163.8,64179.8,64140,64168.8
1782021180000,64174.8,64174.8,64145.2,64167.3
1782021240000,64168.5,64183.8,64146.8,64182.7
1782021300000,64181.4,64185.8,64160.9,64180.1
1782021360000,64108.8,64175.7,64108.8,64175.7
1782021420000,64171.6,64186.8,64157.3,64177.4
1782021480000,64181.4,64186.8,64173.5,64173.5
1782021540000,64178,64185.8,64178,64185.8
1782021600000,64183.9,64187.8,64160.2,64181.8
1782021660000,64170.8,64179.8,64156.5,64156.5
1782021720000,64164.8,64164.8,64151.8,64154.3
1782021780000,64157.8,64158.8,64156.8,64158.8
1782021840000,64156.8,64156.8,64147,64147
1782021900000,64140.4,64148.8,64118.3,64128.8
1782021960000,64128.7,64145.8,64105,64137.2
1782022020000,64129.2,64138.8,64112.7,64138.8
1782022080000,64130.3,64140.8,64130,64140.8
1782022140000,64139.2,64142.8,64116,64131.2
1782022200000,64132.1,64142.8,64114.8,64139.6
1782022260000,64142.8,64142.8,64140.8,64140.8
1782022320000,64135.7,64142.8,64134.6,64141.8
1782022380000,64138,64141.8,64136.5,64140.4
1782022440000,64141.5,64143.8,64118.3,64118.3
1782022500000,64133.9,64141.8,64112.8,64121.1
1782022560000,64120.8,64166.8,64120.8,64142.5
1782022620000,64143,64182.8,64143,64170.8
1782022680000,64169.8,64173.8,64140.7,64140.7
1782022740000,64161.5,64164.5,64141.2,64164.5
1782022800000,64168.6,64181.8,64145.5,64181.8
1782022860000,64157.8,64196.8,64157.8,64184.8
1782022920000,64186.8,64186.8,64179.7,64185.8
1782022980000,64187.8,64188.8,64162.3,64162.3
1782023040000,64164.2,64203.8,64164.2,64183.8
1782023100000,64191.8,64191.8,64155,64182.1
1782023160000,64187.8,64188.8,64177.4,64181.1
1782023220000,64183.4,64183.4,64183.4,64183.4
1782023280000,64188.4,64201.8,64169.7,64198.8
1782023340000,64190.8,64228.8,64175.3,64205.2
1782023400000,64201.6,64207.8,64176.7,64176.7
1782023460000,64179.7,64191.8,64159.9,64189.8
1782023520000,64191.8,64195.8,64166.5,64183
1782023580000,64185.9,64197.8,64163.9,64191.9
1782023640000,64191.4,64192.7,64191.4,64192.7
1782023700000,64190.2,64216.8,64176,64216.1
1782023760000,64217.8,64223.8,64187.7,64190.7
1782023820000,64195.4,64239.8,64195.4,64221.7
1782023880000,64223.4,64239.8,64210.4,64229.9
1782023940000,64235.8,64238.8,64224.9,64238.8
1782024000000,64236.7,64252.8,64213.9,64250.8
1782024060000,64240.8,64250.6,64223.1,64250.6
1782024120000,64252.8,64253.2,64225,64238
1782024180000,64241.3,64241.3,64238,64238
1782024240000,64238.4,64243.8,64233.9,64233.9
1782024300000,64236.3,64248.8,64215.9,64247.6
1782024360000,64247.4,64247.8,64206.6,64232.3
1782024420000,64235.6,64239.8,64226,64226
1782024480000,64223.9,64239.8,64223.9,64234.8
1782024540000,64222.1,64231.8,64215.7,64226.8
1782024600000,64220.7,64224,64216.1,64219.1
1782024660000,64222.9,64233.8,64222.9,64226.6
1782024720000,64154.5,64230.8,64154.5,64230.8
1782024780000,64224.1,64224.1,64224.1,64224.1
1782024840000,64154.1,64154.1,64151.7,64151.7
1782024900000,64222.4,64226.8,64219.6,64222.7
1782024960000,64200.4,64229.8,64200.4,64229.8
1782025020000,64229.8,64230.8,64202.9,64230.8
1782025080000,64158.4,64158.4,64158.4,64158.4
1782025140000,64225.5,64229.8,64195.4,64226.1
1782025200000,64227.7,64231.8,64227.7,64231.8
1782025260000,64223.7,64227.7,64190.7,64199.8
1782025320000,64195.8,64195.8,64172.6,64175.4
1782025380000,64174.9,64185.8,64174.9,64183.7
1782025440000,64178.4,64180.4,64178.4,64180.4
1782025500000,64111.4,64181.1,64111.4,64181.1
1782025560000,64110.4,64198.8,64110.4,64191.4
1782025620000,64180.6,64194.8,64161.6,64187.8
1782025680000,64164.4,64201.8,64164.4,64190.8
1782025740000,64188.3,64192.8,64166.8,64184.8
1782025800000,64182.8,64182.8,64158.2,64160.1
1782025860000,64163.6,64199.8,64163.6,64194.7
1782025920000,64197.8,64197.8,64177.5,64186.8
1782025980000,64186.8,64186.8,64106.8,64106.8
1782026040000,64110.3,64184.4,64110.3,64184.4
1782026100000,64184.9,64185.2,64184.9,64185.2
1782026160000,64110.8,64185.8,64109.2,64182.3
1782026220000,64176.3,64193.8,64161.2,64192.2
1782026280000,64169.9,64199.8,64169.9,64192.8
1782026340000,64190.8,64190.8,64167.2,64175.8
1782026400000,64172.3,64179.8,64166.2,64167.8
1782026460000,64140.6,64164.5,64140.6,64164.5
1782026520000,64157.4,64160.8,64149.4,64150.6
1782026580000,64149.8,64152.8,64114.1,64138.5
1782026640000,64138.3,64142.8,64138.3,64140.8
1782026700000,64139.8,64139.8,64104.8,64104.8
1782026760000,64124.3,64126.6,64124.3,64126.6
1782026820000,64053.8,64127.8,64053.8,64101.4
1782026880000,64122.2,64125.8,64096.5,64096.5
1782026940000,64117.4,64118.8,64080.2,64098.3
1782027000000,64102.8,64121.8,64076.2,64121.8
1782027060000,64121.7,64139.8,64089.8,64133.2
1782027120000,64129.3,64132.8,64123.5,64126.5
1782027180000,64127.3,64144.8,64110.7,64140.4
1782027240000,64129.9,64161.8,64115.2,64155.8
1782027300000,64148.3,64154.8,64148,64152.8
1782027360000,64151.8,64153.7,64124,64153.7
1782027420000,64130.7,64166.8,64130.7,64139.9
1782027480000,64163.8,64163.8,64137.6,64160.6
1782027540000,64160.3,64166.2,64125.2,64166.2
1782027600000,64137.7,64167.8,64121.7,64123.6
1782027660000,64128.4,64142.8,64104.5,64139.8
1782027720000,64117,64145.6,64117,64145.6
1782027780000,64074.2,64074.2,64074.2,64074.2
1782027840000,64148.3,64171.8,64112.6,64150.2
1782027900000,64152.3,64185.8,64152.3,64175.8
1782027960000,64168.1,64174.8,64164.4,64168.1
1782028020000,64164.2,64164.8,64134.1,64155.8
1782028080000,64159,64159,64122.7,64129.9
1782028140000,64159.8,64159.8,64134,64158.7
1782028200000,64091.1,64166.4,64091.1,64159.8
1782028260000,64159.8,64159.8,64084.7,64084.7
1782028320000,64153.6,64153.6,64138.5,64143.8
1782028380000,64142.8,64142.8,64132.1,64132.8
1782028440000,64132.8,64132.8,64066.4,64116.1
1782028500000,64118.8,64118.8,64088.8,64110.8
1782028560000,64099.7,64109.8,64077.3,64103.7
1782028620000,64099.8,64099.8,64099.8,64099.8
1782028680000,64100.8,64122.8,64078,64103.7
1782028740000,64126.5,64126.5,64110.9,64114.9
1782028800000,64116.8,64131.8,64088.3,64127.8
1782028860000,64127.6,64150.8,64104.4,64137.8
1782028920000,64136.8,64136.8,64110.7,64134.6
1782028980000,64112.8,64151.8,64112.8,64135.1
1782029040000,64136.8,64136.8,64092.6,64094.4
1782029100000,64095.2,64122.4,64095.2,64107.9
1782029160000,64108.4,64110.8,64064.2,64064.2
1782029220000,64063.5,64085.6,64028.5,64029.6
1782029280000,64053,64068.1,64025.3,64041.2
1782029340000,64061.4,64061.4,64023.5,64023.5
1782029400000,64025.7,64056.3,64025.7,64055.6
1782029460000,64056.4,64091.6,64028.7,64091.6
1782029520000,64069.5,64096.3,64068.9,64088.8
1782029580000,64063,64090.4,64048.5,64075.8
1782029640000,64051,64075.1,64049.8,64049.8
1782029700000,64021,64048.4,64021,64041.8
1782029760000,64038.2,64040.8,64009.1,64027.7
1782029820000,64025.9,64025.9,64001.2,64001.2
1782029880000,64002.4,64035.8,64002.4,64035.8
1782029940000,64030.1,64033.8,64020.8,64020.8
1782030000000,64016.1,64016.1,63973.9,63975.5
1782030060000,63997,63997,63968.6,63975.2
1782030120000,63974.7,63998,63974.2,63975
1782030180000,63999.4,63999.4,63997.4,63997.4
1782030240000,63993.9,63999.8,63973.3,63998.9
1782030300000,63974,64025.8,63969.5,63969.5
1782030360000,63968.4,63989.8,63964,63966.6
1782030420000,63963.1,63983.8,63961.9,63982.8
1782030480000,63980.3,63981.8,63958.5,63980.4
1782030540000,63981.8,63981.8,63951.7,63951.7
1782030600000,63954.6,63989.2,63954.3,63967.8
1782030660000,63988.4,63989.1,63954.9,63975.7
1782030720000,63971.6,63975.8,63935,63940.8
1782030780000,63936.6,63947.8,63916.2,63920.1
1782030840000,63937.8,63942.8,63864.5,63866.7
1782030900000,63891.2,63891.2,63803,63825.9
1782030960000,63803.7,63889.8,63803.7,63889.8
1782031020000,63890.8,63913.2,63858.9,63885.2
1782031080000,63884.4,63904.8,63873,63886.8
1782031140000,63885.8,63885.8,63853.2,63879.1
1782031200000,63878.7,63879.8,63851.1,63859.8
1782031260000,63837.2,63880.2,63837.2,63878.8
1782031320000,63853.8,63867.8,63853.8,63864.1
1782031380000,63867.6,63887.8,63838,63843.1
1782031440000,63843.2,63909.8,63841,63907.8
1782031500000,63906.4,63906.4,63848.8,63864.6
1782031560000,63890.7,63890.7,63857.5,63858.6
1782031620000,63859.5,63883.7,63851.1,63851.1
1782031680000,63847.9,63871.4,63842.6,63850.8
1782031740000,63825.6,63861.9,63824,63844.5
1782031800000,63842,63864.8,63833.1,63840.2
1782031860000,63844.2,63878.9,63837.8,63837.8
1782031920000,63859.9,63859.9,63834.6,63853.8
1782031980000,63856.5,63911.9,63856.3,63897.2
1782032040000,63876,63911.2,63856.6,63866.1
1782032100000,63865.4,63881.1,63865.4,63881.1
1782032160000,63881.6,63917.8,63881.6,63895.8
1782032220000,63894.1,63914.4,63883,63883.1
1782032280000,63882.2,63922.8,63882,63903.2
1782032340000,63905.5,63939.8,63901.1,63917.1
1782032400000,63917.2,63941.3,63917.2,63921.7
1782032460000,63945.8,63945.8,63864.7,63883.7
1782032520000,63882,63900.8,63869.1,63878.4
1782032580000,63878.3,63941.2,63863.5,63916.1
1782032640000,63913.2,63928.8,63898.1,63911.2
1782032700000,63911.6,63933.8,63882.6,63882.9
1782032760000,63885.2,63905.8,63878.2,63879.7
1782032820000,63880.5,63893.6,63868.9,63869.8
1782032880000,63867.4,63900.3,63867.3,63877.9
1782032940000,63874.9,63877.2,63874.9,63877.2
1782033000000,63832.6,63906.8,63832.6,63877.6
1782033060000,63878.5,63915.3,63878.5,63895.1
1782033120000,63892.8,63913.8,63885.8,63894.8
1782033180000,63894.1,63894.1,63874.3,63874.3
1782033240000,63873.7,63876.7,63873.3,63875
1782033300000,63874.1,63896.6,63860.9,63871.5
1782033360000,63871.7,63912,63871.7,63889
1782033420000,63888.7,63935.5,63885.5,63907.8
1782033480000,63883.8,63907.3,63868.5,63868.5
1782033540000,63889.6,63889.6,63863.2,63874.2
1782033600000,63894.2,63910.8,63872.5,63892.2
1782033660000,63894.7,63926.8,63894.7,63917.1
1782033720000,63937.1,63939.8,63914.7,63914.8
1782033780000,63915.3,63944.9,63914.8,63933.9
1782033840000,63914.8,63933.9,63914.8,63919.1
1782033900000,63920.8,63987.3,63920.8,63981.5
1782033960000,63979.8,64010.8,63975.9,63977.3
1782034020000,63984.2,64015.6,63977.3,64002
1782034080000,63998.2,63998.8,63960.8,63966
1782034140000,63986.6,63986.6,63950,63950.3
1782034200000,63952.4,63995.8,63952.4,63973.3
1782034260000,63996.2,64007.8,63972.7,64007.8
1782034320000,64009.8,64016,63983.1,63984.9
1782034380000,64011.8,64011.8,63985.6,63991.1
1782034440000,63991.5,64029.9,63991.5,64026.2
1782034500000,64003.2,64057.8,64003.2,64057.8
1782034560000,64050.8,64091.8,64037.4,64047.8
1782034620000,64049,64112.8,64049,64077.9
1782034680000,64077.2,64100.5,64065.9,64068.6
1782034740000,64068.7,64157.2,64068.6,64130.4
1782034800000,64130.6,64173.6,64092.4,64117.2
1782034860000,64117.8,64117.8,64052.9,64079.8
1782034920000,64053.7,64078,64037.7,64037.7
1782034980000,64055.7,64058.7,64008.2,64024
1782035040000,64024.9,64063.8,64024,64063.8
1782035100000,64059.8,64066.7,64026.7,64038.7
1782035160000,64039.6,64040.5,64016.2,64024.2
1782035220000,64050.8,64064,64025,64054.8
1782035280000,64029.4,64060.8,64029.2,64045.1
1782035340000,64046.6,64087.8,64046.6,64066.8
1782035400000,64066,64091.8,64041.4,64073.3
1782035460000,64101.8,64105.9,64074.9,64076.9
1782035520000,64078.4,64116.3,64074.8,64076.8
1782035580000,64078.1,64102.8,64071.8,64074.1
1782035640000,64076.9,64107.6,64076.8,64094.3
1782035700000,64112,64149.8,64093,64139
1782035760000,64137.3,64143.8,64101.1,64114.1
1782035820000,64133.4,64148.8,64109.8,64121.7
1782035880000,64127,64156.5,64127,64148.8
1782035940000,64138.8,64138.8,64103.5,64108.9
1782036000000,64108.6,64131.8,64103.5,64108.4
1782036060000,64109.4,64172.8,64109.4,64171.6
1782036120000,64173.8,64175.8,64121,64150.4
1782036180000,64144,64151.6,64112.7,64112.7
1782036240000,64138.1,64147.8,64114.2,64145.8
1782036300000,64147.8,64147.8,64127.4,64131.8
1782036360000,64132.5,64186.8,64115.1,64185.8
1782036420000,64183.5,64212.8,64144.6,64170.5
1782036480000,64146,64183.8,64139.9,64162.8
1782036540000,64160.8,64205.8,64134.7,64204.8
1782036600000,64201.8,64201.8,64183.1,64191.8
1782036660000,64190.5,64212.8,64166.2,64202.7
1782036720000,64181.9,64215.8,64181.9,64214.4
1782036780000,64203.5,64216.8,64197.8,64209.4
1782036840000,64213.8,64214.8,64199.6,64205.3
1782036900000,64204.4,64211.8,64178.9,64187
1782036960000,64180.5,64194.8,64158.6,64192.8
1782037020000,64190.8,64208.8,64163.3,64204.2
1782037080000,64202.2,64210.8,64200.9,64210.8
1782037140000,64204.2,64219.8,64188.1,64215.5
1782037200000,64212.9,64232.8,64191.6,64221.6
1782037260000,64228.8,64233.8,64214,64233.8
1782037320000,64230.4,64250.8,64207.9,64250.8
1782037380000,64238.4,64289.8,64232.1,64269.4
1782037440000,64264.7,64314.8,64248,64277.1
1782037500000,64286.8,64286.8,64237.5,64253.2
1782037560000,64249.3,64257.8,64241.5,64249
1782037620000,64256.8,64265.8,64245,64265.8
1782037680000,64249.2,64266.8,64240.3,64244.9
1782037740000,64246.6,64253.8,64219.8,64239.8
1782037800000,64233.6,64244.8,64207.2,64228
1782037860000,64231.9,64241.8,64224.9,64239.7
1782037920000,64241.5,64253.8,64215.7,64247.8
1782037980000,64238.9,64254.8,64222.3,64250.9
1782038040000,64245.9,64268.8,64229.4,64255.8
1782038100000,64248.8,64269.8,64232.2,64256.9
1782038160000,64260.4,64264.8,64242.4,64250.1
1782038220000,64255.8,64272.8,64235.2,64272.8
1782038280000,64265.4,64301.8,64247.7,64291.7
1782038340000,64296.3,64317.8,64269.4,64274.6
1782038400000,64268,64307.8,64256.8,64300.9
1782038460000,64296.2,64312.8,64288.2,64299.4
1782038520000,64304.3,64317.8,64294.7,64317.8
1782038580000,64307.6,64318.8,64305.3,64308.2
1782038640000,64302.9,64315.8,64263.3,64279.8
1782038700000,64277.4,64291.8,64256.5,64285.3
1782038760000,64289.3,64305.8,64289.3,64305.8
1782038820000,64306.8,64314.8,64289.4,64293.9
1782038880000,64297.4,64311.8,64282.8,64307.1
1782038940000,64312.8,64332.8,64295.5,64332.8
1782039000000,64326.9,64341.8,64326.9,64341.8
1782039060000,64342.8,64343.8,64324.8,64340.8
1782039120000,64341.8,64342.8,64283.8,64295
1782039180000,64295.3,64309.8,64291.1,64302.8
1782039240000,64306.6,64319.8,64287.6,64301.8
1782039300000,64285.9,64299.8,64245.5,64268.9
1782039360000,64278.8,64313.8,64252.2,64287.9
1782039420000,64314.8,64324.8,64251.8,64270.1
1782039480000,64270.8,64283.8,64261.8,64283.8
1782039540000,64273.4,64300.8,64259.6,64300.8
1782039600000,64301.8,64312.8,64290.4,64312.8
1782039660000,64305,64393.8,64304.3,64393.8
1782039720000,64384.8,64406.8,64369.9,64406.8
1782039780000,64407.8,64409.8,64372.9,64394.8
1782039840000,64378.3,64391.8,64308.9,64313.8
1782039900000,64321.8,64321.8,64261.4,64267.8
1782039960000,64270.8,64340.8,64248,64340.8
1782040020000,64332.3,64351.8,64309.2,64338.4
1782040080000,64345,64354.8,64327.4,64341.8
1782040140000,64324.8,64365.8,64298.1,64358.8
1782040200000,64366.8,64388.8,64352.4,64388.8
1782040260000,64378.3,64404.8,64360.8,64392.1
1782040320000,64393.8,64412.8,64355.1,64364.9
1782040380000,64359.7,64372.8,64333.9,64350.8
1782040440000,64351.8,64366.8,64341.6,64357.8
1782040500000,64341,64341,64270.3,64282.8
1782040560000,64284.8,64287.8,64196.2,64213.8
1782040620000,64214.8,64214.8,64117.4,64136
1782040680000,64133.9,64152.8,64029.5,64112.8
1782040740000,64109.3,64137.8,64089.7,64137.8
1782040800000,64140.8,64200.8,64109.3,64200.8
1782040860000,64194.3,64248.8,64160.3,64234.4
1782040920000,64243.8,64252.8,64212.4,64241.9
1782040980000,64237.2,64265.8,64220.2,64265.8
1782041040000,64264.8,64264.8,64206.5,64249.8
1782041100000,64247.9,64263.8,64222.3,64259.8
1782041160000,64260.8,64281.8,64237.7,64276.2
1782041220000,64284.8,64286.8,64258.2,64268.8
1782041280000,64254.8,64276.8,64247.6,64268.7
1782041340000,64275.8,64331.8,64257.1,64314.9
1782041400000,64312.2,64337.8,64251.3,64262.8
1782041460000,64261.8,64261.8,64206.5,64250.8
1782041520000,64245.7,64248.8,64157.7,64196.8
1782041580000,64181.1,64239.8,64167.9,64221.5
1782041640000,64220.9,64235.8,64185.6,64201.8
1782041700000,64200.8,64207.8,64187.9,64202.8
1782041760000,64191.2,64209.8,64168.8,64192
1782041820000,64202.8,64229.8,64183.6,64216.8
1782041880000,64205,64223.8,64189.9,64201.8
1782041940000,64183.1,64206.8,64181.6,64195.7
1782042000000,64194.4,64201.8,64162,64162
1782042060000,64163.9,64190.8,64160.9,64177.5
1782042120000,64167.9,64188.8,64152.4,64171.2
1782042180000,64178.2,64206.8,64178.2,64196
1782042240000,64189,64229.8,64178.7,64215.4
1782042300000,64210.1,64222.8,64178.4,64193.2
1782042360000,64198,64212.8,64179.6,64187.9
1782042420000,64200.8,64209.8,64176.2,64177.3
1782042480000,64180.4,64221.8,64172.6,64221.8
1782042540000,64198.9,64226.8,64198.9,64214.9
1782042600000,64207.8,64207.8,64072.6,64088.8
1782042660000,64084,64101.8,64041.9,64044.5
1782042720000,64043.8,64091.8,64030.8,64063
1782042780000,64069.8,64097.8,64021.6,64094.1
1782042840000,64069.4,64117.8,64054.5,64090.8
1782042900000,64090.4,64104.8,64065.5,64086.8
1782042960000,64085.8,64090.8,64083.4,64086.7
1782043020000,64084.4,64089.6,64033.6,64076.8
1782043080000,64048.8,64096.8,64044.6,64079
1782043140000,64082.8,64108.8,64063.9,64107.1
1782043200000,64109.8,64113.8,64070.4,64096.8
1782043260000,64094.8,64101.8,64066.1,64087.8
1782043320000,64076.3,64085.8,64056.8,64056.8
1782043380000,64062.7,64091.8,64046.9,64088.8
1782043440000,64092.8,64147.8,64066.9,64124.8
1782043500000,64110.7,64153.8,64095,64145.1
1782043560000,64150.8,64169.8,64125.1,64158.8
1782043620000,64161.8,64161.8,64111.4,64111.4
1782043680000,64120.8,64131.8,64094.4,64121.6
1782043740000,64129.8,64137.8,64108,64134.8
1782043800000,64134.8,64134.8,64111,64114
1782043860000,64108.1,64120.8,64054.8,64054.9
1782043920000,64049.4,64058.8,63986.4,64042.8
1782043980000,64033.1,64040.8,63975.5,64017.8
1782044040000,64018.8,64035.8,63995.3,64006.4
1782044100000,64010.8,64010.8,63938.7,63989.9
1782044160000,63969.3,64041.8,63960.4,64017.9
1782044220000,64026.8,64026.8,63979.3,64016.1
1782044280000,64000.4,64001.8,63915.8,63928
1782044340000,63953.6,63977.8,63928.6,63970.6
1782044400000,63947.7,63988.8,63945.1,63946.4
1782044460000,63952.8,63981.8,63926.8,63981.8
1782044520000,63978.8,63978.8,63939.1,63950.8
1782044580000,63948.8,63948.8,63911.5,63916.9
1782044640000,63918.1,63960.4,63903.1,63951.1
1782044700000,63954.8,63976.8,63923.9,63941
1782044760000,63962.7,63967.8,63924.9,63940.3
1782044820000,63971.8,63973.8,63934.8,63944.8
1782044880000,63918.6,63959.8,63918.6,63930.1
1782044940000,63931.7,63960.8,63917.8,63949.2
1782045000000,63946.3,63949.8,63916.8,63943.3
1782045060000,63944,63984.8,63919.9,63943.4
1782045120000,63945,63980.8,63934.7,63959.6
1782045180000,63987.8,63987.8,63925.1,63941.4
1782045240000,63943.9,63981.5,63937.1,63940.3
1782045300000,63944.8,63960.8,63879.8,63879.8
1782045360000,63907.8,63910.8,63860.4,63886.5
1782045420000,63863.4,63928.1,63863.4,63902
1782045480000,63899.8,63920.8,63863.6,63887.4
1782045540000,63889.1,63915.8,63886.8,63889
1782045600000,63891.7,63917.8,63891.7,63913.6
1782045660000,63915.8,63974.8,63915.6,63974.8
1782045720000,63949.3,63987.8,63948.1,63986.5
1782045780000,63987.4,64015.8,63966.1,63996.9
1782045840000,63992.9,63997.8,63959.7,63982.3
1782045900000,63984.8,64011.8,63958.9,63986.3
1782045960000,64002.2,64009.8,63985,64000.8
1782046020000,63990.7,63999.8,63983.5,63985.3
1782046080000,63980.9,63986.8,63980.9,63984.4
1782046140000,63914.9,63988.4,63912.9,63966.2
1782046200000,63971.1,63998.8,63954.3,63962.7
1782046260000,63983.1,64000.8,63957.8,63995.7
1782046320000,63996.8,64032.8,63965.6,64031.8
1782046380000,64032.3,64107.8,64007.5,64089.9
1782046440000,64089.8,64090.8,64054.2,64073.8
1782046500000,64049,64083.8,64021.8,64053.4
1782046560000,64077.3,64113.8,64053.5,64110
1782046620000,64111.1,64149.8,64084.1,64129.8
1782046680000,64127.8,64147.8,64104.3,64136.6
1782046740000,64131.3,64141.8,64116.4,64119.8
1782046800000,64114.9,64122.8,64081.5,64107.4
1782046860000,64111.4,64113.8,64066.4,64066.4
1782046920000,64068.4,64076.8,64036.2,64062.8
1782046980000,64059.8,64059.8,64032.6,64040.7
1782047040000,64042.5,64056.8,64020.5,64049
1782047100000,64047.9,64083.8,64021.9,64077.7
1782047160000,64077.1,64110.8,64060.1,64102.8
1782047220000,64089.7,64099.8,64066.4,64091.8
1782047280000,64088.4,64102.8,64064.5,64086.8
1782047340000,64082.2,64095.8,64063.4,64092.8
1782047400000,64091.8,64095.8,64078.3,64078.3
1782047460000,64078.1,64111.8,64060.8,64087.8
1782047520000,64088.8,64093.3,64045.2,64073.8
1782047580000,64072.9,64072.9,64060.9,64063.8
1782047640000,64064.8,64064.8,64019.7,64021.6
1782047700000,64051.8,64074.7,64029,64050.2
1782047760000,64071.3,64086.8,64050,64082.8
1782047820000,64075.6,64086,64049.7,64057.6
1782047880000,64060.2,64109.4,64060.2,64093
1782047940000,64097.8,64109.8,64071.8,64079
1782048000000,64105.8,64105.8,64082.7,64090.8
1782048060000,64088.9,64098.8,64065.8,64090.3
1782048120000,64096.8,64097.8,64076.7,64084.8
1782048180000,64082.6,64094.8,64058.5,64094.8
1782048240000,64091.6,64099.8,64068,64099.8
1782048300000,64089.5,64098.8,64072.5,64076.8
1782048360000,64078.8,64085.8,64054.6,64073.3
1782048420000,64076.8,64079.8,64051.4,64079.8
1782048480000,64079.7,64094.8,64055.6,64073.5
1782048540000,64078.1,64094.8,64058,64094.8
1782048600000,64069.6,64096.8,64051.1,64051.1
1782048660000,64059.8,64059.8,64022.2,64027.1
1782048720000,64025.8,64025.8,63974.6,63982.8
1782048780000,63984.4,64006.9,63925.2,63959.8
1782048840000,63936.2,63977.8,63936.2,63975.1
1782048900000,63954.6,63977.8,63926,63952.9
1782048960000,63954.7,63975.6,63928.1,63962.8
1782049020000,63941.2,63971.9,63941.2,63950.9
1782049080000,63952.7,63976.6,63952.6,63972.2
1782049140000,63900.8,63975.8,63900.8,63954.4
1782049200000,63963.8,63975.8,63923.1,63971.7
1782049260000,63975,63975.8,63951.1,63960.8
1782049320000,63962.8,63972.9,63938.3,63955.7
1782049380000,63976.7,63976.7,63952.8,63952.8
1782049440000,63972.8,63977.5,63950.6,63970.2
1782049500000,63974.8,63989.8,63946.8,63988.7
1782049560000,63966.3,63998.8,63966.3,63997.8
1782049620000,63971.8,63977.5,63971.8,63977
1782049680000,63996.3,64000.8,63974,63998.8
1782049740000,63997.8,63997.8,63978.1,63978.1
1782049800000,63979.8,64004.6,63952.9,64003.8
1782049860000,63999.8,64024.8,63987.5,64024.8
1782049920000,64019.7,64019.7,64004.8,64007.4
1782049980000,64011.4,64018.3,63989.5,64017.8
1782050040000,64019.8,64031.8,63992.9,64009.7
1782050100000,64013.2,64057.8,64011.8,64043.8
1782050160000,64037.7,64041.8,64002.3,64013.1
1782050220000,64013.7,64042.8,63996.5,63996.5
1782050280000,64022.8,64051.8,63998.1,64051.8
1782050340000,64026.4,64069.8,64026.4,64049
1782050400000,64049.6,64083.5,64049,64080.8
1782050460000,64082.8,64082.8,64056.6,64071.8
1782050520000,64058.7,64068.8,64034.6,64041.5
1782050580000,64019.8,64045.4,64019.8,64028.4
1782050640000,64035.8,64040.8,64010.7,64039
1782050700000,64017.7,64061.8,64017.7,64052.8
1782050760000,64049.5,64070.3,64030.2,64054.2
1782050820000,64053.6,64057.8,64027.3,64032.8
1782050880000,64030.8,64030.8,64019.9,64029.3
1782050940000,64029.4,64029.4,63993,64009.9
1782051000000,64013.8,64023.8,63979.8,64023.2
1782051060000,64014.4,64021.8,64009.7,64015.8
1782051120000,64009.8,64009.8,63965.8,64000.7
1782051180000,64004.8,64005.8,63985.6,63998.8
1782051240000,63995.1,64003.8,63995.1,64000.5
1782051300000,63991.9,64003.8,63967.2,64002.4
1782051360000,63997.6,63998.8,63964.4,63991.8
1782051420000,63983.6,63987.8,63938.1,63979.8
1782051480000,63980.8,63981.8,63943.1,63976.8
1782051540000,63970.5,63970.5,63925.6,63939.1
1782051600000,63939.5,63966.8,63934.9,63965.5
1782051660000,63959.7,63965.8,63913.9,63948
1782051720000,63947.8,63964.8,63921.2,63964.4
1782051780000,63960.9,63990.8,63937.7,63974
1782051840000,63989.2,64018.8,63964.1,64015.1
1782051900000,64010,64018.8,64008.3,64013.8
1782051960000,64013.1,64017.8,63961.7,63983.8
1782052020000,63976.8,63980.8,63944.3,63945.7
1782052080000,63947.8,63974.8,63947.8,63958.8
1782052140000,63957.8,63963.8,63929.6,63937.5
1782052200000,63956.7,63959.8,63918.7,63952.8
1782052260000,63943.8,63952.8,63918.3,63948.8
1782052320000,63947.9,63950.8,63924.6,63929.4
1782052380000,63930,63955.8,63923.6,63925.2
1782052440000,63925.6,63961.8,63925.6,63926.1
1782052500000,63929.8,63931.8,63903.7,63912.9
1782052560000,63916.6,63964.8,63916.6,63963.8
1782052620000,63940.9,63988.8,63940.9,63984.6
1782052680000,63985.8,63985.8,63939.7,63963.3
1782052740000,63964.1,63964.5,63941.5,63944.4
1782052800000,63949,63997.8,63949,63968.8
1782052860000,63968.2,63992,63947.7,63968.3
1782052920000,63973.1,64008.5,63973.1,64008.5
1782052980000,64009.2,64010.8,63969.4,63974.8
1782053040000,63974,63983.8,63949.6,63959.8
1782053100000,63982.1,63982.8,63975.5,63975.5
1782053160000,63976.8,63976.8,63947.1,63970.8
1782053220000,63969.6,63969.6,63911.1,63922
1782053280000,63923.6,63965.8,63923.6,63962.8
1782053340000,63938.9,63952.5,63938.9,63952.5
1782053400000,63953.5,64004.8,63953.5,63990.6
1782053460000,63984.2,64007.8,63964.7,63984.8
1782053520000,63986.3,64027.8,63986.3,64005.5
1782053580000,64009,64009,63984.8,63984.9
1782053640000,64013.4,64025.8,63990.1,64017.3
1782053700000,63991.5,64057.8,63991.5,64057.8
1782053760000,64034.7,64081.8,64034.3,64078.8
1782053820000,64072.6,64072.8,64052.9,64058.8
1782053880000,64033.7,64070.8,64033.7,64055.8
1782053940000,64053.4,64076.8,64030.6,64076.8
1782054000000,64050.2,64076.4,64040.2,64043.6
1782054060000,64048.8,64187.8,64023.3,64147.9
1782054120000,64152.8,64152.8,64087.3,64145.4
1782054180000,64148,64193.8,64137.4,64184.8
1782054240000,64187.8,64187.8,64119.1,64148.8
1782054300000,64122.1,64170.8,64122.1,64152.1
1782054360000,64131.4,64227.8,64131.4,64206.5
1782054420000,64195.9,64212.8,64135.5,64135.5
1782054480000,64138.7,64144.8,64092.4,64096.4
1782054540000,64072.8,64170.8,64072.8,64162.8
1782054600000,64161.3,64161.3,64116.4,64122.6
1782054660000,64122.2,64129.8,64098,64113.8
1782054720000,64109.1,64125.8,64083.9,64101.3
1782054780000,64123.5,64135.9,64097.6,64132.2
1782054840000,64132.8,64141.5,64111.5,64133.8
1782054900000,64131.8,64146.8,64110,64144.8
1782054960000,64144.5,64148.8,64121.4,64144.5
1782055020000,64144,64152.8,64124.4,64150.8
1782055080000,64128.1,64178.8,64127.8,64165.4
1782055140000,64169.8,64169.8,64144.4,64144.4
1782055200000,64138.8,64145.8,64109.4,64131.7
1782055260000,64123.2,64126.6,64092.2,64121.8
1782055320000,64117,64124.8,64094.1,64120.8
1782055380000,64121.8,64133.8,64095,64129.6
1782055440000,64125.3,64131.8,64102.1,64122.4
1782055500000,64117.8,64125.8,64093.6,64098.6
1782055560000,64122.7,64147.8,64099.1,64123.7
1782055620000,64125.8,64183,64099.8,64183
1782055680000,64178,64183.8,64145.6,64175.1
1782055740000,64198.4,64202.6,64176,64189.8
1782055800000,64188.8,64188.8,64133,64145.2
1782055860000,64148.8,64160.8,64127.1,64127.1
1782055920000,64132.8,64149.8,64108.7,64136.3
1782055980000,64130.6,64135.8,64105.8,64133.8
1782056040000,64127.7,64131.8,64101.9,64125.4
1782056100000,64125.2,64133.8,64094.2,64118.4
1782056160000,64121.8,64128.8,64096.1,64124.8
1782056220000,64120.6,64148.8,64104.8,64148.8
1782056280000,64148.2,64158.8,64126,64158.5
1782056340000,64156.8,64209.8,64131.3,64200.8
1782056400000,64199.8,64219.8,64172.4,64172.4
1782056460000,64177.8,64192.8,64154.5,64179
1782056520000,64186.8,64207.8,64163.7,64202.8
1782056580000,64197.2,64251.8,64187.1,64248.3
1782056640000,64226.1,64283.8,64196.7,64225.8
1782056700000,64199.1,64241.8,64199.1,64233.5
1782056760000,64234.6,64234.6,64208.3,64213.8
1782056820000,64212.8,64212.8,64179.9,64208.8
1782056880000,64184.4,64213.4,64184.4,64213.3
1782056940000,64210.9,64212.8,64152.1,64181.8
1782057000000,64156.8,64194.8,64156.8,64192.6
1782057060000,64195.8,64196.8,64193.5,64194.1
1782057120000,64185,64193.8,64165.8,64166.5
1782057180000,64167.8,64180.8,64167.8,64180.8
1782057240000,64178.5,64178.8,64161,64172.8
1782057300000,64161.6,64169.8,64125.7,64127.6
1782057360000,64129.2,64165.8,64129.2,64164.7
1782057420000,64165.2,64169.8,64150.4,64155
1782057480000,64129.1,64167.8,64129.1,64165.8
1782057540000,64161.8,64173.8,64122.3,64153.8
1782057600000,64142.6,64147.8,64107.9,64119.8
1782057660000,64110.8,64160.8,64091.9,64160.8
1782057720000,64148.5,64177.8,64137.6,64170.8
1782057780000,64167.8,64176.8,64144.4,64160.8
1782057840000,64159.7,64169.8,64137.6,64165.8
1782057900000,64153.7,64162.8,64108.4,64117.8
1782057960000,64113.2,64117.8,64092.5,64094.3
1782058020000,64097,64141.8,64093.7,64128.8
1782058080000,64127.5,64134.8,64124.4,64128.7
1782058140000,64128.3,64134.8,64096,64117.4
1782058200000,64108.5,64126.8,64081.5,64087.2
1782058260000,64092.8,64113.8,64061.2,64087.5
1782058320000,64087.8,64120.8,64087.8,64093.2
1782058380000,64082.4,64092.8,64026,64037.2
1782058440000,64038.9,64071.8,64016.8,64070.4
1782058500000,64072.8,64074.6,64027.4,64060.8
1782058560000,64061.8,64099,64035.9,64097.8
1782058620000,64101.8,64115.8,64074.8,64102.4
1782058680000,64101.4,64110.3,64080.4,64105.9
1782058740000,64108.8,64119.8,64081,64114.8
1782058800000,64113.8,64122.8,64077.4,64118.2
1782058860000,64119.8,64133.8,64089.7,64112.8
1782058920000,64113.9,64180.8,64113.9,64167.8
1782058980000,64140.3,64169.8,64137.2,64157.4
1782059040000,64150.5,64156.8,64122.2,64144.7
1782059100000,64140.8,64161.8,64120.7,64143.6
1782059160000,64149.6,64151.8,64125.9,64140.6
1782059220000,64136.3,64140.8,64118.4,64126.4
1782059280000,64101.5,64137.8,64101.5,64125.8
1782059340000,64113,64116.8,64079.2,64113.2
1782059400000,64114.1,64118.8,64080.1,64099.8
1782059460000,64100.8,64108.2,64074.4,64083.3
1782059520000,64077.7,64087.8,64058.7,64079.8
1782059580000,64076.8,64076.8,64032.9,64036.8
1782059640000,64031,64034.8,63961.8,63983.8
1782059700000,63959.7,64016.8,63959.7,63987.6
1782059760000,63989.5,64026.8,63988.2,64024.4
1782059820000,64018.7,64025.8,63968.1,63976.8
1782059880000,63972.2,63993.4,63954.3,63979.8
1782059940000,63968.2,63992.8,63954.8,63968.5
1782060000000,63977.8,63995.8,63949.2,63994.8
1782060060000,63993.8,64020.8,63961.4,64020.8
1782060120000,64015.5,64042.8,64002.9,64037.7
1782060180000,64037.1,64043.8,64011.7,64041.8
1782060240000,64040.8,64040.8,64012,64032.8
1782060300000,64033.8,64047.8,64007.7,64042
1782060360000,64017.2,64088.8,64017.2,64078
1782060420000,64073.6,64082.8,64063.7,64068.9
1782060480000,64074.8,64100.8,64048.5,64100
1782060540000,64098.8,64098.8,64044.4,64072.8
1782060600000,64050.6,64094.8,64050.6,64083.8
1782060660000,64057.9,64090.8,64057.7,64085.4
1782060720000,64087.8,64139.8,64060.6,64122
1782060780000,64117.2,64122.8,64082.9,64091.6
1782060840000,64068.5,64097.8,64063.6,64065
1782060900000,64071.8,64086.8,64046.9,64086.8
1782060960000,64085.8,64087.8,64048.9,64079.8
1782061020000,64084.8,64093.8,64061,64074.8
1782061080000,64077.8,64078.8,64043.4,64072.8
1782061140000,64059.7,64073.8,64042.3,64072.5
1782061200000,64070.2,64074.8,64026.6,64050.8
1782061260000,64042.4,64069.7,64035.9,64050.6
1782061320000,64056.2,64081.5,64056.2,64075.5
1782061380000,64080.3,64098.4,64075.8,64097.4
1782061440000,64100.8,64116.8,64078.1,64114.2
1782061500000,64111.4,64128.8,64078.1,64116.9
1782061560000,64096.2,64141.8,64096.2,64115.3
1782061620000,64114.7,64123.8,64090.9,64107.4
1782061680000,64113.8,64136.8,64090.8,64124.3
1782061740000,64123.1,64141.8,64104.1,64139.8
1782061800000,64138.4,64138.4,64117.6,64120.3
1782061860000,64098.7,64151.8,64098.7,64147.8
1782061920000,64146.8,64147.8,64137.1,64137.8
1782061980000,64143.8,64143.8,64127.6,64132.8
1782062040000,64130.4,64130.4,64130.4,64130.4
1782062100000,64135.3,64138.3,64103.7,64124.9
1782062160000,64119.8,64124.8,64088.1,64115.8
1782062220000,64110.1,64114.8,64100.7,64106.8
1782062280000,64096.7,64103.8,64067.8,64102.8
1782062340000,64102.8,64102.8,64027.6,64027.6
1782062400000,64100.6,64100.6,64085.3,64090.6
1782062460000,64094.8,64094.8,64063.3,64077.9
1782062520000,64081.8,64083.8,64072.9,64083.8
1782062580000,64058,64081.8,64050.2,64054.5
1782062640000,64080.8,64080.8,64055.7,64057.5
1782062700000,64057.3,64091.8,64046.2,64090.3
1782062760000,64065.7,64091.8,64065.7,64088.3
1782062820000,64089.8,64093.8,64065.8,64071.4
1782062880000,64073.8,64073.8,64032.9,64039.8
1782062940000,64040.8,64045.8,64014.7,64029.8
1782063000000,64002.9,64046.8,64002.9,64016.2
1782063060000,63994.7,64035.8,63994.7,64032.8
1782063120000,64005.9,64031.3,63982.2,63984.1
1782063180000,63985.9,64020.8,63985.9,64002.4
1782063240000,64007.6,64007.6,63983,64004.4
1782063300000,64000.1,64003.8,63999.8,64003.1
1782063360000,63999.7,64019.8,63988.4,64019.8
1782063420000,64018.5,64018.5,64016.4,64016.4
1782063480000,64011.2,64015.8,63996.9,63996.9
1782063540000,64003.5,64011.8,64003.5,64011.5
1782063600000,63936.9,64008.3,63936.8,63999.6
1782063660000,64004,64014.8,63987.2,63988.7
1782063720000,64017.8,64040.8,63994.5,64039.6
1782063780000,64028.5,64060.8,64022.5,64060.8
1782063840000,64053.9,64057.8,64022,64055.8
1782063900000,64030.9,64090.8,64030.9,64088.8
1782063960000,64086.8,64117.8,64060.8,64116.8
1782064020000,64102,64110.8,64079.6,64108.7
1782064080000,64109.8,64118.8,64084,64111.8
1782064140000,64110.8,64112.8,64078.1,64109.5
1782064200000,64110.8,64110.8,64099.5,64105.7
1782064260000,64102.2,64106.8,64077,64106.8
1782064320000,64080.9,64114.4,64075.6,64101.8
1782064380000,64100,64104.8,64100,64102
1782064440000,64096.9,64107.8,64075.6,64104.1
1782064500000,64097,64105.8,64088.6,64098.4
1782064560000,64098,64110.8,64082.8,64110.8
1782064620000,64097.2,64108.8,64067.8,64097.8
1782064680000,64100.8,64104.8,64097.2,64100.4
1782064740000,64100.8,64101.8,64060.8,64068.4
1782064800000,64072.8,64086.8,64052.8,64079.4
1782064860000,64075.6,64082.8,63978.7,63986.8
1782064920000,63969.4,63981.8,63923.7,63949.8
1782064980000,63947.6,63947.6,63902.4,63918.8
1782065040000,63892.7,63923.8,63888.9,63911.2
1782065100000,63903,63925.8,63867.8,63867.8
1782065160000,63870.5,63925.8,63861.1,63902.3
1782065220000,63921.1,63955.8,63900.2,63952.7
1782065280000,63945.6,63979.8,63924.7,63954.8
1782065340000,63944.5,63955.8,63910.6,63915.8
1782065400000,63890.8,63938.8,63890.8,63938.8
1782065460000,63929.6,63936.8,63901.7,63933.3
1782065520000,63926.4,63936.8,63906.4,63936.8
1782065580000,63938.8,63938.8,63908.6,63936.8
1782065640000,63937.8,63937.8,63911.2,63929.2
1782065700000,63934.9,63954.8,63913.2,63938.7
1782065760000,63934.9,63940.8,63905.2,63929.8
1782065820000,63903.9,63956.8,63903.9,63944.7
1782065880000,63948.9,63951.8,63924.4,63949.9
1782065940000,63938.6,63949.8,63933.7,63940.8
1782066000000,63939.8,63947.8,63912.5,63947.8
1782066060000,63948.8,63967.8,63925.2,63966.2
1782066120000,63943.9,63971.2,63935.6,63950.7
1782066180000,63946.4,63952.8,63923.9,63952.8
1782066240000,63952.8,63952.8,63879.1,63879.1
1782066300000,63881.8,63959,63881.8,63931.8
1782066360000,63934,63979.8,63934,63973
1782066420000,63954.4,63989.8,63954.3,63983.8
1782066480000,63972.5,63980.8,63946.2,63948.2
1782066540000,63966.1,63970.8,63945.1,63945.1
1782066600000,63967.3,63969.8,63940,63943.6
1782066660000,63944.3,64123.8,63944.3,64117.8
1782066720000,64101.8,64115.8,64055.4,64088.8
1782066780000,64087.8,64098,64041.1,64098
1782066840000,64090.9,64091.8,64056.8,64076.6
1782066900000,64055.2,64104.8,64055.2,64094
1782066960000,64094.7,64102.8,64049.2,64097.8
1782067020000,64095,64096.8,64062.2,64088.5
1782067080000,64065.9,64122.8,64065.9,64122.8
1782067140000,64123.8,64169.7,64103.5,64130
1782067200000,64106.6,64145.8,64106.6,64125.8
1782067260000,64131.8,64131.8,64116.9,64120.8
1782067320000,64112.1,64118.8,64072,64099.2
1782067380000,64097.8,64097.8,64066.8,64070.7
1782067440000,64090.7,64116.8,64068.1,64111.8
1782067500000,64110.8,64110.8,64076.9,64076.9
1782067560000,64094.8,64133.6,64050.4,64119.8
1782067620000,64118.3,64138.1,64093.6,64117.8
1782067680000,64117.5,64139.8,64086.7,64105.8
1782067740000,64104.8,64115.8,64054.2,64111.5
1782067800000,64113.8,64126.8,64078.7,64110.7
1782067860000,64104.4,64110.8,64086.2,64093.8
1782067920000,64079.2,64087.8,64055,64077.8
1782067980000,64067.8,64076.8,64050.1,64069.8
1782068040000,64067.9,64116.8,64045.7,64102.6
1782068100000,64120.3,64124.8,64107.2,64112.8
1782068160000,64109.8,64110.8,64084.1,64104
1782068220000,64099.7,64102.8,64070.4,64071.1
1782068280000,64094.4,64104.8,64074.4,64100
1782068340000,64098.6,64141.8,64076.3,64139.8
1782068400000,64128.3,64161.4,64105,64161.4
1782068460000,64154,64199.8,64134.3,64175.8
1782068520000,64199.7,64231.9,64163.9,64192.6
1782068580000,64195.8,64195.8,64141.7,64141.7
1782068640000,64146.8,64158.8,64105.8,64105.8
1782068700000,64110.8,64115.8,64083.9,64112.8
1782068760000,64108.1,64109.3,64073.6,64076.6
1782068820000,64075.7,64104.8,64075.7,64078.9
1782068880000,64104.4,64105.8,64098.4,64104.8
1782068940000,64091.3,64101.8,64068.1,64078.3
1782069000000,64095.6,64122.6,64076.7,64093.1
1782069060000,64093.2,64143.8,64093.2,64118.5
1782069120000,64142.9,64144.8,64113.9,64122.6
1782069180000,64124.3,64155.8,64124.3,64155
1782069240000,64154.7,64158.8,64126.5,64148.8
1782069300000,64141.4,64148.8,64110.2,64117
1782069360000,64136.9,64138.8,64106.4,64129.9
1782069420000,64131.2,64133.8,64120.3,64122.8
1782069480000,64097.3,64130.8,64097.3,64126.8
1782069540000,64125.3,64155.8,64101.3,64131.3
1782069600000,64132,64152.8,64129.8,64137.8
1782069660000,64115.6,64141.8,64115.6,64137.8
1782069720000,64131,64137.8,64110.1,64113.3
1782069780000,64138.8,64145.8,64115.2,64138.2
1782069840000,64144.8,64164.8,64117.1,64157.5
1782069900000,64162.8,64162.8,64129.3,64130.5
1782069960000,64158.8,64162.8,64134.6,64162.7
1782070020000,64164.8,64165.8,64137.5,64142.4
1782070080000,64136.3,64144.8,64134.2,64138
1782070140000,64115.6,64142.8,64115.6,64124.1
1782070200000,64126.5,64158.1,64126.5,64134.8
1782070260000,64136,64166.8,64136,64162.9
1782070320000,64159.7,64161.8,64146.7,64146.7
1782070380000,64150.8,64162.8,64127.6,64161
1782070440000,64138,64166.5,64111.2,64112.4
1782070500000,64132.6,64133.8,64077.2,64093.6
1782070560000,64096.5,64134.8,64095.1,64111
1782070620000,64112,64112,64112,64112
1782070680000,64111.4,64136.4,64111.4,64136.4
1782070740000,64135.8,64148.8,64110.4,64126.5
1782070800000,64145.8,64149.8,64122.3,64145.3
1782070860000,64137.9,64145.8,64111.2,64113.9
1782070920000,64117.5,64128,64117.5,64128
1782070980000,64133.3,64163.8,64133.3,64148.3
1782071040000,64132.8,64160.8,64110.6,64113.8
1782071100000,64114.1,64143.8,64114.1,64132.4
1782071160000,64124.7,64126.8,64097,64123.3
1782071220000,64121.1,64122.8,64109.1,64110.8
1782071280000,64086.6,64123.8,64086.6,64104.8
1782071340000,64105.8,64150.4,64105.8,64150.4
1782071400000,64146.5,64160.1,64131.1,64131.1
1782071460000,64147.3,64160.8,64131.6,64144.9
1782071520000,64147.8,64152.8,64120.5,64144.2
1782071580000,64145,64145.8,64116.8,64122
1782071640000,64120.5,64155.8,64120.5,64155.8
1782071700000,64145.1,64150.4,64135,64136.2
1782071760000,64149.9,64157.8,64148.8,64156.8
1782071820000,64145.6,64150.8,64140.9,64144.8
1782071880000,64119.6,64146.8,64119.4,64144.8
1782071940000,64138.8,64145.8,64118.1,64130.1
1782072000000,64108.1,64142.8,64108.1,64139.6
1782072060000,64069.4,64069.4,64069.3,64069.3
1782072120000,64069.3,64140.8,64069.2,64120.8
1782072180000,64114.8,64115.8,64084.9,64090.7
1782072240000,64091.4,64135.8,64091.4,64135.8
1782072300000,64111.8,64169.8,64111.8,64169.8
1782072360000,64144.1,64191.8,64144.1,64175.9
1782072420000,64180.6,64194.8,64164.3,64168
1782072480000,64187.5,64192.8,64163.8,64184
1782072540000,64178.4,64178.8,64133.4,64159.2
1782072600000,64154.1,64158.8,64096.7,64096.7
1782072660000,64121.8,64121.8,64074.5,64097.7
1782072720000,64091.5,64100.8,64055.4,64065.9
1782072780000,64062.1,64080.8,64039.8,64054.8
1782072840000,64052.9,64092.2,64050.4,64092.2
1782072900000,64085.5,64087.8,64063.2,64065.3
1782072960000,64068,64090.8,64037.1,64061.8
1782073020000,64060.4,64069.8,64037.5,64060.8
1782073080000,64056.8,64059.8,64006.5,64012.8
1782073140000,63996.1,64005.8,63969.1,63999.8
1782073200000,63974.4,64014.8,63974.4,63987.5
1782073260000,64011.2,64027.8,63987.9,64027.8
1782073320000,64023.5,64047.8,64005.8,64024.6
1782073380000,64023.4,64047.3,64023.4,64047.1
1782073440000,64048.4,64048.4,64048.4,64048.4
1782073500000,64047.4,64054.4,64019.3,64019.3
1782073560000,64040.2,64041.5,63996.1,64024.8
1782073620000,64024.8,64027.9,63999.9,64024.5
1782073680000,64024.7,64029.8,64005.4,64007.3
1782073740000,64027.6,64036.3,64007.2,64017.5
1782073800000,64037.4,64052.2,64017.8,64029.9
1782073860000,64051.2,64051.2,64002.9,64002.9
1782073920000,64002.4,64025.8,63987.8,64009.8
1782073980000,63987.1,64007.7,63969.8,63998.8
1782074040000,63976.4,64001,63968.9,63976.8
1782074100000,63966.4,63999.8,63945.1,63968.6
1782074160000,63969.2,63969.2,63968.6,63968.6
1782074220000,63987.8,63989.3,63941.8,63946.1
1782074280000,63945.6,63945.6,63944.6,63944.6
1782074340000,63963.5,63968.8,63919.3,63945.4
1782074400000,63941.2,63944.8,63906.6,63906.6
1782074460000,63906.2,63926.6,63875.4,63885.6
1782074520000,63883.9,63908.8,63863.6,63908.8
1782074580000,63900.8,63923.8,63876.5,63904.8
1782074640000,63899.6,63901.8,63876.6,63877.5
1782074700000,63895.5,63907.8,63872.6,63897.8
1782074760000,63889.2,63895.8,63838.8,63847.3
1782074820000,63843.1,63843.1,63695.1,63714.2
1782074880000,63716.8,63750.8,63611.5,63655.1
1782074940000,63654.7,63687.8,63603.5,63666.8
1782075000000,63645.8,63723.7,63643,63674.8
1782075060000,63653.3,63713.6,63611.6,63713.6
1782075120000,63691.8,63714.8,63664.4,63669.2
1782075180000,63698.8,63719.8,63673.8,63698.9
1782075240000,63699.4,63772.8,63699.4,63767.4
1782075300000,63768.4,63781.8,63748.1,63762.8
1782075360000,63751.9,63760.8,63688.2,63713.6
1782075420000,63715.8,63715.8,63666.1,63685.8
1782075480000,63681.8,63759.8,63681.8,63734.8
1782075540000,63762.8,63773.8,63723.4,63773.8
1782075600000,63746.8,63805.6,63746.8,63782
1782075660000,63776.9,63777.8,63756.3,63756.3
1782075720000,63753,63774.8,63721.2,63751.8
1782075780000,63717.2,63773.3,63715.4,63737
1782075840000,63768.5,63768.5,63750.4,63753.8
1782075900000,63732.5,63762.8,63711.1,63736.7
1782075960000,63740.5,63740.5,63685.5,63690.7
1782076020000,63692.2,63723.8,63684.2,63720.1
1782076080000,63725.8,63726.8,63662.8,63667.8
1782076140000,63642.7,63678.8,63455.7,63483.8
1782076200000,63460.2,63606.4,63436.7,63490.4
1782076260000,63495.6,63543.8,63458.5,63515.8
1782076320000,63510.6,63554.8,63501.4,63554.8
1782076380000,63554.2,63590.8,63529.3,63557.1
1782076440000,63553.8,63580.8,63500.4,63557.8
1782076500000,63532.3,63600.1,63532.3,63580.4
1782076560000,63612.8,63621.8,63544.4,63575.8
1782076620000,63564.6,63570.8,63498.7,63510.9
1782076680000,63502.4,63515.8,63415.6,63463.8
1782076740000,63438.4,63519.2,63438.4,63518.8
1782076800000,63505.5,63606.8,63482.4,63583.8
1782076860000,63609.6,63658.3,63577.2,63619.5
1782076920000,63642.7,63653.8,63599,63653.8
1782076980000,63628,63715.8,63628,63673.6
1782077040000,63696.3,63696.8,63597.9,63606.2
1782077100000,63604.2,63626.8,63540,63563.2
1782077160000,63580.4,63650.8,63559.6,63642.7
1782077220000,63645.8,63661.8,63613.7,63658.8
1782077280000,63653.3,63658.8,63601.3,63610.5
1782077340000,63613.2,63663.1,63612.7,63612.7
1782077400000,63616.4,63659.8,63594.3,63633.1
1782077460000,63659.1,63709.8,63627.6,63695.8
1782077520000,63684,63711.5,63637.1,63711.4
1782077580000,63704.9,63711.4,63675.1,63685.5
1782077640000,63710.3,63710.3,63670.7,63699.8
1782077700000,63677,63742.5,63677,63715.8
1782077760000,63714.1,63714.1,63664.6,63688.8
1782077820000,63685,63687.8,63621,63650.8
1782077880000,63631.2,63747.8,63631.2,63722.2
1782077940000,63724.9,63891.8,63724.9,63875.6
1782078000000,63879.8,63880.8,63790.6,63832.8
1782078060000,63830.4,63888.8,63810.3,63872.4
1782078120000,63874.8,63874.8,63780,63826.8
1782078180000,63825,63833.7,63785.8,63807.3
1782078240000,63810,63840.8,63781,63824.8
1782078300000,63822.8,63822.8,63747.2,63775.8
1782078360000,63779.6,63798.8,63753.7,63777.4
1782078420000,63782.4,63789.8,63749.4,63789.4
1782078480000,63764.3,63847.8,63764.3,63813.9
1782078540000,63814.4,63859.8,63795.3,63827.8
1782078600000,63822.8,63827.5,63745.3,63780.5
1782078660000,63780.4,63780.8,63694,63704.4
1782078720000,63712,63783.8,63712,63783.8
1782078780000,63774.3,63799.8,63744.3,63792.8
1782078840000,63784.8,63784.8,63730.5,63741.6
1782078900000,63742.2,63744.8,63708.2,63712.8
1782078960000,63710.5,63725.8,63692.9,63725.8
1782079020000,63726.8,63728.8,63695.5,63701.9
1782079080000,63704.7,63704.7,63703.1,63704.6
1782079140000,63699.9,63754.5,63699.9,63738.8
1782079200000,63738.8,63738.8,63532,63579.5
1782079260000,63581.6,63638.8,63562.8,63600.6
1782079320000,63638.2,63732.7,63613.4,63699.8
1782079380000,63699.1,63787.2,63660.1,63750.8
1782079440000,63762,63767.6,63690.8,63715.4
1782079500000,63715.6,63747.6,63658.8,63681.7
1782079560000,63681.6,63703,63621.5,63631.5
1782079620000,63631.4,63684.7,63597.8,63649.1
1782079680000,63649.2,63669.7,63579.7,63594.8
1782079740000,63619.2,63619.2,63477,63508.1
1782079800000,63495.9,63624.1,63489.8,63582
1782079860000,63580.5,63580.5,63472.6,63518.6
1782079920000,63518.9,63540,63472.7,63505
1782079980000,63479.7,63559.9,63479.6,63488.6
1782080040000,63488.5,63561.3,63488.4,63534.2
1782080100000,63534.1,63627,63522.9,63612.9
1782080160000,63588.7,63628.7,63571.4,63580.6
1782080220000,63580.7,63656.3,63579.4,63629.1
1782080280000,63629.2,63683.7,63629.1,63652.9
1782080340000,63671.7,63671.7,63578.4,63620.7
1782080400000,63574.2,63635.3,63552.1,63635.3
1782080460000,63608.5,63703.7,63608.5,63650.9
1782080520000,63657,63687.6,63633.8,63687.3
1782080580000,63662.1,63689,63640.8,63651.5
1782080640000,63651.6,63685.9,63630,63653.9
1782080700000,63612.6,63663.9,63599,63654.2
1782080760000,63654,63680.6,63624.3,63653.6
1782080820000,63653.5,63701.8,63649.5,63659.6
1782080880000,63658.1,63677.3,63628.5,63630.3
1782080940000,63631.6,63664.9,63600.1,63653.2
1782081000000,63648.4,63648.4,63480.6,63508.5
1782081060000,63525.3,63576.5,63474.1,63568.2
1782081120000,63567.5,63633.2,63541.5,63618.6
1782081180000,63579.3,63611.6,63545.7,63572.5
1782081240000,63570.9,63571.7,63481.3,63507.6
1782081300000,63481.6,63543.2,63481.6,63520.7
1782081360000,63520.8,63563.8,63510.7,63537.5
1782081420000,63537.6,63560.4,63500.4,63517.1
1782081480000,63517.7,63557.2,63509.7,63513
1782081540000,63540.3,63563.8,63513.3,63554.7
1782081600000,63529.4,63582.6,63493.4,63551.7
1782081660000,63551.6,63612.1,63546.3,63596.4
1782081720000,63596.7,63610.5,63552,63578.8
1782081780000,63584.5,63614.3,63564,63564.2
1782081840000,63563.8,63601,63563.8,63568.5
1782081900000,63588.2,63627.7,63563,63625.8
1782081960000,63598.7,63621.7,63576,63588.9
1782082020000,63589.7,63627.1,63587.8,63613
1782082080000,63619.9,63624.9,63582.1,63614.5
1782082140000,63589.5,63628.7,63585.4,63598.7
1782082200000,63598.6,63665.4,63598.5,63664.6
1782082260000,63637.8,63679.1,63631.7,63651.2
1782082320000,63651.3,63727.1,63643.3,63693.6
1782082380000,63712.3,63726.5,63671.7,63691.2
1782082440000,63691.1,63736.3,63689.3,63710.8
1782082500000,63711.2,63785.8,63692.1,63760.7
1782082560000,63755.7,63769.7,63681.8,63701.7
1782082620000,63721.3,63731.3,63696,63706
1782082680000,63705.9,63730.3,63695.3,63727.4
1782082740000,63721.2,63729.2,63699.6,63700.2
1782082800000,63700.2,63721,63604.4,63631.4
1782082860000,63606.4,63631.1,63552,63552.1
1782082920000,63575.1,63619,63506.4,63577.8
1782082980000,63606.8,63636.2,63553.4,63598.4
1782083040000,63598.5,63619.8,63565.8,63598.1
1782083100000,63598.2,63658.1,63570.1,63614.9
1782083160000,63615,63652,63598.8,63624.2
1782083220000,63648.5,63649.8,63594.3,63631.7
1782083280000,63632.5,63666.4,63608.2,63634.4
1782083340000,63634.1,63695.5,63604,63673.7
1782083400000,63673.6,63693.8,63614.9,63619.5
1782083460000,63619.3,63671.9,63598,63627.3
1782083520000,63633.1,63683.5,63600.7,63652.9
1782083580000,63684.9,63701.2,63638,63664.8
1782083640000,63637.2,63654.8,63587.9,63616.6
1782083700000,63616.7,63673.8,63575.7,63583.9
1782083760000,63580.7,63661,63576.2,63608.5
1782083820000,63608.9,63672.1,63602.4,63670.8
1782083880000,63644.3,63674.4,63625.6,63654.8
1782083940000,63653.9,63669.6,63610.1,63640.7
1782084000000,63639.4,63719.9,63622.2,63703.8
1782084060000,63695.9,63706.5,63653.3,63675.7
1782084120000,63668.4,63683.8,63620.3,63631.6
1782084180000,63631.8,63725.8,63631.8,63691.9
1782084240000,63691.8,63726,63676.4,63707.5
1782084300000,63702.8,63726.1,63672.5,63696.7
1782084360000,63691.9,63700.8,63639.6,63670.8
1782084420000,63639.6,63673.3,63625.6,63658.8
1782084480000,63660.7,63660.7,63570.3,63578.1
1782084540000,63579,63600.2,63530,63543.4
1782084600000,63543.5,63598,63521,63550.7
1782084660000,63547.8,63552,63308.8,63371.3
1782084720000,63402.4,63424.7,63331.9,63381
1782084780000,63337.8,63387.5,63232,63349.1
1782084840000,63348.8,63378.2,63262.1,63300.2
1782084900000,63300.3,63346.9,63244.5,63308.2
1782084960000,63312.2,63346.7,63226.4,63266.8
1782085020000,63266.6,63314.5,63206.1,63281.5
1782085080000,63281.7,63343.5,63250.3,63305.2
1782085140000,63305.1,63328.1,63250.7,63315.7
1782085200000,63315.8,63342.3,63238.6,63307.6
1782085260000,63311.5,63353.4,63270.6,63284.7
1782085320000,63284.6,63329.1,63261,63326.3
1782085380000,63328.8,63334.5,63256.9,63307.5
1782085440000,63303.4,63303.4,63201.3,63255.2
1782085500000,63225.2,63287.9,63204.2,63205
1782085560000,63235.9,63263.3,63201.5,63210.9
1782085620000,63210.8,63284.2,63166.6,63254
1782085680000,63285,63306.4,63229.3,63259.8
1782085740000,63229.4,63310.3,63229.3,63275.4
1782085800000,63247.1,63320.8,63247.1,63310.3
1782085860000,63303.4,63317.5,63256.7,63267
1782085920000,63298.8,63308,63211.1,63243.8
1782085980000,63251.2,63314.1,63244.6,63283.8
1782086040000,63276.8,63289.4,63193.6,63221.8
1782086100000,63223.8,63247.2,63187.1,63216.9
1782086160000,63217,63272.8,63217,63239.3
1782086220000,63226.4,63261.5,63202.7,63205.2
1782086280000,63204.8,63255.4,63185.8,63217.2
1782086340000,63217.6,63263.3,63205.4,63239.9
1782086400000,63239.8,63389.2,63224.2,63295.7
1782086460000,63293.8,63337,63271,63299
1782086520000,63323.1,63343,63280.7,63303.7
1782086580000,63323.9,63368.6,63291.9,63347.8
1782086640000,63330.1,63374.6,63298,63332.8
1782086700000,63366,63423.7,63333.4,63417.7
1782086760000,63391.8,63455.5,63383.5,63447.8
1782086820000,63431.5,63467.8,63377.1,63406.8
1782086880000,63383.9,63467.6,63382.7,63442.8
1782086940000,63438.9,63505.6,63391.6,63505.6
1782087000000,63480.1,63521.7,63383.1,63427.2
1782087060000,63427.6,63454.4,63360.5,63362.8
1782087120000,63362.9,63397.4,63332.3,63393.3
1782087180000,63397.2,63421.2,63363.1,63389.7
1782087240000,63420.1,63443.5,63390.2,63440.8
1782087300000,63431.6,63468,63396.6,63431.5
1782087360000,63430.6,63506.6,63405.2,63479
1782087420000,63478.1,63527.8,63460,63521.7
1782087480000,63524.4,63686.3,63493.9,63663.2
1782087540000,63636.2,63674.8,63523.8,63542.4
1782087600000,63542.7,63599.7,63539,63573.4
1782087660000,63573.3,63607.5,63493.5,63539.2
1782087720000,63539,63547.7,63450.9,63483.6
1782087780000,63487.7,63528,63458.2,63481.6
1782087840000,63480.9,63585.4,63480.9,63585.4
1782087900000,63554.4,63589.7,63526.4,63566.8
1782087960000,63565.7,63640.4,63542.4,63640.4
1782088020000,63639.9,63645.4,63591.7,63610.8
1782088080000,63603.1,63642.3,63598,63622.8
1782088140000,63620.3,63658.5,63588.2,63658.5
1782088200000,63659,63688.6,63609.8,63628.7
1782088260000,63651.1,63749,63617.3,63729.8
1782088320000,63720.6,63736.4,63659.5,63727
1782088380000,63727.8,63730.6,63676.4,63677.9
1782088440000,63677.8,63709.3,63620,63657.9
1782088500000,63662.7,63707.1,63632.5,63674.1
1782088560000,63674.2,63783.3,63674.2,63783.3
1782088620000,63774.8,64017.8,63746.1,63993.4
1782088680000,63985.8,64024.2,63875.7,63905.8
1782088740000,63903.8,63933.7,63849.2,63884.1
1782088800000,63882.1,63948.9,63845.5,63928.4
1782088860000,63932.7,63944.9,63871.2,63926.8
1782088920000,63912.9,63917.8,63819.2,63854
1782088980000,63859.7,63875.8,63833.9,63864.8
1782089040000,63850.4,63861.1,63806.2,63841.7
1782089100000,63841.8,63870.1,63785.2,63831.8
1782089160000,63816.7,63939.5,63768.7,63915.6
1782089220000,63898.1,63917.9,63846.7,63887.8
1782089280000,63875.5,63884.8,63763.2,63792.4
1782089340000,63774.7,63798.8,63739.3,63784.2
1782089400000,63777.3,63783.8,63624,63690.9
1782089460000,63697.2,63698.6,63620.2,63650.1
1782089520000,63648.5,63721,63643.1,63695.7
1782089580000,63702.7,63743.5,63686.4,63731.8
1782089640000,63730.7,63742.4,63678.6,63731.1
1782089700000,63732.3,63782.9,63681.8,63756.8
1782089760000,63754,63782.2,63728,63742.5
1782089820000,63769,63795.1,63755.1,63795.1
1782089880000,63794.9,63858.3,63761.1,63784
1782089940000,63779.2,63859.1,63752,63818.3
1782090000000,63823,63878.3,63788.5,63842.1
1782090060000,63842,63880.8,63793.4,63854.8
1782090120000,63854.7,63939.2,63828.5,63914.5
1782090180000,63914.6,63987.4,63841.3,63876.3
1782090240000,63880.5,63891.4,63816.1,63854.2
1782090300000,63889.2,63907.2,63784.1,63824.5
1782090360000,63824.4,63908,63820.7,63899.8
1782090420000,63883.7,63941.8,63854.1,63906.2
1782090480000,63928.4,63928.4,63836.5,63879.8
1782090540000,63867.6,63870.4,63786.6,63787.3
1782090600000,63787.2,63857,63769.3,63857
1782090660000,63830.8,63863.2,63817,63840.4
1782090720000,63844.8,63844.8,63775.7,63805.5
1782090780000,63813.8,63834.9,63761.6,63761.7
1782090840000,63781.8,63822.4,63751.1,63794.9
1782090900000,63796.3,63897.7,63796.3,63873.8
1782090960000,63897.9,63901.3,63828,63874.3
1782091020000,63910,63978.6,63876.4,63975.4
1782091080000,63978.6,64099,63960.1,64033.9
1782091140000,64063.3,64082.5,63966.5,63976.2
1782091200000,64010,64046.2,63961.7,64008.4
1782091260000,64025.1,64033.8,63969.5,63984.5
1782091320000,64014.8,64132.9,63992.6,64114.8
1782091380000,64110.9,64360.3,64077.1,64360.3
1782091440000,64340.3,64360.3,64211.5,64277.9
1782091500000,64255.2,64444.2,64252.1,64422.6
1782091560000,64439.8,64742.2,64372.2,64652.3
1782091620000,64626,64705.8,64551.2,64609.8
1782091680000,64609.3,64609.3,64508,64551.2
1782091740000,64541.9,64585.8,64473.5,64577.4
1782091800000,64570.6,64639.5,64554.7,64623.5
1782091860000,64623.4,64637.8,64494.2,64494.2
1782091920000,64490.4,64595.7,64476.3,64516.5
1782091980000,64510.7,64524.6,64439.5,64461.8
1782092040000,64435.8,64473,64344.2,64395.5
1782092100000,64395.8,64435.5,64350.8,64402.5
1782092160000,64403.6,64403.6,64268.4,64307.5
1782092220000,64280.8,64379.8,64277.1,64378.8
1782092280000,64380.4,64425.2,64366.1,64383
1782092340000,64404.3,64454.4,64366.6,64449.3
1782092400000,64453.2,64527.6,64422.5,64496.3
1782092460000,64496.5,64566.6,64473.7,64555.3
1782092520000,64551.6,64551.6,64417.5,64445.7
1782092580000,64448.7,64448.7,64358,64374.5
1782092640000,64374.8,64465.3,64374,64440.3
1782092700000,64416.5,64486.4,64414.7,64458.2
1782092760000,64464,64470.1,64390.3,64417.4
1782092820000,64425,64439.4,64373.3,64423.7
1782092880000,64398.6,64493.4,64398.6,64451.7
1782092940000,64483.1,64550.5,64452.6,64521.8
1782093000000,64521.6,64573.2,64481.4,64528.8
1782093060000,64524.4,64561.4,64477.6,64530.9
1782093120000,64530.9,64561.9,64487.6,64523.8
1782093180000,64521.4,64590.4,64469,64530.4
1782093240000,64554,64600.2,64502.4,64599.2
1782093300000,64600.2,64611.2,64545.3,64575.7
1782093360000,64574.3,64622.8,64528.3,64558.8
1782093420000,64537.3,64567.3,64500.3,64531.8
1782093480000,64524.6,64538.1,64470.1,64483.6
1782093540000,64487.2,64587.8,64468.6,64526.3
1782093600000,64508.8,64597.1,64485.6,64507.5
1782093660000,64511.1,64542.2,64434.1,64505.8
1782093720000,64473.3,64501.8,64381.8,64432.6
1782093780000,64434,64531.1,64434,64499.7
1782093840000,64475.6,64515.9,64472.1,64502.4
1782093900000,64498,64525.5,64456.8,64511.4
1782093960000,64507.5,64510.9,64424.2,64458.2
1782094020000,64454.2,64493.1,64435.4,64467.8
1782094080000,64463,64491.8,64423.2,64450.6
1782094140000,64428,64473.8,64424.5,64453.9
1782094200000,64457.8,64490.9,64401.7,64456.1
1782094260000,64456.9,64486.5,64416.9,64486.1
1782094320000,64490.1,64508.2,64424.5,64466.5
1782094380000,64463.2,64485.8,64444.3,64472
1782094440000,64476.9,64514.5,64436.2,64436.2
1782094500000,64450.3,64469.7,64409.9,64461.1
1782094560000,64441.5,64520.3,64413.9,64483.3
1782094620000,64502,64540.9,64482.4,64516.4
1782094680000,64537.8,64576.7,64515.8,64551.4
1782094740000,64557,64574.7,64498.2,64537.1
1782094800000,64541.8,64541.8,64481.6,64504.1
1782094860000,64510.8,64510.8,64418.6,64452.8
1782094920000,64428.9,64490.5,64405.7,64446.8
1782094980000,64422,64467.2,64422,64462.8
1782095040000,64465.2,64482.9,64442.3,64442.3
1782095100000,64441.3,64490.4,64424.3,64464.3
1782095160000,64443.1,64504.9,64416.4,64453.9
1782095220000,64453.4,64471.9,64414.7,64470.2
1782095280000,64466.3,64524.6,64445.1,64477.2
1782095340000,64477.1,64507.8,64442.2,64464.6
1782095400000,64469,64481.2,64406.5,64431.5
1782095460000,64432.8,64490.1,64422.6,64482.1
1782095520000,64453.3,64489.6,64427.8,64480.6
1782095580000,64453.6,64495.3,64453.6,64487.3
1782095640000,64463.9,64486,64387.3,64433.3
1782095700000,64442.9,64451.2,64365.7,64372.4
1782095760000,64391.4,64474.5,64373.2,64454.4
1782095820000,64463.2,64481,64429.1,64458.8
1782095880000,64454.6,64470.5,64408.4,64408.4
1782095940000,64457.8,64480.3,64427,64480.1
1782096000000,64451.2,64516.7,64442.3,64479.8
1782096060000,64497.8,64508.8,64441.4,64446.6
1782096120000,64446.6,64485.6,64429.8,64448.8
1782096180000,64436.3,64459.3,64408.5,64452.9
1782096240000,64446.2,64452.7,64384.5,64422
1782096300000,64426.2,64429.8,64345.1,64375.3
1782096360000,64369.8,64405.5,64349.5,64371.3
1782096420000,64388.2,64388.2,64329.6,64363
1782096480000,64367.3,64380.4,64314.6,64330.2
1782096540000,64352.8,64356.8,64278.4,64331.4
1782096600000,64309.6,64338.8,64193.5,64196.1
1782096660000,64197.8,64272,64179.4,64233.9
1782096720000,64227.9,64250,64186.6,64223.8
1782096780000,64222.8,64240.6,64162,64189.3
1782096840000,64188.6,64232.5,64157.6,64199.1
1782096900000,64216.5,64257.4,64187.4,64220.5
1782096960000,64221.8,64235.4,64200.2,64225.8
1782097020000,64201.7,64224.5,64192.9,64201.1
1782097080000,64203.5,64206.9,64158.5,64190.9
1782097140000,64195,64208.6,64143.4,64191.8
1782097200000,64188.9,64190.8,64075.2,64078.8
1782097260000,64076.8,64104.9,63788.6,63876.5
1782097320000,63872.6,64043.1,63838.6,64043.1
1782097380000,64047.1,64093.8,63980.1,64015.7
1782097440000,63993.6,64083.6,63993.6,64049.1
1782097500000,64049.6,64094.4,64020.5,64025.3
1782097560000,64052.1,64052.1,63973.6,64004.2
1782097620000,64006.8,64014.3,63940.2,63952.5
1782097680000,63994.8,63994.8,63898.6,63925.9
1782097740000,63926,64008.8,63923.9,64007.1
1782097800000,63998.2,63998.6,63932.5,63971
1782097860000,63997.6,64000.8,63967,63969.9
1782097920000,64003.1,64046.4,63976.2,64046.4
1782097980000,64014.9,64076.7,64004.1,64047.7
1782098040000,64048,64075.5,63937.1,63947.4
1782098100000,63983,64074.4,63967.2,64074.4
1782098160000,64075.6,64158.1,64042.3,64133.3
1782098220000,64157.8,64174,64090.5,64113.3
1782098280000,64113.2,64225.8,64112.9,64184.5
1782098340000,64184.8,64266.4,64175.1,64237.6
1782098400000,64242.2,64261.9,64185.4,64186.4
1782098460000,64205.9,64215.4,64169.7,64199.7
1782098520000,64173.5,64204.9,64141.9,64177.9
1782098580000,64201.8,64262.6,64176.9,64252.7
1782098640000,64258.5,64300,64197.3,64300
1782098700000,64277.1,64385.2,64277.1,64385.2
1782098760000,64347.9,64388.6,64186.4,64219
1782098820000,64188.8,64249.6,64149.1,64172.5
1782098880000,64140.4,64224.3,64140,64208
1782098940000,64207,64223.2,64163.6,64210.7
1782099000000,64181.4,64275.5,64180.9,64254.8
1782099060000,64264.5,64359.1,64234.5,64354.3
1782099120000,64349.6,64374.9,64267.3,64314.8
1782099180000,64307.2,64311.8,64172.7,64211.4
1782099240000,64200.6,64220.1,64135.4,64180.2
1782099300000,64180.3,64207.9,64133.7,64192.8
1782099360000,64192.3,64192.3,64108.4,64153.9
1782099420000,64129.5,64161.3,64079.6,64159.6
1782099480000,64155.8,64192.3,64118.9,64178.4
1782099540000,64184,64188.2,64129.6,64162.8
1782099600000,64161.4,64184,64132.9,64176.8
1782099660000,64167.4,64174.8,64144,64157.9
1782099720000,64152.6,64157.8,64102.4,64124
1782099780000,64099.7,64142.5,64091.9,64115.5
1782099840000,64107.8,64110.8,64057.7,64104.8
1782099900000,64080.4,64127.6,64063.4,64076.7
1782099960000,64066.4,64099.3,64040.9,64068.7
1782100020000,64059.8,64077.3,64022.7,64076.3
1782100080000,64076.7,64110.9,64044.9,64109.6
1782100140000,64106.8,64133.4,64072.3,64111.1
1782100200000,64114.9,64140.3,64017.4,64053.9
1782100260000,64057.8,64057.8,63994.4,64029
1782100320000,64029.1,64079.5,64024.6,64056.9
1782100380000,64058,64065.8,64024.5,64062.8
1782100440000,64059.9,64068.3,64028.4,64058
1782100500000,64056.5,64056.5,63911.8,63948.8
1782100560000,63929.8,63929.8,63814.9,63815.2
1782100620000,63847.8,63899.2,63823.4,63869.6
1782100680000,63869.5,63917.8,63848.3,63917.8
1782100740000,63909.2,63917.8,63867.1,63867.3
1782100800000,63897.6,63917.6,63797.2,63830.6
1782100860000,63806.6,63844.4,63761,63814
1782100920000,63813.9,63895.4,63775.3,63865.1
1782100980000,63836.6,63897.8,63794.3,63894.9
1782101040000,63895,63935.1,63872.3,63935.1
1782101100000,63935.4,63940.5,63845.3,63881.8
1782101160000,63879,63896.5,63827,63885.8
1782101220000,63884.8,63913.2,63839.8,63867.5
1782101280000,63870.7,63899,63825.5,63881.1
1782101340000,63885.2,63896.5,63856.8,63886.8
1782101400000,63875.9,63911.2,63840.1,63883.9
1782101460000,63907.4,63917.2,63853.5,63874.6
1782101520000,63874.1,63924.6,63873.4,63895.2
1782101580000,63895.1,63940.3,63895.1,63937.4
1782101640000,63939.3,63950.5,63856.6,63866.5
1782101700000,63866.6,63915.2,63857.6,63906.8
1782101760000,63909.5,63941.8,63880.3,63882.6
1782101820000,63911.5,63941.8,63882.6,63912.8
1782101880000,63914.8,63932,63885.5,63927.8
1782101940000,63903.8,63929.8,63792.1,63797.9
1782102000000,63798,63903.6,63797.9,63899.8
1782102060000,63895,63898.9,63841.5,63896.8
1782102120000,63898.9,63931.5,63869.6,63929.9
1782102180000,63902.1,63943.6,63885.4,63919.8
1782102240000,63915.5,63953.5,63887.7,63952.8
1782102300000,63944.2,63947.8,63847.6,63851.4
1782102360000,63890.8,63905,63859.6,63887.8
1782102420000,63886.8,63886.8,63824.1,63868.8
1782102480000,63864.4,63903.2,63844,63894.6
1782102540000,63896.6,63904.8,63857,63896.2
1782102600000,63900.8,63947.7,63881.1,63946.8
1782102660000,63940.4,63950.5,63890.2,63910.3
1782102720000,63910.1,63928.1,63888.9,63928.1
1782102780000,63926.2,63952.2,63887.9,63948.7
1782102840000,63918.4,63955.6,63895.6,63934.3
1782102900000,63942.6,63954.8,63918.2,63918.9
1782102960000,63940.6,63988.8,63918.6,63961.8
1782103020000,63961.7,63984.8,63902.6,63936.4
1782103080000,63937.9,63951.7,63914.8,63948.9
1782103140000,63944.7,63948.8,63910.4,63913.8
1782103200000,63936.4,63945.8,63894.1,63919.8
1782103260000,63892.3,63927.4,63863.7,63891
1782103320000,63894,63913,63866.1,63913
1782103380000,63910.2,63942.3,63878.3,63902.4
1782103440000,63924.8,63924.8,63857.8,63883.4
1782103500000,63882.4,63927.8,63865.2,63924.7
1782103560000,63920.7,63986.9,63895.3,63973.2
1782103620000,63972.4,63999.6,63944,63995.6
1782103680000,63985.4,63995.8,63946.8,63972.5
1782103740000,63974.9,63994.7,63951.8,63962.9
1782103800000,63963,64014.4,63962.1,64001.7
1782103860000,64007.8,64012.2,63979.4,63987.5
1782103920000,63985.7,63989.7,63938.5,63982.5
1782103980000,63977.4,63988,63924.6,63980.5
1782104040000,63961.2,64015.3,63960.7,63991.8
1782104100000,64009.2,64016.8,63980.8,63981.9
1782104160000,64006.5,64007.8,63979.3,63998.2
1782104220000,63995.7,64029.2,63980.3,64006.1
1782104280000,64006.5,64035.7,63993.8,64006.9
1782104340000,64005.7,64047.6,63997.1,64023.2
1782104400000,64019.5,64043,63988.4,64041.3
1782104460000,64043.2,64055.3,63972.6,64014.1
1782104520000,64024.9,64043.5,63998.6,63999
1782104580000,64017.5,64036,63999,64021.8
1782104640000,64020.8,64021.8,63993.2,63993.7
1782104700000,64017.3,64033,63993.8,64032.9
1782104760000,64000.9,64093.6,63992.3,64079.8
1782104820000,64086.8,64109.9,64062.5,64079.6
1782104880000,64079.7,64166.8,64079.5,64149.3
1782104940000,64148.3,64178.4,64103.5,64130.5
1782105000000,64149.6,64173,64130.4,64144.4
1782105060000,64172,64211.1,64149.4,64206.8
1782105120000,64180.2,64204.8,64177.1,64192.4
1782105180000,64186.9,64204.4,64133.7,64182.4
1782105240000,64182.6,64224.8,64182.6,64216.8
1782105300000,64210.6,64213.8,64141.7,64167.5
1782105360000,64163.4,64199.8,64137.9,64180.8
1782105420000,64177.4,64179.8,64134.3,64163.3
1782105480000,64161.2,64191.8,64140.6,64164.3
1782105540000,64180.5,64208,64128.7,64189.8
1782105600000,64212.2,64212.2,64160.2,64182.2
1782105660000,64183.4,64190.8,64154,64178.8
1782105720000,64186.1,64206,64134.1,64165.7
1782105780000,64170.5,64177.8,64152.4,64164.9
1782105840000,64166,64177.4,64134.3,64170.9
1782105900000,64179.8,64179.8,64098.8,64143
1782105960000,64175.2,64177.8,64118.5,64151.3
1782106020000,64152.3,64192.8,64129,64190.5
1782106080000,64187.8,64194.8,64149.8,64181.6
1782106140000,64183.1,64191.7,64119.6,64163.8
1782106200000,64168.4,64176.4,64107.5,64131.1
1782106260000,64135.8,64143.6,64077.3,64141.8
1782106320000,64139.8,64152.5,64064,64150.5
1782106380000,64154.5,64185.8,64128.3,64169.9
1782106440000,64165.6,64206.7,64119.2,64125.3
1782106500000,64145.6,64158.5,64093.1,64131.5
1782106560000,64155.6,64178.4,64107.9,64166.1
1782106620000,64142.6,64171.1,64115.5,64164.8
1782106680000,64114.8,64199.6,64114.8,64189.8
1782106740000,64177.7,64203.7,64123.6,64148.5
1782106800000,64181.4,64214.5,64157.6,64214.5
1782106860000,64210.7,64267.2,64203.9,64245.8
1782106920000,64219.4,64246.6,64173.8,64195
1782106980000,64192.5,64201.7,64169.6,64172
1782107040000,64199.8,64199.8,64165,64165.7
1782107100000,64187.5,64196.1,64157,64164.6
1782107160000,64164.7,64188.8,64122.6,64130.3
1782107220000,64159.1,64160.4,64101.9,64149.8
1782107280000,64158.2,64163.1,64128.4,64156.7
1782107340000,64149.4,64186.2,64107.4,64179.5
1782107400000,64176.8,64177.8,64076.1,64099.4
1782107460000,64099.3,64130.3,64073.9,64085.6
1782107520000,64085.7,64123.8,64085.4,64097.9
1782107580000,64098,64123.3,64092.9,64094
1782107640000,64094.2,64140.5,64094.2,64125
1782107700000,64136.8,64139.8,64108.6,64133
1782107760000,64134.3,64143.8,64134.3,64143.8
1782107820000,64146.8,64153.8,64121.8,64147.8
1782107880000,64156.1,64163.8,64131.3,64163.8
1782107940000,64166.6,64177.8,64160.2,64177.8
1782108000000,64149.5,64193.8,64136.7,64159.6
1782108060000,64158.5,64163.2,64110.1,64138.2
1782108120000,64141.6,64141.6,64098,64127.9
1782108180000,64118.9,64141.7,64078.6,64108.6
1782108240000,64079.3,64120.8,64064.3,64104.6
1782108300000,64081.8,64124.3,64081.8,64090.8
1782108360000,64117.4,64117.4,64040.7,64082.9
1782108420000,64079,64107.3,64052.1,64106.5
1782108480000,64108.6,64159.5,64069.4,64158.4
1782108540000,64126,64258.7,64123.6,64240.3
1782108600000,64231.1,64247.8,64163,64200.2
1782108660000,64195.3,64208.8,64139.8,64171.8
1782108720000,64177.8,64177.8,64125.6,64147.8
1782108780000,64150.7,64172.1,64102.3,64145.7
1782108840000,64142,64167.4,64122.6,64153.8
1782108900000,64151.8,64159.8,64126.3,64144.2
1782108960000,64144.7,64159.6,64124.7,64159.6
1782109020000,64149.3,64166.5,64074.2,64074.2
1782109080000,64120.8,64120.8,64010.4,64049.2
1782109140000,64058.8,64088.2,64030.2,64057.1
1782109200000,64057.2,64083.8,64030.8,64080.3
1782109260000,64077.6,64077.6,64064.8,64071.8
1782109320000,64060.3,64061.8,64009.2,64022.1
1782109380000,64021.3,64066.8,63979,64024.8
1782109440000,64023,64096.9,63998.2,64082.8
1782109500000,64069.5,64083.3,64033,64062.4
1782109560000,64061.5,64069.8,63980.4,64016.4
1782109620000,64021,64036,63996.6,64035.3
1782109680000,64022.3,64043.3,63980.1,64043.3
1782109740000,64019.1,64056.6,64014.4,64050.7
1782109800000,64039.2,64056.8,63957.4,63962.8
1782109860000,63995,64064.6,63962.9,64056.4
1782109920000,64061.6,64083.2,64031.2,64072.8
1782109980000,64071.8,64071.8,63989.9,64016.5
1782110040000,64019.8,64020.8,63972.4,63994.9
1782110100000,64009.8,64009.8,63916.2,63950.8
1782110160000,63955.2,63956.9,63901.9,63952
1782110220000,63955.9,63984.7,63925.1,63976.8
1782110280000,63989.3,64005.6,63965.5,63977.9
1782110340000,63996.8,64005.8,63943.1,63965.4
1782110400000,63965.5,64001.8,63961.1,63992.7
1782110460000,63991.8,64005.7,63951.5,63989.8
1782110520000,63991.7,63993.5,63944.8,63944.8
1782110580000,63944.5,63975.9,63942.8,63965.8
1782110640000,63959.2,63961.8,63908.5,63908.5
1782110700000,63927.4,63954.6,63899.1,63954.6
1782110760000,63957.8,63966.2,63926.2,63927.1
1782110820000,63928.5,63979.5,63922,63957.2
1782110880000,63959.4,63968.8,63909.4,63956.1
1782110940000,63956.6,63961.4,63892,63912.4
1782111000000,63925.8,63933.2,63901.9,63923.8
1782111060000,63926.5,63926.8,63858.6,63865.5
1782111120000,63865.3,63892.8,63850.6,63852
1782111180000,63880.8,63896.9,63852.1,63896.9
1782111240000,63901,63934.8,63874,63926.8
1782111300000,63922.1,63928.8,63890.1,63915.2
1782111360000,63915.1,63921,63886,63893.8
1782111420000,63893.5,63938,63892.6,63934.6
1782111480000,63944.1,63954.8,63919.1,63925.4
1782111540000,63925.5,63962.1,63885.8,63886.4
1782111600000,63886.1,63938,63866.9,63921.5
1782111660000,63920.6,63928.7,63894.2,63926.8
1782111720000,63901.1,63942.5,63894.3,63909.3
1782111780000,63909.7,63973,63909.7,63944.7
1782111840000,63945.6,64063.4,63945.1,64063.4
1782111900000,64053.1,64063.4,63998.9,64036.3
1782111960000,64041.6,64072.7,64012.3,64031
1782112020000,64035.8,64035.8,63953.1,63987.9
1782112080000,64013.3,64052.4,63987.1,64042.2
1782112140000,64037.2,64053.2,63997.6,64040.3
1782112200000,64007,64111.2,64006.6,64104.8
1782112260000,64108.8,64125.3,64050.9,64096.9
1782112320000,64042.9,64160.4,64042.9,64128.3
1782112380000,64165.3,64181.5,64121.1,64121.1
1782112440000,64146.8,64155.7,64121.9,64140.3
1782112500000,64136,64187,64102.1,64159.8
1782112560000,64159.7,64187.8,64155.7,64160.4
1782112620000,64153.7,64173.2,64107.5,64171.8
1782112680000,64173.8,64186.2,64117.3,64128.8
1782112740000,64128.5,64160.5,64118.2,64160.5
1782112800000,64162.5,64182.9,64132.9,64172.8
1782112860000,64169.6,64234.9,64149.4,64203.9
1782112920000,64235,64235,64158.2,64198.7
1782112980000,64194.4,64210.7,64150.8,64155.3
1782113040000,64155.2,64180.7,64137.4,64145.4
1782113100000,64145.5,64197.8,64144.3,64171.8
1782113160000,64203.1,64227.2,64177,64214.7
1782113220000,64215.4,64220.5,64179,64206.4
1782113280000,64201.9,64201.9,64144.7,64184.1
1782113340000,64184.9,64196.7,64152.7,64195.4
1782113400000,64193.5,64208.2,64141.7,64150.4
1782113460000,64183.2,64319.4,64155.6,64255.7
1782113520000,64275,64294.8,64220.9,64268.1
1782113580000,64267.1,64267.1,64206.3,64232.8
1782113640000,64218.3,64232.8,64176.7,64231.9
1782113700000,64234.8,64234.8,64203.3,64222.7
1782113760000,64233.5,64255.2,64206.9,64236.5
1782113820000,64241,64284.5,64217.4,64284.5
1782113880000,64254.7,64289.6,64238.2,64238.4
1782113940000,64238.2,64269.4,64219.9,64250.8
1782114000000,64241.3,64262.8,64218.9,64232.9
1782114060000,64233,64267.4,64211.9,64238.8
1782114120000,64207.1,64231.8,64139.1,64201.8
1782114180000,64204.5,64211.6,64175.4,64193.8
1782114240000,64189.1,64192.8,64154.2,64183.2
1782114300000,64186.3,64186.3,64132.2,64185.3
1782114360000,64189.9,64204.8,64157.7,64196.8
1782114420000,64188.8,64195.9,64147.4,64191.7
1782114480000,64180.5,64193.8,64152.9,64187.2
1782114540000,64155.5,64202.8,64155.5,64201.1
1782114600000,64172.1,64198.9,64147.2,64175.9
1782114660000,64173.4,64184.8,64119.2,64173.2
1782114720000,64181.9,64200.8,64147.9,64200.8
1782114780000,64189.3,64191.1,64087.2,64116.8
1782114840000,64111.7,64138.9,64057.8,64136
1782114900000,64105.7,64148.5,64105.7,64144.7
1782114960000,64149.5,64152.5,64101.9,64123.7
1782115020000,64129.1,64138.3,64097.9,64123.7
1782115080000,64127.8,64145.3,64100.1,64144.3
1782115140000,64139.6,64144.1,64130.6,64142.7
1782115200000,64143.5,64165,64069.6,64106.8
1782115260000,64099.3,64128.8,64080.9,64106.7
1782115320000,64107.4,64118.5,64035.3,64084.3
1782115380000,64086.3,64105.8,64063.5,64075.9
1782115440000,64104.2,64104.2,64033.6,64057.1
1782115500000,64059.9,64059.9,63994.8,64059.9
1782115560000,64056.4,64058,64020,64026
1782115620000,64025.9,64125.8,64025.9,64113.8
1782115680000,64113.3,64117.9,64052.8,64110.4
1782115740000,64121.7,64231.7,64086.7,64174.6
1782115800000,64199.4,64203.8,64114.4,64145.5
1782115860000,64140.3,64181.4,64122.2,64157.8
1782115920000,64155.9,64179.5,64131.8,64173.5
1782115980000,64169.4,64181.6,64137.3,64170.8
1782116040000,64145.1,64256.6,64145.1,64221
1782116100000,64241.2,64250.4,64191.1,64238
1782116160000,64237.7,64238.8,64144.8,64192
1782116220000,64161.9,64202.3,64160.1,64194.6
1782116280000,64167,64202.6,64161.1,64184.8
1782116340000,64189.9,64217.8,64150,64204.8
1782116400000,64196.2,64247.3,64169.8,64247.3
1782116460000,64251.4,64280.1,64216,64227.8
1782116520000,64227.7,64264.8,64201.9,64201.9
1782116580000,64227.6,64227.6,64179.9,64206.8
1782116640000,64193,64215.1,64166.3,64181.7
1782116700000,64179.1,64202.5,64167.7,64201.6
1782116760000,64203.4,64203.5,64166.4,64166.5
1782116820000,64197.4,64199.1,64164.4,64192.4
1782116880000,64163.9,64188.3,64100.2,64153.4
1782116940000,64118.6,64150.6,64085.1,64122
1782117000000,64116.5,64116.5,64073.2,64104.8
1782117060000,64077.4,64131.5,64077.4,64103.7
1782117120000,64104,64180.8,64091.2,64153.6
1782117180000,64155.4,64155.4,64113,64121.2
1782117240000,64140.1,64149.5,64084.8,64084.8
1782117300000,64085.1,64120.1,64023.4,64039.9
1782117360000,64070.9,64071.5,64008.1,64036.8
1782117420000,64034.8,64034.8,63983.5,63984
1782117480000,63982.8,64025,63953.2,63993.8
1782117540000,63965.8,64031.4,63948.2,64025
1782117600000,64029.2,64065.5,63996.5,64065.2
1782117660000,64071.4,64095.6,64044.6,64084.8
1782117720000,64081.3,64121.6,64058.9,64107.9
1782117780000,64114.7,64158.5,64099.8,64156.1
1782117840000,64160.4,64201.6,64131.8,64167.1
1782117900000,64167,64223.4,64165.9,64194.4
1782117960000,64194.5,64225.6,64136.4,64175.8
1782118020000,64165.4,64175.5,64052.4,64076.8
1782118080000,64062,64109.4,64005,64084.7
1782118140000,64086.9,64114,64061.1,64110.2
1782118200000,64111.8,64115.6,64073.8,64103.3
1782118260000,64073.6,64109.8,64049.1,64083.4
1782118320000,64087.2,64087.9,64053,64058.3
1782118380000,64058.2,64087.6,64055.7,64057.9
1782118440000,64058,64087.1,64055.9,64070.8
1782118500000,64072.5,64090,64040.4,64080.1
1782118560000,64053.3,64088.1,64039.9,64061.7
1782118620000,64058.3,64086.3,64057.9,64060.8
1782118680000,64060.7,64098.3,64054.5,64055.4
1782118740000,64087,64106.5,64059.6,64071
1782118800000,64071.3,64106.5,64056,64097.7
1782118860000,64098.5,64115.7,64068.6,64084
1782118920000,64083.9,64134.6,64083.9,64102.8
1782118980000,64102.1,64136.2,64078.9,64136.2
1782119040000,64113.5,64183.1,64101.3,64154.5
1782119100000,64154.3,64191.6,64145.3,64165.9
1782119160000,64171.8,64171.8,64099.2,64135.4
1782119220000,64135,64157.8,64046.1,64078.9
1782119280000,64074.4,64130.8,64056,64124.4
1782119340000,64094.1,64125,64067.4,64099.8
1782119400000,64103.7,64125.3,64075.5,64077.8
1782119460000,64099.8,64132.2,64084.3,64128.5
1782119520000,64125.4,64158.4,64105,64140.8
1782119580000,64151.2,64155,64112.4,64119
1782119640000,64134.4,64134.4,64074.2,64091.9
1782119700000,64124.9,64126.5,64071.6,64092.8
1782119760000,64087.9,64121.3,64077.5,64117.9
1782119820000,64121.4,64137.5,64064.4,64110.4
1782119880000,64091.7,64124.9,64041.5,64086.8
1782119940000,64075.4,64088.5,64036.1,64062
1782120000000,64061.8,64088.5,64053.1,64076.6
1782120060000,64055.1,64087.7,64044.8,64044.8
1782120120000,64068.2,64096.8,64042.2,64096.8
1782120180000,64097.6,64097.6,64044.2,64086.5
1782120240000,64052.9,64077.1,64043.8,64045.5
1782120300000,64073.7,64082.5,64045.5,64046.2
1782120360000,64065.9,64074.2,64022.7,64022.8
1782120420000,64022.7,64043.4,64003.1,64039.2
1782120480000,64029.8,64040.7,64008.5,64008.7
1782120540000,64006.5,64061.8,64006.4,64025.9
1782120600000,64042.9,64051.7,64002.8,64029.9
1782120660000,64029.4,64045.5,64013.4,64013.8
1782120720000,64012.7,64062.4,64012.7,64038.3
1782120780000,64036.8,64123.6,64024,64094.8
1782120840000,64094.9,64125,64050.5,64089.6
1782120900000,64088.4,64096.4,64019.5,64025.5
1782120960000,64025.9,64074.2,64021.3,64047.8
1782121020000,64045.3,64063.2,64012.4,64012.4
1782121080000,64036.4,64038.8,63991.3,63991.4
1782121140000,64011.2,64017.7,63959.6,63998.1
1782121200000,64004.1,64017.5,63973.7,64007.4
1782121260000,64008.4,64034.4,63985.4,64001.8
1782121320000,64017.2,64036.4,63989,64036.4
1782121380000,64040.8,64048.7,64007.1,64034.8
1782121440000,64039.4,64064.9,64011.9,64060.4
1782121500000,64064.7,64067.7,64006.4,64010.1
1782121560000,64008,64044.5,64001.9,64027.6
1782121620000,64007.5,64053.8,64004.6,64024.1
1782121680000,64024.3,64076.7,64024.3,64038.9
1782121740000,64062.8,64062.8,64028.3,64030.2
1782121800000,64029.5,64064.3,64019.8,64063.9
1782121860000,64059.7,64065.1,64024,64025.6
1782121920000,64025.5,64067.7,64021.5,64067.7
1782121980000,64066.4,64076.1,64033.2,64071.7
1782122040000,64075,64084.4,64041.9,64068.8
1782122100000,64067.8,64083.9,64044.4,64077
1782122160000,64048.7,64077.8,64047.5,64048
1782122220000,64038.4,64062.1,64038,64038.6
1782122280000,64057.1,64062.7,64057.1,64062.7
1782122340000,64055.8,64084.1,64015.9,64073.8
1782122400000,64054.9,64077.1,64035.8,64068.2
1782122460000,64040,64101.2,64040,64065.2
1782122520000,64065.3,64138.9,64065.2,64122.8
1782122580000,64119.4,64120.6,64090.5,64090.5
1782122640000,64117,64147.2,64096.6,64116.7
1782122700000,64116.1,64146.4,64088.7,64139.7
1782122760000,64108.3,64169,64108.3,64168.4
1782122820000,64168.3,64213.4,64141,64186.3
1782122880000,64213,64213,64148.7,64170.9
1782122940000,64170.1,64206.7,64156,64170.7
1782123000000,64170.5,64186.8,64164.6,64167.3
1782123060000,64180,64183.3,64138.6,64180.4
1782123120000,64147.5,64183.4,64143,64144.1
1782123180000,64143.2,64183.3,64142.6,64173.4
1782123240000,64163.8,64164.4,64142.4,64152
1782123300000,64142.1,64161.5,64116.3,64145.4
1782123360000,64152.5,64173.3,64118.1,64139.3
1782123420000,64139.2,64178.2,64106.4,64157.6
1782123480000,64128.1,64153.9,64108,64108.9
1782123540000,64106,64137.4,64068.3,64104.8
1782123600000,64104.5,64111,64072.5,64081.1
1782123660000,64107.3,64120.2,64055.3,64095.7
1782123720000,64124.6,64124.6,64077.8,64119.5
1782123780000,64095.8,64130.6,64095.1,64130.3
1782123840000,64097,64152.6,64097,64109.3
1782123900000,64113,64125.3,64079.6,64093.2
1782123960000,64093.1,64121.1,64082.8,64097.8
1782124020000,64095.8,64116.2,64074.9,64115.2
1782124080000,64114.4,64126.5,64114.4,64125.6
1782124140000,64093,64122.2,64083.2,64115
1782124200000,64116.6,64116.6,64063.6,64065.2
1782124260000,64084.3,64146.5,64062.1,64105.9
1782124320000,64134.9,64145.1,64088.2,64089.6
1782124380000,64089.2,64112.1,64062.1,64073.7
1782124440000,64073.8,64114.8,64071.7,64086.2
1782124500000,64108.9,64108.9,64072.8,64075.3
1782124560000,64073.9,64094.4,64054.2,64057.3
1782124620000,64076.8,64084.5,64041.8,64041.8
1782124680000,64074,64074,64041.1,64056.8
1782124740000,64037.8,64070.6,64034.7,64037.8
1782124800000,64037.4,64049.4,64017.5,64046.7
1782124860000,64020.9,64046.8,64015.5,64015.5
1782124920000,64015.4,64044.2,64015.4,64020.9
1782124980000,64020.8,64030,64000.2,64001.7
1782125040000,64001.2,64025.8,63986.7,64025.4
1782125100000,64000.4,64062.7,64000.4,64050.5
1782125160000,64053.8,64084.3,64017,64065.8
1782125220000,64064.8,64064.8,64033.2,64061.2
1782125280000,64029.6,64066.9,64029.5,64039
1782125340000,64038.9,64091.3,64038.5,64089.9
1782125400000,64093.8,64110.5,64066.2,64110.5
1782125460000,64108.2,64114.4,64075.9,64077.6
1782125520000,64108.2,64110.7,64061.5,64062.6
1782125580000,64062.8,64114.7,64062.7,64108.8
1782125640000,64113,64113,64066.6,64089.8
1782125700000,64098.8,64104.6,64087,64099.6
1782125760000,64087,64099.6,64066.9,64067
1782125820000,64095.3,64095.3,64045,64048.9
1782125880000,64079.1,64080.8,64035.3,64074.8
1782125940000,64078.7,64078.7,64045,64077.4
1782126000000,64047.1,64064.8,64005.7,64033.8
1782126060000,64034.7,64076.4,64015.9,64060.8
1782126120000,64070.8,64071.1,64031.4,64063.3
1782126180000,64066.4,64076.7,64045.1,64072.6
1782126240000,64044.2,64108.6,64036.5,64108.6
1782126300000,64089,64252.8,64089,64217.9
1782126360000,64218,64327.5,64210.4,64286.8
1782126420000,64286.5,64324.6,64215.4,64250.1
1782126480000,64254.2,64267.6,64208.2,64240.8
1782126540000,64216.5,64286.1,64216.5,64276.9
1782126600000,64275,64275.2,64179.3,64179.3
1782126660000,64204.4,64217.8,64139.9,64177.4
1782126720000,64181.5,64302.1,64146.3,64269
1782126780000,64282.8,64286.2,64222.9,64257.8
1782126840000,64251.5,64282,64222.4,64247.2
1782126900000,64247.7,64257.7,64172.9,64227.7
1782126960000,64229.6,64248.8,64135.2,64210.8
1782127020000,64207,64257.9,64182,64245.1
1782127080000,64246.5,64262.1,64209,64211.2
1782127140000,64246.1,64249.9,64184.9,64191
1782127200000,64191.1,64234.7,64177.1,64229.7
1782127260000,64199,64214.8,64153.6,64153.6
1782127320000,64180.3,64205.4,64139.1,64185.8
1782127380000,64162.3,64205.5,64157.5,64205.5
1782127440000,64167.9,64281.7,64162.4,64281.7
1782127500000,64276.5,64287.8,64204.1,64216.7
1782127560000,64216.9,64404.5,64205.4,64384
1782127620000,64382.6,64383.2,64311,64365.1
1782127680000,64335.1,64366.3,64308,64320
1782127740000,64319.3,64343.5,64270,64309.8
1782127800000,64313.1,64346,64282.2,64304.4
1782127860000,64305.2,64404.3,64305,64397
1782127920000,64399.5,64476.8,64332.5,64447.5
1782127980000,64449.5,64579.5,64448.8,64505.3
1782128040000,64505.5,64557.8,64478.5,64542.9
1782128100000,64512.6,64577.1,64494,64536.9
1782128160000,64536.7,64615.7,64536.7,64604.1
1782128220000,64605,64687.5,64605,64661.8
1782128280000,64630.7,64673.6,64583.2,64622.6
1782128340000,64595.9,64610.9,64531.6,64580.7
1782128400000,64555.4,64585.1,64491.9,64542.4
1782128460000,64548.5,64565,64511.3,64528
1782128520000,64528.1,64557.9,64486,64532.2
1782128580000,64539.8,64550.6,64478.2,64513.5
1782128640000,64478.1,64558.8,64474.4,64531.5
1782128700000,64560.2,64571.8,64484.1,64515.4
1782128760000,64487.7,64562.1,64487.7,64542.8
1782128820000,64539.5,64577.3,64502.3,64509
1782128880000,64510,64606.8,64504.5,64546.7
1782128940000,64576,64705.1,64544.6,64681.9
1782129000000,64681.3,64698.3,64591.2,64624.4
1782129060000,64624.6,64636.2,64581,64609.6
1782129120000,64608.2,64619.3,64545.2,64547.1
1782129180000,64544.9,64593.3,64544.2,64567.9
1782129240000,64598.8,64629.3,64569.2,64603.8
1782129300000,64602.8,64615.6,64545.2,64603.7
1782129360000,64576.3,64602,64524.4,64552
1782129420000,64556.4,64595.7,64526.3,64592.7
1782129480000,64605.6,64617.6,64569.3,64607.3
1782129540000,64595.1,64604.5,64562.4,64593.1
1782129600000,64596.9,64631.5,64536.4,64563.9
1782129660000,64565.5,64764.2,64490.5,64693.8
1782129720000,64679.6,64827.1,64613.9,64614.6
1782129780000,64643.5,64692.9,64605.3,64640.7
1782129840000,64640.4,64709.6,64634.1,64696.8
1782129900000,64707.7,64708,64653.2,64707
1782129960000,64690.8,64727.5,64674,64711.3
1782130020000,64699.9,64715.4,64633.1,64638.4
1782130080000,64638.5,64708.4,64634.5,64652.8
1782130140000,64646.7,64681.4,64624.8,64641.8
1782130200000,64654,64667.3,64606.8,64613.4
1782130260000,64647.5,64680.1,64624.9,64677.8
1782130320000,64666.3,64718.3,64653.3,64708.4
1782130380000,64710.8,64723.4,64660.5,64723.4
1782130440000,64723.8,64729.3,64662.1,64662.1
1782130500000,64662,64722.8,64614.2,64680.4
1782130560000,64680.3,64697.6,64627.5,64652.8
1782130620000,64654.3,64669.1,64607.3,64608.6
1782130680000,64627.8,64666.2,64604.1,64619.7
1782130740000,64620.8,64673.2,64620.7,64671.4
1782130800000,64671.2,64679.9,64630.1,64660.7
1782130860000,64665.2,64702.4,64655.2,64662.3
1782130920000,64691,64747.8,64672.5,64743.8
1782130980000,64742.8,64812.4,64714.3,64812.4
1782131040000,64816.3,64909.3,64781.1,64886.1
1782131100000,64887.5,64919.5,64852.4,64900.4
1782131160000,64906.2,64929.1,64808.8,64855.3
1782131220000,64827,64867.9,64816.3,64865.5
1782131280000,64863.2,64872.4,64826.2,64850.8
1782131340000,64844.1,64890.4,64841.9,64890.4
1782131400000,64892.2,64898.8,64755.4,64793.8
1782131460000,64762.1,64838.1,64753.6,64797.8
1782131520000,64769.3,64859.1,64769.3,64826.8
1782131580000,64858,64882.4,64814.9,64854.7
1782131640000,64882.4,64889.6,64832.3,64889.6
1782131700000,64893.2,64922.2,64852,64897
1782131760000,64900.4,64962.1,64852.9,64926.4
1782131820000,64899.6,64963.7,64840.1,64929.1
1782131880000,64927.5,65037.8,64927.5,65014.8
1782131940000,65023.5,65059,64990.9,65041.9
1782132000000,65045.9,65118.8,65010.9,65116.9
1782132060000,65110.7,65110.7,64990.3,65009.7
1782132120000,65007.5,65065.3,65004.8,65036.5
1782132180000,65041.9,65048,64967.6,64992.4
1782132240000,65016.8,65025.4,64959.5,65003.1
1782132300000,65005.1,65032.3,64899.5,64904.4
1782132360000,64930.6,65036.9,64913.9,65021.6
1782132420000,64986.4,65044.6,64978.6,65038.6
1782132480000,65010.2,65125.4,65008.8,65115.3
1782132540000,65118,65127.2,65070.6,65114
1782132600000,65119.6,65131.5,65078.7,65088.7
1782132660000,65088.9,65130.1,65075.8,65101.3
1782132720000,65103.5,65137.7,65046.5,65137.2
1782132780000,65110,65151.5,65077.7,65081.8
1782132840000,65081.3,65081.3,65019.2,65042.8
1782132900000,65016.9,65071.9,64992.7,65071.3
1782132960000,65075.8,65102.2,65048.4,65092.4
1782133020000,65064.9,65099.9,65042.1,65084.8
1782133080000,65095.8,65142.4,65067.7,65104.6
1782133140000,65112.3,65115,65057.7,65057.8
1782133200000,65069,65100.7,64994.1,65012.8
1782133260000,64997.5,65048.8,64979.1,64980.3
1782133320000,64981.1,65065.4,64979.6,65020.2
1782133380000,65023.6,65110,64993.4,65110
1782133440000,65106.5,65106.5,65030.4,65068.1
1782133500000,65069.5,65088.5,65000.7,65024.7
1782133560000,64995.7,65051,64957,65025
1782133620000,65018.9,65042,64971.1,65009
1782133680000,64978.3,65018.5,64946,64964.8
1782133740000,64974.7,65011.8,64953.8,64967.5
1782133800000,64967,65044.1,64967,65010.2
1782133860000,65040.2,65075.8,65006.4,65051.5
1782133920000,65030.2,65110.8,65030.2,65110
1782133980000,65079.6,65141.4,65063.5,65063.5
1782134040000,65063.6,65101.8,65045.3,65080.1
1782134100000,65049.6,65096.7,65018.8,65022.5
1782134160000,65018,65059.1,65006.8,65042.4
1782134220000,65012,65056.7,65006.3,65049.7
1782134280000,65020.7,65067.9,65010.7,65047.5
1782134340000,65041.6,65045.3,64993.1,65013.8
1782134400000,65017.2,65019.3,64966.7,64988.8
1782134460000,64987.8,64999.1,64957.9,64998.9
1782134520000,65005.2,65048,64978.3,65009.5
1782134580000,65012.1,65038,64981.2,65002.6
1782134640000,65002.4,65042.5,64994.9,65042.5
1782134700000,65011.8,65025.8,64954.3,64990.8
1782134760000,64993.8,65022.6,64958.7,64987.8
1782134820000,64986.9,64989.1,64944.8,64989.1
1782134880000,64955.4,64990.3,64846.6,64892.4
1782134940000,64894.1,64934.8,64871.8,64934.6
1782135000000,64934.6,65126.8,64900.3,65093.6
1782135060000,65096.8,65204.8,64999.5,65021.1
1782135120000,65021.3,65069.1,64959.2,65038.9
1782135180000,65015.2,65053.6,64909.4,64965.1
1782135240000,64944.3,65052.9,64908.1,65044.6
1782135300000,65027.1,65213.6,65014.7,65155.2
1782135360000,65164.1,65288.3,65139.9,65280.4
1782135420000,65272.8,65291.9,65186.1,65274.7
1782135480000,65275,65283.9,65182.1,65204
1782135540000,65234.5,65241,65147.9,65232.1
1782135600000,65205.7,65238.7,65172.4,65187.1
1782135660000,65186.9,65279.4,65112.2,65140.5
1782135720000,65143,65242.1,65143,65235.8
1782135780000,65244.6,65271.6,65148.8,65243.4
1782135840000,65248.8,65390.9,65224.3,65345.5
1782135900000,65312.5,65400,65274.4,65366.1
1782135960000,65366.8,65429.3,65342.2,65393
1782136020000,65394.2,65394.2,65285.8,65349
1782136080000,65347.2,65403.5,65307.6,65398.6
1782136140000,65384.8,65490.8,65362,65437.5
1782136200000,65442.6,65526.6,65403.3,65498.4
1782136260000,65502.5,65506.7,65392.6,65422.9
1782136320000,65413.7,65483.8,65401.8,65449.1
1782136380000,65473.1,65486.8,65410.1,65449.8
1782136440000,65442.5,65467.7,65393.1,65437
1782136500000,65437.8,65485.8,65404.9,65452.6
1782136560000,65443.8,65479.5,65414.1,65446.1
1782136620000,65444.8,65478.3,65432.2,65443.6
1782136680000,65440.9,65484.5,65425.1,65484.5
1782136740000,65485.8,65518.2,65459.2,65481.3
1782136800000,65482.3,65562.2,65429,65466.5
1782136860000,65436.7,65486,65381.7,65419.4
1782136920000,65394.3,65419.4,65306.8,65365.6
1782136980000,65371.9,65405.3,65323.7,65359.6
1782137040000,65364.7,65385.9,65328.4,65361.2
1782137100000,65363.4,65385.2,65300.4,65358.2
1782137160000,65362.1,65362.7,65267.4,65303.8
1782137220000,65301.1,65308.2,65231,65247.7
1782137280000,65256.8,65324.8,65245.7,65275.3
1782137340000,65274.9,65302.8,65204.6,65260.2
1782137400000,65253.8,65332.6,65235.5,65253.2
1782137460000,65279.7,65279.8,65196,65257.9
1782137520000,65264.7,65298.8,65228.7,65235.2
1782137580000,65235.1,65257.8,65195.9,65196.8
1782137640000,65196.9,65246.5,65193.8,65238
1782137700000,65241.8,65242.2,65159.8,65166.5
1782137760000,65180.8,65222,65144.4,65166.8
1782137820000,65146.8,65179.9,65062.1,65111.2
1782137880000,65082.9,65185.3,65082.9,65121.9
1782137940000,65121.8,65165.9,65067.1,65067.7
1782138000000,65067.6,65098.7,65028,65059.1
1782138060000,65091.3,65151.5,65065.1,65110.5
1782138120000,65110.5,65116.8,65030,65058.2
1782138180000,65028.3,65068.7,64985.8,65038.2
1782138240000,65036.8,65036.8,64903.8,64988.6
1782138300000,64975.4,65027.7,64929.8,64994.8
1782138360000,64996.5,65033,64965.9,65025.9
1782138420000,65032.3,65032.3,64925.1,64947.8
1782138480000,64956.6,64976.8,64925.9,64956.4
1782138540000,64954.8,64954.8,64874.5,64874.5
1782138600000,64874.6,64928.7,64804.5,64805
1782138660000,64815.7,64875.9,64790.6,64861.5
1782138720000,64830.4,64915.1,64803.4,64832.7
1782138780000,64832.8,64929,64818.6,64897.2
1782138840000,64897.1,65011.9,64897.1,64918.2
1782138900000,64918.4,64998.9,64902.4,64958.1
1782138960000,64971.9,65003,64907.6,64943
1782139020000,64914.8,64951.7,64781.2,64829.3
1782139080000,64828.2,64875.3,64766.1,64780.8
1782139140000,64815.5,64882.4,64776.5,64877.9
1782139200000,64866.3,64888.4,64812.6,64858.3
1782139260000,64861.5,64878.2,64798,64860.3
1782139320000,64860.4,64898.9,64812.5,64861.4
1782139380000,64861.1,64914.7,64846.5,64862.3
1782139440000,64862.2,64876.8,64804.6,64814.3
1782139500000,64844.8,64883.1,64785.7,64852.5
1782139560000,64856.8,64889.6,64795.6,64865.8
1782139620000,64866,64903.2,64775.4,64813.1
1782139680000,64817.2,64879.7,64752.6,64879.7
1782139740000,64876.8,64967.2,64847.4,64943
1782139800000,64941.3,64982.8,64913.3,64922.6
1782139860000,64922.3,64962.6,64878.5,64892.5
1782139920000,64892.7,64978.9,64892.7,64935.8
1782139980000,64913.4,64948.3,64880.2,64890
1782140040000,64919.5,64931.8,64818.6,64855.7
1782140100000,64858.1,64868.4,64738.2,64831.1
1782140160000,64809.3,64846.6,64769.3,64814.2
1782140220000,64813.9,64892.9,64790.2,64884.6
1782140280000,64884.5,64937.3,64852.6,64880.7
1782140340000,64880.6,64922.6,64872.6,64908.8
1782140400000,64891.6,64955.2,64884.1,64948
1782140460000,64947.4,65009.6,64926.3,65006
1782140520000,65009.6,65037.4,64972.3,65012.8
1782140580000,65014,65055.8,64999.8,65022
1782140640000,65050.7,65082.9,65019.8,65019.8
1782140700000,64993.3,65026.8,64875,64904.6
1782140760000,64931.2,64931.2,64804.2,64861.8
1782140820000,64876.4,64925.5,64843.2,64886
1782140880000,64884.8,64961.1,64884.8,64961.1
1782140940000,64933.9,64975.1,64900.7,64964.9
1782141000000,64965.1,64989.3,64915.7,64932.9
1782141060000,64934.8,65010.9,64910.8,65005.1
1782141120000,65010,65026.9,64954.7,65020.5
1782141180000,65008.9,65052.3,64975.3,65036.8
1782141240000,65040.2,65040.2,64988,65017.4
1782141300000,64986.7,65049.5,64968.2,65001.8
1782141360000,64975.3,65016.6,64900.3,64945.8
1782141420000,64919.8,64980.3,64896,64940.8
1782141480000,64912.6,64977.5,64886,64927.6
1782141540000,64902.5,64943.8,64865.2,64915.1
1782141600000,64880.2,64926.7,64843.1,64908
1782141660000,64907.4,64938,64890,64907.2
1782141720000,64931.3,64932.8,64860.1,64863.9
1782141780000,64863.6,64939.7,64863.6,64939.7
1782141840000,64925.8,64976.6,64909.6,64961.2
1782141900000,64965.7,64985.1,64908.5,64910.8
1782141960000,64911.2,64999.9,64906.6,64964.1
1782142020000,64988.6,65020.8,64934.3,65004.7
1782142080000,65009.3,65014.2,64952.2,64953.8
1782142140000,64953.8,64986.6,64909.9,64956.4
1782142200000,64956.5,65008,64926.6,64969.6
1782142260000,64956.7,64987.2,64938.4,64945.7
1782142320000,64968.8,64990.8,64934.4,64969.8
1782142380000,64966.8,65055.1,64934.6,65005
1782142440000,65008.8,65034.5,64976,65007.8
1782142500000,65007.8,65025.4,64948.8,65025
1782142560000,65027.1,65064.5,65005.2,65045.8
1782142620000,65042.2,65042.2,64958.1,64987.8
1782142680000,64998.6,65005,64931,64931.1
1782142740000,64931.2,64992.3,64929.5,64959.2
1782142800000,64997.8,65011.6,64966,64996.7
1782142860000,65002.4,65007.2,64963.9,64982.8
1782142920000,64978.9,65038.5,64972.4,65006.7
1782142980000,65006.5,65037.2,64982.5,65017.3
1782143040000,65013.1,65030.2,64971.6,64972.9
1782143100000,64973,65009.8,64918.7,64976.2
1782143160000,64973.5,65014.2,64973,64983.3
1782143220000,64959.9,64980.8,64924.9,64969.8
1782143280000,64959.3,64986.9,64922.7,64923.9
1782143340000,64921.4,64948.5,64773.7,64842.4
1782143400000,64782,64862.6,64769.1,64773.8
1782143460000,64793,64813.6,64714.1,64764.9
1782143520000,64767.8,64837.7,64738.3,64809.8
1782143580000,64793.8,64818.9,64761.2,64794.8
1782143640000,64778.3,64830.3,64743.3,64772.8
1782143700000,64751.6,64790.9,64708.1,64756.8
1782143760000,64762.5,64785.9,64665.8,64667.7
1782143820000,64664.3,64736.4,64664.3,64721.7
1782143880000,64722.1,64775.3,64695.4,64764.3
1782143940000,64729.3,64773.1,64721,64764.8
1782144000000,64754.1,64799.5,64680.2,64690.8
1782144060000,64681.4,64710.3,64610.9,64710.3
1782144120000,64686.5,64725.2,64612.7,64640.7
1782144180000,64640.8,64686.4,64601.1,64672.5
1782144240000,64671.8,64682.1,64602,64679
1782144300000,64649.3,64678.8,64611.8,64644.8
1782144360000,64638.8,64668.1,64612,64633.5
1782144420000,64663.7,64676.1,64563.4,64563.4
1782144480000,64570.3,64640,64568.4,64600.4
1782144540000,64599.9,64623.9,64570.9,64607
1782144600000,64607.5,64708.4,64578.5,64682.9
1782144660000,64676.4,64682.8,64604.6,64634.5
1782144720000,64635,64682.3,64614.5,64671.8
1782144780000,64663.5,64670.8,64612.1,64626.7
1782144840000,64627.2,64668.6,64622.5,64643.4
1782144900000,64638.7,64660.8,64594.6,64597.4
1782144960000,64619.8,64635.1,64533.9,64580.5
1782145020000,64559.7,64664.6,64559.7,64652.9
1782145080000,64661.8,64679.4,64611.7,64679.4
1782145140000,64648.7,64690.5,64622.6,64687
1782145200000,64658.8,64721.9,64650.3,64663.7
1782145260000,64685.8,64719.9,64670.3,64695.7
1782145320000,64695.6,64709.8,64646.8,64680.8
1782145380000,64675.8,64720.5,64618.8,64665.6
1782145440000,64668.3,64686.6,64592.7,64610.3
1782145500000,64609.4,64656.6,64579.8,64598.8
1782145560000,64615.3,64632.2,64561,64568.8
1782145620000,64568.7,64627.8,64567.4,64627.4
1782145680000,64597.4,64621.9,64584.1,64615.2
1782145740000,64619.5,64644.1,64587.2,64622.4
1782145800000,64615.6,64630.9,64560.9,64573.2
1782145860000,64573.4,64612.3,64542.9,64609.7
1782145920000,64604.9,64607.6,64549.6,64590.4
1782145980000,64589.2,64609.8,64558.9,64608.2
1782146040000,64577.3,64600.5,64561.5,64566.9
1782146100000,64566.8,64593.2,64482.3,64524.9
1782146160000,64495.4,64617.2,64495.4,64609.5
1782146220000,64603.4,64603.4,64539.2,64586.1
1782146280000,64571.6,64596.6,64526.1,64526.4
1782146340000,64556.8,64582.6,64526.8,64560.8
1782146400000,64535.4,64568.1,64443.4,64487.5
1782146460000,64485.7,64523.1,64449.5,64482.7
1782146520000,64513.5,64535.2,64461.9,64530.9
1782146580000,64492.7,64529.9,64457.6,64465.9
1782146640000,64466,64519.1,64466,64518.9
1782146700000,64486.7,64517.2,64438.6,64443.9
1782146760000,64460.8,64480,64424.5,64480
1782146820000,64484.8,64581,64454.7,64556.5
1782146880000,64558.8,64564.8,64497.6,64551.8
1782146940000,64544,64596.7,64483.6,64497.6
1782147000000,64529.4,64601.6,64498.9,64567.8
1782147060000,64567.7,64618.3,64556.6,64598.9
1782147120000,64586.2,64622.4,64520.1,64608.8
1782147180000,64615.7,64680.4,64588.4,64680.4
1782147240000,64680.6,64695.5,64649.6,64693
1782147300000,64658,64708.9,64658,64690.8
1782147360000,64689.8,64717.2,64662.9,64700.9
1782147420000,64693.6,64701.8,64631,64638.6
1782147480000,64638.9,64715.8,64638.9,64681.8
1782147540000,64685.2,64693.6,64608.9,64629.6
1782147600000,64632.6,64664.6,64614.9,64635.3
1782147660000,64657.3,64657.3,64597.1,64618.5
1782147720000,64596.6,64634.8,64567.3,64633.5
1782147780000,64605.4,64658.3,64605.4,64656.8
1782147840000,64658.3,64708.6,64630.9,64635.1
1782147900000,64666.5,64671.9,64612.8,64629.8
1782147960000,64628.8,64628.8,64537.3,64542.4
1782148020000,64574.2,64616.6,64536.1,64578
1782148080000,64577.8,64617,64577.1,64615
1782148140000,64618.9,64628.5,64549,64576.8
1782148200000,64575.8,64606.5,64551.2,64606.2
1782148260000,64607.5,64611.1,64579.1,64579.3
1782148320000,64576.8,64632.8,64559.8,64595.8
1782148380000,64573.8,64628.2,64573.8,64615.8
1782148440000,64597.2,64616.8,64570.9,64612.4
1782148500000,64615.1,64632.7,64589.9,64631.6
1782148560000,64624,64625.4,64570.2,64604.5
1782148620000,64605.2,64623,64551.1,64581.4
1782148680000,64586.1,64590.6,64532.3,64572.7
1782148740000,64546.1,64568.1,64524.9,64563.5
1782148800000,64567.4,64577.6,64511.2,64542.8
1782148860000,64537.5,64543.2,64470.3,64492.7
1782148920000,64487.8,64487.8,64439.8,64478.1
1782148980000,64479.7,64521.9,64448.6,64493.1
1782149040000,64493.2,64531,64490.7,64500.2
1782149100000,64500.4,64528.3,64445.4,64492.2
1782149160000,64491.4,64516.1,64463.3,64484.9
1782149220000,64501.8,64520.5,64475.3,64475.9
1782149280000,64505.7,64529.5,64475.5,64490.3
1782149340000,64509.8,64512.4,64436,64436
1782149400000,64436.9,64463.6,64305.5,64368.8
1782149460000,64338,64400.5,64326.7,64377.5
1782149520000,64381.5,64394.2,64293.7,64371.7
1782149580000,64348.4,64410.6,64348.4,64393.5
1782149640000,64365.8,64402.4,64329.8,64397.4
1782149700000,64397,64397,64318.4,64318.5
1782149760000,64318.4,64390.2,64304.8,64338.4
1782149820000,64362.4,64406.2,64342.6,64406.1
1782149880000,64407.4,64440.7,64381.4,64391.3
1782149940000,64390.7,64422.8,64365.1,64399.8
1782150000000,64411.5,64422.8,64351.8,64386.7
1782150060000,64390.5,64394.3,64339,64355.8
1782150120000,64370.8,64399.8,64348.1,64399.8
1782150180000,64363.4,64421,64363.4,64389.2
1782150240000,64389.3,64389.3,64302.8,64365.1
1782150300000,64371.7,64420,64340,64413.5
1782150360000,64385.2,64441.7,64385.2,64441.7
1782150420000,64408.7,64442.5,64367.1,64399.9
1782150480000,64368.7,64421.8,64354.9,64387.4
1782150540000,64414.4,64443.1,64391.9,64443.1
1782150600000,64447.7,64471.8,64417.3,64446.5
1782150660000,64453.9,64463.5,64416.7,64459.8
1782150720000,64456.5,64508.9,64429.8,64470.3
1782150780000,64471.4,64547.6,64471.4,64531.4
1782150840000,64537.4,64588.5,64506.9,64559.1
1782150900000,64559,64584.5,64528.5,64531.3
1782150960000,64561.7,64582.9,64538.8,64580.9
1782151020000,64581.9,64592.3,64541.2,64546.9
1782151080000,64547.2,64575.4,64521.8,64565.5
1782151140000,64564.6,64564.6,64515.7,64545.4
1782151200000,64549.3,64626.1,64518.8,64619.9
1782151260000,64609.3,64626.3,64521.8,64567.2
1782151320000,64568.4,64622.4,64528.9,64617.7
1782151380000,64592.5,64630.7,64572.3,64628.2
1782151440000,64628.8,64647,64598.1,64638.9
1782151500000,64639.7,64647.8,64602.5,64642.6
1782151560000,64610.1,64670.3,64584,64633.5
1782151620000,64653.4,64653.4,64591.4,64591.6
1782151680000,64622.8,64646,64596.7,64646
1782151740000,64616,64633.1,64561,64608.1
1782151800000,64618.3,64620.2,64572.8,64580.7
1782151860000,64613.7,64622.4,64576.8,64612.4
1782151920000,64617.4,64630.2,64581,64618.8
1782151980000,64616.3,64627.5,64576.5,64624.7
1782152040000,64591.7,64624.3,64581,64614.8
1782152100000,64624.4,64662.4,64589.7,64643.6
1782152160000,64646.2,64662.3,64619.2,64651.3
1782152220000,64655.1,64661.1,64600.3,64618
1782152280000,64607.8,64614.3,64574.3,64606.4
1782152340000,64603.7,64639.6,64555.8,64591.1
1782152400000,64591.7,64608.5,64556.8,64590.8
1782152460000,64592.1,64610.9,64562,64575.3
1782152520000,64611.3,64623.6,64564.5,64618.2
1782152580000,64617.5,64630.7,64584.8,64595.6
1782152640000,64596.2,64630.9,64587.3,64587.3
1782152700000,64587.1,64604.8,64558.2,64569
1782152760000,64565.8,64579.8,64500,64507.9
1782152820000,64508.1,64547.8,64489.4,64524.3
1782152880000,64521.9,64546.8,64474.1,64486.7
1782152940000,64486.8,64529,64481.7,64504.8
1782153000000,64504.4,64545.5,64490.5,64517.4
1782153060000,64517.5,64550.1,64511.7,64519.2
1782153120000,64524.8,64544,64505.1,64508.9
1782153180000,64509,64557.9,64507.6,64523.2
1782153240000,64523.3,64550.2,64490.4,64503.3
1782153300000,64506.4,64519.8,64487.9,64512.9
1782153360000,64518.8,64539.2,64458.8,64507.9
1782153420000,64508.1,64543.1,64508.1,64520.9
1782153480000,64532.8,64553,64470.4,64470.4
1782153540000,64466.4,64506.8,64442.1,64452.6
1782153600000,64475.3,64480.2,64442,64449.7
1782153660000,64463.1,64464.8,64430.4,64437.3
1782153720000,64437.4,64473.8,64435.8,64473.8
1782153780000,64445.9,64466.1,64435.7,64435.8
1782153840000,64450.7,64458.9,64420,64430.6
1782153900000,64431,64460.5,64384.4,64401.8
1782153960000,64429.8,64429.8,64306.2,64306.6
1782154020000,64306.4,64387.8,64284.1,64371.2
1782154080000,64371.5,64399.2,64360.9,64374.5
1782154140000,64374.3,64420.4,64374.3,64396.6
1782154200000,64396.5,64417.9,64379.1,64395.8
1782154260000,64368.1,64391.8,64318,64342.3
1782154320000,64341.7,64375.9,64303.1,64309.2
1782154380000,64329.8,64361.4,64319.1,64325.6
1782154440000,64325.7,64355.9,64305.4,64325.2
1782154500000,64321.8,64338.8,64225.7,64225.8
1782154560000,64225.5,64305.4,64223.6,64275.8
1782154620000,64272.1,64314.5,64258.5,64262.4
1782154680000,64262.5,64312.4,64262.5,64288.7
1782154740000,64288.8,64315.7,64233.7,64244.9
1782154800000,64247.8,64289.6,64239.9,64267.8
1782154860000,64272.8,64300.4,64252.4,64266.3
1782154920000,64269.7,64334.9,64266.9,64312.7
1782154980000,64288.9,64329.3,64280.1,64297.8
1782155040000,64285.9,64296,64238.2,64267
1782155100000,64266.8,64332.2,64262.6,64312.7
1782155160000,64287.6,64309.4,64241.2,64278.5
1782155220000,64283.8,64297.3,64230.3,64264.9
1782155280000,64265,64276.6,64228.7,64241.6
1782155340000,64247.8,64268.6,64223.9,64250.8
1782155400000,64270.1,64270.9,64231.8,64250.8
1782155460000,64254.9,64313.7,64233.9,64297.9
1782155520000,64274.4,64323,64269.4,64293.8
1782155580000,64293.7,64342.2,64287.4,64311.7
1782155640000,64312.8,64359.5,64294.3,64343.4
1782155700000,64342.8,64350,64287.7,64292.6
1782155760000,64307.8,64324.3,64240.4,64259.3
1782155820000,64259,64335.7,64249.9,64292
1782155880000,64302.3,64332.2,64277.2,64312.8
1782155940000,64320.5,64341.3,64294.3,64318.4
1782156000000,64348.2,64368.9,64314.7,64330.8
1782156060000,64330.9,64357.6,64283.7,64308.1
1782156120000,64311.8,64334.8,64282.4,64290.1
1782156180000,64286.2,64323.3,64271.1,64295.9
1782156240000,64296.1,64321.9,64288.3,64296.5
1782156300000,64294.8,64316.1,64234.4,64238.7
1782156360000,64242.8,64261.8,64205,64215.2
1782156420000,64216.5,64279,64216.5,64249.8
1782156480000,64280.4,64299.8,64249.9,64254
1782156540000,64254.1,64297.3,64254,64263.1
1782156600000,64263.4,64311.4,64258.8,64265.3
1782156660000,64293.5,64311.3,64258.5,64277
1782156720000,64276.8,64351.2,64260.9,64327.5
1782156780000,64326.6,64371.2,64313.9,64318.5
1782156840000,64318.6,64355.6,64302.7,64310.5
1782156900000,64322.4,64341.4,64300.1,64324.8
1782156960000,64325.5,64351.5,64302.5,64318.3
1782157020000,64331.8,64350.6,64309.7,64340.8
1782157080000,64339.8,64383.7,64324.2,64348.4
1782157140000,64376.3,64386.8,64326.3,64340.3
1782157200000,64342.8,64349.5,64307.8,64307.8
1782157260000,64309.8,64352.7,64309,64327.6
1782157320000,64327.7,64362.8,64319.8,64347.8
1782157380000,64322.8,64353.2,64317.7,64346
1782157440000,64321.4,64339.4,64312.8,64332.1
1782157500000,64313.2,64334.8,64228.4,64240.6
1782157560000,64240.5,64276.4,64178.6,64275.8
1782157620000,64247.2,64285.4,64222.6,64257
1782157680000,64256.7,64279.4,64227.7,64233.2
1782157740000,64259.5,64299.1,64233.7,64273.9
1782157800000,64267.3,64366.3,64255.5,64329.3
1782157860000,64328.6,64347.8,64299.5,64316.6
1782157920000,64316.7,64366.3,64312.9,64335.3
1782157980000,64335,64406.5,64329,64402.8
1782158040000,64375.8,64403.1,64348.2,64362.9
1782158100000,64362.8,64421.5,64362.8,64385.8
1782158160000,64386.1,64426,64367.3,64382.8
1782158220000,64366.8,64414.9,64366.8,64389.4
1782158280000,64389.5,64421.3,64376.9,64379.4
1782158340000,64379.5,64434.8,64379.5,64393.4
1782158400000,64404.2,64474.3,64378.5,64466.8
1782158460000,64460.9,64476.3,64422.1,64453.1
1782158520000,64453.2,64534.4,64446.1,64498.4
1782158580000,64498.3,64573.5,64475.5,64562.8
1782158640000,64555.2,64571.1,64530.6,64560.8
1782158700000,64561.8,64593,64536.8,64564.9
1782158760000,64564.8,64596.7,64546.2,64565.9
1782158820000,64551.3,64563.2,64418.9,64435.5
1782158880000,64457.3,64488.7,64419.5,64460.7
1782158940000,64459.9,64486.6,64433.8,64448.7
1782159000000,64448.4,64483.6,64421.3,64438.8
1782159060000,64436.5,64443.8,64384.2,64432.5
1782159120000,64408.1,64459.2,64408.1,64428.7
1782159180000,64428.8,64470.7,64428.8,64439.5
1782159240000,64439.6,64467.1,64429.8,64435.3
1782159300000,64435.2,64482.1,64425.9,64446.2
1782159360000,64446.3,64450.9,64421.6,64425
1782159420000,64436.5,64440.1,64403.7,64410.9
1782159480000,64411,64448.8,64410.6,64421.6
1782159540000,64421.9,64443.2,64412.7,64428.3
1782159600000,64424.9,64426.8,64402.7,64417.3
1782159660000,64416.8,64420.8,64407.3,64407.3
1782159720000,64388.9,64413.8,64388.9,64407.3
1782159780000,64414.8,64414.8,64364.7,64393.1
1782159840000,64391.4,64407.8,64335.7,64341.9
1782159900000,64341.7,64355,64312.3,64322.3
1782159960000,64318.9,64335,64292.6,64304.5
1782160020000,64304,64307.9,64273.2,64292.8
1782160080000,64289.8,64307.9,64271.2,64284.6
1782160140000,64284.8,64338.3,64281.8,64314.6
1782160200000,64314.5,64374.4,64314.5,64347.7
1782160260000,64361.3,64372.9,64344.7,64358.5
1782160320000,64368,64396.9,64347.4,64373.9
1782160380000,64374,64399.2,64351.4,64352.5
1782160440000,64352.6,64381.5,64349.2,64349.7
1782160500000,64350.1,64362.8,64317.2,64355.7
1782160560000,64346.2,64358.8,64323.6,64333.4
1782160620000,64333.2,64394.3,64333.2,64370.1
1782160680000,64369.9,64433.9,64358.3,64413.8
1782160740000,64395.5,64418.8,64395.4,64401.4
1782160800000,64401.3,64423.8,64386,64409.8
1782160860000,64409.9,64429.8,64407.3,64408.6
1782160920000,64408.5,64425.8,64408.3,64425.8
1782160980000,64418.9,64423.9,64401.9,64404.1
1782161040000,64404.2,64426.5,64394.4,64421.8
1782161100000,64406.3,64419.8,64376,64376.1
1782161160000,64377,64397.9,64368.8,64396.9
1782161220000,64371.1,64418,64371.1,64384.8
1782161280000,64394.8,64394.8,64367,64372.7
1782161340000,64380,64391.8,64372.9,64385.1
1782161400000,64384.9,64391.8,64364.2,64371.9
1782161460000,64374.8,64374.8,64316.2,64319.7
1782161520000,64320.1,64352.7,64320.1,64328.8
1782161580000,64329.6,64353.8,64306.5,64330
1782161640000,64330.1,64355.4,64330.1,64330.1
1782161700000,64330,64365.9,64329.8,64338.9
1782161760000,64334.8,64365.3,64334.8,64340.5
1782161820000,64340.6,64367.1,64333.8,64356.8
1782161880000,64332.8,64357.2,64332.3,64333.8
1782161940000,64337.5,64368.1,64337.5,64342.6
1782162000000,64342.5,64371.9,64337.8,64341.1
1782162060000,64341.2,64416,64341.2,64409.8
1782162120000,64407.3,64412.7,64357.4,64374.2
1782162180000,64373,64402.4,64363,64372.8
1782162240000,64369.8,64374.1,64333.7,64333.7
1782162300000,64333.8,64342,64330.9,64342
1782162360000,64344,64363,64339.1,64356.5
1782162420000,64355.8,64356.8,64332.1,64347.6
1782162480000,64339.8,64348.7,64322.8,64326.8
1782162540000,64317.7,64324.8,64303.5,64303.7
1782162600000,64303.5,64323.8,64299.7,64307.4
1782162660000,64312.8,64312.8,64305.7,64307.7
1782162720000,64288.4,64307.8,64280.2,64281.5
1782162780000,64284.5,64319.8,64271.9,64319.8
1782162840000,64317.5,64339.8,64302.7,64326.7
1782162900000,64315.5,64327.8,64285.6,64311.2
1782162960000,64303.4,64312.8,64265.6,64265.6
1782163020000,64265,64320.7,64258.2,64313.8
1782163080000,64308.9,64318.8,64307.8,64307.8
1782163140000,64305.8,64305.8,64273.2,64286.8
1782163200000,64271.5,64283.8,64262.8,64277.6
1782163260000,64254.3,64281.1,64243.7,64250.8
1782163320000,64252.8,64252.8,64214.7,64239.8
1782163380000,64234.9,64238.8,64173.7,64173.7
1782163440000,64169.7,64217.8,64167.8,64193.6
1782163500000,64202.5,64210.8,64179.3,64202.7
1782163560000,64206.8,64240.8,64188.6,64240.8
1782163620000,64243.8,64243.8,64231.5,64231.5
1782163680000,64213.5,64238.8,64211.9,64223.7
1782163740000,64227.8,64228.8,64225.8,64227.9
1782163800000,64210.5,64227.2,64199.3,64207.5
1782163860000,64210.8,64216.8,64192.5,64215.8
1782163920000,64210,64218.8,64197.8,64213.8
1782163980000,64216.8,64229.8,64212.6,64225.7
1782164040000,64226,64236.8,64211.6,64236.8
1782164100000,64221,64237.8,64220.9,64234.8
1782164160000,64208.7,64235.8,64208.7,64221
1782164220000,64231.7,64249.8,64209,64245.2
1782164280000,64251.8,64265.8,64179.3,64184.8
1782164340000,64175.7,64182.8,64060.4,64117.4
1782164400000,64101.7,64165.8,64099.6,64149.1
1782164460000,64152.5,64159.8,64135.2,64151.8
1782164520000,64150.8,64157.8,64113.5,64113.5
1782164580000,64116.5,64148.8,64103.5,64124.8
1782164640000,64119.8,64132.8,64096.2,64111.5
1782164700000,64109.8,64144.5,64087.5,64144.5
1782164760000,64119.8,64169.8,64119.8,64150.2
1782164820000,64151.2,64180.4,64145.6,64166.8
1782164880000,64170.6,64198,64146.3,64166.1
1782164940000,64162,64179.1,64144.1,64154.2
1782165000000,64153.9,64212.1,64153.9,64190.1
1782165060000,64208.8,64208.8,64156.5,64179
1782165120000,64182.5,64182.5,64139.6,64162.8
1782165180000,64161.4,64181.8,64144,64165.1
1782165240000,64175.8,64177.8,64151.1,64176
1782165300000,64178.8,64203.8,64162.4,64199.8
1782165360000,64199.9,64219.8,64180.1,64205.1
1782165420000,64214.8,64226.8,64193,64226.8
1782165480000,64227.8,64240.8,64210.6,64239.9
1782165540000,64244.4,64245.4,64206.1,64245.4
1782165600000,64223.4,64262.7,64222.8,64222.8
1782165660000,64229.3,64292.7,64208.9,64267.5
1782165720000,64290.2,64323.5,64259.5,64304.7
1782165780000,64304.7,64325.2,64253.8,64281.9
1782165840000,64263.4,64317.3,64256,64280.6
1782165900000,64280.7,64302.8,64268.3,64278.3
1782165960000,64278.4,64278.4,64209.3,64216.6
1782166020000,64216.7,64267.4,64206.4,64209.3
1782166080000,64209.5,64221.4,64172.6,64205.6
1782166140000,64205.7,64271.3,64205.5,64248.4
1782166200000,64266,64269.2,64227.9,64237.2
1782166260000,64237.3,64285.2,64237.3,64253.3
1782166320000,64253.2,64284.6,64252.1,64259.6
1782166380000,64259.4,64288,64241.3,64241.3
1782166440000,64271.5,64271.5,64209.5,64220
1782166500000,64220.5,64224,64213.6,64223.7
1782166560000,64218.3,64241.8,64218.3,64241.7
1782166620000,64218.3,64223.6,64179.1,64191.2
1782166680000,64191.5,64212.1,64170.5,64179.8
1782166740000,64179.7,64200.2,64168.9,64200.2
1782166800000,64180.8,64204.2,64091.3,64106.4
1782166860000,64111.6,64158.4,64111.6,64136.1
1782166920000,64144.6,64195.1,64134.2,64178.4
1782166980000,64178.5,64196.4,64158.6,64158.6
1782167040000,64167.6,64180.8,64132.1,64162.2
1782167100000,64162,64175.4,64127.1,64133.6
1782167160000,64133.4,64141.4,64057,64057
1782167220000,64064.2,64084.7,63949.2,63968.6
1782167280000,63968.4,64024.2,63806.1,63978
1782167340000,63977.9,64021.3,63915.8,63944.2
1782167400000,63946.7,63966.8,63886.6,63905.8
1782167460000,63906,63962,63885.4,63908.8
1782167520000,63889.9,63971.9,63847.5,63934.6
1782167580000,63933.1,64038.4,63920.3,64011.9
1782167640000,64011.3,64065.7,63990.8,64043.9
1782167700000,64045.1,64064.6,63975.5,63978.6
1782167760000,63978.9,63999.8,63910.5,63914.9
1782167820000,63914.8,63935.8,63823.7,63828.2
1782167880000,63828.3,63892.2,63757,63831.6
1782167940000,63822.5,63863,63788.7,63809.1
1782168000000,63836.2,63858.4,63785.9,63792.7
1782168060000,63793.2,63883.9,63793.2,63860.4
1782168120000,63884.9,63907.8,63801.5,63825.9
1782168180000,63805.4,63835.2,63789.6,63800.7
1782168240000,63800.6,63817.5,63706.2,63752.2
1782168300000,63779,63811.3,63731,63781.6
1782168360000,63805.6,63817.3,63761.9,63788.8
1782168420000,63788.7,63846.7,63780.4,63823.6
1782168480000,63823.5,63859,63795.3,63819.9
1782168540000,63843.3,63861.3,63787.8,63841.5
1782168600000,63841.6,63886.8,63822.1,63857.6
1782168660000,63857.4,63880,63819.1,63851.6
1782168720000,63852.2,63901.9,63851.3,63887.2
1782168780000,63860.7,63890.4,63846.8,63861.6
1782168840000,63862.6,63919.3,63862.3,63896.4
1782168900000,63892.3,63909.4,63876.9,63909.4
1782168960000,63890,63924.7,63886,63902.8
1782169020000,63902.9,63917.5,63810.1,63849.7
1782169080000,63869.6,63917.4,63849.8,63890.3
1782169140000,63890,63898.7,63870.6,63881.6
1782169200000,63881.3,63885.1,63803.3,63861.1
1782169260000,63861.3,63883.9,63844,63858
1782169320000,63865,63933.5,63826.3,63912.5
1782169380000,63912.4,63925.8,63828.3,63858.1
1782169440000,63858,63922.5,63857.9,63906.5
1782169500000,63906.6,63930.2,63834.6,63863.4
1782169560000,63863.2,63925.1,63851,63890.8
1782169620000,63890.7,63909.7,63847.6,63888
1782169680000,63908.7,63946.1,63885.3,63916.3
1782169740000,63916.4,63944.6,63909.6,63915.7
1782169800000,63915.8,63946,63902.6,63915.8
1782169860000,63921.3,63936.9,63892.2,63918.8
1782169920000,63922.6,63936.9,63898.6,63908.2
1782169980000,63902,63925.7,63891.7,63918.8
1782170040000,63905.6,63916.8,63847.7,63873.8
1782170100000,63875.8,63875.8,63829.9,63849.9
1782170160000,63838.5,63853.8,63811.1,63832.4
1782170220000,63832.8,63861.6,63817.2,63827.4
1782170280000,63807.7,63868.4,63805.8,63837.7
1782170340000,63846.6,63863.8,63824.4,63844.8
1782170400000,63833.8,63857.8,63819.6,63837.7
1782170460000,63837.8,63886.9,63837.2,63880.4
1782170520000,63865.3,63894.8,63862.5,63868.2
1782170580000,63868.1,63946.9,63868.1,63927.5
1782170640000,63923.9,63933.8,63888.8,63906.5
1782170700000,63903.8,63950.3,63903.8,63922.6
1782170760000,63919,63948.7,63906.2,63930.8
1782170820000,63951.8,63982.7,63927.9,63959.4
1782170880000,63958.9,63975.8,63942,63944.1
1782170940000,63944.3,63972.3,63944.3,63952.5
1782171000000,63952.2,63961.8,63936.2,63943.8
1782171060000,63940.8,63940.8,63929.3,63933.2
1782171120000,63924.3,63937.8,63891.6,63894.3
1782171180000,63913.8,63935.5,63862.4,63935.5
1782171240000,63907.4,63933.2,63875.9,63893.9
1782171300000,63905.7,63914.8,63898.9,63908.4
1782171360000,63902.8,63966.7,63875.3,63947.7
1782171420000,63947.6,63964.8,63930.7,63954.3
1782171480000,63962.8,63962.8,63902,63922.7
1782171540000,63919.5,63950.8,63909.5,63948.4
1782171600000,63951.8,63951.8,63920.1,63931
1782171660000,63938.7,63961.8,63914.1,63938.8
1782171720000,63929.8,63933.5,63910.9,63925.6
1782171780000,63917,63927.8,63903,63914.8
1782171840000,63910.8,63917.7,63891.8,63893.2
1782171900000,63893,63935.8,63893,63905.2
1782171960000,63910.8,63941.8,63902.6,63914.1
1782172020000,63925.6,63932.8,63869.5,63899.6
1782172080000,63895.7,63916.8,63887.6,63902.8
1782172140000,63882.5,63897.8,63865.2,63875.2
1782172200000,63886.1,63896.8,63863.9,63888.8
1782172260000,63887.8,63889,63864.2,63878.9
1782172320000,63886.6,63915.2,63862.5,63912.8
1782172380000,63888.1,63955.9,63888.1,63931.5
1782172440000,63930.8,63965.4,63918.7,63946.4
1782172500000,63946.3,63958.8,63927.9,63957.6
1782172560000,63946.5,63979.4,63941.4,63949.9
1782172620000,63949.8,63966.8,63942.4,63963.8
1782172680000,63950.2,63963.8,63939.9,63948.8
1782172740000,63944.6,63947,63928.6,63928.7
1782432000000,59706.2,59738.8,59671.9,59713.1
1782432060000,59683.8,59744.3,59662.2,59662.7
1782432120000,59680.4,59780.8,59650.1,59771.1
1782432180000,59736.9,59788.8,59727.9,59771.3
1782432240000,59782.8,59802.8,59710.2,59710.8
1782432300000,59711,59785.8,59686.8,59775.3
1782432360000,59758,59804.8,59722,59757.8
1782432420000,59758.9,59788.8,59699.5,59723.5
1782432480000,59723.6,59771.8,59682.9,59715.9
1782432540000,59714.9,59780.8,59688.6,59761.9
1782432600000,59781.8,59804.8,59745,59745.3
1782432660000,59745.2,59828.8,59714.6,59762.8
1782432720000,59717.2,59764.8,59706,59717
1782432780000,59717.1,59777.8,59681.6,59758.2
1782432840000,59790.8,59823.8,59756.9,59772.3
1782432900000,59772.5,59798.1,59711.2,59721.7
1782432960000,59721.8,59769.8,59682.5,59686.4
1782433020000,59712,59803.8,59679.6,59751.5
1782433080000,59751.3,59803.8,59688.9,59689
1782433140000,59713,59732.8,59677.2,59686.6
1782433200000,59684.8,59748.8,59654.2,59722.1
1782433260000,59722.2,59754.8,59679.9,59709.5
1782433320000,59709.6,59755.8,59691.3,59739.6
1782433380000,59711.5,59767.8,59693.8,59709.8
1782433440000,59715.2,59755.8,59698,59698
1782433500000,59714.8,59714.8,59657,59678.4
1782433560000,59671.8,59700.9,59602.5,59625.1
1782433620000,59650.1,59712.8,59589.8,59597.9
1782433680000,59598,59686.8,59597.9,59654.2
1782433740000,59672.6,59695.8,59612.7,59667.3
1782433800000,59667.4,59699.8,59624.5,59654.1
1782433860000,59644.6,59709.8,59644.6,59656
1782433920000,59656.1,59718.8,59628.1,59629.3
1782433980000,59653.9,59718.8,59613,59657.5
1782434040000,59657.6,59716.2,59647.4,59691.5
1782434100000,59712.8,59724.8,59612.7,59613.1
1782434160000,59613.4,59703.8,59585.3,59703.8
1782434220000,59674.4,59706.8,59634.4,59698.2
1782434280000,59675.4,59718.8,59648.7,59683.7
1782434340000,59683.6,59718.8,59649,59700.1
1782434400000,59683.5,59798.8,59683.5,59737.3
1782434460000,59737.2,59761.5,59672.7,59726.8
1782434520000,59732.3,59761.8,59690.4,59690.4
1782434580000,59690.9,59740.8,59683.7,59683.7
1782434640000,59683.8,59718.8,59671.3,59701.6
1782434700000,59671.5,59728.8,59657.2,59680.5
1782434760000,59680.7,59745.8,59670,59714.8
1782434820000,59684.8,59714.8,59644.6,59672.9
1782434880000,59672.8,59714.8,59662.7,59671.2
1782434940000,59671.1,59707.8,59622.7,59680.9
1782435000000,59675.2,59694.8,59601.1,59602.3
1782435060000,59602.2,59709.8,59602.1,59709.8
1782435120000,59696.3,59712.8,59648.2,59659.9
1782435180000,59660.7,59688.4,59619.9,59620.6
1782435240000,59620.4,59657.4,59525.6,59533.1
1782435300000,59533,59608.8,59525.5,59567.7
1782435360000,59584.4,59619.8,59540.7,59555.9
1782435420000,59556.1,59596.8,59521.7,59570
1782435480000,59569.8,59617.8,59544.3,59589.3
1782435540000,59563.9,59595.6,59546.7,59555
1782435600000,59573.4,59605.2,59542.2,59569.9
1782435660000,59569.8,59699.4,59569.8,59652.6
1782435720000,59655.5,59683.7,59594.3,59625.1
1782435780000,59643.3,59655.8,59574,59585.5
1782435840000,59612.1,59632.8,59444,59492.8
1782435900000,59494.8,59499.8,59372.3,59403.7
1782435960000,59374.7,59436.8,59325.9,59436.8
1782436020000,59437.8,59477.8,59398.4,59403.8
1782436080000,59436.8,59506.8,59400.1,59458.2
1782436140000,59458.1,59495.8,59420.3,59444.3
1782436200000,59444.2,59507.8,59434.3,59473.6
1782436260000,59473.7,59602.9,59473.7,59557.3
1782436320000,59577.3,59577.3,59512.5,59517.6
1782436380000,59517.7,59558.9,59480.5,59489.8
1782436440000,59494.1,59510.8,59461.8,59479.4
1782436500000,59496.4,59528.8,59458.6,59485.9
1782436560000,59486.3,59575.8,59476.4,59575.8
1782436620000,59547.1,59590.8,59525.9,59554.6
1782436680000,59529.4,59546.5,59460.9,59489.3
1782436740000,59464.3,59517.8,59454.2,59502.7
1782436800000,59505.1,59537.8,59489.4,59537.8
1782436860000,59538.8,59545.8,59478.6,59519
1782436920000,59511,59511,59429,59488.7
1782436980000,59488.6,59507.8,59359.1,59381.5
1782437040000,59381.4,59433.8,59367,59367.3
1782437100000,59395.1,59401.7,59296.3,59338
1782437160000,59356.8,59366.8,59293.9,59293.9
1782437220000,59320.6,59346.8,59294.1,59298.6
1782437280000,59298.3,59331.8,59265.2,59274.8
1782437340000,59274.9,59306.8,59184.4,59184.6
1782437400000,59184.7,59255.2,59184.6,59207.9
1782437460000,59226.4,59247.8,59161.6,59171.6
1782437520000,59171.4,59207.8,59130.3,59137.6
1782437580000,59155.2,59249.8,59118.2,59198.6
1782437640000,59191,59204.8,59128.3,59156.6
1782437700000,59156.9,59219.8,59132.3,59145.6
1782437760000,59145.8,59183.8,59116.2,59155.1
1782437820000,59155.3,59229.8,59155.3,59198.5
1782437880000,59203.8,59221.8,59136.9,59200.1
1782437940000,59170.7,59261.8,59155.7,59261.8
1782438000000,59262.8,59295.8,59220.8,59271.1
1782438060000,59247.5,59292.8,59225.1,59257.2
1782438120000,59234,59289.8,59147.5,59181.8
1782438180000,59165.2,59251.8,59161.9,59184
1782438240000,59211,59249.8,59184.2,59226.4
1782438300000,59225,59257.8,59168.7,59215.1
1782438360000,59215.7,59265.8,59160,59198.6
1782438420000,59199.6,59244.1,59156.4,59214.8
1782438480000,59214.7,59300.8,59214.7,59260.7
1782438540000,59284.8,59316.8,59256.3,59303.2
1782438600000,59278.2,59341.8,59278.2,59332.4
1782438660000,59333.5,59362.8,59305.1,59337.6
1782438720000,59318.5,59341.8,59278.6,59287.3
1782438780000,59287.4,59317.8,59257.7,59271
1782438840000,59290.9,59313.8,59254.8,59303.2
1782438900000,59284.5,59341.8,59262.7,59287.6
1782438960000,59287.7,59352.8,59266.9,59338.9
1782439020000,59330.4,59343.8,59267.9,59268.1
1782439080000,59268,59335.8,59261.2,59261.4
1782439140000,59261.1,59358.8,59261.1,59358.8
1782439200000,59361.7,59371.8,59301.8,59301.8
1782439260000,59307.5,59343.8,59289.1,59291.4
1782439320000,59287.8,59339.8,59260.2,59328.8
1782439380000,59340.8,59349.8,59293.7,59309.9
1782439440000,59309.8,59346.8,59248.3,59257.4
1782439500000,59257.5,59318.8,59257.3,59260.5
1782439560000,59260.4,59294.8,59241.7,59286.5
1782439620000,59285.9,59329.8,59245.3,59292
1782439680000,59291.9,59329.8,59248,59269.6
1782439740000,59276.9,59293.8,59143.3,59178.1
1782439800000,59200.9,59257.1,59152.6,59225.1
1782439860000,59225.2,59254,59052.1,59095.9
1782439920000,59074.5,59110.8,58800.3,58817.9
1782439980000,58841.5,58883.8,58584.3,58604.4
1782440040000,58598.9,58763.8,58556.3,58596
1782440100000,58584.6,58763.8,58572.5,58680.7
1782440160000,58673,58683.8,58347.3,58492.1
1782440220000,58513.3,58763.8,58492,58738.1
1782440280000,58728.2,58770.8,58566.7,58615.7
1782440340000,58616.9,58636.9,58535.6,58537.3
1782440400000,58536.4,58607.6,58472.6,58472.6
1782440460000,58502.9,58534.6,58298.2,58397.3
1782440520000,58398,58498.8,58295.8,58329.2
1782440580000,58307.9,58364.1,58279.1,58337.4
1782440640000,58339.4,58439.8,58243.3,58357.6
1782440700000,58355.1,58535.8,58312.8,58519
1782440760000,58518.8,58605.8,58501.8,58599.7
1782440820000,58581.9,58702.8,58574.2,58647.4
1782440880000,58649.6,58743.8,58594.1,58706.2
1782440940000,58722.2,58818.8,58706.9,58797.4
1782441000000,58815.8,58916.8,58734.3,58858.8
1782441060000,58830.1,58925.8,58780.7,58873.2
1782441120000,58865.2,58879.1,58631.7,58652.1
1782441180000,58652,58749.3,58583.9,58727.9
1782441240000,58729.4,58856.8,58703.5,58855.3
1782441300000,58862.3,58936.8,58788.5,58788.5
1782441360000,58788.5,58845.8,58729.1,58818.7
1782441420000,58792.6,58828.8,58654.7,58665.8
1782441480000,58666.3,58718.8,58597.7,58667.7
1782441540000,58668.4,58776.6,58641.9,58723.6
1782441600000,58723.7,58777.8,58647.7,58709.2
1782441660000,58709.8,58752.8,58674.7,58724.8
1782441720000,58681.9,58810.8,58681.7,58761.1
1782441780000,58761.3,58835.8,58756.7,58772.2
1782441840000,58772.3,58781.8,58685.3,58711.2
1782441900000,58736.8,58743.8,58650.2,58681.4
1782441960000,58687.9,58755.8,58652.5,58689.7
1782442020000,58681.5,58721.8,58594.8,58616.9
1782442080000,58616.6,58667.8,58487.4,58519.2
1782442140000,58530.8,58559.7,58460.9,58530.3
1782442200000,58556.6,58646.5,58531.1,58629.8
1782442260000,58621,58636.1,58497.3,58518.3
1782442320000,58501.7,58564.8,58452,58479.4
1782442380000,58484.5,58488.2,58351.5,58413.8
1782442440000,58394.2,58442.6,58370.1,58422.4
1782442500000,58410,58481.8,58373.1,58398.1
1782442560000,58420.8,58420.8,58321.1,58386.8
1782442620000,58396.8,58475.8,58356.1,58424.9
1782442680000,58435,58489.8,58366.8,58446.6
1782442740000,58446.9,58529.8,58426.3,58458.5
1782442800000,58480.6,58551.8,58375,58492.7
1782442860000,58498.8,58514.2,58294.4,58299.7
1782442920000,58322.7,58347.8,58220.9,58311.8
1782442980000,58302,58502.2,58254.5,58377.7
1782443040000,58377.5,58598.5,58377.5,58577.7
1782443100000,58580.9,58639.8,58456.8,58588.7
1782443160000,58580.9,58610.8,58477,58567.9
1782443220000,58568,58620.8,58514.8,58537.2
1782443280000,58566,58678.8,58541.2,58585.4
1782443340000,58586.6,58672.8,58579.9,58626
1782443400000,58655.2,58835.8,58623.4,58805.4
1782443460000,58808.9,58872.4,58770.4,58848.3
1782443520000,58849.5,58896.8,58764.8,58792.5
1782443580000,58785.6,58833.8,58742.2,58784.1
1782443640000,58784.5,58837.8,58751.6,58828.8
1782443700000,58827.8,58837.8,58743.4,58773.6
1782443760000,58769.6,58849.8,58754.2,58778.5
1782443820000,58800.4,58815.8,58707.6,58736.4
1782443880000,58736.1,58795.8,58716.5,58763.6
1782443940000,58761.7,58831.8,58757.7,58813.1
1782444000000,58804.3,58850.8,58768.5,58771.6
1782444060000,58788.9,58854.8,58762.5,58770.3
1782444120000,58770.4,58818.8,58724.3,58724.3
1782444180000,58740.6,58771.8,58685.5,58718.2
1782444240000,58738.8,58777.8,58694.9,58748.8
1782444300000,58732.6,58780.8,58709,58764.2
1782444360000,58739.7,58853.8,58717.6,58791
1782444420000,58790.4,59097.8,58781.4,59045.7
1782444480000,59044.8,59088.8,58969.1,59018.9
1782444540000,59034.8,59034.8,58965.2,58982.8
1782444600000,58982.4,59020.8,58898.7,58934.9
1782444660000,58937.1,59003.8,58893.2,58997.8
1782444720000,59001.8,59171.8,58953.3,59121.1
1782444780000,59092.2,59187.8,59078.7,59114.4
1782444840000,59131.2,59140.8,59082.5,59087
1782444900000,59087.1,59139.8,59060.9,59127
1782444960000,59126.4,59200.8,59092.1,59187.6
1782445020000,59179.6,59213.8,59134.8,59201.9
1782445080000,59218.8,59310.8,59160,59288.2
1782445140000,59288.3,59444.5,59288.3,59347.5
1782445200000,59368.9,59409.8,59308.6,59377.2
1782445260000,59356.2,59406.8,59312.1,59319.7
1782445320000,59320.5,59381.8,59283.7,59292.6
1782445380000,59293.9,59362.8,59270,59305.4
1782445440000,59305.9,59425.8,59305.9,59377.3
1782445500000,59377.2,59616.8,59362.7,59589.6
1782445560000,59580.9,59669.8,59519.4,59539.3
1782445620000,59539.4,59773.8,59518.2,59755.9
1782445680000,59727.1,59731,59535.7,59535.7
1782445740000,59567.9,59679.8,59536.1,59600.3
1782445800000,59599.7,59685.1,59545.6,59640.4
1782445860000,59638.9,59703.8,59603.8,59651.8
1782445920000,59636.2,59745.8,59588.8,59731.9
1782445980000,59711,59812.8,59647.9,59655.9
1782446040000,59656.4,59751.8,59646.6,59733.8
1782446100000,59718.6,59781.8,59658.5,59716.2
1782446160000,59715.7,60051.8,59715.5,59885.3
1782446220000,59905.1,59921,59768,59810.1
1782446280000,59845.1,59858.8,59789.3,59828.8
1782446340000,59802.3,59966.8,59802.3,59946.8
1782446400000,59926,60012.8,59751.6,59807.8
1782446460000,59778.9,59855.8,59717.9,59826
1782446520000,59788.1,59812.9,59730.1,59757.9
1782446580000,59759,59830.8,59746.3,59770.2
1782446640000,59802.4,59849.8,59767.9,59787.7
1782446700000,59765.4,59825.8,59745.8,59816.7
1782446760000,59829.8,59857.8,59767.2,59770.8
1782446820000,59770.8,59909.3,59731.9,59887.9
1782446880000,59886.3,59969.8,59835.6,59880.9
1782446940000,59907.9,59907.9,59790.8,59800.6
1782447000000,59800.4,59908.9,59800.1,59908.9
1782447060000,59880.6,59958.8,59880.6,59939.8
1782447120000,59916.2,59943.8,59813,59870.8
1782447180000,59847.4,59878.8,59789.2,59809.3
1782447240000,59789.5,59842.8,59778.4,59821.5
1782447300000,59802,59858.8,59772.8,59856.1
1782447360000,59840.3,60006.8,59840.3,59965.6
1782447420000,59959.5,60141.8,59955.9,60128.4
1782447480000,60132.7,60137.8,59940.4,59951
1782447540000,59950.3,60018.8,59920.6,59997.8
1782447600000,59940.9,59997.8,59848.4,59879.4
1782447660000,59879.5,59910.8,59823.8,59877.3
1782447720000,59870.6,59947.8,59856.6,59931.8
1782447780000,59918.1,59933.8,59866.9,59903.2
1782447840000,59900.9,59931.8,59868.3,59874.4
1782447900000,59913.8,59913.8,59826.5,59894.8
1782447960000,59873.2,59883,59776.9,59808.4
1782448020000,59827.8,59888.2,59800.1,59885.7
1782448080000,59858.7,59932.8,59838,59883.7
1782448140000,59883.8,59922.8,59841.6,59877.7
1782448200000,59877.6,59945.8,59842,59887.6
1782448260000,59865.9,59944.8,59851,59894.9
1782448320000,59894.2,59916.8,59825.1,59825.2
1782448380000,59845.9,59893.8,59799.3,59838.3
1782448440000,59835,59858.8,59781.6,59822.9
1782448500000,59826.7,59877.8,59790.8,59877.8
1782448560000,59875.8,59883.3,59817.6,59874.3
1782448620000,59856.5,59881.8,59797.4,59828.5
1782448680000,59829.5,59844.8,59783.6,59810.2
1782448740000,59810.3,59838.8,59775.4,59813.3
1782448800000,59831.6,59896.8,59809.1,59854.5
1782448860000,59854.4,59902.8,59843.6,59864.2
1782448920000,59851.2,59891.8,59809.1,59814.5
1782448980000,59814.6,59861.8,59804.3,59842.9
1782449040000,59850.7,59904.8,59843.1,59861.3
1782449100000,59861.5,59907.8,59850.1,59869.3
1782449160000,59872.1,59893.8,59784.7,59823.4
1782449220000,59823.6,59866.8,59816.7,59853.7
1782449280000,59836,59877.8,59779.3,59780.3
1782449340000,59780.7,59835.8,59776.5,59807.6
1782449400000,59781,59831.8,59770.6,59794.3
1782449460000,59792.8,59830.8,59770.3,59789.1
1782449520000,59788.9,59844.8,59778.2,59796.5
1782449580000,59813.8,59833.8,59735.3,59781.8
1782449640000,59774.7,59797.8,59724.1,59782.2
1782449700000,59768.7,59800.8,59739.6,59790.7
1782449760000,59776.8,59822.8,59776.5,59793.4
1782449820000,59796.5,59829.8,59768.7,59787.9
1782449880000,59788,59840.8,59786.8,59788.1
1782449940000,59788.2,59841.8,59776.8,59814.3
1782450000000,59814.6,59865.8,59773.1,59773.2
1782450060000,59773.1,59851.4,59752.3,59827.5
1782450120000,59829.3,59873.8,59746.5,59746.5
1782450180000,59746.6,59830.8,59740.8,59775.8
1782450240000,59763.7,59802.8,59742.9,59774.5
1782450300000,59749.7,59803.8,59732.2,59761.6
1782450360000,59759.5,59812.8,59732.7,59809.8
1782450420000,59806.8,59841.8,59769,59823.6
1782450480000,59823,59836.8,59740.8,59774.8
1782450540000,59782.9,59822.8,59739.2,59786.8
1782450600000,59790.8,59889.8,59773.8,59889.8
1782450660000,59890.8,59893.8,59826.7,59851.6
1782450720000,59855.7,59868.8,59811.2,59850.5
1782450780000,59837.2,59885.8,59828.3,59849.6
1782450840000,59857.9,59897.8,59830.1,59888.1
1782450900000,59906.1,59932.8,59868.3,59910.9
1782450960000,59946,59966.8,59855.3,59855.4
1782451020000,59855.6,59894.8,59825.2,59882.8
1782451080000,59854.1,59884.8,59808,59844.9
1782451140000,59845.7,59899.8,59831.3,59865.9
1782451200000,59859.5,59880.8,59806.3,59848.5
1782451260000,59852.8,59865.9,59804.7,59824.5
1782451320000,59799.2,59819.8,59672,59678.5
1782451380000,59678.9,59711.8,59628.5,59628.9
1782451440000,59646.1,59690.8,59620.5,59636.6
1782451500000,59636.8,59751.8,59636.6,59746.3
1782451560000,59725.7,59811.8,59720.3,59790.7
1782451620000,59778.7,59919.8,59778.7,59860
1782451680000,59859.2,59896.8,59807.2,59882.2
1782451740000,59888.4,59900.8,59853.8,59872.1
1782451800000,59876.4,59929.8,59851.7,59878.7
1782451860000,59850.5,59913.8,59839.8,59852.5
1782451920000,59853,59935.8,59852.3,59916.8
1782451980000,59923.2,59941.8,59892.6,59934.8
1782452040000,59894.6,59966.8,59892.6,59954.4
1782452100000,59952.9,59965.8,59843,59932.9
1782452160000,59941.8,59947.8,59868.1,59901.8
1782452220000,59887.7,59924.8,59855.7,59885.2
1782452280000,59885.3,59933.8,59868.4,59881.1
1782452340000,59889,59890.8,59841.5,59849.4
1782452400000,59841.9,59887.8,59822.5,59834.9
1782452460000,59856.8,59859.8,59790.5,59822.9
1782452520000,59800.6,59838.8,59750.2,59795.6
1782452580000,59807.8,59833.8,59780.8,59828.8
1782452640000,59818.3,59832.8,59755.7,59807.8
1782452700000,59795.9,59818.8,59675.1,59704.9
1782452760000,59681.8,59735.8,59676.5,59711.9
1782452820000,59722.8,59741.8,59688.7,59722.9
1782452880000,59720.1,59726.8,59683.9,59722.8
1782452940000,59719.3,59791.8,59698.3,59791.8
1782453000000,59781.7,59824.8,59737,59737
1782453060000,59736.8,59779.8,59718.9,59768.8
1782453120000,59762.9,59781.8,59725.1,59759.7
1782453180000,59765.9,59837.8,59756.5,59818.2
1782453240000,59814.4,59852.8,59794.8,59852.8
1782453300000,59836.7,59876.8,59803,59876.8
1782453360000,59856.8,59877.8,59790.1,59859.9
1782453420000,59864.9,59879.8,59811.3,59859.8
1782453480000,59845,59897.8,59805.1,59850
1782453540000,59869,59869,59826.9,59839.2
1782453600000,59839.3,59839.3,59761.5,59761.5
1782453660000,59760.8,59776.8,59692.4,59730.2
1782453720000,59740.8,59777.8,59704.3,59704.4
1782453780000,59704.3,59731.8,59589.5,59625
1782453840000,59632.3,59712.8,59632.1,59694.9
1782453900000,59693.5,59712.8,59645.4,59697
1782453960000,59672.1,59746.8,59670,59709.6
1782454020000,59706,59726.8,59673,59710.6
1782454080000,59700.9,59727.8,59635.3,59667.8
1782454140000,59648.1,59707.8,59639.4,59691.2
1782454200000,59706.8,59713.8,59644,59657.8
1782454260000,59657.6,59706.8,59649.4,59653.2
1782454320000,59656.1,59721.8,59648.4,59706.8
1782454380000,59656.7,59700.8,59623.4,59665.8
1782454440000,59650.9,59674.8,59597.6,59647.8
1782454500000,59645.8,59672.8,59602.4,59641.7
1782454560000,59634.5,59697.8,59631.1,59694.8
1782454620000,59687.3,59716.8,59635.1,59679.8
1782454680000,59650.6,59709.8,59623.8,59685.9
1782454740000,59700.8,59743.8,59684.7,59743.8
1782454800000,59718.2,59795.8,59696.8,59795.8
1782454860000,59779.5,59818.8,59727.7,59808.9
1782454920000,59815.9,59990.8,59798.9,59926.2
1782454980000,59958.8,59958.8,59888.6,59943.8
1782455040000,59941,60021.8,59894.4,59942.8
1782455100000,59943.8,59997.8,59906.4,59912.1
1782455160000,59912,59944.8,59886.1,59899.9
1782455220000,59916.8,59927.8,59851.3,59898.4
1782455280000,59895.8,59906.8,59808.4,59850.3
1782455340000,59850.2,59975.8,59850.2,59974.8
1782455400000,59973.8,59973.8,59859.8,59896.1
1782455460000,59890.6,59941.8,59844.3,59940.8
1782455520000,59900.7,59966.8,59892.4,59945.1
1782455580000,59943,59990.8,59870.8,59873
1782455640000,59872.9,59906.8,59858,59886.3
1782455700000,59877.2,59954.8,59877.2,59937.1
1782455760000,59952.8,60010.8,59932.9,59954.2
1782455820000,59954.1,60066.8,59950.3,60046.5
1782455880000,60041.9,60109.8,60032.5,60066.1
1782455940000,60067.5,60271.2,60049.8,60098.6
1782456000000,60098.9,60137.8,60018,60021.9
1782456060000,60022.2,60150.8,60000.5,60101.5
1782456120000,60104.2,60179.1,60060.4,60164.4
1782456180000,60150.1,60278.8,60120.7,60254.4
1782456240000,60254.5,60335.8,60231.1,60296.8
1782456300000,60321.8,60321.8,60177.3,60262.2
1782456360000,60251.9,60379.8,60228.6,60363.6
1782456420000,60353.6,60382.8,60277,60282.4
1782456480000,60282.2,60332.8,60246.8,60247.7
1782456540000,60283.5,60293.8,60225,60225.3
1782456600000,60225.7,60244.8,60171.1,60171.1
1782456660000,60171.5,60211.8,60143.5,60176.5
1782456720000,60177.1,60192.8,60131.2,60135.5
1782456780000,60135.3,60214.8,60122.8,60214.8
1782456840000,60191.5,60231.8,60167,60226.8
1782456900000,60203.9,60239.8,60161.6,60193.9
1782456960000,60215.8,60215.8,60151.1,60155.9
1782457020000,60179.1,60210.8,60152.4,60201.7
1782457080000,60211.8,60269.8,60186.2,60269.8
1782457140000,60247.9,60269.8,60196.4,60237.3
1782457200000,60251.8,60266.8,60190,60190.1
1782457260000,60190,60259.1,60189.6,60218.2
1782457320000,60245.8,60259.1,60179.4,60209.2
1782457380000,60218.4,60254.8,60191.4,60239
1782457440000,60246.8,60255.8,60166.1,60224.7
1782457500000,60234.2,60254.8,60184.7,60214.6
1782457560000,60223.4,60266.5,60208.4,60243.5
1782457620000,60243.6,60309.6,60229.2,60289
1782457680000,60268.3,60295.8,60223.1,60247
1782457740000,60227.9,60324.8,60208.6,60311.5
1782457800000,60320.8,60374.8,60290.2,60340.6
1782457860000,60338.7,60357.8,60298.4,60308.7
1782457920000,60330,60341.8,60261.3,60262
1782457980000,60262.1,60362.8,60262.1,60346.5
1782458040000,60347.4,60448,60319.1,60421.9
1782458100000,60426.2,60504.8,60350.7,60482.9
1782458160000,60473.4,60509.8,60440.4,60449.2
1782458220000,60475.6,60525.8,60458.6,60509.9
1782458280000,60532.8,60535.8,60439,60482.4
1782458340000,60483.2,60537.8,60462.1,60526.8
1782458400000,60502,60527.8,60407,60407.1
1782458460000,60406.8,60487.8,60397.2,60468.6
1782458520000,60473.8,60485.8,60405.7,60455.8
1782458580000,60439.3,60486.8,60404,60486.8
1782458640000,60465.6,60497.8,60412.4,60489.4
1782458700000,60494.5,60521.8,60400.2,60443.7
1782458760000,60444.1,60510.8,60406.2,60485.8
1782458820000,60495.9,60519.8,60491,60516.9
1782458880000,60505.4,60615.8,60478.3,60479
1782458940000,60478.8,60525.8,60478.7,60480.3
1782459000000,60505.9,60554.8,60458.8,60540.6
1782459060000,60560.8,60615.8,60521.8,60535.4
1782459120000,60556.2,60611.8,60520.7,60593.8
1782459180000,60559.2,60609.8,60544.1,60551.1
1782459240000,60550.8,60601.8,60479.5,60479.5
1782459300000,60479.6,60534.8,60433.2,60439.6
1782459360000,60468.4,60487.7,60446,60453.9
1782459420000,60454,60555.9,60449.6,60541.7
1782459480000,60548.7,60609.8,60519.7,60565.5
1782459540000,60565.6,60654.1,60559.1,60636.7
1782459600000,60638.3,60675.8,60577.7,60591
1782459660000,60620.4,60650.8,60583.6,60583.7
1782459720000,60616,60616,60548.5,60571.7
1782459780000,60571.8,60626.8,60563.4,60563.6
1782459840000,60563.7,60611.8,60467.3,60471.6
1782459900000,60466.6,60525.8,60409.9,60410.4
1782459960000,60410.7,60503.8,60392,60439.3
1782460020000,60435.2,60468.1,60382.4,60383.5
1782460080000,60383.3,60463.8,60383.3,60411.8
1782460140000,60410.8,60455.8,60391.3,60405.5
1782460200000,60405.6,60461.8,60405.2,60424.8
1782460260000,60458.2,60498,60396.7,60461.8
1782460320000,60438.7,60467.8,60401,60427.4
1782460380000,60427.3,60504.8,60426,60483.8
1782460440000,60448.7,60502.8,60445.4,60465.7
1782460500000,60465.5,60510.8,60454.9,60455.1
1782460560000,60455.4,60561.8,60449.1,60459.4
1782460620000,60459.3,60519.8,60431.1,60440.9
1782460680000,60441.2,60514.8,60439.6,60483.5
1782460740000,60485.5,60500.8,60409.8,60410
1782460800000,60406.4,60502.8,60400.2,60400.4
1782460860000,60400.3,60447.3,60298.5,60323.6
1782460920000,60323,60364.8,60275.1,60286
1782460980000,60286.9,60361.6,60264.1,60332.5
1782461040000,60332.9,60361.7,60249.3,60286.9
1782461100000,60262.2,60304.8,60244.3,60247.7
1782461160000,60274.9,60277.2,60210.3,60241
1782461220000,60258,60287.8,60180,60211.5
1782461280000,60183.4,60237.8,60138,60191.6
1782461340000,60188.1,60210.8,60144.2,60144.7
1782461400000,60144.2,60215.8,60139.9,60167.7
1782461460000,60167.9,60240.8,60166.7,60198.3
1782461520000,60198.4,60246.8,60175.4,60187.1
1782461580000,60187.2,60225.9,60114.2,60147
1782461640000,60146.9,60193.8,60133.5,60193.8
1782461700000,60165.4,60212.8,60127.6,60153.7
1782461760000,60146.7,60218.8,60119.9,60170.5
1782461820000,60170.3,60209.8,60145.5,60209.8
1782461880000,60205.5,60225.8,60073,60073
1782461940000,60072.8,60137.8,60072.6,60084.7
1782462000000,60084.6,60135.8,60079.8,60092.6
1782462060000,60092.2,60225.9,60092.1,60218.6
1782462120000,60193.7,60279.8,60189.8,60232.6
1782462180000,60255.3,60255.3,60195.4,60205.5
1782462240000,60205.6,60259.8,60202.1,60259.8
1782462300000,60247.3,60293.8,60222.1,60259.5
1782462360000,60233.4,60257.1,60185,60198.3
1782462420000,60197.9,60259.5,60135.8,60209.7
1782462480000,60193.2,60233.8,60178.6,60181.5
1782462540000,60181.6,60239.8,60178.3,60199.8
1782462600000,60199.7,60234.8,60181.6,60196.8
1782462660000,60228.7,60266.8,60192.9,60218.4
1782462720000,60215.8,60246.8,60111.2,60176.8
1782462780000,60147.2,60192.8,60085.5,60140.3
1782462840000,60134.9,60154.8,60036.8,60114
1782462900000,60111.3,60122.8,60056.3,60087.8
1782462960000,60092.5,60149.8,60066.8,60125.3
1782463020000,60102.1,60155.8,60100.3,60110.2
1782463080000,60110.3,60178.9,60110.3,60140.6
1782463140000,60162.4,60189.8,60111.5,60145.7
1782463200000,60123.2,60145.9,60083.5,60084
1782463260000,60083.8,60152.8,60071.1,60137.1
1782463320000,60113.2,60168.8,60112.5,60142.1
1782463380000,60142,60174.8,60102.2,60122.7
1782463440000,60119.7,60126.2,60080.7,60098.6
1782463500000,60098.3,60149.8,60086.6,60098.6
1782463560000,60130.5,60191.8,60119.7,60183.9
1782463620000,60165.8,60186.3,60074.9,60074.9
1782463680000,60102.5,60112.2,60074.9,60082.4
1782463740000,60082.3,60102.1,60032.3,60062.4
1782463800000,60039.6,60109.8,60039.6,60107.8
1782463860000,60094.7,60121.8,60046,60115.8
1782463920000,60093.4,60143.8,60069.7,60100.3
1782463980000,60100.5,60161.8,60079.9,60144.2
1782464040000,60121.1,60163.8,60059.3,60081.2
1782464100000,60080.9,60099.8,60035,60040.2
1782464160000,60040.3,60142.8,60040.3,60116.2
1782464220000,60115.6,60160.8,60095.5,60131.6
1782464280000,60155.8,60196.8,60114.2,60125.6
1782464340000,60125.5,60170.8,60093.6,60157.4
1782464400000,60171.8,60178.8,60066,60069.2
1782464460000,60069.1,60136.8,60063.7,60066.8
1782464520000,60061,60100.8,60043.8,60049
1782464580000,60049.3,60111.8,60000.3,60000.3
1782464640000,60004,60060.8,59968.2,60016.2
1782464700000,59981.8,60064.8,59981.8,60034.9
1782464760000,60009.4,60059.8,59970.9,59973.7
1782464820000,59973.6,60010.4,59964,59979
1782464880000,59997.6,60037.8,59970.7,60030.7
1782464940000,60013.8,60035.3,59988.5,59989.1
1782465000000,59978.3,60045.8,59965.3,60045.8
1782465060000,60028.7,60072.8,60018.2,60021.4
1782465120000,60021.1,60066.6,60002.4,60004.1
1782465180000,60003.9,60043.8,59978.1,60037.7
1782465240000,60040.8,60090.2,60012,60062.8
1782465300000,60062.6,60101.8,60036.4,60044.4
1782465360000,60044.3,60076.8,60015.9,60019.8
1782465420000,60019.7,60069.8,60012.7,60063.4
1782465480000,60036.9,60082.8,60010.3,60040.7
1782465540000,60040.4,60067.2,59965.1,60046.7
1782465600000,60026.8,60090.8,59991.9,60054.4
1782465660000,60054.5,60097.8,60024.8,60025
1782465720000,60024.9,60073.8,59992.5,60028.1
1782465780000,60054.3,60088.8,60024.2,60024.3
1782465840000,60024.5,60058.9,60004,60010
1782465900000,60011.4,60073.7,60003.6,60017.4
1782465960000,60017.3,60068.8,59998.8,60038.7
1782466020000,60039,60075.8,60025.3,60053.6
1782466080000,60030.6,60067.8,59996.9,60014.7
1782466140000,60014.9,60059.8,60007.4,60041.4
1782466200000,60033.1,60057.8,60003.8,60015.6
1782466260000,60016,60058.8,59998.4,60015
1782466320000,60014.8,60040.8,59969.4,60002.6
1782466380000,59979.2,60025.2,59947.6,59961.5
1782466440000,59961.4,60016.8,59947.4,60001.9
1782466500000,59986.1,60055.8,59961.4,60043.1
1782466560000,60038.4,60038.4,59963.9,59963.9
1782466620000,59964,60001.8,59953.1,59991.5
1782466680000,59972.9,60027.8,59960.1,60027.8
1782466740000,60001.4,60001.4,59931,59931.2
1782466800000,59931.3,60036,59904.8,59996.7
1782466860000,59996.6,60022.9,59935.4,59983.8
1782466920000,59967.2,59998.8,59933.2,59950.4
1782466980000,59946.9,59964.6,59846.2,59873
1782467040000,59886.8,59933.8,59857.1,59889.8
1782467100000,59890.1,59937.8,59844.8,59892.2
1782467160000,59922.8,59944.8,59833.8,59912
1782467220000,59930.5,59930.5,59831.2,59840.4
1782467280000,59840.5,59864.8,59745.1,59784.4
1782467340000,59752.6,59790.8,59697.5,59726.4
1782467400000,59723.7,59778.8,59713.7,59734.8
1782467460000,59735.6,59799.8,59526.6,59540.6
1782467520000,59575.1,59598.8,59472.8,59498.7
1782467580000,59498.6,59586.8,59489.8,59548.5
1782467640000,59550,59727.8,59506.6,59714.9
1782467700000,59722.8,59774.8,59679.3,59718.3
1782467760000,59715.6,59741.8,59644.2,59656.4
1782467820000,59691.8,59698.8,59616.9,59632.7
1782467880000,59668.4,59686.8,59584.9,59584.9
1782467940000,59584.7,59671.8,59572.7,59624.6
1782468000000,59663.8,59667.8,59561.1,59644.5
1782468060000,59626,59667.8,59537.2,59565.9
1782468120000,59537.5,59617.8,59537.5,59600.1
1782468180000,59571.8,59640.3,59558.3,59595.1
1782468240000,59595.5,59653.8,59563,59619.5
1782468300000,59650.8,59656.8,59567.7,59612.5
1782468360000,59612.4,59673.8,59601.4,59646.1
1782468420000,59648.9,59720.8,59633.6,59713.5
1782468480000,59712.1,59724.8,59583.3,59657.8
1782468540000,59633.2,59701.8,59633.2,59689.1
1782468600000,59705.8,59706.8,59600.9,59600.9
1782468660000,59601.3,59657.8,59571.9,59600.9
1782468720000,59627.8,59650.8,59570.9,59649.8
1782468780000,59620.4,59737.9,59620.3,59736.8
1782468840000,59705.6,59738.8,59634.3,59634.8
1782468900000,59634.5,59737.8,59630.7,59723.1
1782468960000,59737.8,59780.8,59704.5,59729.7
1782469020000,59732.3,59781.8,59697.9,59698.1
1782469080000,59697.9,59740.8,59665.1,59669.6
1782469140000,59670.7,59732.8,59630.1,59630.2
1782469200000,59630.1,59709.8,59615.5,59618
1782469260000,59617.9,59695.8,59608.4,59645.3
1782469320000,59645.1,59693.8,59631.3,59677.2
1782469380000,59679.8,59686.8,59621,59660.6
1782469440000,59657.3,59702.8,59630.2,59631.7
1782469500000,59631.8,59698.8,59618.5,59686.5
1782469560000,59691.6,59720.8,59662.7,59668.2
1782469620000,59668,59726.1,59662.6,59711.8
1782469680000,59682.2,59711.8,59657.6,59657.9
1782469740000,59658,59696.8,59609.9,59640.3
1782469800000,59624.1,59667.8,59584.4,59643.7
1782469860000,59648.5,59675.8,59626.7,59662.2
1782469920000,59647.8,59731.8,59647.8,59707.8
1782469980000,59687.3,59716.8,59663.1,59686.9
1782470040000,59663.4,59716.8,59652.2,59662.7
1782470100000,59662.6,59736.8,59646,59736.8
1782470160000,59722.9,59722.9,59622.4,59652.2
1782470220000,59652.1,59668.8,59562.7,59602.3
1782470280000,59571.6,59621.8,59489.3,59495.6
1782470340000,59496,59542.8,59343.8,59384.9
1782470400000,59413.4,59438.8,59346.2,59418.2
1782470460000,59429.8,59497.8,59396,59468
1782470520000,59474.8,59478.8,59405.4,59474.2
1782470580000,59453.8,59489.8,59405.3,59426.6
1782470640000,59455.8,59488.8,59426.7,59445.7
1782470700000,59446.4,59493.8,59407.3,59432.9
1782470760000,59408.2,59424.1,59328,59371.4
1782470820000,59329.2,59347.8,59259.6,59292.6
1782470880000,59271.9,59330.8,59244.5,59259.8
1782470940000,59283.8,59390.8,59246,59364.4
1782471000000,59364.3,59397.8,59318.3,59329.4
1782471060000,59329.5,59372.4,59228.5,59266.8
1782471120000,59239.2,59324.8,59219.2,59300.7
1782471180000,59300.5,59328.8,59263.1,59289.2
1782471240000,59264.2,59317.8,59242.6,59259.8
1782471300000,59260.5,59354.8,59260.5,59354.8
1782471360000,59340,59350.8,59273.4,59304.5
1782471420000,59279.6,59321.8,59218.9,59223.4
1782471480000,59245.2,59248.5,59129.7,59168.9
1782471540000,59191.7,59231.8,59162,59206.5
1782471600000,59206.4,59247.8,59154.3,59171.8
1782471660000,59171.6,59301.8,59171.6,59239.8
1782471720000,59270.9,59327.8,59259.4,59308.8
1782471780000,59299.3,59442,59270.1,59431.3
1782471840000,59427.5,59446.8,59347.1,59397.5
1782471900000,59397.6,59502.9,59397.6,59468.8
1782471960000,59439.5,59486.7,59416.3,59454
1782472020000,59454.5,59488.1,59407.2,59407.3
1782472080000,59407.4,59452.8,59367.4,59433.8
1782472140000,59393.6,59429.8,59283.1,59321.7
1782472200000,59331.2,59407.8,59317.4,59358.7
1782472260000,59358.8,59417.8,59358.7,59417.8
1782472320000,59369.5,59413.8,59355.3,59374.5
1782472380000,59374.3,59427.8,59356.7,59364.2
1782472440000,59364.1,59416.8,59353.4,59382.3
1782472500000,59382.2,59420.8,59312.5,59365.8
1782472560000,59363.3,59380.8,59309.7,59357.8
1782472620000,59346.3,59346.8,59257.1,59263.8
1782472680000,59292.9,59361.8,59249.5,59345.2
1782472740000,59329.4,59391.8,59286.6,59388.8
1782472800000,59386.8,59388.8,59273.2,59319.6
1782472860000,59319.4,59355.8,59294.8,59333.6
1782472920000,59314.4,59388.3,59295.8,59361.7
1782472980000,59361.6,59427.8,59323.8,59427.8
1782473040000,59415.9,59422.8,59348.6,59350.9
1782473100000,59350.6,59415.8,59341.4,59380.6
1782473160000,59380.5,59417.8,59340.3,59390.2
1782473220000,59387.4,59405.8,59341.3,59382.9
1782473280000,59392.8,59395.8,59340.7,59366.9
1782473340000,59340.7,59359,59266.3,59315.6
1782473400000,59315.1,59399.8,59307.6,59392.8
1782473460000,59378.4,59408.8,59310.7,59354.6
1782473520000,59329.8,59371.8,59309.6,59319.8
1782473580000,59344.5,59407.8,59308.4,59351.3
1782473640000,59351.4,59408.8,59337.2,59383
1782473700000,59383.1,59421.8,59353.5,59397.5
1782473760000,59408.6,59455.8,59377.5,59394.8
1782473820000,59394.3,59439.8,59374.2,59405.2
1782473880000,59405.1,59417.8,59336.1,59386.3
1782473940000,59377.2,59421.8,59349.7,59349.8
1782474000000,59376.5,59387.8,59320.7,59330.3
1782474060000,59324.7,59369.8,59287.7,59344.4
1782474120000,59343.9,59440.8,59331.9,59440.8
1782474180000,59413.6,59432.8,59285.8,59289.8
1782474240000,59322.8,59386.8,59278.4,59338.2
1782474300000,59331.4,59364.8,59298.4,59304.7
1782474360000,59304.4,59363.8,59287.3,59318.3
1782474420000,59318.5,59369.8,59303.4,59330.1
1782474480000,59295.9,59379.8,59295.9,59317.4
1782474540000,59334.8,59353.8,59280.2,59347.1
1782474600000,59347.3,59378.8,59252,59299.5
1782474660000,59276.8,59317.8,59248.3,59283.1
1782474720000,59283.4,59338.8,59230.5,59230.8
1782474780000,59231.2,59286.8,59180.3,59193.6
1782474840000,59217.7,59270.8,59169.3,59247.9
1782474900000,59263.8,59335.8,59245.8,59300.6
1782474960000,59305.8,59313.8,59241.6,59250.6
1782475020000,59250,59309.8,59240.5,59293
1782475080000,59307.8,59373.8,59260.8,59316.8
1782475140000,59336.4,59348.8,59265.8,59331.1
1782475200000,59332.7,59378.8,59299.6,59366.5
1782475260000,59375.8,59397.7,59318.4,59341.2
1782475320000,59331.3,59372.8,59267.2,59304.8
1782475380000,59287.9,59344.8,59231.3,59296.1
1782475440000,59297,59368.8,59290.6,59329.3
1782475500000,59359,59443.8,59331.9,59426.3
1782475560000,59439.8,59439.8,59346.2,59366.2
1782475620000,59366.1,59399.8,59334.1,59369.6
1782475680000,59369.2,59426.8,59346.1,59387.9
1782475740000,59407.8,59407.8,59317.2,59352.6
1782475800000,59352.2,59376.8,59266.2,59342.5
1782475860000,59322.7,59353.8,59285.2,59345.3
1782475920000,59311.8,59422.1,59306.3,59384.2
1782475980000,59410.3,59435.8,59357.6,59360.5
1782476040000,59382.9,59415.8,59334.1,59374.9
1782476100000,59361.2,59487.9,59342.9,59468.2
1782476160000,59463.8,59515.8,59440.8,59475
1782476220000,59474.1,59535.3,59437.4,59533.8
1782476280000,59531.8,59561.8,59466.1,59470.5
1782476340000,59504,59521.8,59423.6,59466.8
1782476400000,59467.4,59504.9,59422.6,59463.8
1782476460000,59421.6,59473.8,59400.9,59450.8
1782476520000,59426.7,59493.8,59421.6,59464.3
1782476580000,59480.3,59511.8,59441.2,59475.6
1782476640000,59483.1,59564,59464.8,59534.8
1782476700000,59507.4,59591.1,59501.1,59563.7
1782476760000,59544.2,59620.8,59502.7,59587.6
1782476820000,59594.8,59642.4,59537.4,59613.6
1782476880000,59576,59617,59558.7,59576.6
1782476940000,59574.6,59658.7,59515.2,59658.7
1782477000000,59659.9,59659.9,59557.1,59609.1
1782477060000,59609.8,59659.8,59550.7,59649.4
1782477120000,59646.6,59708.6,59593.8,59680.6
1782477180000,59715.3,59884.9,59685.9,59877.8
1782477240000,59875.6,59933.7,59723.5,59801.6
1782477300000,59795.1,59796.8,59635.1,59687.4
1782477360000,59679.4,59688.8,59549.5,59594.8
1782477420000,59590,59604.8,59427.3,59489.1
1782477480000,59491.6,59495.8,59303.6,59402.8
1782477540000,59389.6,59400.8,59183.5,59234.6
1782477600000,59224.2,59224.2,59013.3,59159.9
1782477660000,59131.3,59235.4,59079.8,59147.3
1782477720000,59124.2,59168.8,59009,59043.6
1782477780000,59050.6,59062.4,58852.7,58899.8
1782477840000,58867.3,59127.9,58867.3,59066.1
1782477900000,59063.8,59307,58957.5,59303.8
1782477960000,59274.7,59526.3,59274.7,59309.6
1782478020000,59311.2,59345.8,59245.2,59285.4
1782478080000,59304.5,59307.3,59154.4,59239.6
1782478140000,59242.5,59258.3,59093.2,59155.3
1782478200000,59152.3,59272.1,59142.3,59229.7
1782478260000,59246.1,59332.1,59164.7,59217.8
1782478320000,59210.9,59270.8,59159.2,59270.8
1782478380000,59260.3,59279.5,59182.1,59278.4
1782478440000,59283.3,59294.8,59171.2,59207.8
1782478500000,59212.2,59236.4,59115,59202.8
1782478560000,59193.2,59231.8,59148.4,59153.9
1782478620000,59153.3,59200,59124.2,59141.2
1782478680000,59141.5,59230.8,59134.3,59137.3
1782478740000,59137.7,59178.8,59062.3,59111.8
1782478800000,59108.7,59151.8,59032.1,59103.7
1782478860000,59103.8,59169.7,59056.2,59169.7
1782478920000,59169,59169,59057,59063.5
1782478980000,59063.7,59183.2,59032.5,59106.4
1782479040000,59133.4,59159.5,59057.1,59077.8
1782479100000,59080.8,59112.2,59010.8,59097.7
1782479160000,59106.3,59114.4,59004,59040.6
1782479220000,59039,59107.2,58947.7,59022.1
1782479280000,59022.4,59079.8,59002.8,59034.6
1782479340000,59034.5,59074.8,58888.5,58921
1782479400000,58888.3,58961.8,58840.6,58901.8
1782479460000,58888.4,58992.8,58839.5,58923.4
1782479520000,58923.6,59199.9,58923.6,59190
1782479580000,59193.8,59193.8,59011.8,59038.3
1782479640000,59070.5,59108.6,58964.2,58980.5
1782479700000,58980.5,59099.8,58966.7,59018.3
1782479760000,59018.2,59078.8,58923.8,58934.5
1782479820000,58934,58999.8,58882.7,58899.9
1782479880000,58910.1,58974.3,58681.5,58690.6
1782479940000,58687.8,58757.8,58404.1,58660.9
1782480000000,58660,58911.5,58649.8,58857.1
1782480060000,58839.2,58921.9,58651.1,58908
1782480120000,58891.9,58977.4,58799.7,58799.7
1782480180000,58836,58899.7,58776.4,58885.6
1782480240000,58853.6,58904.8,58730.6,58790.9
1782480300000,58765,58840.7,58714.9,58747.3
1782480360000,58747.2,58860.4,58747.2,58849.1
1782480420000,58858.8,58858.8,58705.3,58802.7
1782480480000,58786.4,58866.8,58766.8,58799.9
1782480540000,58799.8,58835.8,58708,58831.5
1782480600000,58831.5,58992.2,58760.1,58824.2
1782480660000,58846.8,59034.9,58781.3,59005
1782480720000,58972.5,59062.5,58899.1,58980.5
1782480780000,58993.3,59033.8,58750.5,58790.7
1782480840000,58771.5,58975.4,58723.5,58970.3
1782480900000,58967.6,59240.1,58895.5,59051.1
1782480960000,59018.1,59169.5,59007.9,59100.9
1782481020000,59098.1,59125.3,58918.2,59004.5
1782481080000,59036.6,59181.6,59002.8,59161.8
1782481140000,59157.3,59178.8,59059.3,59142.3
1782481200000,59145.8,59188.3,59016.1,59077.4
1782481260000,59077.2,59165.4,59071.9,59141.8
1782481320000,59113,59287,59113,59267.8
1782481380000,59304.9,59436.8,59268.9,59329.9
1782481440000,59353.7,59415.8,59279,59398.4
1782481500000,59377.8,59406.8,59212.5,59222.1
1782481560000,59221.9,59429,59221.9,59388
1782481620000,59355.9,59462.8,59342.8,59366.2
1782481680000,59366.3,59486.8,59307.6,59325.9
1782481740000,59326.3,59403.4,59309.6,59382.2
1782481800000,59355.6,59488.3,59309.7,59459.7
1782481860000,59496.6,59567.8,59420.9,59529
1782481920000,59527.5,59567,59464.2,59514.2
1782481980000,59485.2,59682.8,59485.1,59664.3
1782482040000,59665.8,59744.1,59590.5,59677.5
1782482100000,59709.9,59913.5,59684.8,59828.8
1782482160000,59830,59916.8,59706,59882.2
1782482220000,59882.1,60097.8,59880.2,59997.7
1782482280000,59992.2,60103.8,59905.9,60096.6
1782482340000,60104.8,60134.7,59986.1,60096.8
1782482400000,60096.8,60213.2,59952.5,60056
1782482460000,60045.7,60060.7,59835.4,59872.4
1782482520000,59839.9,59900.6,59766.2,59796.2
1782482580000,59826.2,59832.6,59692.1,59755.9
1782482640000,59789.5,59986.8,59769.6,59934.9
1782482700000,59941.8,59966,59769.7,59785.4
1782482760000,59818.6,59851.2,59746.4,59798.9
1782482820000,59776,59893.6,59764.1,59887.1
1782482880000,59891.7,59984.4,59865.9,59927.7
1782482940000,59891.6,59984.8,59886.7,59924.6
1782483000000,59933.2,59972,59808.1,59881.4
1782483060000,59882.1,59938.2,59821.5,59876.6
1782483120000,59917.4,59977.8,59874.1,59933.3
1782483180000,59969.8,60006.8,59838.3,59923.3
1782483240000,59923.7,59978.8,59855.4,59915.8
1782483300000,59917.8,59917.8,59801.9,59851.1
1782483360000,59830.2,60001.8,59830.2,59952.3
1782483420000,59982.2,59990.5,59799.4,59844
1782483480000,59811.6,59871.9,59770.4,59871.9
1782483540000,59868.8,59910.8,59703.7,59745.2
1782483600000,59745.2,59979.8,59735.2,59885.2
1782483660000,59905.1,59977.8,59853.4,59928.1
1782483720000,59927.9,59997.7,59892.5,59955.6
1782483780000,59954.7,60001.8,59914.2,59933
1782483840000,59907.9,59987.8,59838.2,59934.2
1782483900000,59934,60044.8,59913.4,60026.1
1782483960000,60027.3,60071.8,59886.4,59919.8
1782484020000,59949.7,60032.8,59914.8,60013.3
1782484080000,59984.3,60172.4,59971,60112.3
1782484140000,60112.9,60142.8,59937,59980.1
1782484200000,59950.2,59987.8,59821.3,59845.4
1782484260000,59845.2,59949.6,59831.1,59834.2
1782484320000,59846,59927.8,59815.4,59871.5
1782484380000,59876.4,59880,59733.7,59819.3
1782484440000,59821.4,59876.6,59732.7,59773.4
1782484500000,59785.8,59811.8,59703.7,59732.6
1782484560000,59703.3,59748.8,59500.6,59575
1782484620000,59544.8,59608.8,59466.1,59483.6
1782484680000,59533,59675.8,59495.5,59565.4
1782484740000,59594,59601.8,59495.1,59507.7
1782484800000,59506.3,59537.8,59423.4,59470.8
1782484860000,59470.7,59591.8,59466.6,59505.1
1782484920000,59505.5,59619.8,59505.5,59568.2
1782484980000,59534,59579.8,59465.5,59536.9
1782485040000,59546.5,59574.1,59463.9,59517.4
1782485100000,59516.1,59535.8,59446,59513.9
1782485160000,59500.2,59610.8,59479.4,59562.8
1782485220000,59531.8,59637.5,59510.5,59632.4
1782485280000,59637.5,59789.8,59598.3,59786.1
1782485340000,59753.1,59822.7,59678.5,59691.7
1782485400000,59692.9,59738.8,59601.8,59688.8
1782485460000,59697.8,59711.5,59613.9,59703.5
1782485520000,59695.4,59701.8,59542.6,59574.9
1782485580000,59574.8,59613.2,59520.3,59520.3
1782485640000,59515,59532.8,59438.9,59476.4
1782485700000,59486.7,59486.7,59280.3,59296.9
1782485760000,59329.9,59432.7,59288.4,59431.8
1782485820000,59433.8,59579.6,59422.8,59579.4
1782485880000,59581.8,59582.8,59480.7,59513.2
1782485940000,59513.5,59605.6,59470.7,59508.7
1782486000000,59487.3,59555,59460.8,59543.8
1782486060000,59511.1,59606.6,59479.8,59572.2
1782486120000,59544,59620.8,59536.6,59594.8
1782486180000,59622.3,59703.8,59602.1,59640.3
1782486240000,59640.5,59670,59519.7,59582.8
1782486300000,59574.3,59593.8,59484.8,59548.6
1782486360000,59546.5,59649.6,59486.2,59642.8
1782486420000,59640.4,59748.8,59565.3,59745.9
1782486480000,59741.8,59763.4,59628.6,59683.7
1782486540000,59685.4,60007.2,59639.4,59961.4
1782486600000,59918.5,59974.8,59798.3,59811.3
1782486660000,59848.3,59868,59751.8,59837.6
1782486720000,59833,59835.8,59647.8,59705.6
1782486780000,59702,59768.8,59673.6,59763
1782486840000,59758.6,59769.8,59687.4,59719.8
1782486900000,59720,59766.3,59673.2,59752.3
1782486960000,59757.7,59823.3,59720.4,59821.8
1782487020000,59791.5,59891.4,59779.8,59830.7
1782487080000,59840.8,59863.8,59772.4,59781.9
1782487140000,59783.8,59910.9,59783.8,59846.5
1782487200000,59866,59919.8,59825.3,59837.5
1782487260000,59837,59904.3,59837,59902.7
1782487320000,59906.7,60000.9,59884.2,59940.8
1782487380000,59945.7,60013.8,59919.6,60008.6
1782487440000,60012.6,60125.1,59968.2,60125.1
1782487500000,60123.1,60160.4,60013.4,60112.9
1782487560000,60113,60299.1,60109.9,60299.1
1782487620000,60291,60303.8,60138.1,60140.8
1782487680000,60140.9,60174.8,60012.7,60093.3
1782487740000,60082.8,60156.1,60021.4,60113.5
1782487800000,60117.4,60213.1,60074.4,60153.4
1782487860000,60148.4,60176.3,60052.1,60115.7
1782487920000,60145.4,60170.8,60075.5,60131.4
1782487980000,60097.9,60146.9,60019.6,60019.6
1782488040000,60019.5,60104.8,60019.5,60088.8
1782488100000,60058,60146.8,60037.2,60132.2
1782488160000,60136.6,60296.2,60098.7,60249.3
1782488220000,60256.8,60280.8,60155.8,60221.5
1782488280000,60250.2,60373.8,60205.8,60307.9
1782488340000,60331,60400.8,60295.8,60338.1
1782488400000,60338.2,60426.8,60314.6,60381.9
1782488460000,60385.9,60390.8,60265.7,60279.8
1782488520000,60310.4,60413.8,60288.2,60375.9
1782488580000,60375.8,60426.9,60329.3,60330.8
1782488640000,60331.9,60406.8,60314,60347.7
1782488700000,60324.7,60362,60240.8,60241.3
1782488760000,60272.1,60279.8,60166.3,60199.1
1782488820000,60198.1,60260.4,60192.9,60240.3
1782488880000,60247.3,60293,60184.1,60266.5
1782488940000,60239.3,60345.8,60222.9,60237.5
1782489000000,60257.5,60333.8,60217.8,60327.1
1782489060000,60334.8,60344.8,60033.8,60055.7
1782489120000,60055.2,60198.9,60055.2,60149.5
1782489180000,60145.2,60199.3,60074.7,60120.1
1782489240000,60117.1,60192.2,60053.6,60192.2
1782489300000,60191.8,60244.2,60126,60220.6
1782489360000,60224.8,60255.8,60176.6,60223.9
1782489420000,60249.8,60277.8,60188.2,60257.5
1782489480000,60256.6,60261.8,60186,60202.7
1782489540000,60222.9,60259.8,60181.8,60235.3
1782489600000,60262.4,60495.9,60204,60469.5
1782489660000,60487.9,60491.4,60268.7,60291.2
1782489720000,60291.3,60410.2,60229.3,60347.4
1782489780000,60347,60425.8,60316.3,60352.7
1782489840000,60349.2,60359.9,60282.3,60324.1
1782489900000,60317.4,60351.7,60247.5,60278.6
1782489960000,60278.4,60367.8,60270.1,60301.2
1782490020000,60301.4,60333.4,60193.3,60194.7
1782490080000,60194.5,60230.9,60153.8,60155.4
1782490140000,60194.8,60195.8,60099.5,60129.9
1782490200000,60128.9,60174.8,60082.6,60127.7
1782490260000,60130.8,60146.5,60061.6,60111.7
1782490320000,60114.4,60118.8,60042.3,60098.8
1782490380000,60095,60129.8,60031.3,60090.4
1782490440000,60086.6,60123.9,60042.2,60094.3
1782490500000,60061.9,60197.8,60060.8,60168.4
1782490560000,60138.4,60202.9,60101.3,60178.8
1782490620000,60177.2,60185.8,60067.8,60078.3
1782490680000,60078.2,60118.4,60003.3,60020.3
1782490740000,60020.2,60073.8,59932.2,59968.5
1782490800000,59963.5,60038.8,59924.9,59924.9
1782490860000,59915,59961.2,59842.8,59881.2
1782490920000,59881.1,59993.1,59870.2,59948.7
1782490980000,59946.6,59962.4,59867.4,59941.8
1782491040000,59910.9,60011.8,59903.4,59903.4
1782491100000,59927.6,59983.8,59898.7,59914.2
1782491160000,59944.6,59972.8,59892,59927.2
1782491220000,59927.4,59996.8,59918.9,59994.9
1782491280000,59991,60030.8,59952.7,59970.9
1782491340000,60000.3,60018.8,59915.4,59958.9
1782491400000,59928.9,60108.8,59928.9,60085.8
1782491460000,60060,60107.8,60017.6,60049.4
1782491520000,60046.1,60076.8,59994.1,60056
1782491580000,60059.2,60081.3,60006.6,60060.4
1782491640000,60064.8,60215.7,59995.6,60207.4
1782491700000,60217.8,60302.8,60165.3,60236.2
1782491760000,60209.4,60228.4,60148.4,60178.7
1782491820000,60204.8,60210.8,60084.8,60112.6
1782491880000,60116.4,60148.8,60073.8,60074.4
1782491940000,60074.3,60151.8,60074.3,60142.1
1782492000000,60138.6,60193.8,60090.2,60100.9
1782492060000,60100.6,60134.3,60042.6,60074.5
1782492120000,60084.4,60128.8,60041.4,60111.6
1782492180000,60114.7,60141.5,60053.3,60053.3
1782492240000,60070.7,60090.1,59928.8,59945
1782492300000,59945.1,60025.8,59927.4,59984.2
1782492360000,59957.2,60050.8,59954.9,59977.8
1782492420000,59978.4,60049.8,59958.9,60008.2
1782492480000,59978.7,60035.8,59963.5,60026.9
1782492540000,60035.5,60099.8,60007,60034.1
1782492600000,60026.9,60074.2,59989.9,60012.9
1782492660000,60013,60069.8,59955.7,59956
1782492720000,59955.8,59985.8,59904.1,59969.8
1782492780000,59940.1,59994.8,59888.2,59989.3
1782492840000,59994.7,60013.8,59933.1,60000.3
1782492900000,59979.9,60051.7,59928.7,59931.1
1782492960000,59934.7,59970.8,59901.2,59912.5
1782493020000,59912.6,59976.8,59912.6,59928.4
1782493080000,59928.6,60023.8,59928.6,60016.2
1782493140000,60010,60010,59921.9,59921.9
1782493200000,59922,59971.8,59890.7,59971.8
1782493260000,59972.6,60020.8,59941.3,59955.7
1782493320000,59955.8,60033.8,59943.7,60033.8
1782493380000,60007.2,60059.1,59995.5,60043.5
1782493440000,60041.7,60104.8,60009.6,60040.6
1782493500000,60043.3,60092.2,60002.3,60081
1782493560000,60049.6,60075.8,60005.6,60011.5
1782493620000,60040.8,60062.8,59992.4,60062.6
1782493680000,60056.6,60106.8,60006.7,60095
1782493740000,60061.3,60172.2,60045.8,60160.3
1782493800000,60124.6,60206.8,60107.7,60165.9
1782493860000,60166.1,60201.8,60086.6,60095.5
1782493920000,60122.6,60182.8,60079,60114.1
1782493980000,60113.9,60147.8,60061.8,60116.3
1782494040000,60088,60146.8,60083,60133.6
1782494100000,60139.8,60144.8,60014.2,60026.1
1782494160000,60026.3,60133.8,60026.3,60066.4
1782494220000,60071.1,60073.9,59950.5,59990.6
1782494280000,59992.5,60019.8,59922.3,59926.2
1782494340000,59927.5,60044.8,59916.5,60004.5
1782494400000,60004.9,60064.8,59963.4,59988.5
1782494460000,59988.6,60058.8,59939.7,60015.4
1782494520000,60056.1,60129.9,60033.4,60053.8
1782494580000,60053.7,60091.8,60005.2,60034.6
1782494640000,60029.3,60074.7,59994.6,60024.4
1782494700000,59995.9,60047.8,59964.2,60018.2
1782494760000,60012.9,60073.8,59980.5,60025.4
1782494820000,60025.2,60152,60025.2,60115.9
1782494880000,60115.8,60173.8,60081.1,60094.1
1782494940000,60094,60127.9,60055.4,60063.6
1782495000000,60063.7,60137.8,60043.3,60043.3
1782495060000,60049.8,60136.8,60021.6,60069.3
1782495120000,60069.3,60112.8,60029.7,60098.3
1782495180000,60090.2,60126.8,60039.6,60071.7
1782495240000,60071.3,60117.8,60005.6,60055.4
1782495300000,60051.1,60051.1,59902.9,59915.5
1782495360000,59915.6,59963.8,59869.1,59900
1782495420000,59869.5,59913.8,59840.2,59851.8
1782495480000,59851.7,59927.8,59843.4,59859.5
1782495540000,59863,59942.8,59863,59931.2
1782495600000,59930.6,59936.1,59847.1,59898.7
1782495660000,59870.2,59912.2,59828.4,59878.2
1782495720000,59900.3,59958.8,59854.8,59910.2
1782495780000,59910.1,60035.2,59910,59972.4
1782495840000,59972.5,60013.5,59938.1,59949.8
1782495900000,59978,60029.8,59948.2,59962.5
1782495960000,59962.4,59994.8,59918.6,59969.4
1782496020000,59939.6,59998.8,59934.2,59989.2
1782496080000,59993.2,60017.8,59926.8,59926.9
1782496140000,59926.8,59967.8,59906.1,59914.5
1782496200000,59937.8,59940.6,59873.7,59882.7
1782496260000,59882.6,59937.6,59866.6,59880.3
1782496320000,59877.9,59979.8,59861.7,59937.4
1782496380000,59936.3,59958.8,59866.9,59873.2
1782496440000,59873.3,59973.7,59862.2,59925
1782496500000,59922.1,59956.8,59872.4,59872.4
1782496560000,59871.9,59907.8,59849.7,59902.1
1782496620000,59880.8,59913.8,59840.5,59880.3
1782496680000,59915.8,60014.3,59871.6,59971
1782496740000,59974.8,59995.8,59901.7,59908.4
1782496800000,59908.5,59977.8,59908.5,59956.7
1782496860000,59958.8,60004.8,59942.2,59988.4
1782496920000,59997.8,60010.2,59925.4,59951.4
1782496980000,59925.8,60001.8,59901.5,59958.9
1782497040000,59987.9,60054,59958.5,59985.7
1782497100000,59985.4,60043.8,59970.5,60030.5
1782497160000,60011.5,60080.8,59982.6,60024.3
1782497220000,60024.2,60046,59968.2,59978.9
1782497280000,59979,60033.8,59958.2,60026.5
1782497340000,59992.3,60047.5,59978,59978
1782497400000,59977.6,60029.8,59953.7,59982
1782497460000,59987.1,60076.8,59965.1,60071.6
1782497520000,60077.5,60077.8,60012.1,60043.4
1782497580000,60012.8,60046.2,59975.9,59979.4
1782497640000,59979.3,60031.8,59962.3,60010
1782497700000,60010.8,60033,59958.3,60008.4
1782497760000,59994.8,60006.5,59908.8,59923.5
1782497820000,59922.9,59962.8,59896.9,59902.8
1782497880000,59930,59932.3,59865.4,59877.6
1782497940000,59907.8,59942.8,59878.3,59936.8
1782498000000,59938.6,59983.8,59909.1,59967.8
1782498060000,59967.4,59990.9,59923.8,59952
1782498120000,59951,60011.8,59934.3,59999.8
1782498180000,59983.4,59992,59917.7,59956.2
1782498240000,59923.9,59951,59879.5,59910.8
1782498300000,59889.3,59956.8,59889.3,59892.3
1782498360000,59892.4,59946.8,59854.6,59885.3
1782498420000,59887.3,59901.8,59778.2,59785.6
1782498480000,59785.5,59830.8,59697.3,59747.8
1782498540000,59720.9,59788.5,59708.9,59756.8
1782498600000,59743.9,59757.8,59654.8,59661.5
1782498660000,59695.9,59752.8,59650.1,59685
1782498720000,59685.9,59762.8,59685.8,59741.2
1782498780000,59744.2,59793.8,59711.5,59793.8
1782498840000,59801.8,59801.8,59710.2,59775.4
1782498900000,59749.2,59789.8,59699.8,59705.8
1782498960000,59705.9,59739.9,59663.2,59719.1
1782499020000,59695.4,59727.3,59663.9,59693.3
1782499080000,59693.7,59722.5,59647.7,59677.6
1782499140000,59682.6,59695.4,59647.7,59649.7
1782499200000,59649.3,59710.2,59648.1,59660
1782499260000,59680.4,59711.3,59647.7,59648.2
1782499320000,59648.5,59702.8,59643.1,59673.4
1782499380000,59643.9,59688.8,59618.7,59646.4
1782499440000,59678,59709.8,59646.4,59654.6
1782499500000,59684.8,59684.8,59589.4,59642.2
1782499560000,59639.5,59647.9,59591.1,59591.6
1782499620000,59591.9,59632.2,59531.1,59585
1782499680000,59560.8,59592.8,59526.5,59530.2
1782499740000,59530.3,59611.8,59521.6,59596.8
1782499800000,59574.6,59599.5,59525,59525.5
1782499860000,59525.6,59592.8,59525.6,59538.3
1782499920000,59538.3,59593.8,59527.1,59542.2
1782499980000,59542.3,59572.8,59502.3,59516.9
1782500040000,59516.6,59568.2,59508.9,59513.1
1782500100000,59545.9,59573,59501.5,59542.1
1782500160000,59542,59564.9,59501,59502.2
1782500220000,59502.3,59540.2,59440,59502.1
1782500280000,59502.2,59558.9,59502.2,59529.9
1782500340000,59502.6,59606.8,59502.6,59547
1782500400000,59552.9,59586.7,59503.4,59509.1
1782500460000,59509,59601.8,59489.5,59563.9
1782500520000,59563.1,59636.8,59538.3,59595
1782500580000,59589.5,59627.8,59554.7,59577.1
1782500640000,59577.2,59627.8,59563.8,59574.7
1782500700000,59574.1,59634.8,59566.3,59569.5
1782500760000,59569.8,59723.8,59566.3,59708.3
1782500820000,59704.9,59765.8,59692,59718.7
1782500880000,59709.3,59797.6,59703.5,59720.9
1782500940000,59721.1,60003.9,59720.4,59949.6
1782501000000,59949.8,59971.5,59819.8,59876.1
1782501060000,59851.2,59925.8,59840.4,59891.1
1782501120000,59889.9,59930.8,59848.6,59880.6
1782501180000,59881.3,59946.8,59874,59933.3
1782501240000,59931,59981.8,59890.2,59914.4
1782501300000,59904.9,59928.4,59849.3,59850.2
1782501360000,59850.3,59929.8,59834.4,59875.7
1782501420000,59875,59928.8,59843.1,59876.4
1782501480000,59851.7,59924.8,59815.2,59861.3
1782501540000,59861.4,59912.8,59851.7,59862.5
1782501600000,59862.9,59890.2,59801.1,59807.8
1782501660000,59807.5,59895.2,59807.5,59834.3
1782501720000,59834.5,59883.8,59789.4,59789.5
1782501780000,59789.3,59842.8,59755.2,59762.9
1782501840000,59796.8,59838.8,59762.5,59810.6
1782501900000,59840.7,59868.8,59794.2,59837.9
1782501960000,59837.8,59863.8,59800.8,59818.2
1782502020000,59818.1,59883.8,59793.4,59799.6
1782502080000,59800.2,59855.8,59795.8,59815.5
1782502140000,59815.5,59858.8,59801,59825.2
1782502200000,59816,59862.8,59794.1,59820.5
1782502260000,59820.4,59919.8,59820.1,59866.5
1782502320000,59866.8,59971.8,59866.8,59920
1782502380000,59920.1,60014.8,59919.9,59952
1782502440000,59952.1,59984.1,59922.4,59923.6
1782502500000,59923.4,59952.1,59858.5,59914.9
1782502560000,59895,59921.8,59844.2,59844.2
1782502620000,59844.4,59885.6,59773,59809.4
1782502680000,59810,59849.8,59770.6,59801.5
1782502740000,59780.6,59834.8,59760.4,59790.9
1782502800000,59790.3,59891.9,59790,59862.3
1782502860000,59861.8,59898.5,59790.8,59797.8
1782502920000,59797.7,59873.8,59792.4,59825.1
1782502980000,59825.3,59859.1,59792.7,59793.3
1782503040000,59793.2,59840.5,59758.3,59794.5
1782503100000,59759.5,59831.8,59756.6,59777.2
1782503160000,59776.5,59835,59771.1,59794.1
1782503220000,59794,59832.6,59752.4,59760.9
1782503280000,59758.3,59817.8,59740.7,59757.7
1782503340000,59757,59808.8,59728.1,59760.1
1782503400000,59780.1,59821.8,59732.6,59795.9
1782503460000,59795.8,59830,59750.9,59785.4
1782503520000,59785.3,59830.8,59764.2,59788
1782503580000,59788.1,59826.3,59756.7,59764.9
1782503640000,59764.2,59803.8,59732.7,59772.1
1782503700000,59771.3,59798.8,59723.8,59751.8
1782503760000,59751.6,59781.8,59722.3,59729.7
1782503820000,59729.4,59772.4,59725.6,59772.3
1782503880000,59769.6,59799.8,59730.3,59798.8
1782503940000,59750.9,59815.8,59682,59682
1782504000000,59706.5,59903.8,59638.9,59790
1782504060000,59782.6,59815.8,59738,59741
1782504120000,59785.8,59829.8,59713.1,59772
1782504180000,59783.8,59822.8,59739.1,59748.7
1782504240000,59777.7,59811.8,59690.9,59691.1
1782504300000,59691.2,59748.8,59636.5,59662.4
1782504360000,59636.4,59693.8,59619.1,59629.3
1782504420000,59629.2,59711.8,59629.2,59673.5
1782504480000,59673.6,59728.6,59668.5,59692.6
1782504540000,59692.9,59719.9,59573.2,59605.6
1782504600000,59579.2,59651.8,59578,59578
1782504660000,59579.7,59635.8,59570.7,59592.7
1782504720000,59593,59645.8,59584.5,59592.2
1782504780000,59592.1,59653.8,59566.5,59566.9
1782504840000,59567,59656.8,59566.9,59638
1782504900000,59611.6,59728.5,59611.6,59678.9
1782504960000,59678.8,59709.2,59635.4,59652.7
1782505020000,59652.6,59691.8,59630.5,59631
1782505080000,59659.6,59706.8,59631,59667.5
1782505140000,59667.3,59725.8,59657.4,59657.6
1782505200000,59657.5,59709.8,59652.8,59672.3
1782505260000,59672.1,59695.7,59607.4,59612
1782505320000,59638.8,59665.8,59601.2,59601.2
1782505380000,59657.8,59657.8,59580.5,59603
1782505440000,59602.9,59700.5,59602.9,59678.8
1782505500000,59648.4,59721.8,59633.4,59633.4
1782505560000,59633.3,59657.8,59605.1,59622.4
1782505620000,59647.8,59697.8,59613.7,59656.1
1782505680000,59655.4,59695.9,59633.4,59648.2
1782505740000,59648.1,59714.8,59640,59688.5
1782505800000,59657.2,59696.6,59564.1,59564.1
1782505860000,59562.2,59578.8,59496.4,59499.4
1782505920000,59498.8,59590.9,59498.7,59519.6
1782505980000,59519.5,59561.8,59494.2,59497.8
1782506040000,59497.3,59592.1,59497.3,59526.4
1782506100000,59526.7,59558,59504.8,59522
1782506160000,59526.1,59565,59474.9,59491.9
1782506220000,59514.7,59556.8,59470.8,59513.9
1782506280000,59514,59598.9,59513.6,59565.6
1782506340000,59597.5,59640.8,59531.8,59532
1782506400000,59531.9,59592.8,59531.9,59539.1
1782506460000,59539.2,59608.8,59523.1,59524.4
1782506520000,59524.3,59569.5,59505.4,59536.6
1782506580000,59536.4,59574.4,59519,59531.6
1782506640000,59561.1,59572.4,59531.2,59535.8
1782506700000,59535.7,59593.8,59518.8,59537.2
1782506760000,59538.4,59604.4,59530.1,59556.8
1782506820000,59556.9,59618.1,59548.7,59568.9
1782506880000,59576.8,59635.4,59575.9,59619.5
1782506940000,59588.6,59656.1,59564.9,59621.6
1782507000000,59622,59713.3,59621.6,59671.9
1782507060000,59671.1,59706.8,59625.1,59684.5
1782507120000,59651.2,59716.8,59640.3,59658.8
1782507180000,59658.9,59706.9,59631.6,59632.5
1782507240000,59632.9,59681.8,59605,59605.5
1782507300000,59642.8,59686,59623.2,59647.6
1782507360000,59677.7,59687.4,59628.5,59631
1782507420000,59631.1,59660.9,59600.2,59600.2
1782507480000,59600.3,59644.8,59567.4,59622.8
1782507540000,59622.9,59662.2,59582.6,59630.4
1782507600000,59626.9,59626.9,59607,59621.7
1782507660000,59619.3,59641.7,59617.6,59641.7
1782507720000,59641.5,59654.1,59633.6,59633.6
1782507780000,59627.6,59627.6,59586.1,59587.4
1782507840000,59592.5,59605.4,59592.5,59598.2
1782507900000,59599.1,59628.6,59599.1,59608.1
1782507960000,59609.7,59631.7,59608.1,59628.7
1782508020000,59627.7,59630.9,59605.4,59630.9
1782508080000,59634.5,59652.1,59614.6,59652.1
1782508140000,59654.2,59667.7,59646.1,59662.8
1782508200000,59663.2,59684.6,59657.3,59672.4
1782508260000,59664.8,59664.9,59632,59635.6
1782508320000,59641.6,59641.6,59626.6,59630.1
1782508380000,59634.3,59652.6,59627.7,59651.3
1782508440000,59657.1,59678.3,59653.6,59676.4
1782508500000,59675,59677.8,59654.4,59664.5
1782508560000,59667.8,59668.8,59654,59660.8
1782508620000,59659.3,59659.3,59618.7,59618.7
1782508680000,59617.8,59626.1,59595.7,59617.2
1782508740000,59620.2,59629.9,59616.9,59625.7
1782508800000,59625.3,59637.9,59623.9,59633.2
1782508860000,59642,59679.7,59631,59668.8
1782508920000,59664.2,59728.3,59662.5,59727
1782508980000,59728.8,59742.8,59722.2,59735
1782509040000,59726.9,59726.9,59697.9,59710.7
1782509100000,59715.3,59716.5,59690.4,59707.6
1782509160000,59708.8,59733.3,59708.8,59709.7
1782509220000,59713.9,59715.2,59688.1,59701.9
1782509280000,59709.9,59735,59709.9,59731.8
1782509340000,59733.4,59793.2,59733.3,59784.1
1782509400000,59770.5,59805,59770.5,59800.8
1782509460000,59801.8,59822.8,59797.2,59822.8
1782509520000,59821.4,59875.4,59814.8,59838.1
1782509580000,59841.7,59841.7,59827.8,59827.8
1782509640000,59827.7,59827.7,59800.5,59804.8
1782509700000,59804.7,59815.7,59796.4,59804.1
1782509760000,59801.5,59835,59786.6,59806.4
1782509820000,59805.7,59813.4,59779.9,59787.7
1782509880000,59795.3,59819.2,59795.3,59818.4
1782509940000,59817,59829.2,59810.5,59810.5
1782510000000,59807.2,59854.8,59802.3,59847.1
1782510060000,59848,59901.5,59847.1,59863.8
1782510120000,59870.3,59962.5,59870.3,59961.5
1782510180000,59961.3,59961.3,59944.7,59954.3
1782510240000,59954,59959.4,59901.6,59939
1782510300000,59940.5,59963.2,59903.2,59909.4
1782510360000,59909.6,59917.6,59867.8,59867.8
1782510420000,59871.6,59903.7,59852,59858.8
1782510480000,59856.9,59881.6,59829.9,59840.9
1782510540000,59846.8,59861.5,59833.9,59858.9
1782510600000,59860.9,59878.6,59849.8,59854.8
1782510660000,59851.4,59878.5,59838.9,59847.6
1782510720000,59855.7,59865,59844.6,59852.7
1782510780000,59853.3,59888.1,59852.7,59888.1
1782510840000,59877.4,59910.2,59876.8,59884.5
1782510900000,59872,59879.7,59849.9,59858.5
1782510960000,59859.5,59878.3,59830.3,59876.6
1782511020000,59890.7,59901.5,59863.5,59863.5
1782511080000,59857.4,59857.4,59831.9,59853.7
1782511140000,59854.2,59861.2,59827.2,59831.3
1782511200000,59757.9,59829.9,59747.1,59826
1782511260000,59834.4,59854.1,59818.8,59854.1
1782511320000,59850.1,59869.8,59821.5,59821.5
1782511380000,59826.6,59831.8,59755.8,59765.2
1782511440000,59756.3,59760.1,59683.3,59705.8
1782511500000,59702,59745.4,59656.1,59745.4
1782511560000,59743.1,59750.5,59717.4,59721.4
1782511620000,59728.8,59752.9,59728.8,59750.6
1782511680000,59759,59792.1,59753.9,59790.1
1782511740000,59791,59799.2,59776.3,59784
1782511800000,59784.5,59821.1,59780.5,59821.1
1782511860000,59829,59864.4,59825.3,59825.6
1782511920000,59817.3,59817.8,59775.9,59800.3
1782511980000,59797.6,59816.2,59791.9,59816.2
1782512040000,59822.3,59835,59816.2,59824.6
1782512100000,59821.2,59855.9,59821.2,59850.1
1782512160000,59849.3,59880,59836.8,59868.4
1782512220000,59870.7,59872.2,59857.3,59863.7
1782512280000,59863.8,59884.7,59853.6,59880.2
1782512340000,59878.4,59883.2,59857.7,59882
1782512400000,59889.7,59893.3,59856.3,59860.3
1782512460000,59859.6,59861.4,59833.9,59854
1782512520000,59851.4,59863.6,59827.4,59861.2
1782512580000,59858.8,59859.3,59846.1,59858.5
1782512640000,59859.1,59862.6,59842.7,59844
1782512700000,59844.8,59856.8,59841.9,59856.8
1782512760000,59854,59880.4,59835.4,59855.6
1782512820000,59857.4,59857.4,59824.5,59824.5
1782512880000,59826.4,59848.6,59822.9,59842.9
1782512940000,59837.6,59837.8,59802.8,59802.8
1782513000000,59802.5,59807,59782,59803.1
1782513060000,59803.4,59810.6,59781.6,59788
1782513120000,59788.1,59826.6,59787,59826.6
1782513180000,59833.1,59837,59794.7,59805.7
1782513240000,59809.7,59831.9,59809,59830.5
1782513300000,59831.6,59848.7,59790.3,59812.5
1782513360000,59814.4,59814.4,59794.4,59803.3
1782513420000,59799.3,59826.3,59795.4,59808
1782513480000,59805.9,59866.6,59790.9,59854.6
1782513540000,59850,59869.9,59844.3,59866.3
1782513600000,59869.4,59869.4,59857.5,59857.8
1782513660000,59849.1,59866.8,59849.1,59857.9
1782513720000,59859.2,59870.4,59849.1,59849.1
1782513780000,59839.5,59882.8,59839.5,59879.7
1782513840000,59885.3,59898.6,59877.6,59877.6
1782513900000,59880.4,59880.4,59849.9,59851.4
1782513960000,59853.6,59856,59826.1,59840.1
1782514020000,59839,59886.5,59838.5,59877
1782514080000,59869.4,59877,59869.4,59875.8
1782514140000,59879.7,59894.4,59870.2,59888.2
1782514200000,59888.4,59941.6,59871,59941.6
1782514260000,59949.3,59961.3,59936.9,59939.8
1782514320000,59941.2,59941.2,59909.9,59911.9
1782514380000,59912.6,59917.1,59899.1,59906.1
1782514440000,59909.9,59955.4,59909.1,59951.1
1782514500000,59949.5,59949.5,59940.4,59943.3
1782514560000,59940.2,59990.6,59936.4,59990.6
1782514620000,59993.2,59999.2,59968.9,59979.6
1782514680000,59977.3,59990.9,59977.3,59990.6
1782514740000,59985.1,59986.2,59959.1,59959.9
1782514800000,59955.3,59975.9,59950.7,59975.7
1782514860000,59978,59982.4,59945.4,59958
1782514920000,59959.4,59961.4,59932,59932
1782514980000,59944.7,60009.7,59876.8,60007.8
1782515040000,60011.1,60028.3,59999.1,60002.6
1782515100000,60010.4,60027.5,59992.2,60006.3
1782515160000,60006.5,60015.6,59996.7,59996.7
1782515220000,59997.4,60003.1,59992.3,59993.8
1782515280000,59993.9,60000,59990.2,59995.5
1782515340000,60003.5,60009.3,59975.9,59983.7
1782515400000,59992.4,59992.4,59973.6,59973.6
1782515460000,59972.2,59990.3,59968.4,59990.3
1782515520000,59996.1,60006.2,59983.4,59983.4
1782515580000,59982.5,59982.5,59963.2,59981.2
1782515640000,59972.8,60002.7,59972.8,60002.7
1782515700000,60002.3,60004.4,59984.2,59989.1
1782515760000,59987.6,59987.6,59921.8,59924.2
1782515820000,59916.3,59953.9,59916.3,59926.5
1782515880000,59917.4,59921.1,59900.9,59903.8
1782515940000,59904.5,59905.3,59904.5,59905.3
1782516000000,59905.1,59949.9,59832.9,59949.4
1782516060000,59947,59948.3,59945.7,59948
1782516120000,59946.6,59946.6,59918.4,59933.1
1782516180000,59931.3,59935,59931.3,59935
1782516240000,59936.5,59990.1,59936.4,59968
1782516300000,59965.5,59969.2,59949,59965.5
1782516360000,59964.1,59964.1,59940,59940
1782516420000,59930.7,59943.5,59930.7,59943.3
1782516480000,59927.4,59936.3,59918,59929.6
1782516540000,59931.3,59931.3,59891.6,59893.4
1782516600000,59888,59888,59873.6,59877.8
1782516660000,59852.1,59892.9,59845,59868.1
1782516720000,59879.5,59909.3,59879.5,59893.1
1782516780000,59902.2,59920.3,59893.9,59918
1782516840000,59909.7,59925.4,59908.4,59911.9
1782516900000,59903.9,59911.2,59901.6,59904.2
1782516960000,59902.8,59919.4,59902.3,59919.4
1782517020000,59919.5,59921.6,59912.2,59920.5
1782517080000,59927.6,59939.7,59918.8,59930.7
1782517140000,59929.3,59958.7,59929.3,59953.7
1782517200000,59964,59966.4,59942.3,59948.6
1782517260000,59940.3,59948.7,59934.4,59945.7
1782517320000,59954.5,59972.6,59946.7,59970.3
1782517380000,59971.7,60004.6,59971.7,59994.5
1782517440000,59996.4,60006.1,59974.7,59980.5
1782517500000,59987.2,60009.1,59984.4,60008.1
1782517560000,60009.4,60009.4,59983.8,59992.3
1782517620000,59986.3,59997.5,59979.8,59997.3
1782517680000,59996.5,59997.5,59992.8,59997.5
1782517740000,59998.2,60004.2,59992.4,59997.8
1782517800000,59996.2,59996.2,59982.7,59988.7
1782517860000,59984.9,59985.7,59973,59982.8
1782517920000,59984.7,59994.4,59973,59976
1782517980000,59974.9,59974.9,59974.9,59974.9
1782518040000,59976,60008.6,59971,59999.6
1782518100000,59997.1,59997.1,59977.9,59978.8
1782518160000,59985.1,59997.6,59985.1,59995.3
1782518220000,59995.7,60007.2,59995.5,60000.7
1782518280000,59996.1,60029.8,59996.1,60028
1782518340000,60028.3,60028.3,60005.5,60016.7
1782518400000,60019.7,60038.2,60016.7,60038.2
1782518460000,60034.8,60036.3,60004.2,60004.2
1782518520000,60006.7,60018.2,60005.7,60018.2
1782518580000,59942,60016.9,59942,60002.7
1782518640000,60001.8,60030.3,59991.4,60025.3
1782518700000,60017.5,60023.9,60014.6,60019.2
1782518760000,60023.4,60044.6,60018.4,60039.3
1782518820000,60040.5,60052.9,60015.6,60051.4
1782518880000,60045.7,60051.4,60039.6,60048
1782518940000,60052.5,60052.5,60049.6,60051.4
1782519000000,60071.7,60113.2,60013.3,60113.2
1782519060000,60111.7,60111.7,60064.4,60073.8
1782519120000,60069.1,60069.1,60045.6,60061.1
1782519180000,60060.6,60069.6,60051.3,60068
1782519240000,60068.4,60068.4,60028.3,60028.4
1782519300000,60032.6,60042.9,59997.4,59999.5
1782519360000,60001,60021.6,60001,60020.3
1782519420000,60011.5,60012.6,59985.5,60010.7
1782519480000,60013.7,60020.8,59994.7,60015.2
1782519540000,60014.6,60022,59988.2,59997.2
1782519600000,59992.4,59992.4,59962.4,59963
1782519660000,59969,59969,59960.3,59964.8
1782519720000,59955,59971.9,59951.7,59955.2
1782519780000,59955.3,59967.4,59946.5,59967
1782519840000,59955.3,59959.7,59945.1,59958.2
1782519900000,59951.9,59971.1,59951.9,59969.2
1782519960000,59976.8,59976.8,59948.9,59958
1782520020000,59960.8,59970.4,59948,59959.5
1782520080000,59899.9,59976.3,59899.9,59960
1782520140000,59961.8,59963.4,59961.8,59961.8
1782520200000,59953.2,59961.8,59944.8,59951.9
1782520260000,59963.8,59967.7,59852.5,59859.2
1782520320000,59860,59870,59829.9,59844.3
1782520380000,59843.9,59844.9,59817,59817.8
1782520440000,59816,59831.3,59787.3,59831.3
1782520500000,59822.1,59832.6,59818.4,59831.5
1782520560000,59832.6,59843.7,59822.4,59828.5
1782520620000,59833.7,59852.1,59827.1,59831.7
1782520680000,59760.9,59854.3,59760.9,59853.7
1782520740000,59865.5,59895,59865.5,59894.1
1782520800000,59896.8,59923.5,59894.6,59902.4
1782520860000,59891.5,59906.7,59880.8,59888.6
1782520920000,59889.2,59890.2,59877.9,59884.2
1782520980000,59883.3,59884.9,59842.9,59851
1782521040000,59851.7,59893,59851.7,59893
1782521100000,59880.2,59887.9,59864.6,59870.9
1782521160000,59873,59878.2,59865.2,59877.4
1782521220000,59879.9,59889.8,59877.8,59877.8
1782521280000,59871.9,59904.1,59871.9,59904.1
1782521340000,59905.3,59969.7,59905.3,59969.7
1782521400000,59961.6,59967.1,59945.5,59956.8
1782521460000,59955.9,59983.8,59951.1,59983.8
1782521520000,59981.7,59981.7,59967,59977.4
1782521580000,59969.7,59975.6,59959.4,59960.8
1782521640000,59955.4,59987.7,59955.4,59977.7
1782521700000,59984.8,59984.8,59962.7,59968.6
1782521760000,59966.5,59966.5,59955.3,59955.7
1782521820000,59885.1,59960.9,59885.1,59959.4
1782521880000,59959.9,59961.8,59959.4,59960.4
1782521940000,59951.3,59977.9,59951.3,59971.1
1782522000000,59975,59984.8,59975,59976.1
1782522060000,59963.9,59967.4,59874.1,59936.8
1782522120000,59945.7,59955.7,59941.5,59941.5
1782522180000,59932.3,59936.8,59894.3,59894.3
1782522240000,59898.8,59898.8,59877.1,59883.2
1782522300000,59882.1,59903.8,59882.1,59900.6
1782522360000,59891.5,59903.8,59879.6,59903.3
1782522420000,59903.5,59903.5,59893,59897.3
1782522480000,59828.9,59902.7,59828.9,59902.7
1782522540000,59902.4,59902.4,59878.9,59885.3
1782522600000,59879.2,59888,59876.5,59887.4
1782522660000,59887.7,59905.5,59887.7,59890.4
1782522720000,59892.6,59899.7,59892.6,59899.7
1782522780000,59897.9,59909.7,59897.7,59902.8
1782522840000,59896.2,59904.2,59880.1,59880.1
1782522900000,59889.6,59893.9,59881.1,59881.1
1782522960000,59875.2,59879.9,59847.7,59879.9
1782523020000,59882.2,59906,59879,59900
1782523080000,59901.9,59911.4,59900,59910.1
1782523140000,59899.4,59911.6,59898,59911.6
1782523200000,59910.8,59915.9,59822.1,59905.1
1782523260000,59896.5,59911.4,59883.3,59883.3
1782523320000,59883.4,59914.9,59883.4,59907.7
1782523380000,59907.7,59907.7,59907.7,59907.7
1782523440000,59912.4,59920.4,59912.4,59920.4
1782523500000,59914.7,59914.7,59901,59913.3
1782523560000,59910.7,59912,59910,59912
1782523620000,59904,59912,59888.3,59895.2
1782523680000,59893.4,59904.7,59893.4,59897.6
1782523740000,59888.6,59912.8,59888,59911.5
1782523800000,59901.3,59905.2,59856.2,59875.9
1782523860000,59871.4,59877.6,59858.1,59858.1
1782523920000,59858.2,59859.1,59845.9,59846.5
1782523980000,59851,59876.3,59851,59872.7
1782524040000,59876.3,59899.7,59876.3,59899.1
1782524100000,59900.3,59916.3,59899.6,59907
1782524160000,59896.4,59907.1,59877.2,59879.6
1782524220000,59804.8,59879.2,59804.8,59877.7
1782524280000,59868.6,59877.4,59859,59867.9
1782524340000,59858.4,59890.8,59858.4,59887.7
1782524400000,59886.8,59886.8,59876.4,59884.9
1782524460000,59885.7,59890.2,59879.8,59888
1782524520000,59895.7,59902.8,59892.1,59902.2
1782524580000,59903.3,59905.1,59902.3,59902.3
1782524640000,59902.4,59903.7,59885.2,59885.2
1782524700000,59886.4,59886.4,59884.8,59884.8
1782524760000,59888.2,59900,59888.2,59899.9
1782524820000,59896.5,59896.5,59886.8,59896.5
1782524880000,59829.7,59829.7,59828.1,59828.1
1782524940000,59828.1,59913.9,59828.1,59880.1
1782525000000,59878.8,59911.5,59878.8,59903.6
1782525060000,59891.6,59894,59869.9,59872.1
1782525120000,59860.3,59867.5,59860.3,59864.1
1782525180000,59865.7,59866.8,59852.3,59865.2
1782525240000,59866.1,59866.1,59865.2,59865.2
1782525300000,59791.5,59869.6,59791.5,59850.9
1782525360000,59853.9,59864.5,59844.2,59864.5
1782525420000,59863.8,59866.6,59855.9,59865
1782525480000,59866.7,59882.9,59866.7,59878.6
1782525540000,59883.6,59891.3,59861.6,59861.6
1782525600000,59857.4,59861.3,59844.4,59851.4
1782525660000,59843.7,59853,59841.6,59841.6
1782525720000,59841.5,59854.5,59827.6,59846.3
1782525780000,59855.2,59888,59852.7,59888
1782525840000,59892,59905.4,59886,59904.7
1782525900000,59893.4,59902.4,59878,59902.4
1782525960000,59888.5,59909.5,59884.8,59891.4
1782526020000,59891.5,59902.5,59891.5,59902.4
1782526080000,59902.5,59911,59895.9,59900.1
1782526140000,59901,59955.5,59901,59955.5
1782526200000,59943.2,59952,59934,59942.6
1782526260000,59946.3,59958.8,59946.1,59956.9
1782526320000,59965.6,59999.2,59962.7,59998.1
1782526380000,59999.6,60005.5,59984.6,59994.1
1782526440000,59998.7,60032.5,59998.7,60029.5
1782526500000,60031.5,60096.3,60030.5,60089.4
1782526560000,60091.6,60096,60050,60050
1782526620000,60048.5,60051.5,59991.5,60004.4
1782526680000,59995.1,60010.5,59995.1,60008.6
1782526740000,60018.7,60060.6,60018.7,60060.1
1782526800000,60063.5,60171.2,60063.5,60160.9
1782526860000,60168.8,60196.1,60142.4,60167.1
1782526920000,60158,60217.1,60155.8,60183.3
1782526980000,60182,60192.3,60168.8,60180.2
1782527040000,60180,60213.6,60180,60212.3
1782527100000,60213.1,60213.5,60169.7,60202.2
1782527160000,60198.9,60268.4,60195.9,60268.4
1782527220000,60266.9,60266.9,60237,60248.1
1782527280000,60251.1,60285.8,60235.3,60235.3
1782527340000,60241.8,60241.8,60204,60209.9
1782527400000,60192.8,60192.8,60133.1,60161.2
1782527460000,60161.9,60167.5,60098.4,60167.5
1782527520000,60166,60198.4,60161,60171.4
1782527580000,60180.4,60184.8,60155.4,60178.2
1782527640000,60180.8,60231.7,60109.7,60230.8
1782527700000,60226,60226,60198.3,60203.9
1782527760000,60202.8,60202.8,60153.4,60159.4
1782527820000,60161.2,60185.7,60146.3,60181.3
1782527880000,60179.1,60183.7,60166.4,60183.2
1782527940000,60190.8,60206.3,60171.3,60205.7
1782528000000,60207,60236.9,60207,60222.4
1782528060000,60214.1,60227.1,60196.2,60220.8
1782528120000,60213.1,60219.1,60191.3,60203
1782528180000,60207.8,60217.4,60197.4,60205.9
1782528240000,60207.1,60211.4,60191.9,60193.7
1782528300000,60195.8,60212,60194.4,60211.6
1782528360000,60208.4,60242.9,60207.9,60212.2
1782528420000,60214.9,60265.6,60204.4,60250.9
1782528480000,60238.4,60239.9,60203.4,60203.4
1782528540000,60200.9,60200.9,60173,60186.9
1782528600000,60186.5,60223.5,60169.7,60222.4
1782528660000,60220.2,60250.5,60209.1,60250.5
1782528720000,60255.4,60255.4,60243.1,60245.2
1782528780000,60254.5,60263.7,60247.4,60253
1782528840000,60260.5,60278,60254.1,60259
1782528900000,60250.6,60259.4,60230.8,60230.8
1782528960000,60239.3,60244.8,60207.2,60218.9
1782529020000,60217.7,60217.7,60210.3,60212.2
1782529080000,60211.9,60218.8,60187,60218.8
1782529140000,60212.3,60228.6,60196.9,60196.9
1782529200000,60195.4,60195.4,60143.6,60185.3
1782529260000,60177.6,60190.1,60176.2,60183.7
1782529320000,60183.1,60321.6,60176.7,60268.4
1782529380000,60280.9,60280.9,60228.4,60233.3
1782529440000,60231.2,60231.2,60180.3,60180.3
1782529500000,60179.2,60181.1,60158.9,60179.3
1782529560000,60177.8,60179.3,60142.1,60146.8
1782529620000,60136.9,60136.9,60087.2,60096.4
1782529680000,60092.7,60118.3,60092.7,60112.2
1782529740000,60107.3,60125.9,60105.8,60121.4
1782529800000,60118.4,60125,60104.3,60119.8
1782529860000,60124.5,60126.8,60104.7,60116.1
1782529920000,60123.8,60137,60082,60083.5
1782529980000,60085.9,60107.3,60079,60092
1782530040000,60091.9,60091.9,60071.4,60078.9
1782530100000,60077.9,60105.9,60076.4,60105.9
1782530160000,60110.3,60132.1,60110.3,60125
1782530220000,60128.1,60160.6,60128.1,60160.2
1782530280000,60151.6,60170.6,60143.6,60155.8
1782530340000,60162.7,60180.4,60150.4,60180.4
1782530400000,60179.1,60179.9,60156.8,60172.8
1782530460000,60173.4,60209.4,60170.7,60188.6
1782530520000,60186.6,60186.6,60164,60183.1
1782530580000,60182.5,60228.1,60171.4,60228.1
1782530640000,60230.3,60255.7,60215.4,60223.2
1782530700000,60223.4,60231.6,60204.5,60204.5
1782530760000,60205.6,60205.6,60201,60202.6
1782530820000,60212.4,60226.4,60212.4,60217.5
1782530880000,60222.2,60233.9,60222.2,60223.2
1782530940000,60218.9,60218.9,60215.4,60218.8
1782531000000,60226.2,60249.2,60186.8,60245.7
1782531060000,60248.9,60248.9,60208.6,60212.9
1782531120000,60218.2,60229.1,60188.4,60218.2
1782531180000,60215.9,60230.7,60203.2,60204.6
1782531240000,60206,60254.9,60206,60254.9
1782531300000,60248.6,60272.4,60229.4,60267.3
1782531360000,60269.8,60302.5,60246.9,60271.9
1782531420000,60266.5,60266.5,60233.8,60255.6
1782531480000,60249.5,60265.5,60236.2,60265.4
1782531540000,60253.3,60256.8,60224.4,60224.4
1782531600000,60223.4,60232.9,60204.8,60224.2
1782531660000,60216.8,60243.2,60216.8,60232.6
1782531720000,60228.3,60231.6,60222.8,60222.8
1782531780000,60227.9,60233.6,60227,60228.6
1782531840000,60230.8,60233.3,60212.8,60213
1782531900000,60215.3,60231.8,60207,60231.8
1782531960000,60223.2,60223.2,60206.3,60215
1782532020000,60215.2,60272.2,60215.2,60272.2
1782532080000,60260.1,60266.5,60234.4,60237.6
1782532140000,60246.1,60274.7,60246.1,60255.4
1782532200000,60256.7,60256.7,60220.1,60220.1
1782532260000,60143.4,60218.2,60142.2,60207.2
1782532320000,60211.6,60211.6,60189.2,60199.2
1782532380000,60199.1,60199.2,60193,60193
1782532440000,60193.2,60202.4,60166.5,60171.3
1782532500000,60171.4,60206.9,60171.4,60204.1
1782532560000,60205.9,60227,60200.8,60216.1
1782532620000,60208,60230.9,60195.9,60230.6
1782532680000,60222,60233.5,60206,60211.3
1782532740000,60198.2,60232.3,60190.6,60211.9
1782532800000,60212.7,60228.3,60212.7,60228.3
1782532860000,60228,60259.7,60225.1,60253.2
1782532920000,60255.7,60268.9,60237.6,60265.8
1782532980000,60262.6,60267.4,60247.1,60257
1782533040000,60250.3,60264.6,60250.3,60261.3
1782533100000,60263.6,60363.9,60263.4,60320.7
1782533160000,60328.6,60354.8,60298.5,60299.5
1782533220000,60306.5,60336.5,60305.1,60327.7
1782533280000,60331.4,60352.6,60322.8,60327.5
1782533340000,60319.6,60324.4,60304.2,60307.4
1782533400000,60308.9,60309,60298.7,60298.7
1782533460000,60295.1,60302.5,60281.3,60302.5
1782533520000,60298.1,60338.7,60298.1,60332.4
1782533580000,60333.1,60351.2,60328,60331.9
1782533640000,60324.3,60324.3,60308.1,60316
1782533700000,60308.5,60313.9,60286.8,60288.3
1782533760000,60296.5,60331.9,60296.5,60321.8
1782533820000,60317.9,60317.9,60296.9,60302.4
1782533880000,60312.1,60340.6,60312.1,60340.6
1782533940000,60348.7,60354.7,60329.3,60337.1
1782534000000,60329.3,60336.8,60313.8,60318.9
1782534060000,60310,60315.5,60305.4,60312.6
1782534120000,60310.7,60313.9,60310.2,60312.8
1782534180000,60310.9,60319,60299.4,60319
1782534240000,60323.5,60369.5,60323.5,60367.1
1782534300000,60359.1,60388.6,60350.3,60366.9
1782534360000,60369.2,60394.2,60366.9,60366.9
1782534420000,60355.9,60360.7,60293.6,60320.5
1782534480000,60327.9,60333.8,60307.8,60307.8
1782534540000,60307.2,60307.2,60303.8,60303.8
1782534600000,60294.5,60302.4,60282.2,60302.1
1782534660000,60305.7,60310,60294.8,60298.9
1782534720000,60302.5,60309.2,60294.5,60298.4
1782534780000,60301.1,60320.9,60292.7,60318.6
1782534840000,60318.9,60361,60315.4,60344.6
1782534900000,60341.7,60341.7,60307,60309.4
1782534960000,60310.2,60310.2,60289.9,60291.2
1782535020000,60281.1,60295.5,60263.6,60295.5
1782535080000,60287.2,60306.5,60279,60284.4
1782535140000,60285.8,60287.2,60275,60282.6
1782535200000,60275,60302.3,60275,60299.1
1782535260000,60297.9,60304.1,60288.5,60290.2
1782535320000,60289.4,60290.2,60288.9,60289
1782535380000,60288.6,60288.6,60275.5,60284.9
1782535440000,60285,60285,60276.2,60285
1782535500000,60276.2,60292.1,60274.6,60291.1
1782535560000,60290.2,60290.2,60244.3,60263.9
1782535620000,60263.1,60278.2,60263.1,60272.9
1782535680000,60267.9,60277.6,60266.1,60266.1
1782535740000,60260.3,60260.3,60232.5,60233.2
1782535800000,60229,60231.8,60228.5,60228.6
1782535860000,60160.9,60227.6,60156.9,60227.6
1782535920000,60222.9,60225.8,60202.3,60213
1782535980000,60205.5,60217.4,60205.5,60212
1782536040000,60210.8,60210.8,60197.1,60197.6
1782536100000,60189.8,60194.7,60164.6,60185
1782536160000,60193.7,60194,60155.4,60176.3
1782536220000,60171.4,60174,60153.1,60162.6
1782536280000,60156.8,60156.8,60122.8,60128
1782536340000,60057.7,60158.1,60057.7,60156.7
1782536400000,60156.6,60179.6,60156.6,60170.9
1782536460000,60166.7,60180.3,60150,60176.2
1782536520000,60164.8,60179.5,60164.8,60171.2
1782536580000,60169.8,60169.8,60152.4,60165.5
1782536640000,60160.5,60160.5,60108.7,60118.2
1782536700000,60107.3,60149.5,60107.3,60144.3
1782536760000,60151,60151.9,60134.3,60151.9
1782536820000,60156.2,60156.2,60127.9,60137.6
1782536880000,60136.1,60166.6,60133.3,60162.7
1782536940000,60170.3,60195.3,60170.3,60187.1
1782537000000,60190.1,60190.1,60168.7,60179.8
1782537060000,60184.3,60209.4,60184.3,60195.1
1782537120000,60198.3,60215.4,60194.6,60215
1782537180000,60211.6,60219.6,60211.6,60217.3
1782537240000,60223.2,60223.2,60217.3,60217.3
1782537300000,60207.7,60207.7,60180.1,60187.9
1782537360000,60193.6,60193.6,60139,60141.8
1782537420000,60152.9,60176.3,60152.9,60176.2
1782537480000,60174.5,60176.4,60161.5,60168.5
1782537540000,60170.4,60181.8,60170.4,60180
1782537600000,60180.3,60185.3,60180.3,60182.8
1782537660000,60172.8,60182.8,60157.9,60181.9
1782537720000,60190.5,60199.9,60174.1,60186.7
1782537780000,60175.5,60191.2,60166.2,60166.2
1782537840000,60175.5,60185.5,60160.9,60183.9
1782537900000,60181.8,60184.9,60171,60171
1782537960000,60172.3,60173.9,60161.5,60170.7
1782538020000,60167.6,60171.9,60165.4,60167.6
1782538080000,60171.3,60193.3,60103.6,60104.9
1782538140000,60105.8,60106.5,60071,60071.3
1782538200000,60073.3,60100.8,60071.5,60099.6
1782538260000,60097.6,60097.6,60038.8,60069.3
1782538320000,60070.7,60109.7,60067.5,60109.7
1782538380000,60114.6,60115.7,60083.1,60087.3
1782538440000,60089.9,60132.1,60089.9,60132.1
1782538500000,60138.4,60149.7,60112.4,60120.6
1782538560000,60125.8,60129.4,60121.8,60128.9
1782538620000,60129.9,60130.2,60120.2,60128.9
1782538680000,60127.1,60138.5,60099.5,60120.5
1782538740000,60122.1,60139.8,60110.6,60139.8
1782538800000,60134.3,60147.3,60124.3,60136.6
1782538860000,60135.9,60139.5,60125.9,60130.6
1782538920000,60129.9,60129.9,60123.3,60129.2
1782538980000,60131.7,60137.6,60121.4,60129.5
1782539040000,60121.1,60147.4,60109.8,60139.9
1782539100000,60139.7,60141.2,60131.3,60141.2
1782539160000,60142.3,60181.1,60133.8,60171.9
1782539220000,60167.6,60187.3,60155.1,60187.3
1782539280000,60186.8,60186.8,60143.8,60150.6
1782539340000,60144,60170,60144,60157.7
1782539400000,60163.8,60177.9,60163.8,60176.1
1782539460000,60175.2,60187.1,60169.1,60174.7
1782539520000,60184.6,60187.7,60168.9,60171
1782539580000,60180,60180.1,60156.7,60158.2
1782539640000,60152.2,60172,60149.8,60159.8
1782539700000,60159.1,60159.8,60153.3,60153.3
1782539760000,60158.1,60170.1,60158.1,60164.6
1782539820000,60166.2,60182.2,60163.7,60163.7
1782539880000,60166.7,60175.9,60163.4,60172.8
1782539940000,60176.1,60176.1,60100.9,60146.9
1782540000000,60149.5,60156.5,60132.6,60142.3
1782540060000,60146.5,60146.5,60114.9,60123.1
1782540120000,60127.4,60127.8,60069.1,60072.2
1782540180000,60076.7,60115.5,60076.7,60113.3
1782540240000,60114.8,60114.8,60097.6,60097.6
1782540300000,60099.1,60117.7,60099.1,60114.7
1782540360000,60117.7,60121.3,60114.7,60121.1
1782540420000,60108.7,60120.5,60099.2,60102.4
1782540480000,60093.2,60109.2,60092.5,60104.9
1782540540000,60112.6,60115.1,60071.6,60082.9
1782540600000,60073.9,60085.9,60027.2,60045.4
1782540660000,60041.2,60044,60027.1,60033.2
1782540720000,60035.6,60045.5,60028.3,60045.3
1782540780000,60041.7,60043.8,60025.2,60042.9
1782540840000,60032.5,60063.3,60032.5,60061.8
1782540900000,60063.3,60077.2,59987.4,60029.6
1782540960000,60036.6,60066.2,60036.6,60066.1
1782541020000,60068,60074.9,60061.7,60071.7
1782541080000,60079.8,60090.2,60076.7,60085.3
1782541140000,60088.7,60098.8,60078.3,60087.5
1782541200000,60089,60110.3,60089,60108.4
1782541260000,60109.9,60114,60099.5,60114
1782541320000,60103.5,60115.1,60099.9,60114
1782541380000,60115.1,60115.1,60108.1,60114
1782541440000,60123.3,60127.8,60123.3,60126.2
1782541500000,60116.8,60127.2,60116.2,60126
1782541560000,60129.5,60136.1,60108.3,60116
1782541620000,60117,60143.1,60117,60135.4
1782541680000,60138.2,60140.2,60128.6,60130
1782541740000,60125.8,60148.2,60114.9,60117.4
1782541800000,60114.9,60217,60114.9,60214.8
1782541860000,60204.9,60214.2,60182,60207.2
1782541920000,60216.5,60275.2,60206.3,60247
1782541980000,60253.3,60266.2,60220.9,60230.3
1782542040000,60229.7,60229.7,60215.4,60220.1
1782542100000,60221.5,60221.5,60192.5,60205.6
1782542160000,60196.5,60213.8,60194,60201.6
1782542220000,60206,60229.7,60198.3,60198.7
1782542280000,60209.2,60209.4,60197.5,60201.5
1782542340000,60194.9,60309.8,60152.4,60307.3
1782542400000,60310.1,60356.9,60305.4,60331.2
1782542460000,60326,60334.7,60319.9,60327.2
1782542520000,60320.3,60323.5,60291.5,60321.3
1782542580000,60318.5,60328,60307.3,60320.2
1782542640000,60323.4,60323.8,60312.6,60320.8
1782542700000,60330.2,60365,60330.2,60352.1
1782542760000,60351.4,60366.9,60341.5,60349.9
1782542820000,60349.3,60404.4,60339.3,60367
1782542880000,60373,60399,60360.6,60367.2
1782542940000,60367.1,60379,60349.4,60358.2
1782543000000,60348.5,60358.2,60314.6,60321.4
1782543060000,60323.7,60323.7,60277.2,60285
1782543120000,60287.5,60293.1,60256.2,60281.4
1782543180000,60289.8,60295.1,60271.1,60278
1782543240000,60277.9,60285.4,60265.5,60271.5
1782543300000,60273.1,60277.4,60258.3,60277.4
1782543360000,60278.1,60279.2,60277.8,60278.4
1782543420000,60279.9,60280.9,60265.6,60275.2
1782543480000,60275.4,60283.1,60263.8,60269.8
1782543540000,60274.9,60285.9,60273,60281.8
1782543600000,60288.5,60302.5,60285.8,60299.3
1782543660000,60301.9,60301.9,60262.3,60273.9
1782543720000,60268.7,60271.6,60244.6,60254.8
1782543780000,60251.1,60258.4,60242.5,60245.8
1782543840000,60252.2,60260.2,60244.9,60255.5
1782543900000,60259.6,60260.6,60255.6,60257.3
1782543960000,60259.5,60275.1,60228.1,60249.9
1782544020000,60251.5,60251.6,60235.7,60240
1782544080000,60234.9,60243.9,60232.9,60237.3
1782544140000,60233.7,60235.7,60224.5,60224.6
1782544200000,60220.2,60229.2,60215.9,60229.2
1782544260000,60223.1,60232.1,60205.8,60206.9
1782544320000,60210,60227.8,60208.8,60227.8
1782544380000,60227.2,60229,60216.8,60218.8
1782544440000,60225.7,60233,60215.8,60231.5
1782544500000,60235.2,60253,60220,60251.6
1782544560000,60254.8,60269.4,60253.7,60259.1
1782544620000,60247.5,60251.6,60219.7,60229.2
1782544680000,60231.6,60241.9,60215.2,60234.3
1782544740000,60238,60240.5,60237.8,60237.8
1782544800000,60242,60289.5,60242,60275.2
1782544860000,60273.2,60292.9,60270.8,60285.4
1782544920000,60286.8,60308.7,60279.8,60298.2
1782544980000,60300.3,60351.8,60299.5,60351.8
1782545040000,60353.4,60359.7,60319.8,60323.8
1782545100000,60321.3,60323.7,60298.2,60320.6
1782545160000,60315.2,60317.9,60315.2,60317.9
1782545220000,60314.5,60340.1,60309.1,60336.2
1782545280000,60337.1,60337.2,60325.2,60333
1782545340000,60336.4,60344.3,60335.3,60335.4
1782545400000,60343.4,60348.7,60333.4,60335.4
1782545460000,60330.2,60330.2,60287.4,60298.8
1782545520000,60303.7,60311.9,60296.8,60297.3
1782545580000,60309.6,60320.9,60309.6,60320.9
1782545640000,60321.1,60359.5,60314.3,60359.5
1782545700000,60342.5,60352,60325,60342.7
1782545760000,60340.8,60340.8,60311.7,60323
1782545820000,60323.5,60328.3,60319.1,60326.4
1782545880000,60333.3,60344.9,60333.2,60342.3
1782545940000,60332.2,60347.6,60332.2,60346.6
1782546000000,60352.1,60361.7,60324.4,60336.1
1782546060000,60331.4,60353,60331.4,60340.4
1782546120000,60268.9,60355,60268.9,60354.8
1782546180000,60355,60365.7,60349.7,60359.3
1782546240000,60363.5,60379,60339.1,60354.4
1782546300000,60363.7,60409.5,60363.7,60375
1782546360000,60378,60407.9,60378,60403.3
1782546420000,60406.4,60414.4,60383.4,60388.1
1782546480000,60396.6,60406.4,60396.1,60406.4
1782546540000,60405.3,60407.9,60404.1,60406.8
1782546600000,60409,60430,60409,60430
1782546660000,60431.5,60434.8,60420.7,60430.6
1782546720000,60432.6,60453.9,60390.4,60406.4
1782546780000,60413.1,60426.8,60392.3,60406.6
1782546840000,60408.2,60447.8,60406.4,60431.9
1782546900000,60433.1,60503.8,60433.1,60486.2
1782546960000,60472,60502.8,60464.2,60467
1782547020000,60468.4,60480.8,60406.3,60430.1
1782547080000,60446.8,60485.8,60431.4,60458.3
1782547140000,60458.9,60475.8,60456.5,60460.5
1782547200000,60460.1,60476.8,60394.7,60396.4
1782547260000,60393.7,60418.8,60374.2,60403.5
1782547320000,60402.3,60415.8,60368.1,60379.6
1782547380000,60379.8,60398.8,60360.8,60398.8
1782547440000,60381.6,60412.8,60374.8,60374.8
1782547500000,60396.8,60396.8,60368.9,60373.3
1782547560000,60371.8,60420.8,60356.9,60412.8
1782547620000,60411.7,60462.8,60402.3,60457.8
1782547680000,60439.7,60452.8,60385.9,60413.8
1782547740000,60398.6,60441.8,60398.6,60422.9
1782547800000,60417.5,60441.8,60393.5,60395
1782547860000,60414.8,60416.8,60385.5,60414.8
1782547920000,60396.2,60419.8,60384.9,60405.8
1782547980000,60403.8,60420.8,60382.8,60408.8
1782548040000,60389.5,60411.8,60387.6,60395.1
1782548100000,60416.8,60455.8,60383.4,60419.6
1782548160000,60440.8,60443.8,60402.6,60422.8
1782548220000,60419.8,60419.8,60375.1,60396.8
1782548280000,60399.8,60407.8,60363.8,60386.3
1782548340000,60384.5,60401.8,60355.8,60359.8
1782548400000,60376.8,60402.8,60362.8,60373.8
1782548460000,60393.8,60393.8,60358.1,60366.6
1782548520000,60370.5,60397.8,60369.6,60372
1782548580000,60392.8,60397.8,60372,60397.8
1782548640000,60378.1,60378.2,60378.1,60378.2
1782548700000,60381.9,60399.8,60380.9,60380.9
1782548760000,60384.7,60408.8,60378.6,60378.6
1782548820000,60375.8,60395.8,60373.1,60375.9
1782548880000,60374.2,60393.8,60374.2,60393.8
1782548940000,60370.7,60389.8,60353,60362
1782549000000,60361.8,60385.8,60348.5,60371.3
1782549060000,60385.8,60385.8,60356.2,60356.2
1782549120000,60356.9,60382.8,60349.7,60366.7
1782549180000,60366.9,60383.8,60358.6,60358.6
1782549240000,60355.4,60379.8,60355.4,60363.9
1782549300000,60381.8,60389.8,60365.6,60371.8
1782549360000,60376.1,60388.8,60311.8,60315.5
1782549420000,60319.4,60344.8,60303.2,60327.6
1782549480000,60328.1,60340.8,60307.7,60314.9
1782549540000,60304.7,60335.8,60294.9,60321.7
1782549600000,60334.8,60339.8,60305,60326.8
1782549660000,60325.8,60337.8,60302.7,60317.5
1782549720000,60306.3,60337.8,60306.3,60316
1782549780000,60308,60329.8,60279.1,60283.3
1782549840000,60285.2,60304.8,60285.2,60304.8
1782549900000,60288.3,60327.8,60288.3,60321.8
1782549960000,60299.4,60330.8,60299.4,60315.1
1782550020000,60331.8,60336.8,60306.6,60312.1
1782550080000,60304.1,60357.8,60304.1,60329.9
1782550140000,60332.4,60354.8,60323.6,60324.2
1782550200000,60319.8,60361.8,60319.8,60342.4
1782550260000,60351.5,60388.8,60351.5,60378.8
1782550320000,60349.2,60427.8,60349.2,60408.2
1782550380000,60403.9,60432.8,60385.6,60387.7
1782550440000,60413.8,60451.8,60393.2,60416.8
1782550500000,60388.9,60413.8,60366,60371.1
1782550560000,60394.8,60395.8,60369.4,60395.8
1782550620000,60396.8,60397.8,60371.5,60375.2
1782550680000,60369,60393.8,60368.8,60392.8
1782550740000,60369.7,60388.8,60360,60361
1782550800000,60360,60381.8,60357.7,60380.8
1782550860000,60357.1,60375.8,60329.1,60329.6
1782550920000,60334.2,60355.8,60330.6,60337.5
1782550980000,60326.6,60376.8,60326.6,60373.8
1782551040000,60374.8,60374.8,60351.7,60358.6
1782551100000,60362.2,60391.8,60362.2,60370.5
1782551160000,60371.5,60417.8,60371.4,60402.8
1782551220000,60418.8,60430.8,60372.6,60376
1782551280000,60386.6,60400.8,60371.9,60376.4
1782551340000,60373.4,60393.8,60359.4,60363.2
1782551400000,60355,60379.8,60307,60311.3
1782551460000,60331.8,60339.8,60294.1,60294.1
1782551520000,60286.3,60309.8,60280,60290.9
1782551580000,60289,60306.8,60274.2,60298.8
1782551640000,60274.2,60300.8,60260.1,60269
1782551700000,60290.8,60290.8,60200.7,60208.5
1782551760000,60227.8,60253.8,60199.4,60250.8
1782551820000,60223.8,60247.8,60204.7,60222
1782551880000,60221.8,60258.8,60219.6,60258.8
1782551940000,60240.3,60259.8,60229.8,60238.5
1782552000000,60244.9,60286.8,60244.9,60265.3
1782552060000,60268.5,60281.8,60254.5,60281.8
1782552120000,60262.7,60277.8,60235.9,60257.8
1782552180000,60239,60265.8,60239,60265.8
1782552240000,60246,60279.8,60237.9,60258.8
1782552300000,60242.2,60271.8,60242.2,60269.8
1782552360000,60270.8,60279.8,60255.5,60265.3
1782552420000,60280.8,60299.8,60264.6,60279.7
1782552480000,60281.5,60300.8,60269.9,60278.8
1782552540000,60277.7,60297.8,60274.9,60276.4
1782552600000,60276.9,60301.8,60276.9,60286.1
1782552660000,60302.8,60344.8,60287.6,60328.4
1782552720000,60328.9,60351.8,60323,60351.8
1782552780000,60336.6,60371.8,60328.7,60356.8
1782552840000,60332.7,60354.8,60312.4,60334.4
1782552900000,60334.8,60364.8,60320.3,60328.3
1782552960000,60329,60348.8,60320.4,60321.8
1782553020000,60312.1,60337.8,60305.8,60320.3
1782553080000,60318.4,60340.8,60318.4,60320.3
1782553140000,60338.8,60338.8,60308,60315
1782553200000,60314.9,60317,60314.9,60317
1782553260000,60322.2,60352.8,60322.2,60327.1
1782553320000,60344.8,60344.8,60314.6,60338.8
1782553380000,60318.6,60318.6,60317.5,60317.5
1782553440000,60308.9,60326.8,60306.9,60307.8
1782553500000,60308.9,60361.8,60308.9,60337.3
1782553560000,60357.8,60364.8,60327.4,60348.3
1782553620000,60340.3,60363.8,60308.9,60331.6
1782553680000,60346.8,60356.8,60317.3,60337.1
1782553740000,60335.5,60352.8,60302.1,60316.6
1782553800000,60331.8,60331.8,60302,60312.2
1782553860000,60313.7,60317,60303.6,60309.4
1782553920000,60306.9,60326.8,60299.5,60319.8
1782553980000,60294.1,60322.8,60294.1,60318.8
1782554040000,60305,60338.8,60299.6,60320.6
1782554100000,60322.7,60343.8,60318.5,60343.8
1782554160000,60326,60326,60325.1,60325.1
1782554220000,60331.8,60350.8,60331.3,60335.2
1782554280000,60340,60355.8,60328.3,60337.9
1782554340000,60356.8,60369.8,60326.7,60330.9
1782554400000,60328.4,60355.8,60328.4,60340.4
1782554460000,60343.4,60379.8,60339.7,60357.8
1782554520000,60356.8,60356.8,60341.6,60341.6
1782554580000,60336.9,60351.8,60309,60318
1782554640000,60319.1,60360.8,60313.1,60360.8
1782554700000,60344.9,60364.8,60342.3,60344
1782554760000,60343.2,60358.8,60335.4,60355.8
1782554820000,60340.5,60340.5,60260.2,60338.4
1782554880000,60344.6,60361.8,60331.9,60342.4
1782554940000,60362.8,60362.8,60328.4,60331.4
1782555000000,60338.9,60370.8,60334.8,60353.7
1782555060000,60355.5,60384.8,60355.5,60365.8
1782555120000,60365.7,60392.8,60360.2,60377
1782555180000,60378.5,60391.8,60371.6,60376.7
1782555240000,60373.6,60402.8,60373.6,60402.8
1782555300000,60375.7,60398.8,60370,60388.8
1782555360000,60369.9,60382.8,60364.1,60364.1
1782555420000,60371.3,60387.8,60369.2,60371.1
1782555480000,60361.8,60385.8,60357.5,60360.5
1782555540000,60361.7,60394.8,60360,60394.8
1782555600000,60396.8,60406.8,60380.1,60390.6
1782555660000,60392.5,60412.8,60372.2,60378.8
1782555720000,60394.8,60404.8,60379,60387.9
1782555780000,60388.9,60415.8,60388.9,60415.8
1782555840000,60398.1,60402.1,60398,60401
1782555900000,60390.1,60412.8,60385.4,60386.8
1782555960000,60391.4,60412.8,60379.8,60383.9
1782556020000,60388.1,60407.8,60352.3,60370.8
1782556080000,60350.6,60384.8,60350.6,60367.3
1782556140000,60369.4,60388.8,60362.4,60367.3
1782556200000,60359.6,60381.8,60350.9,60374.8
1782556260000,60359.5,60359.8,60313.9,60344.8
1782556320000,60322.3,60344.8,60314.4,60341.8
1782556380000,60328.5,60347.8,60319.1,60333.8
1782556440000,60325,60359.8,60325,60337.6
1782556500000,60263.3,60357.8,60263.3,60357.8
1782556560000,60359.8,60375.8,60326.8,60342.5
1782556620000,60343.2,60372.8,60338.1,60352.4
1782556680000,60373.8,60373.8,60342.8,60347.1
1782556740000,60367.8,60374.8,60348.9,60374.8
1782556800000,60357.4,60357.4,60355.7,60357.2
1782556860000,60365.1,60376.8,60335.8,60350.5
1782556920000,60368.8,60371.8,60336.7,60338.7
1782556980000,60340.9,60366.8,60340.9,60343.8
1782557040000,60344.4,60358.8,60320.5,60338.8
1782557100000,60340.2,60340.2,60336.9,60339.3
1782557160000,60337.8,60360.8,60328,60335.5
1782557220000,60334.5,60352.8,60310.3,60314.6
1782557280000,60312.5,60335.8,60311.9,60317.3
1782557340000,60337.8,60347.8,60320.2,60320.2
1782557400000,60342.8,60342.8,60281.6,60311.8
1782557460000,60300.1,60314.8,60292.7,60312.8
1782557520000,60301.5,60312.8,60282.9,60290.9
1782557580000,60295.1,60313.8,60283.5,60313.8
1782557640000,60297.2,60315.8,60292.7,60315.8
1782557700000,60300,60325.8,60287.9,60307.3
1782557760000,60307.4,60325.8,60301.1,60305.6
1782557820000,60315.1,60333.8,60307.3,60333.8
1782557880000,60316.4,60346.8,60316.4,60327.7
1782557940000,60329.2,60348.8,60324.7,60327.4
1782558000000,60327,60327,60327,60327
1782558060000,60312.4,60346.8,60308.9,60326.6
1782558120000,60327.8,60359.8,60327.8,60338.8
1782558180000,60330.6,60377.8,60330.6,60358.2
1782558240000,60362.5,60376.8,60343.7,60347.2
1782558300000,60345.7,60360.8,60285.8,60286.5
1782558360000,60285.8,60316.8,60285.8,60308.8
1782558420000,60291.4,60309.8,60274.6,60296.8
1782558480000,60276,60303.8,60276,60288.5
1782558540000,60288.7,60326.8,60288.5,60326.8
1782558600000,60310,60325.8,60294.9,60305.5
1782558660000,60304.2,60324.8,60295.5,60303.1
1782558720000,60304.6,60327.8,60299.2,60310.9
1782558780000,60309.6,60340.8,60309.2,60329.8
1782558840000,60310.7,60330.8,60302.8,60311.4
1782558900000,60309.6,60327.8,60274.3,60274.3
1782558960000,60294.8,60294.8,60233.9,60235.4
1782559020000,60242.1,60277.8,60237.1,60270.8
1782559080000,60251.7,60264.8,60230.4,60236.8
1782559140000,60244.6,60261.8,60227,60256.8
1782559200000,60239.2,60256.8,60234.7,60256.8
1782559260000,60248.9,60273.8,60239.4,60249.6
1782559320000,60255.1,60281.8,60247.4,60259
1782559380000,60262.9,60290.8,60248.9,60269.8
1782559440000,60255.2,60266.8,60241.7,60265.8
1782559500000,60247.8,60277.8,60236.6,60247.5
1782559560000,60246.6,60256.8,60214.1,60235.8
1782559620000,60212.3,60234.8,60166.1,60175.5
1782559680000,60176.8,60195.8,60139.1,60172.7
1782559740000,60173.1,60195.8,60173.1,60175.7
1782559800000,60176.3,60196.8,60164.9,60176.9
1782559860000,60194.8,60196.8,60170.3,60180.3
1782559920000,60182.4,60203.8,60182.4,60182.9
1782559980000,60183.7,60212.8,60183.7,60192.5
1782560040000,60194.9,60218.8,60182.5,60218.8
1782560100000,60211.1,60231.8,60161.9,60212.8
1782560160000,60194.5,60230.8,60159.1,60178.4
1782560220000,60175.4,60194.8,60106.4,60127.8
1782560280000,60107.3,60145.8,60104.7,60118.5
1782560340000,60138.8,60169.8,60119.9,60152.4
1782560400000,60145.5,60162.8,60117.4,60150.8
1782560460000,60128.7,60159.8,60122.2,60135.4
1782560520000,60127.1,60162.8,60127.1,60145.9
1782560580000,60146.8,60193.8,60143.8,60170.8
1782560640000,60193.8,60198.8,60173.4,60198.8
1782560700000,60182.9,60348.8,60182.9,60292.6
1782560760000,60295,60308.8,60259.7,60259.7
1782560820000,60285.8,60286.8,60246.7,60268.6
1782560880000,60286.8,60304.8,60252.5,60265.5
1782560940000,60266.4,60286.8,60246.7,60268.4
1782561000000,60266.7,60286.8,60229.4,60254.8
1782561060000,60225.9,60277.8,60225.9,60262.8
1782561120000,60265.8,60265.8,60246.7,60265.8
1782561180000,60245.8,60276.8,60245.8,60263.9
1782561240000,60263.4,60281.8,60244.9,60271
1782561300000,60268.7,60301.8,60264.5,60274
1782561360000,60276.1,60300.8,60265.6,60274.7
1782561420000,60275.5,60297.8,60275.5,60283.9
1782561480000,60283.4,60306.8,60272.3,60277.9
1782561540000,60275.8,60277.3,60265.7,60273.4
1782561600000,60262.6,60285.8,60241.4,60275.8
1782561660000,60246.5,60283.8,60246.5,60280.8
1782561720000,60257.9,60278.8,60227.1,60227.1
1782561780000,60253.8,60253.8,60210.3,60233.3
1782561840000,60224.1,60270.8,60224.1,60270.8
1782561900000,60271.8,60271.8,60230,60253
1782561960000,60245.3,60271.8,60229.2,60235.2
1782562020000,60234.4,60249.8,60218.3,60230.9
1782562080000,60231.7,60254.8,60231.2,60252.8
1782562140000,60223.1,60269.8,60223.1,60239.8
1782562200000,60248.2,60253.8,60224.5,60244.8
1782562260000,60216.5,60239.8,60164.4,60203.8
1782562320000,60205.8,60212.8,60176,60177.5
1782562380000,60199.8,60207.8,60182.5,60207.8
1782562440000,60211.8,60222.8,60189.1,60222.8
1782562500000,60205.5,60228.8,60205.5,60228.8
1782562560000,60208.8,60224.8,60201.8,60201.8
1782562620000,60204.1,60230.8,60204.1,60230.8
1782562680000,60209.4,60249.8,60202.8,60202.8
1782562740000,60203.9,60208.9,60203.9,60208
1782562800000,60206.2,60248.8,60206.2,60218.9
1782562860000,60221.4,60275.8,60221.4,60273.8
1782562920000,60246.2,60268.8,60218,60227.8
1782562980000,60227.6,60244.8,60213.7,60215.2
1782563040000,60223.4,60241.8,60214.8,60218.3
1782563100000,60219,60248.8,60219,60219.6
1782563160000,60144.8,60144.8,60144.8,60144.8
1782563220000,60144.8,60223,60144.6,60221.1
1782563280000,60214.5,60241.8,60214.5,60221.7
1782563340000,60222.1,60271.8,60222.1,60271.8
1782563400000,60272.8,60283.8,60246.4,60264.8
1782563460000,60282.8,60315.8,60268.9,60311.8
1782563520000,60290.9,60312.8,60272.9,60307.8
1782563580000,60278.1,60305.8,60259.8,60263.6
1782563640000,60262.8,60283.8,60244.1,60246.7
1782563700000,60269.8,60302.8,60249.3,60282.8
1782563760000,60268.1,60301.8,60261.1,60301.8
1782563820000,60302.8,60317.8,60242.7,60265.8
1782563880000,60271.8,60271.8,60240.8,60265.8
1782563940000,60262.8,60262.8,60217.6,60224.7
1782564000000,60224.5,60249.8,60220.5,60244.8
1782564060000,60245.8,60256.8,60223.1,60229.9
1782564120000,60219.3,60265.8,60213.9,60246.5
1782564180000,60236,60264.8,60234.1,60245.7
1782564240000,60246.1,60268.8,60234.5,60259.8
1782564300000,60236.3,60262.8,60218.8,60246.8
1782564360000,60228.5,60254.8,60228.5,60231.9
1782564420000,60233.4,60254.8,60233.4,60254.8
1782564480000,60240,60260.8,60159.7,60260.8
1782564540000,60246.2,60276.8,60246.2,60276.8
1782564600000,60254.4,60282.8,60253.9,60258.2
1782564660000,60263.5,60302.8,60255.4,60300.8
1782564720000,60299.8,60304.8,60274.2,60282.3
1782564780000,60283.8,60336.8,60283.8,60336.8
1782564840000,60317.4,60346.8,60309.5,60328.6
1782564900000,60330.5,60358.8,60304,60304.2
1782564960000,60301.3,60337.8,60301.3,60332.8
1782565020000,60329.8,60335.8,60302.5,60315.6
1782565080000,60320.7,60343.8,60313,60334.8
1782565140000,60320.5,60356.8,60312.5,60333.1
1782565200000,60332.1,60357.8,60330.9,60332.7
1782565260000,60331.5,60334.5,60331.5,60332.7
1782565320000,60321.4,60356.8,60321.4,60335.8
1782565380000,60335.3,60407.8,60329.6,60337.4
1782565440000,60358.8,60390.8,60332.1,60332.1
1782565500000,60353.8,60354.8,60307.2,60327.9
1782565560000,60327.1,60344.8,60308.8,60312.4
1782565620000,60303,60327.8,60293.8,60306.9
1782565680000,60325.8,60326.8,60297.2,60322.8
1782565740000,60326.8,60352.8,60299.2,60333.5
1782565800000,60352.8,60359.8,60330.1,60357.8
1782565860000,60358.8,60358.8,60325.8,60327.9
1782565920000,60324,60348.8,60323.8,60330.1
1782565980000,60320.4,60359.8,60320.4,60341.8
1782566040000,60359.8,60359.8,60317.6,60349.9
1782566100000,60335.3,60360.8,60321,60329.1
1782566160000,60322.6,60335.8,60310.3,60310.4
1782566220000,60310.3,60330.8,60300.4,60330.8
1782566280000,60314.6,60360.8,60310.5,60360.8
1782566340000,60339.6,60359.8,60333.4,60336.4
1782566400000,60344.3,60390.8,60344.3,60362
1782566460000,60368.8,60409.8,60367.9,60384.7
1782566520000,60386.9,60403.8,60371.1,60395.8
1782566580000,60373.6,60393.8,60356.2,60362.2
1782566640000,60364.1,60388.8,60361,60387.8
1782566700000,60388.8,60406.8,60374,60406.8
1782566760000,60408.8,60418.8,60371.5,60397.8
1782566820000,60371.7,60396.8,60361.2,60362.2
1782566880000,60362.6,60406.8,60354.3,60397.8
1782566940000,60368.1,60399.8,60362.3,60385.6
1782567000000,60378.3,60396.8,60360.9,60389.8
1782567060000,60369,60386.8,60353.9,60355
1782567120000,60280.8,60353.3,60280.8,60353.3
1782567180000,60353.4,60353.4,60353.4,60353.4
1782567240000,60282.9,60400.8,60282.9,60374.9
1782567300000,60373.4,60398.8,60354.5,60374.9
1782567360000,60384.1,60469.8,60384.1,60441.9
1782567420000,60449.8,60475.8,60439.2,60453
1782567480000,60454.9,60562.8,60448.1,60528.8
1782567540000,60507.5,60581.8,60507.5,60526.6
1782567600000,60554.8,60571.8,60508.9,60534
1782567660000,60526.4,60546.8,60486.3,60525.8
1782567720000,60518.8,60518.8,60481.8,60509.8
1782567780000,60508.8,60526.8,60481.3,60490.4
1782567840000,60492.8,60529.8,60492.8,60515.1
1782567900000,60511.3,60557.8,60501.1,60533.2
1782567960000,60528.8,60542.8,60475.9,60495.9
1782568020000,60495.5,60536.8,60495.5,60519.9
1782568080000,60509.5,60535.8,60453.2,60484.8
1782568140000,60463,60498.8,60462.7,60498.8
1782568200000,60469,60496.8,60458.6,60473.7
1782568260000,60477.1,60496.8,60459.6,60459.6
1782568320000,60482.8,60516.8,60458,60481.8
1782568380000,60485.1,60511.8,60471,60506.8
1782568440000,60484.4,60505.8,60448.1,60458.8
1782568500000,60481.8,60497.8,60457.7,60485.8
1782568560000,60466.8,60495.8,60457.7,60470.4
1782568620000,60472.2,60500.8,60457.2,60458.6
1782568680000,60465.4,60482.8,60454.9,60462.4
1782568740000,60466,60536.8,60465.6,60512.8
1782568800000,60514.8,60517.8,60436.3,60461.8
1782568860000,60460.8,60467.8,60433.8,60458.8
1782568920000,60457.8,60460.8,60414.3,60444.8
1782568980000,60430.1,60454.8,60424.1,60434.7
1782569040000,60429.9,60436.7,60429.9,60432.5
1782569100000,60435.4,60452.8,60411.6,60416.7
1782569160000,60421.7,60494.8,60421.7,60457.4
1782569220000,60458,60507.8,60458,60480.6
1782569280000,60483.8,60503.8,60472,60477.7
1782569340000,60481.4,60526.8,60481.4,60515.8
1782569400000,60516.8,60550.8,60493.6,60497.6
1782569460000,60492.5,60520.8,60485.1,60513.8
1782569520000,60499.1,60524.8,60482.7,60505.9
1782569580000,60506.9,60654.8,60506.9,60621.8
1782569640000,60600.1,60650.8,60550.2,60580.8
1782569700000,60599.8,60599.8,60511.6,60538.8
1782569760000,60536.8,60572.8,60507.9,60537.7
1782569820000,60538.3,60583.8,60537.4,60566.8
1782569880000,60536.9,60576.8,60536.2,60561.8
1782569940000,60538.4,60563.8,60533.8,60543.9
1782570000000,60564.8,60564.8,60525.8,60544.8
1782570060000,60547.8,60549.8,60516.2,60528.7
1782570120000,60529.7,60563.8,60513.2,60532.8
1782570180000,60507.5,60553.8,60507.5,60533.2
1782570240000,60538.9,60565.8,60524,60529.7
1782570300000,60547.8,60579.8,60527.5,60556.8
1782570360000,60551.8,60574.8,60499.6,60540.2
1782570420000,60567.8,60567.8,60524.1,60549.8
1782570480000,60525.6,60567.8,60525.6,60532.9
1782570540000,60538.9,60554.8,60506.1,60527.8
1782570600000,60526.8,60547.8,60502.4,60527.8
1782570660000,60546.8,60562.8,60509.5,60535.8
1782570720000,60517.5,60558.8,60515.4,60538
1782570780000,60541.9,60556.8,60511.6,60511.6
1782570840000,60515.8,60556.8,60515.8,60528.2
1782570900000,60525.6,60552.8,60503,60508.3
1782570960000,60526.8,60526.8,60424,60466.2
1782571020000,60489.8,60491.8,60443.1,60475.8
1782571080000,60463.1,60504.8,60458.6,60482.8
1782571140000,60481.8,60547.8,60481.8,60543.8
1782571200000,60525.7,60559.8,60518.9,60556.8
1782571260000,60554.8,60564.8,60529.5,60537.6
1782571320000,60561.8,60561.8,60525.5,60533
1782571380000,60535.8,60560.8,60530,60540.5
1782571440000,60538.9,60582.8,60530,60568.8
1782571500000,60545,60586.8,60543.6,60577.8
1782571560000,60557.5,60587.8,60557.5,60570.4
1782571620000,60574.6,60597.8,60534.3,60571.8
1782571680000,60555,60601.8,60555,60578.1
1782571740000,60578.4,60598.8,60562.8,60562.8
1782571800000,60566.4,60581.8,60534.3,60534.3
1782571860000,60537.2,60559.8,60515,60515.6
1782571920000,60518.7,60541.8,60515,60515
1782571980000,60517.5,60544.8,60507.9,60526.3
1782572040000,60523.8,60548.8,60510.8,60539.8
1782572100000,60512.6,60542.8,60509.5,60522.9
1782572160000,60540.8,60542.8,60516.5,60517.7
1782572220000,60518.7,60548.8,60518.7,60542.8
1782572280000,60520.1,60540.8,60513.6,60516.6
1782572340000,60519.6,60519.8,60519.6,60519.8
1782572400000,60520.3,60548.8,60516.1,60517
1782572460000,60520.4,60542.8,60501.7,60513.3
1782572520000,60526.8,60542.8,60514.1,60516.7
1782572580000,60539.8,60539.8,60488.7,60512.8
1782572640000,60509.8,60515.8,60472.8,60490
1782572700000,60497.6,60529.8,60497.6,60508
1782572760000,60507.4,60574.8,60506.9,60547.6
1782572820000,60559.6,60642.8,60550.5,60611.2
1782572880000,60616.5,60637.8,60578.7,60607.8
1782572940000,60605.8,60628.8,60580.2,60626.8
1782573000000,60606.4,60759.8,60593.8,60759.8
1782573060000,60747.6,60794.8,60721,60756
1782573120000,60783.8,60831.8,60756.4,60797.8
1782573180000,60800.8,60807.8,60739.2,60766.1
1782573240000,60787.8,60816.8,60761.6,60805.8
1782573300000,60783.7,60805.8,60745,60745.9
1782573360000,60745,60768.8,60704,60716.5
1782573420000,60716.1,60754.8,60672.6,60674.8
1782573480000,60677.2,60716.8,60664.3,60701.8
1782573540000,60675.8,60701.8,60645.9,60670.7
1782573600000,60670.9,60710.8,60667.4,60694.8
1782573660000,60674.9,60692.8,60630.8,60652.8
1782573720000,60630.3,60659.8,60620.8,60630.6
1782573780000,60633.6,60674.8,60633.1,60646.8
1782573840000,60651.2,60696.8,60651.2,60677.2
1782573900000,60703.8,60705.8,60654.1,60664.9
1782573960000,60676.4,60711.8,60655.2,60671.8
1782574020000,60652.1,60665.8,60625.8,60638
1782574080000,60648.2,60758.8,60637.5,60729.4
1782574140000,60732.6,60751.8,60712.9,60739.8
1782574200000,60719.5,60752.8,60667.6,60700.8
1782574260000,60683.1,60715.8,60675.7,60700.8
1782574320000,60683.5,60723.8,60678.3,60685.3
1782574380000,60679.9,60750.8,60679.3,60714.3
1782574440000,60735.8,60748.8,60694.6,60714.4
1782574500000,60715,60732.8,60684,60708.8
1782574560000,60685.8,60726.8,60683.4,60687.7
1782574620000,60693,60822.8,60693,60818.8
1782574680000,60801.2,60872.8,60800.4,60802.1
1782574740000,60801.5,60828.8,60729.9,60749.7
1782574800000,60747,60752.8,60707.3,60728.9
1782574860000,60749.8,60751.8,60707.9,60734.8
1782574920000,60713.3,60729.8,60700.9,60700.9
1782574980000,60701.1,60733.8,60696.4,60724.8
1782575040000,60725.8,60726.8,60694.5,60694.5
1782575100000,60701.1,60718.8,60656,60684.8
1782575160000,60663.8,60685.8,60654.2,60664.5
1782575220000,60663.6,60685.8,60656.9,60681.8
1782575280000,60661.7,60721.8,60661.7,60697.3
1782575340000,60694,60727.8,60694,60695.7
1782575400000,60694,60718.8,60665.1,60701.8
1782575460000,60706.8,60709.8,60671.9,60680.2
1782575520000,60676.6,60696.8,60671.9,60672.4
1782575580000,60673.2,60694.8,60660.2,60666.4
1782575640000,60672.1,60710.8,60662.9,60687.7
1782575700000,60693.1,60722.8,60678.9,60707.8
1782575760000,60709.8,60742.8,60685.4,60742.8
1782575820000,60728.2,60765.8,60716.3,60743.6
1782575880000,60742.8,60790.8,60721.9,60727.7
1782575940000,60728.6,60770.8,60728.6,60748.7
1782576000000,60772.8,60784.8,60722.1,60722.1
1782576060000,60720.6,60743.8,60705.1,60731.8
1782576120000,60730.8,60775.8,60687.4,60704.7
1782576180000,60725.8,60728.8,60691.2,60727.8
1782576240000,60731.8,60750.8,60707.3,60748.8
1782576300000,60733.3,60746.8,60698.9,60722.8
1782576360000,60721.8,60739.8,60695.9,60713.1
1782576420000,60713.9,60759.8,60709.1,60737
1782576480000,60741.1,60762.8,60702.3,60702.3
1782576540000,60729.8,60737.8,60710.3,60735.8
1782576600000,60730.8,60730.8,60678.9,60678.9
1782576660000,60680.4,60685.8,60642.7,60664.6
1782576720000,60664.8,60690.8,60656.9,60686.8
1782576780000,60667.4,60689.8,60656.6,60668.7
1782576840000,60662.2,60687.8,60655.1,60679.8
1782576900000,60655.6,60676.8,60627.9,60652.8
1782576960000,60627.2,60654.8,60627.2,60627.3
1782577020000,60624.9,60657.8,60623.1,60639.5
1782577080000,60642.3,60654.8,60589.4,60629.8
1782577140000,60609.1,60661.8,60609.1,60619.7
1782577200000,60616.8,60664.8,60616.8,60645.2
1782577260000,60665.8,60677.8,60636.6,60649.8
1782577320000,60650.8,60672.8,60630.9,60665.8
1782577380000,60662.8,60662.8,60612.5,60614.1
1782577440000,60636.8,60642.8,60610.6,60618.4
1782577500000,60624.6,60656.8,60622.2,60623.8
1782577560000,60623.4,60651.8,60609.9,60609.9
1782577620000,60632.8,60648.8,60606.8,60648.8
1782577680000,60629,60642.8,60619.2,60642.8
1782577740000,60621.5,60651.8,60621.5,60625.9
1782577800000,60627.6,60647.8,60620.4,60647.8
1782577860000,60635.3,60659.8,60607.3,60611.5
1782577920000,60608.2,60628.8,60576.9,60604.6
1782577980000,60602.6,60621.8,60591.9,60602.4
1782578040000,60606.1,60629.8,60601.4,60606.9
1782578100000,60607.7,60627.8,60585.1,60609.8
1782578160000,60589.3,60625.8,60589.3,60617.8
1782578220000,60600.3,60667.8,60600.3,60648.1
1782578280000,60647.6,60676.8,60647.6,60674.8
1782578340000,60672.8,60704.8,60647,60684.7
1782578400000,60683.5,60715.8,60671.1,60671.1
1782578460000,60697.8,60713.8,60666.8,60688.8
1782578520000,60712.8,60712.8,60681.9,60692.1
1782578580000,60686.5,60708.8,60677.9,60686.2
1782578640000,60686.9,60720.8,60686.4,60704.9
1782578700000,60724.8,60724.8,60667.4,60679
1782578760000,60702.8,60710.8,60673.9,60702.8
1782578820000,60679.3,60709.8,60678.6,60681.7
1782578880000,60706.8,60740.8,60684.7,60718.5
1782578940000,60718.8,60751.8,60706.7,60721.7
1782579000000,60722,60743.8,60714.2,60738.8
1782579060000,60714.2,60753.8,60714.2,60729.8
1782579120000,60749.8,60752.8,60703,60703
1782579180000,60710,60747.8,60710,60726.7
1782579240000,60727.2,60751.8,60715.3,60739.8
1782579300000,60736.8,60742.8,60709,60716.7
1782579360000,60738.8,60738.8,60676.1,60687
1782579420000,60707.8,60722.8,60683.2,60707.8
1782579480000,60705.8,60726.8,60681,60707.1
1782579540000,60704.1,60739.8,60696.9,60718.8
1782579600000,60725.5,60745.8,60718.8,60721.9
1782579660000,60719.4,60742.8,60572.3,60572.3
1782579720000,60596.8,60601.8,60485.9,60485.9
1782579780000,60487.3,60549.8,60420.3,60450.8
1782579840000,60428.4,60471.8,60332.2,60343.1
1782579900000,60363.8,60480.8,60350.3,60480.8
1782579960000,60478.8,60478.8,60421.5,60441.9
1782580020000,60440.2,60482.8,60432.9,60474.8
1782580080000,60459.5,60499.8,60447.5,60463.4
1782580140000,60465.2,60492.8,60423.1,60442.1
1782580200000,60461.8,60490.8,60446.3,60477.6
1782580260000,60472.4,60502.8,60455.7,60502.8
1782580320000,60484.2,60522.8,60461.7,60465.5
1782580380000,60489.8,60502.8,60468.5,60499.8
1782580440000,60478.2,60497.8,60477.7,60494.8
1782580500000,60483.8,60513.8,60406.1,60425.2
1782580560000,60424.6,60478.8,60382,60478.8
1782580620000,60463.8,60533.8,60463.8,60494.8
1782580680000,60495.8,60547.8,60472.9,60524.3
1782580740000,60522.8,60539.8,60505.4,60513.1
1782580800000,60535.8,60540.8,60507.2,60527.8
1782580860000,60525.8,60546.8,60501.9,60518
1782580920000,60541.8,60541.8,60471.8,60479.1
1782580980000,60481.7,60527.8,60481.7,60496.7
1782581040000,60505.2,60535.8,60501.8,60512.3
1782581100000,60513.4,60534.8,60480.1,60480.1
1782581160000,60484.1,60503.8,60439.3,60445.7
1782581220000,60441.9,60476.8,60440.4,60458.2
1782581280000,60462.5,60513.8,60462.1,60501.8
1782581340000,60480.3,60509.8,60472.5,60508.8
1782581400000,60490.7,60529.8,60466.9,60489.8
1782581460000,60464.5,60487.8,60414.8,60414.8
1782581520000,60422.6,60496.8,60410.9,60490.8
1782581580000,60496.8,60496.8,60433.9,60475.8
1782581640000,60492.8,60498.8,60455,60466.5
1782581700000,60485.8,60512.8,60466.7,60493.2
1782581760000,60492.9,60521.8,60474.4,60504.9
1782581820000,60496.4,60517.8,60478.7,60516.8
1782581880000,60496.9,60569.8,60496.9,60559.8
1782581940000,60548.2,60583.8,60502.6,60527.8
1782582000000,60529.8,60540.8,60500.5,60515.7
1782582060000,60538.8,60540.8,60501.2,60515.7
1782582120000,60506,60550.8,60506,60546.8
1782582180000,60544.8,60546.8,60507,60507.6
1782582240000,60507,60535.8,60505.9,60514.4
1782582300000,60508.8,60528.8,60470.5,60472.1
1782582360000,60493.8,60509.8,60463.5,60507.8
1782582420000,60485.2,60505.8,60466.7,60472
1782582480000,60473.3,60503.8,60456.5,60479.4
1782582540000,60479.6,60519.8,60479.6,60500.7
1782582600000,60520.8,60541.8,60487.1,60508.8
1782582660000,60491.3,60529.8,60491.3,60529.8
1782582720000,60528.8,60551.8,60509.1,60527.1
1782582780000,60536.1,60549.8,60508.9,60516.5
1782582840000,60523,60540.8,60501.2,60509.4
1782582900000,60526.8,60527.8,60500.4,60527.8
1782582960000,60529.8,60538.8,60489.6,60489.6
1782583020000,60496,60503.8,60471.2,60489.8
1782583080000,60462.1,60505.8,60462.1,60487.9
1782583140000,60484,60501.8,60427.6,60430.8
1782583200000,60430.3,60460.8,60412,60419.8
1782583260000,60414.3,60439.8,60375.9,60431.8
1782583320000,60433.8,60440.8,60359.2,60369.6
1782583380000,60372.7,60417.8,60362.9,60362.9
1782583440000,60388.8,60427.8,60351.7,60400
1782583500000,60399.9,60430.8,60384.2,60384.2
1782583560000,60393.8,60414.8,60364.4,60414.8
1782583620000,60400.7,60438.8,60400.7,60438.8
1782583680000,60419.2,60455.8,60418.5,60436.1
1782583740000,60426.4,60491.8,60419,60469.7
1782583800000,60472.3,60492.8,60450.7,60463.1
1782583860000,60486.8,60486.8,60446.7,60451
1782583920000,60444.8,60467.8,60432.4,60434.2
1782583980000,60442.5,60469.8,60435.1,60435.1
1782584040000,60433.6,60453.8,60427.5,60450.8
1782584100000,60430.5,60464.8,60430.5,60452.4
1782584160000,60475.8,60491.8,60462.5,60491.8
1782584220000,60472.1,60489.8,60448.8,60472.8
1782584280000,60451.6,60474.8,60441.2,60453
1782584340000,60472.8,60472.8,60406.1,60432.8
1782584400000,60430.8,60451.8,60403.9,60417.8
1782584460000,60419.5,60436.8,60388.7,60398.6
1782584520000,60419.8,60420.8,60369.2,60383.9
1782584580000,60405.8,60423.8,60374.7,60408.5
1782584640000,60410.9,60431.8,60410,60431.8
1782584700000,60414.2,60427.8,60393,60400.8
1782584760000,60398.7,60423.8,60390.6,60403.8
1782584820000,60404.4,60424.8,60387.9,60406.3
1782584880000,60403.3,60432.8,60392.5,60410.3
1782584940000,60402.4,60446.8,60402.4,60426
1782585000000,60425.4,60440.8,60408.1,60415.5
1782585060000,60417.7,60450.8,60416,60428.6
1782585120000,60430.4,60467.8,60430.1,60449
1782585180000,60448.8,60469.8,60437.7,60437.8
1782585240000,60438.5,60439.1,60436.4,60437.8
1782585300000,60439.1,60491.8,60439.1,60473
1782585360000,60493.8,60495.8,60446.3,60473.6
1782585420000,60479.3,60494.8,60460.9,60469.2
1782585480000,60467.6,60467.6,60387.3,60387.3
1782585540000,60392.2,60392.2,60389.7,60389.7
1782585600000,60453.2,60479.8,60453.2,60476.8
1782585660000,60462.2,60462.2,60381.9,60455.4
1782585720000,60454.3,60455.4,60444.1,60455.3
1782585780000,60464.1,60495.8,60464.1,60468.3
1782585840000,60471.6,60487.8,60454.9,60472.1
1782585900000,60462.9,60488.8,60460.4,60461.5
1782585960000,60452,60476.8,60446.9,60446.9
1782586020000,60451.4,60482.8,60450.9,60472.8
1782586080000,60444.8,60464.8,60428.8,60432.9
1782586140000,60432.2,60463.8,60426.3,60441.3
1782586200000,60433.5,60461.8,60424.5,60461.8
1782586260000,60439.8,60454.8,60432.5,60452.8
1782586320000,60423.2,60452.8,60423.2,60435.1
1782586380000,60436.3,60436.3,60433.5,60433.5
1782586440000,60454.8,60492.8,60434.8,60492.8
1782586500000,60485.6,60497.8,60469.2,60496.8
1782586560000,60478.6,60495.8,60452.9,60460.7
1782586620000,60469.2,60491.8,60469.2,60491.8
1782586680000,60489.8,60489.8,60447.9,60454.5
1782586740000,60444.3,60500.8,60444.3,60476.7
1782586800000,60490.6,60504.8,60463.9,60504.8
1782586860000,60505.8,60514.8,60478.1,60495.5
1782586920000,60496.8,60523.8,60494.8,60504.1
1782586980000,60525.8,60525.8,60498.1,60498.1
1782587040000,60521.8,60521.8,60499.9,60501.8
1782587100000,60501.1,60521.8,60426.5,60521.8
1782587160000,60522.8,60525.8,60504.2,60504.2
1782587220000,60506.1,60519.8,60479.6,60483
1782587280000,60485.1,60526.8,60485.1,60508.2
1782587340000,60511.3,60531.8,60498.5,60501.7
1782587400000,60499.1,60514.8,60488.4,60496.8
1782587460000,60504.4,60528.8,60497.9,60519.8
1782587520000,60499.4,60526.8,60499.3,60499.3
1782587580000,60496.2,60533.8,60496.2,60533.8
1782587640000,60517.2,60532.8,60501.6,60527.8
1782587700000,60524.8,60524.8,60489.3,60502.2
1782587760000,60499.2,60520.8,60487.1,60491.5
1782587820000,60510.8,60510.8,60471.8,60478.9
1782587880000,60479.4,60503.8,60430.2,60444.8
1782587940000,60415.4,60462.8,60379.2,60379.2
1782588000000,60385.2,60407.8,60354.2,60357.1
1782588060000,60352.2,60376.8,60346.4,60346.4
1782588120000,60370.8,60384.8,60348.5,60368.2
1782588180000,60383.8,60383.8,60343,60366.8
1782588240000,60347.6,60379.8,60269.9,60288
1782588300000,60273.1,60294.8,60167.7,60267.8
1782588360000,60252.4,60274.8,60179.6,60201.8
1782588420000,60181.2,60223.8,60167.9,60193.8
1782588480000,60192.8,60260.8,60169.3,60230.8
1782588540000,60249.8,60255.8,60209.1,60252.8
1782588600000,60239,60250.8,60056.5,60083.6
1782588660000,60092.4,60113.8,60032.7,60079.8
1782588720000,60062.4,60099.8,60039,60069.5
1782588780000,60075.1,60113.8,60068.2,60111.8
1782588840000,60113.8,60119.8,60081.6,60097.1
1782588900000,60096.8,60156.8,60096.8,60131.8
1782588960000,60134.6,60159.8,60053.6,60054.7
1782589020000,60080.8,60093.8,59987.9,60038.8
1782589080000,60014.3,60077.8,60014.3,60051.1
1782589140000,60044.5,60090.8,60044.5,60060.7
1782589200000,60063.4,60117.8,60063.4,60100.3
1782589260000,60090.8,60116.8,60074.4,60101.8
1782589320000,60082.2,60116.8,60074.4,60088.9
1782589380000,60087.5,60135.8,60087.5,60135.8
1782589440000,60114.1,60136.8,60103.9,60103.9
1782589500000,60104.4,60125.8,60084.9,60104.2
1782589560000,60104.7,60167.8,60104.7,60110.4
1782589620000,60133.8,60133.8,60092,60103.5
1782589680000,60090.6,60118.8,60054.1,60111.8
1782589740000,60094.9,60146.8,60083.7,60125.4
1782589800000,60130.1,60148.8,60090.8,60096.7
1782589860000,60098.2,60132.8,60094,60103
1782589920000,60104.7,60123.8,60088.5,60122.8
1782589980000,60105.7,60131.8,60105.7,60113.7
1782590040000,60134.8,60142.8,60086.8,60095.2
1782590100000,60113.8,60113.8,60047,60072.8
1782590160000,60073.5,60107.8,60060.9,60087.8
1782590220000,60067.3,60109.8,60067.3,60109.8
1782590280000,60100,60110.8,60070.3,60074.1
1782590340000,60099.8,60106.8,60075.9,60082.4
1782590400000,60105.8,60137.8,60081,60120.2
1782590460000,60121.9,60167.8,60118.3,60118.3
1782590520000,60144.8,60174.8,60124.2,60145.6
1782590580000,60172.8,60172.8,60142.9,60143.5
1782590640000,60164.8,60188.8,60136.8,60188.8
1782590700000,60167,60193.8,60159,60173.6
1782590760000,60164.1,60196.8,60161.2,60184.8
1782590820000,60160.1,60200.8,60160.1,60194.8
1782590880000,60178.4,60191.8,60162.2,60185.8
1782590940000,60166.5,60208.8,60166.5,60171.7
1782591000000,60190.8,60219.8,60160.3,60219.8
1782591060000,60207.1,60223.8,60188.2,60196.8
1782591120000,60180.4,60208.8,60180.4,60206.8
1782591180000,60205.8,60205.8,60177.4,60197.8
1782591240000,60196.8,60210.8,60166.5,60192.8
1782591300000,60189.8,60216.8,60176.8,60216.8
1782591360000,60206.4,60234.8,60185,60189.6
1782591420000,60212.8,60212.8,60174.9,60188.6
1782591480000,60208.8,60213.8,60169.5,60170.7
1782591540000,60194.8,60194.8,60165,60170.5
1782591600000,60194.8,60225.8,60174.1,60225.8
1782591660000,60204.2,60231.8,60187.9,60206.2
1782591720000,60203.5,60234.8,60203.5,60234.8
1782591780000,60216.2,60233.8,60181.6,60187.2
1782591840000,60187.4,60214.8,60181.4,60191.2
1782591900000,60193.1,60210.8,60157.4,60174.6
1782591960000,60196.8,60197.8,60163.4,60180.1
1782592020000,60180,60198.8,60166.1,60179.6
1782592080000,60199.8,60199.8,60166.9,60167.2
1782592140000,60175,60204.8,60168.3,60204.8
1782592200000,60187.1,60204.8,60167.9,60204.8
1782592260000,60180.9,60202.8,60168.2,60172.5
1782592320000,60173.8,60204.8,60169.7,60193.8
1782592380000,60180.8,60180.8,60100.5,60169.7
1782592440000,60173.2,60197.8,60173.2,60174.8
1782592500000,60104.9,60104.9,60104.9,60104.9
1782592560000,60104.9,60200.8,60101.2,60171.3
1782592620000,60195.8,60195.8,60164.9,60191.8
1782592680000,60167.6,60202.8,60167.4,60177.8
1782592740000,60175.1,60208.8,60165.7,60181.9
1782592800000,60183.3,60210.8,60171.6,60199.8
1782592860000,60171.6,60202.8,60171,60180.5
1782592920000,60184.2,60207.8,60175.2,60175.2
1782592980000,60199.8,60200.8,60158.9,60162.9
1782593040000,60160.3,60162.3,60160.3,60160.3
1782593100000,60168.1,60199.8,60168.1,60177.6
1782593160000,60180.8,60215.8,60180.8,60215.8
1782593220000,60196,60228.8,60196,60228.8
1782593280000,60204.6,60228.8,60195.8,60207.9
1782593340000,60227.8,60227.8,60186,60204.8
1782593400000,60205.8,60220.8,60186.4,60196.5
1782593460000,60199.9,60219.8,60197.1,60200.9
1782593520000,60221.8,60225.8,60204.1,60204.1
1782593580000,60208.7,60222.8,60183,60189.6
1782593640000,60209.8,60209.8,60179,60199.8
1782593700000,60183.3,60208.8,60179,60191.7
1782593760000,60185.7,60207.8,60176.3,60196.8
1782593820000,60194.8,60194.8,60183.9,60183.9
1782593880000,60174.6,60207.8,60174.6,60185.5
1782593940000,60116,60221.8,60113.6,60204.9
1782594000000,60225.8,60267.2,60204.9,60230.7
1782594060000,60237.2,60268.8,60231.3,60268.8
1782594120000,60248.2,60274.8,60237.4,60243.7
1782594180000,60248.2,60266.8,60231.3,60233.7
1782594240000,60233.1,60256.8,60211.1,60236.2
1782594300000,60228.6,60279.8,60228.6,60260.4
1782594360000,60281.8,60295.8,60256,60260.9
1782594420000,60266.8,60297.8,60260.9,60297.8
1782594480000,60276.7,60294.8,60257.9,60283.8
1782594540000,60267.3,60284.8,60258,60262.6
1782594600000,60189.9,60267,60189.9,60267
1782594660000,60270.3,60294.8,60263.8,60263.8
1782594720000,60289.8,60295.8,60270.3,60295.8
1782594780000,60275.1,60330.8,60270.1,60330.8
1782594840000,60331.8,60333.8,60284.9,60300.9
1782594900000,60301,60324.8,60294.4,60317.8
1782594960000,60217.9,60319.8,60217.9,60291.4
1782595020000,60295.1,60317.8,60274,60316.8
1782595080000,60313.8,60313.8,60279.9,60302.8
1782595140000,60297.8,60322.8,60268.3,60322.8
1782595200000,60293.8,60319.8,60293.7,60293.7
1782595260000,60318.8,60347.8,60300,60347.8
1782595320000,60324,60345.8,60313.1,60324.8
1782595380000,60332.4,60379.8,60332.2,60340
1782595440000,60354.8,60354.8,60315,60335.8
1782595500000,60334.8,60339.8,60312.6,60316.4
1782595560000,60317.2,60342.8,60312.8,60323.5
1782595620000,60343.8,60365.8,60323.7,60365.8
1782595680000,60344.7,60373.8,60339.2,60347.8
1782595740000,60367.8,60381.8,60334.5,60360
1782595800000,60368.8,60413.8,60367,60401.8
1782595860000,60374.3,60408.8,60366.2,60405.8
1782595920000,60384.8,60403.8,60368.9,60368.9
1782595980000,60398.8,60400.8,60376.6,60376.6
1782596040000,60378.6,60395.8,60350.6,60350.7
1782596100000,60344.1,60370.8,60289.1,60291.9
1782596160000,60290.9,60317.8,60290.9,60290.9
1782596220000,60298.5,60315.8,60248.2,60256.7
1782596280000,60259.2,60294.8,60259.2,60287.8
1782596340000,60264,60280.8,60222.3,60222.3
1782596400000,60217.9,60244.8,60185.9,60216.8
1782596460000,60217.8,60219.8,60197.7,60199.3
1782596520000,60220.8,60220.8,60186.9,60199.7
1782596580000,60188.5,60212.8,60170.7,60171
1782596640000,60174.3,60202.8,60135.4,60159.2
1782596700000,60160.8,60205.8,60134.9,60174.9
1782596760000,60190.8,60190.8,60148.5,60159.6
1782596820000,60159.7,60188.8,60159.7,60166.4
1782596880000,60167.6,60227.8,60167.6,60179
1782596940000,60183.8,60208.8,60165.7,60204.8
1782597000000,60195.8,60195.8,60088.6,60093.3
1782597060000,60116.8,60134.8,60050.9,60079.8
1782597120000,60065.8,60123.8,60047.5,60106.7
1782597180000,60109.9,60143.8,60086.7,60113.8
1782597240000,60094.4,60132.8,60084.3,60084.3
1782597300000,60091.3,60148.8,60083.7,60148.8
1782597360000,60119.4,60142.8,60090.3,60117.4
1782597420000,60108.5,60131.8,60106.2,60129.8
1782597480000,60120.2,60130.8,60105.2,60114.4
1782597540000,60111.4,60132.8,60105.5,60131.8
1782597600000,60105.5,60105.5,60008.8,60052.3
1782597660000,60054.5,60092.8,60045.6,60084.8
1782597720000,60060.1,60095.8,60008.4,60031.8
1782597780000,60009.9,60045.8,59990.4,60027.8
1782597840000,60013.4,60037.8,59990.8,60011
1782597900000,60008,60035.8,59953.9,59986.3
1782597960000,59987.4,60068.8,59983.8,60050.1
1782598020000,60046.4,60063.8,60032.2,60052.8
1782598080000,60023.6,60069.8,60020.4,60049.1
1782598140000,60052.7,60070.8,60029.8,60038.9
1782598200000,60044.9,60071.8,60043.4,60061.1
1782598260000,60059.9,60071.8,60034.9,60056.1
1782598320000,60048.1,60069.8,60048.1,60058
1782598380000,60073.8,60073.8,60043,60048.7
1782598440000,60054,60071.8,60033.4,60051.8
1782598500000,60050.8,60050.8,59951.3,59955.3
1782598560000,59953.8,59980.8,59770.5,59803.6
1782598620000,59809.9,59897.8,59785.9,59838.7
1782598680000,59855.8,59942.8,59840.9,59887.8
1782598740000,59871.3,59941.8,59850.7,59917.8
1782598800000,59912.9,59960.8,59906.9,59942.4
1782598860000,59944,59978.8,59935.1,59942.8
1782598920000,59964.8,60017.8,59940.6,59987.8
1782598980000,59989.8,60000.8,59948.6,59990.8
1782599040000,59988.8,59993.8,59956.1,59975.4
1782599100000,59990.8,59997.8,59958.5,59995.8
1782599160000,59977.8,60015.8,59976.2,59997.5
1782599220000,60000.3,60039.8,59988.1,60022
1782599280000,60023.5,60072.8,60013.9,60051.4
1782599340000,60065.1,60091.2,60039.4,60042.3
1782599400000,60057.8,60115.8,60036.4,60089.8
1782599460000,60106.8,60125.8,60055,60056.3
1782599520000,60057,60102.8,60030.9,60084.8
1782599580000,60081.8,60087.8,60040.6,60078.8
1782599640000,60059.9,60108.8,60056.4,60108.8
1782599700000,60109.8,60116.8,60072.9,60098
1782599760000,60094.6,60121.8,60078.1,60106.8
1782599820000,60105.9,60184.8,60105.9,60132.8
1782599880000,60129.3,60179.8,60111,60177.8
1782599940000,60178.8,60178.8,60126.2,60126.2
1782600000000,60147.8,60155.8,60123.2,60129.8
1782600060000,60122,60146.8,60111.1,60125.9
1782600120000,60127.4,60142.8,60078.3,60095.8
1782600180000,60099.8,60106.8,60078.1,60086.8
1782600240000,60085.8,60106.8,60079.5,60104.8
1782600300000,60090.2,60105.8,60067,60075.8
1782600360000,60092.8,60095.8,60067.1,60079.1
1782600420000,60081.5,60095.8,60066.8,60074.9
1782600480000,60076.1,60130.8,60074.9,60093.9
1782600540000,60110.8,60145.8,60084.5,60119.4
1782600600000,60110.6,60149.8,60106.4,60134.9
1782600660000,60136.1,60155.8,60108.5,60126.3
1782600720000,60129.4,60146.8,60106.4,60140.8
1782600780000,60126.6,60143.8,60105.3,60111.3
1782600840000,60130.8,60143.8,60102.5,60117.8
1782600900000,60124.8,60137.8,60103.5,60137.8
1782600960000,60128.9,60155.8,60128.9,60139.9
1782601020000,60140.2,60166.8,60128.7,60153.1
1782601080000,60153.2,60169.8,60140.8,60140.8
1782601140000,60141.4,60159.8,60140.4,60140.4
1782601200000,60142.7,60157.8,60128.3,60135.6
1782601260000,60152.8,60155.8,60125.9,60150.8
1782601320000,60136.8,60193.8,60136.8,60193.8
1782601380000,60173.7,60191.8,60144.9,60177.8
1782601440000,60163.5,60190.8,60162.4,60170.4
1782601500000,60161.9,60192.8,60161.9,60173.9
1782601560000,60171.1,60235.8,60168.9,60215.8
1782601620000,60213.8,60249.8,60194,60200.1
1782601680000,60197.1,60215.8,60189.2,60211.8
1782601740000,60213.8,60214.8,60148.2,60167.8
1782601800000,60170.8,60181.8,60153.6,60165.5
1782601860000,60180.8,60187.8,60161.7,60173.3
1782601920000,60191.8,60195.8,60154.1,60159
1782601980000,60162.5,60178.8,60014.6,60040.1
1782602040000,60041.5,60062.8,59937.8,59955.6
1782602100000,59975.8,60027.8,59947,60009.5
1782602160000,60024.8,60024.8,59947.6,59981.8
1782602220000,59975.1,60000.8,59930.9,59967.3
1782602280000,59986.8,60002.8,59968.9,59984.6
1782602340000,59985.2,60006.8,59960.2,59976.8
1782602400000,59977.8,59977.8,59906.3,59942.2
1782602460000,59944.8,59944.8,59860.3,59903.2
1782602520000,59917.8,59923.8,59859.9,59897.3
1782602580000,59911.8,59928.8,59887,59908.8
1782602640000,59893.1,59930.8,59889.2,59927.8
1782602700000,59912.7,59934.8,59906.3,59907.7
1782602760000,59907.8,59941.8,59907.8,59931.8
1782602820000,59911.8,59942.8,59901,59929.4
1782602880000,59939.8,59939.8,59881,59881
1782602940000,59887.1,59914.8,59878.6,59903
1782603000000,59901.6,59920.8,59877.1,59885.9
1782603060000,59882.9,59905.8,59877.9,59905.8
1782603120000,59908.8,59941.8,59893.2,59893.2
1782603180000,59900.7,59942.8,59900.7,59922
1782603240000,59922.6,59973.8,59922.6,59972.8
1782603300000,59951.5,59966.8,59940.2,59960.8
1782603360000,59931.3,59959.8,59921.2,59922
1782603420000,59914.4,59943.8,59909.2,59922.3
1782603480000,59933.8,59962.8,59918.4,59946.9
1782603540000,59961.8,59991.8,59935.5,59975.4
1782603600000,59983.3,59997.8,59959,59978.8
1782603660000,59961.8,60018.8,59961.8,59997.7
1782603720000,59997.1,60015.8,59989.6,60008.8
1782603780000,59994.8,60010.8,59967,59973.3
1782603840000,59988.8,59997.2,59962.2,59970.6
1782603900000,59982.8,59985.8,59953.1,59965.8
1782603960000,59963.8,59973.8,59952.9,59955.6
1782604020000,59966.8,59968.8,59949.2,59950.1
1782604080000,59950,59982.8,59936,59965.6
1782604140000,59958.1,60003.8,59954.4,59982.6
1782604200000,59981.9,60010.8,59956.8,59993.4
1782604260000,59985.9,60008.8,59969.7,59981.2
1782604320000,59978.5,60012.8,59978.5,59986.3
1782604380000,59982.6,60002.8,59979,59983.2
1782604440000,59971.4,60008.8,59959.5,59990.2
1782604500000,59979.6,60002.8,59947.4,59980.5
1782604560000,59974.1,59988.8,59930,59943.8
1782604620000,59927.3,59958.8,59917.2,59958.8
1782604680000,59947.8,59961.8,59941.4,59946.9
1782604740000,59945.5,59956.8,59939.6,59940.8
1782691200000,59453.3,59462.9,59323.2,59399.3
1782691260000,59397.7,59424.7,59320.2,59352.6
1782691320000,59330.5,59359.9,59269.9,59304.9
1782691380000,59305,59378.7,59296,59350.9
1782691440000,59351,59395.9,59281.6,59281.9
1782691500000,59281.7,59307.6,59212.9,59249.8
1782691560000,59251.5,59288.7,59174.5,59223.5
1782691620000,59197,59251.8,59150.8,59200.4
1782691680000,59200.6,59319.3,59195.8,59265.4
1782691740000,59264.2,59360.8,59264.2,59332.2
1782691800000,59333.1,59388.8,59321.4,59325.2
1782691860000,59325.4,59468.8,59325.2,59439.1
1782691920000,59415.1,59566.3,59391.5,59546.6
1782691980000,59564.8,59613.8,59469.6,59472.9
1782692040000,59472.8,59545.8,59457.6,59469.9
1782692100000,59470.6,59511.8,59360.8,59380.3
1782692160000,59379.5,59436.8,59228.6,59307.6
1782692220000,59278.5,59409.8,59278.5,59310.9
1782692280000,59309.7,59361.8,59286.7,59347.3
1782692340000,59355.3,59358.5,59253.8,59287.6
1782692400000,59288.9,59316,59211.4,59211.5
1782692460000,59211.6,59271.8,59095.3,59108.8
1782692520000,59108.9,59217.8,59108.9,59146.5
1782692580000,59169.9,59200.8,59076.9,59163.4
1782692640000,59149.9,59226.6,59149.9,59197.6
1782692700000,59189.4,59265.8,59170.5,59190.3
1782692760000,59189.4,59220.8,59145.1,59178.1
1782692820000,59178.2,59224.8,59166,59193.5
1782692880000,59196,59236.8,59133.7,59140.7
1782692940000,59140.6,59199.8,59080,59091.7
1782693000000,59091.8,59167.8,59050.6,59057.1
1782693060000,59057,59094,58890.1,58934.4
1782693120000,58898.6,59019.8,58898.6,58973.4
1782693180000,58964.9,59095.8,58964.9,59041.5
1782693240000,59038.4,59149.8,58975.3,59109.4
1782693300000,59133.7,59133.7,58999.1,59016.6
1782693360000,59016.5,59121.8,59016.4,59109.8
1782693420000,59082.1,59108.3,58887.6,58969.1
1782693480000,58940.6,59031.7,58904.5,59031.7
1782693540000,59002,59065.8,58977,58983.3
1782693600000,58983.2,59118.8,58971.7,59102.9
1782693660000,59076.8,59232.8,59075.5,59186
1782693720000,59186.3,59272.8,59182.9,59202.1
1782693780000,59232.1,59255.8,59161.4,59162.6
1782693840000,59186.7,59290.3,59157,59285.2
1782693900000,59251.9,59288.8,59201.4,59234.2
1782693960000,59256.6,59280.8,59179.1,59179.7
1782694020000,59179.9,59222.1,59112.7,59117.6
1782694080000,59117.8,59234.8,59051.6,59205.3
1782694140000,59186.6,59229.8,59151.5,59204
1782694200000,59203.9,59372.8,59182.9,59252.2
1782694260000,59242.5,59382.8,59234.4,59320.6
1782694320000,59320.4,59378.7,59298.7,59366.4
1782694380000,59378.8,59399.8,59320.7,59340.1
1782694440000,59340.5,59408.8,59335.8,59374.8
1782694500000,59408.4,59548.8,59374.9,59486.4
1782694560000,59487.3,59536.8,59442.9,59451.6
1782694620000,59481.7,59523.8,59447,59456.3
1782694680000,59448.8,59582.8,59434.4,59569.1
1782694740000,59537,59615.8,59521.8,59539.6
1782694800000,59542.1,59613.8,59508.6,59508.6
1782694860000,59527.8,59580.8,59459.7,59459.7
1782694920000,59459.4,59490.2,59361.7,59409.8
1782694980000,59400.7,59453.7,59364.7,59409.8
1782695040000,59388.3,59431.5,59341,59344.3
1782695100000,59344.9,59412.8,59344.9,59354.2
1782695160000,59365.9,59512.8,59365.9,59467.8
1782695220000,59467,59551.8,59430.3,59436.4
1782695280000,59459.7,59479.8,59402.7,59407.9
1782695340000,59407.8,59469.8,59404.2,59417.2
1782695400000,59417.3,59471.8,59395.9,59426.2
1782695460000,59425.9,59460.7,59376.1,59418.6
1782695520000,59406.2,59441.8,59377,59383.9
1782695580000,59382.6,59404.4,59336.7,59355
1782695640000,59355.1,59406.8,59345,59362.2
1782695700000,59362,59405.7,59334.7,59405.7
1782695760000,59374.5,59431.8,59309.5,59309.8
1782695820000,59335.7,59344.4,59158.5,59179
1782695880000,59162.1,59195.6,59110.5,59154
1782695940000,59189.2,59212.8,59113.9,59179.8
1782696000000,59179.9,59233.6,59117.1,59213.4
1782696060000,59187.3,59264.8,59150.4,59152.5
1782696120000,59181.2,59244.8,59152.3,59199.4
1782696180000,59199.3,59234.4,59168.5,59216.8
1782696240000,59225.8,59254,59171.1,59220.5
1782696300000,59220.4,59313.8,59220.4,59235.4
1782696360000,59236.5,59364.8,59235.5,59326.6
1782696420000,59302.3,59354.8,59184.6,59185
1782696480000,59212.6,59272.5,59184.9,59234.8
1782696540000,59206.5,59232.8,59170,59182.7
1782696600000,59182.9,59243.8,59078.9,59181.5
1782696660000,59181.3,59246.8,59149.8,59172.3
1782696720000,59172.2,59281.8,59172.2,59256.1
1782696780000,59256,59293.8,59186.7,59219.2
1782696840000,59202.2,59263.8,59126.5,59134.5
1782696900000,59157.4,59284.8,59114.7,59253.4
1782696960000,59253.3,59334.8,59226.5,59310.2
1782697020000,59301,59409,59280.8,59307.9
1782697080000,59307.8,59380.8,59265.1,59366
1782697140000,59340.6,59413.8,59334.4,59412.8
1782697200000,59402.3,59459.8,59379.8,59411.3
1782697260000,59435.3,59490.8,59389,59450.6
1782697320000,59480.3,59495.8,59407.6,59407.9
1782697380000,59407.8,59460.8,59394.8,59432.4
1782697440000,59432.2,59474.8,59412.2,59460.5
1782697500000,59428.8,59475.3,59381.2,59396.8
1782697560000,59423.7,59449.8,59370.3,59394.5
1782697620000,59369.1,59427.8,59339.1,59368
1782697680000,59368.3,59425.8,59351.5,59409.8
1782697740000,59359.5,59493.8,59340.9,59437.5
1782697800000,59437.8,59493.8,59338.2,59368.2
1782697860000,59338.6,59396.5,59313.8,59340.6
1782697920000,59340.1,59440.8,59314.9,59394.9
1782697980000,59395,59423.8,59338.1,59344.1
1782698040000,59344,59410.8,59344,59399.2
1782698100000,59382,59412.8,59347.4,59359.6
1782698160000,59386.3,59453.8,59341.5,59343.9
1782698220000,59341.9,59389.1,59317.9,59333.3
1782698280000,59359.5,59392.8,59331.3,59385.2
1782698340000,59367.4,59375.3,59319.7,59320.6
1782698400000,59351.6,59361.8,59255.4,59301.6
1782698460000,59332.7,59378.7,59295.1,59343.5
1782698520000,59378.6,59416.8,59325.8,59403.6
1782698580000,59373.3,59427.8,59315.3,59315.3
1782698640000,59315.2,59335.4,59232.3,59312.4
1782698700000,59285.7,59353.5,59269.8,59317.9
1782698760000,59318.4,59344.9,59203.6,59203.7
1782698820000,59204.3,59265.7,59184,59225.4
1782698880000,59225.3,59241.9,59150.3,59177.3
1782698940000,59196.3,59228.8,59114.7,59132.3
1782699000000,59132,59181.8,59094,59145.1
1782699060000,59113.3,59159.8,59095,59102.8
1782699120000,59103,59124.5,58982.7,58992.8
1782699180000,58992.6,59024.5,58781.2,58846.7
1782699240000,58874.6,58976.8,58839.7,58935.2
1782699300000,58908.4,59001.3,58861.3,58975.8
1782699360000,58976.2,59128.4,58975.4,59058
1782699420000,59034.8,59130.8,59011.1,59043.9
1782699480000,59044.2,59118.9,59018.3,59062
1782699540000,59063.4,59103.8,59000.4,59043.9
1782699600000,59051.1,59124.8,59030.1,59123.8
1782699660000,59108.7,59168.8,59085.6,59115
1782699720000,59115.2,59200.8,59081.9,59190.8
1782699780000,59177.3,59261.8,59161.6,59176
1782699840000,59169.9,59223.8,59156.1,59209
1782699900000,59178.9,59246.8,59169.3,59238.2
1782699960000,59206.3,59283.3,59197.2,59281.2
1782700020000,59295.8,59447.8,59246.4,59383.2
1782700080000,59419.9,59502.8,59392.3,59465.5
1782700140000,59465.7,59492.2,59414.9,59424.2
1782700200000,59424.5,59470.8,59392.4,59433.1
1782700260000,59434.2,59463.9,59397.5,59406.8
1782700320000,59406.4,59467.9,59377.5,59467.9
1782700380000,59439.8,59474.7,59383.8,59399.9
1782700440000,59400.1,59438.9,59378.7,59398.3
1782700500000,59427.6,59472.8,59397.5,59413.6
1782700560000,59413.3,59454.5,59394.3,59416.8
1782700620000,59415.7,59491.8,59396.8,59460.7
1782700680000,59466.6,59582.8,59438.2,59570
1782700740000,59555.5,59619.8,59527.8,59562.2
1782700800000,59534.2,59599.8,59515.1,59550.4
1782700860000,59541.4,59619.8,59541.2,59565.1
1782700920000,59564.2,59705.6,59564.2,59705.6
1782700980000,59680,59719.8,59607.8,59613.6
1782701040000,59638.8,59700.8,59600.6,59682
1782701100000,59657.1,59696.8,59633.7,59667.9
1782701160000,59640.5,59704.8,59635.9,59646.4
1782701220000,59646.2,59720.8,59635.5,59638.8
1782701280000,59638.5,59665.9,59586.6,59609
1782701340000,59609.4,59695.8,59590.6,59675.4
1782701400000,59689.8,59691,59582,59672.9
1782701460000,59651.2,59677.8,59597.2,59604.6
1782701520000,59604.7,59655.8,59600.8,59611.3
1782701580000,59611.4,59647.8,59594.9,59600.4
1782701640000,59600.8,59653.8,59585.5,59590
1782701700000,59590.1,59646.8,59590.1,59621.5
1782701760000,59620.7,59706.2,59593.9,59673.3
1782701820000,59698.9,59719.8,59602.2,59628.1
1782701880000,59608,59668.9,59607.9,59639.5
1782701940000,59638.5,59667.5,59613.5,59630.1
1782702000000,59630.2,59739.8,59630.2,59727.6
1782702060000,59740.8,59758.8,59673,59718.5
1782702120000,59695.4,59905.8,59692.4,59819.5
1782702180000,59799.1,59844.8,59732.1,59751.1
1782702240000,59760.2,59844.8,59734.6,59799.2
1782702300000,59825.1,60074.8,59799.5,59899.7
1782702360000,59927.7,59953.8,59835.9,59837.8
1782702420000,59837.7,59953.5,59829.6,59895.1
1782702480000,59870.4,60050.8,59870.4,59988.6
1782702540000,60016.7,60091,59955,59986.6
1782702600000,59985.9,60091.8,59955.4,60010.7
1782702660000,60010.5,60036.8,59960.4,59995.9
1782702720000,59971.6,59999,59891.4,59927.5
1782702780000,59927.6,59956.4,59882.4,59904.8
1782702840000,59929.5,59943,59864.9,59882.1
1782702900000,59912,59943.8,59862.7,59904.3
1782702960000,59904.4,59932,59865.8,59867.5
1782703020000,59867.1,59928.8,59863.4,59919
1782703080000,59896.5,59922.9,59866.8,59883.4
1782703140000,59883.5,59918.8,59847.4,59915.2
1782703200000,59892.4,59990.8,59865.3,59978.5
1782703260000,59947.8,59987.8,59915.6,59955.3
1782703320000,59955.9,60006.8,59946.5,59964.4
1782703380000,59961.1,59985.3,59901.7,59908
1782703440000,59907.9,60023.8,59888.2,59979.7
1782703500000,59979.6,60017.8,59948.7,60010.2
1782703560000,59983.2,60079.5,59945.8,60056.8
1782703620000,60084.2,60131.9,60042.4,60080.7
1782703680000,60064.8,60086.8,60011.1,60046.3
1782703740000,60046,60090.1,60033,60058.3
1782703800000,60058.9,60127.8,59987.8,59989.7
1782703860000,59989.6,60038.8,59967.8,59992.8
1782703920000,60025.1,60025.4,59915.9,59926.5
1782703980000,59926.6,59974.7,59903.5,59932.7
1782704040000,59952.4,59986.8,59920.6,59969.6
1782704100000,59982.8,59983.8,59882.4,59884.1
1782704160000,59883.5,59925.3,59833.9,59883.4
1782704220000,59879.3,59880.9,59817.6,59826
1782704280000,59826.1,59858,59753.9,59779.4
1782704340000,59805.8,59848.8,59780.5,59835.6
1782704400000,59801.5,59855.8,59778.1,59785.8
1782704460000,59785.7,59859.6,59764,59777.3
1782704520000,59809.5,59827.7,59765.7,59781.1
1782704580000,59780.6,59829.8,59763.1,59785.3
1782704640000,59785.2,59852.8,59785,59824
1782704700000,59800.4,59829.4,59761.4,59801.9
1782704760000,59830.4,59881.8,59801.8,59846.2
1782704820000,59846.3,59935.8,59801.9,59898.6
1782704880000,59898.7,59947.8,59863.7,59867
1782704940000,59895.9,59926.8,59861.1,59899.4
1782705000000,59881.1,59927.8,59843.7,59858.8
1782705060000,59858.7,59925,59836.3,59903.5
1782705120000,59921.6,59956.8,59887.4,59896.2
1782705180000,59896.1,59989.8,59893.6,59909.9
1782705240000,59910,59964.8,59879.5,59900.5
1782705300000,59900.3,59927.1,59879.6,59882.2
1782705360000,59881.9,59922.1,59844.4,59854.4
1782705420000,59857.8,59930.8,59847.8,59875.7
1782705480000,59874.9,59940.8,59874.9,59915.4
1782705540000,59893.6,59981.8,59893.6,59928.2
1782705600000,59928.3,59962.8,59892.6,59933.2
1782705660000,59951.8,59959.8,59879.1,59879.2
1782705720000,59878.9,59924.7,59878.5,59912.4
1782705780000,59884.7,59933.3,59847.6,59849
1782705840000,59848.6,59935,59848.6,59901.5
1782705900000,59875.5,59912.7,59857.8,59864.5
1782705960000,59887.1,59887.1,59810.4,59816.1
1782706020000,59816.3,59898.3,59816.1,59870.3
1782706080000,59870,59904.8,59855.4,59859.4
1782706140000,59886.7,59897.5,59827.1,59827.9
1782706200000,59827.7,59871.1,59816.6,59817.3
1782706260000,59817.4,59848.2,59792.1,59803.9
1782706320000,59803.8,59856.8,59803.5,59807.5
1782706380000,59839.3,59848.7,59776.6,59788.6
1782706440000,59788.5,59838.8,59788.5,59801.1
1782706500000,59801.2,59834.9,59788.9,59791.8
1782706560000,59791.9,59856.8,59788.2,59846.4
1782706620000,59823.5,59884.7,59823.2,59847.3
1782706680000,59847.2,59871.8,59816.9,59824.5
1782706740000,59825.4,59854.3,59802.6,59809
1782706800000,59829.9,59832.8,59767.5,59792.2
1782706860000,59812.1,59812.1,59759.8,59763.9
1782706920000,59764,59797.2,59718.7,59738.7
1782706980000,59738.5,59802.8,59726.7,59802.8
1782707040000,59790.8,59866.8,59764.2,59859.1
1782707100000,59812.1,59906.5,59812.1,59860
1782707160000,59860.3,59922.8,59856.3,59861.8
1782707220000,59861.9,59892.8,59827.3,59880.7
1782707280000,59845.3,59882.4,59816.7,59833.1
1782707340000,59861,59883.8,59832.5,59836.4
1782707400000,59836.5,59874.2,59771.9,59808.4
1782707460000,59808.7,59875.5,59799,59799.7
1782707520000,59799.8,59832.1,59786.4,59832
1782707580000,59832.5,59840.8,59773.9,59785.3
1782707640000,59785.4,59816.9,59766.6,59802.6
1782707700000,59774.5,59813.3,59754.9,59762.5
1782707760000,59762.6,59815.8,59711.2,59725.2
1782707820000,59725.3,59804.8,59711.1,59798.1
1782707880000,59799,59826.8,59769.7,59787.3
1782707940000,59811.3,59811.3,59689.6,59704.3
1782708000000,59703.7,59733.9,59635.3,59635.5
1782708060000,59635,59708.8,59619.6,59705.4
1782708120000,59709.7,59732.8,59658.1,59686.9
1782708180000,59690.1,59723.8,59663.6,59710.6
1782708240000,59714.4,59756.8,59683,59730.3
1782708300000,59762.7,59762.7,59684.3,59699.7
1782708360000,59699.8,59735.3,59685.3,59698.7
1782708420000,59698.8,59754.8,59698.6,59731.7
1782708480000,59728.8,59732.8,59661.1,59671
1782708540000,59670.9,59745.8,59669.2,59710.6
1782708600000,59741.4,59757.8,59699.2,59712.8
1782708660000,59712.5,59783,59687.3,59780.9
1782708720000,59751.3,59821.8,59739.3,59795.8
1782708780000,59767.5,59819.8,59758.9,59774
1782708840000,59774.3,59808.3,59753.3,59792.2
1782708900000,59781.9,59790.1,59690.2,59690.3
1782708960000,59690.1,59747.8,59660.1,59739.9
1782709020000,59739.8,59754.8,59708.4,59735.3
1782709080000,59739.7,59761.8,59707.9,59735.9
1782709140000,59737.4,59746.4,59709.7,59715.5
1782709200000,59745.5,59779.8,59657.9,59657.9
1782709260000,59658.1,59706.8,59648.3,59694.5
1782709320000,59695.1,59722.8,59634.2,59639.2
1782709380000,59639.6,59668.2,59625.1,59632.8
1782709440000,59632.4,59649.4,59576.4,59609
1782709500000,59606.4,59607.9,59348,59372
1782709560000,59405.1,59466.8,59373.6,59455.3
1782709620000,59447.8,59528.8,59401.3,59475.5
1782709680000,59445.6,59537.8,59445.6,59494.9
1782709740000,59494.4,59524.1,59443,59448.7
1782709800000,59477,59518.8,59437.6,59440
1782709860000,59471.5,59491.8,59369,59428.2
1782709920000,59397.5,59443.8,59263.5,59306.4
1782709980000,59316.1,59420.8,59281.2,59386.5
1782710040000,59378.6,59466.8,59374.2,59443.5
1782710100000,59413.6,59532.4,59413,59497.9
1782710160000,59497.8,59574.8,59470.9,59527.1
1782710220000,59526.6,59629.8,59495.9,59507.2
1782710280000,59497.7,59558.8,59469.7,59509
1782710340000,59481.5,59531.8,59444.6,59509.4
1782710400000,59511.6,59576.8,59475,59538.5
1782710460000,59540.8,59562.8,59484.2,59547.2
1782710520000,59548.9,59582.8,59511.8,59515.7
1782710580000,59515.6,59584.6,59493.4,59552.5
1782710640000,59552.6,59586.8,59530.1,59545.9
1782710700000,59546,59618.5,59545.2,59618.5
1782710760000,59617.6,59627.1,59565.2,59565.2
1782710820000,59596.1,59632.8,59569.9,59593
1782710880000,59620.7,59638.8,59571.3,59571.5
1782710940000,59571.9,59608.8,59552.4,59608.8
1782711000000,59601.1,59638.8,59520.2,59520.2
1782711060000,59561.4,59626.8,59527,59624.7
1782711120000,59630.5,59650.9,59573.3,59606.1
1782711180000,59572.6,59659.8,59572.6,59619.2
1782711240000,59619.6,59720.8,59614.2,59683
1782711300000,59683.2,59753.8,59645.4,59645.4
1782711360000,59645.3,59686.8,59627,59658.6
1782711420000,59656.6,59678.8,59619.4,59619.6
1782711480000,59619.7,59679.8,59599.7,59630.9
1782711540000,59631.5,59687.8,59630.7,59642.9
1782711600000,59643,59689.8,59607.7,59660.9
1782711660000,59669.8,59669.8,59616.9,59623.2
1782711720000,59623,59685.8,59623,59679.7
1782711780000,59649,59741.4,59649,59738.9
1782711840000,59713.8,59843.8,59713.8,59797.2
1782711900000,59823.8,59876.8,59779.2,59809.8
1782711960000,59813.2,59872.8,59797.9,59867.3
1782712020000,59864.5,59923.8,59816.1,59840.2
1782712080000,59844.3,59887.8,59803.3,59803.6
1782712140000,59803.4,59848.8,59783.3,59801.7
1782712200000,59802,59855.8,59779.6,59839.8
1782712260000,59839.9,59890.8,59826.6,59829.6
1782712320000,59829.1,59886.8,59827.6,59850.4
1782712380000,59874.2,59903.8,59835.7,59851.5
1782712440000,59851.4,59916.8,59845.6,59874.1
1782712500000,59873.8,59914.8,59841.1,59910.4
1782712560000,59910.8,59965.8,59874.6,59921.6
1782712620000,59921.7,59977.8,59914.7,59928.5
1782712680000,59953.1,60004.7,59916.3,59991.1
1782712740000,59983,60014.8,59944.7,59984.9
1782712800000,60027.8,60076.8,59988.7,60045.7
1782712860000,60050.3,60131.8,60030.8,60094.2
1782712920000,60064.8,60092.1,59996.2,60001.8
1782712980000,60001.9,60048.8,59977.7,59990.3
1782713040000,59990.8,60057.1,59967.4,60027.1
1782713100000,60056.4,60056.4,59961.4,60000.5
1782713160000,59970.1,60033.7,59957.5,59985.3
1782713220000,59985,60089.8,59985,60045.1
1782713280000,60045.3,60119.8,59997.2,59997.5
1782713340000,60028.9,60083.3,59996.7,60081.4
1782713400000,60077,60080.4,59993.4,60032.6
1782713460000,60038.3,60064.8,60001.5,60007.6
1782713520000,60007.5,60062.7,60007.1,60030
1782713580000,60030.1,60070.8,60005.7,60006.2
1782713640000,60039.3,60098.5,60002.3,60049
1782713700000,60049.1,60081.5,60000.4,60034.3
1782713760000,60034.1,60118.8,60004.2,60114.4
1782713820000,60083.2,60233.8,60082.9,60184.4
1782713880000,60184.6,60258.5,60129.1,60258.5
1782713940000,60253.7,60257.2,60155.7,60186.6
1782714000000,60187.1,60247.8,60129.8,60204.3
1782714060000,60204.2,60237.6,60108.4,60117.2
1782714120000,60117.3,60221.8,60117.3,60153.2
1782714180000,60152.2,60223.8,60137.6,60221.8
1782714240000,60217.4,60217.4,60137.9,60149.8
1782714300000,60149.9,60214.8,60140.5,60140.9
1782714360000,60140.8,60204.8,60115.9,60116.3
1782714420000,60145.4,60167.8,60073.7,60088.4
1782714480000,60088.3,60133.8,60045.6,60103.2
1782714540000,60104.2,60114.8,60041.2,60080.8
1782714600000,60051.6,60107.8,60051.6,60052.6
1782714660000,60052.8,60127.8,60052.4,60088.6
1782714720000,60088.3,60120.2,60028.2,60066.4
1782714780000,60096.2,60098.8,59993.7,60058.8
1782714840000,60049.7,60050.4,59997.3,60015.5
1782714900000,60015.3,60057.8,59979.5,60000
1782714960000,59999.8,60034.9,59954.5,59995.2
1782715020000,59995,60033.8,59966.2,59972.4
1782715080000,59972.4,60009.8,59953.7,59988.9
1782715140000,59960.5,59999.8,59960.1,59986.9
1782715200000,59991,59991,59958.2,59959.1
1782715260000,59959.8,60066.2,59959.8,59994.4
1782715320000,59994.3,60049.8,59986.5,59997
1782715380000,59996.9,60021.8,59959.2,59959.3
1782715440000,59959.4,59992.8,59958.7,59958.7
1782715500000,59980.1,60021.8,59954.6,59974.1
1782715560000,59974.2,60018.8,59956.8,60008.1
1782715620000,59971.9,60026.8,59967.8,59977.4
1782715680000,59977.5,60041.2,59964.2,59981.6
1782715740000,59981.4,60005.4,59930.1,59936.1
1782715800000,59966.6,60003.8,59936.5,59993.7
1782715860000,59997.6,60055.8,59976.9,60055.8
1782715920000,60037.7,60079.8,59996.5,60037.5
1782715980000,60069.1,60078.8,60013.6,60078.8
1782716040000,60081.8,60081.8,60007.1,60008.2
1782716100000,60028.6,60053.8,59985.5,59985.5
1782716160000,59985.6,60021.8,59966.2,60004.1
1782716220000,59973.3,60008.8,59954.1,59963.9
1782716280000,59963.7,60021.5,59963.7,59981.3
1782716340000,59981,60012.7,59963.4,59964
1782716400000,59964.1,59994.2,59918.6,59920.1
1782716460000,59920.2,59948.6,59833.3,59843
1782716520000,59874,59878.1,59808.4,59823.3
1782716580000,59855.3,59914.8,59822.2,59905.8
1782716640000,59899.2,59987.8,59866.2,59924.6
1782716700000,59924.9,59957.8,59869.2,59943.7
1782716760000,59943.5,59963.8,59910.5,59912.6
1782716820000,59912.9,59977.8,59912.9,59933.5
1782716880000,59933.5,59965.5,59888.8,59890.4
1782716940000,59890.3,59948.8,59890.3,59898.9
1782717000000,59899,59946.8,59894.4,59923.1
1782717060000,59894.6,59933.2,59860.4,59871.5
1782717120000,59871.6,59942.8,59871.1,59942.8
1782717180000,59928.7,59945.8,59895.7,59900.3
1782717240000,59900.2,59999.6,59900.2,59994.4
1782717300000,59996.2,60108.3,59964,60029.8
1782717360000,60020.4,60069.8,59975.5,60061.4
1782717420000,60065.3,60070.8,59998.9,60002
1782717480000,60032.1,60059.1,60001.7,60017.7
1782717540000,60038.2,60040,59945.1,59992.1
1782717600000,59989.8,60011.5,59945,60011.5
1782717660000,60009.9,60022.5,59936.6,59937.6
1782717720000,59937.7,60005.8,59929,59929.3
1782717780000,59929.4,59978.8,59922.1,59932.2
1782717840000,59932.3,59980.8,59917.4,59977.5
1782717900000,59981.8,59987.8,59938.6,59938.6
1782717960000,59938.9,59985.8,59908.5,59941.7
1782718020000,59941.6,59975.8,59923.4,59975.6
1782718080000,59974.7,60065.8,59951.3,60065.8
1782718140000,60062.1,60068.8,59983,59986.1
1782718200000,59985.8,60047.8,59979.2,59979.2
1782718260000,59979.1,60035.8,59973.2,59977.7
1782718320000,59978,60015.8,59978,59981.9
1782718380000,59981.8,60037.8,59963.5,59963.8
1782718440000,59963.7,59996.2,59935.9,59996.2
1782718500000,59964.6,60027.8,59964.5,60022.5
1782718560000,60020.3,60062.8,59985.3,60060.8
1782718620000,60054.5,60063.8,59978.3,60032.3
1782718680000,60030.3,60055.8,59983.2,59983.7
1782718740000,59983.8,60033.8,59983.8,60030.3
1782718800000,59993.5,60029.8,59969.4,59983.3
1782718860000,59983.2,60025.8,59949.4,59950.3
1782718920000,59983.3,60000.8,59931.7,59994.3
1782718980000,59988.7,59988.7,59933,59964.7
1782719040000,59933.3,59980.8,59933.3,59971.2
1782719100000,59976.2,59983.8,59924.6,59934.5
1782719160000,59969.8,60000.8,59943.3,59972.6
1782719220000,59943.5,60016.8,59943.3,59962.2
1782719280000,59961.9,60015.8,59956,59972
1782719340000,59971.3,60011.8,59940.1,60004.5
1782719400000,60006,60051.8,59974.3,60034.7
1782719460000,60034.8,60055.1,59985.5,60053.8
1782719520000,60046.5,60046.5,59980,60035.1
1782719580000,60031.8,60048.8,60001.7,60038.1
1782719640000,60037.2,60037.2,59965,59999.2
1782719700000,59965.5,60023.8,59962.5,59962.7
1782719760000,59991.6,60014.8,59963.1,59966.7
1782719820000,59966.8,59997.1,59932.5,59972.7
1782719880000,59968.3,59972.7,59934.9,59935.7
1782719940000,59967.1,59968,59912.1,59940.5
1782720000000,59912.4,59960.5,59892.9,59904.2
1782720060000,59904.1,59947.8,59886.1,59938.1
1782720120000,59935.2,60011.8,59903.1,59928.2
1782720180000,59954.4,59976.8,59875.8,59919
1782720240000,59932.8,60013.8,59898.6,59954.8
1782720300000,59954.9,59989.4,59916.8,59917.1
1782720360000,59917,59950.4,59876.8,59909.8
1782720420000,59912.9,59927.8,59776,59816.4
1782720480000,59785.8,59905.8,59785.8,59887
1782720540000,59898.8,59937.8,59861.2,59866.1
1782720600000,59884.2,59935.8,59860.5,59894.4
1782720660000,59894.2,59936.8,59858.3,59859.3
1782720720000,59860.3,59916.8,59848.9,59907.2
1782720780000,59906.3,59914.8,59836.1,59842.6
1782720840000,59883.6,59886.4,59824.8,59880.2
1782720900000,59878.4,59910.2,59838.2,59869.2
1782720960000,59841.2,59922.8,59841.2,59922.8
1782721020000,59918.6,59928.1,59856.6,59890.9
1782721080000,59890.8,59985.8,59879.1,59979.4
1782721140000,59975.7,59975.7,59872.3,59877.1
1782721200000,59876.6,59896.9,59841.7,59841.9
1782721260000,59842,59933.8,59841.9,59908.6
1782721320000,59909.2,59910.8,59839.3,59849.3
1782721380000,59849.7,59903.8,59759.5,59759.6
1782721440000,59759.7,59841.6,59759.7,59840
1782721500000,59835,59841.8,59735.9,59771.5
1782721560000,59798.4,59798.4,59704.4,59736.5
1782721620000,59704.3,59793.8,59692.6,59786.6
1782721680000,59781.7,59781.7,59691.9,59772.9
1782721740000,59759.1,59765.8,59714.9,59715.4
1782721800000,59715.7,59744.8,59667.3,59699.9
1782721860000,59700.5,59766.8,59674.8,59682.5
1782721920000,59684.7,59722.3,59646.9,59700.7
1782721980000,59703.8,59737.7,59628.8,59737.7
1782722040000,59704.9,59832.8,59702.4,59797
1782722100000,59799.5,59820.8,59724.3,59725.6
1782722160000,59755.7,59825.8,59725.8,59825.8
1782722220000,59821.9,59839.8,59768.6,59815.3
1782722280000,59813.9,59813.9,59738.6,59742.4
1782722340000,59775,59818.8,59742.4,59815
1782722400000,59811.5,59819.8,59749,59749
1782722460000,59749.4,59805.9,59736.7,59748.1
1782722520000,59777.8,59788.4,59689.4,59747.9
1782722580000,59748,59798.7,59746.4,59791.4
1782722640000,59794,59796.8,59738.1,59754
1782722700000,59754.1,59824.8,59745.1,59770.8
1782722760000,59794,59834.8,59755.5,59823.7
1782722820000,59791.3,59857.2,59779.7,59855.5
1782722880000,59856.1,59857.2,59801.5,59811.5
1782722940000,59810.3,59855.8,59776.8,59838.4
1782723000000,59840.7,59844.8,59784.6,59804.1
1782723060000,59832.5,59838.8,59774.4,59832.4
1782723120000,59835.8,59839.5,59803.3,59808.6
1782723180000,59808.3,59850.8,59781.7,59828.1
1782723240000,59826.4,59826.4,59757.2,59804.2
1782723300000,59801.3,59805,59726.3,59743.5
1782723360000,59743.9,59800.8,59723.1,59731.1
1782723420000,59731.9,59787.8,59727.4,59772
1782723480000,59740.9,59784.8,59736.1,59784.8
1782723540000,59777.6,59787.8,59721,59722.1
1782723600000,59722.2,59781.8,59721.4,59776.1
1782723660000,59784.8,59816.8,59745.9,59747.5
1782723720000,59748,59774.1,59695.9,59760.9
1782723780000,59769.8,59784.8,59729,59734.2
1782723840000,59734.1,59795.9,59734,59789.3
1782723900000,59784.7,59789.8,59723.3,59768.1
1782723960000,59744.7,59800.8,59727.5,59787.5
1782724020000,59794.1,59794.1,59729.6,59772.5
1782724080000,59744.2,59802.8,59743.8,59796.5
1782724140000,59794.9,59806.5,59755.8,59801.3
1782724200000,59776.4,59810.8,59761.7,59761.9
1782724260000,59793,59820.8,59763.7,59820.8
1782724320000,59822.9,59830.8,59768.4,59785.1
1782724380000,59814.4,59842.8,59779.8,59842.8
1782724440000,59843.8,59879.8,59806.2,59834.5
1782724500000,59832.8,59950.9,59832.8,59925.5
1782724560000,59932.8,59968.8,59882.6,59968.8
1782724620000,59970.8,59986.5,59922.2,59978.9
1782724680000,59948.8,60031.1,59929.9,59965
1782724740000,59961.8,59971.8,59871.6,59906.9
1782724800000,59912.9,59936.8,59879.1,59928.2
1782724860000,59925.3,59958,59854.1,59859.5
1782724920000,59859.4,59914.9,59844.4,59892.3
1782724980000,59895.4,59897.8,59855.6,59893.1
1782725040000,59889.8,59889.8,59761.3,59820.3
1782725100000,59819,59819,59718.5,59757.8
1782725160000,59742.8,59751.9,59669.5,59747.3
1782725220000,59761.4,59901.1,59731.4,59882.4
1782725280000,59889.8,59892.9,59813.8,59875.3
1782725340000,59873.8,59873.8,59799,59852.8
1782725400000,59861.1,59898.8,59831.8,59894.1
1782725460000,59890.6,59929.1,59841.5,59875.3
1782725520000,59901.8,59906.8,59839.4,59891.3
1782725580000,59884.4,59887.8,59824.7,59836.7
1782725640000,59836.5,59904.2,59836.1,59868.8
1782725700000,59889.6,59889.6,59778,59815
1782725760000,59819.2,59853.4,59814.5,59850.9
1782725820000,59855.1,59861.5,59780.5,59785.7
1782725880000,59813.9,59856.3,59780.9,59846.4
1782725940000,59814.4,59893.8,59807.7,59864.7
1782726000000,59866.2,59866.4,59795.3,59832.5
1782726060000,59831.7,59843.8,59801,59831.1
1782726120000,59801,59920.5,59801,59908.8
1782726180000,59905.1,59928.8,59862.3,59928.8
1782726240000,59911,59911,59832.4,59893.9
1782726300000,59889.9,59947.6,59867.4,59933.8
1782726360000,59898.2,59944.9,59889.9,59944.4
1782726420000,59911.8,59980.6,59905.7,59946
1782726480000,59984,59991.8,59909.7,59938.7
1782726540000,59941.5,59958.4,59909.2,59918.7
1782726600000,59919.4,59982.5,59903,59931.9
1782726660000,59966.6,59972.9,59820.1,59831.1
1782726720000,59868.8,59912.8,59814.5,59886
1782726780000,59888.3,59928.2,59856.9,59898.5
1782726840000,59870.7,59936.9,59862.1,59929
1782726900000,59906.8,59988.8,59906.8,59935.3
1782726960000,59935.4,59999.7,59928.8,59961.3
1782727020000,59964.9,59999.9,59938.2,59989.7
1782727080000,59979.3,59991.8,59914.5,59963.7
1782727140000,59967.8,59985.3,59928.8,59983.4
1782727200000,59986.9,60028,59961.2,60024.4
1782727260000,60019.9,60077.5,59976.2,60061.2
1782727320000,60064,60123.2,60044.7,60084.7
1782727380000,60088.1,60114.5,60051.7,60082.5
1782727440000,60083.9,60104.2,60012.3,60078.2
1782727500000,60077.4,60092,60011.3,60091
1782727560000,60067.8,60110.9,60026,60088.4
1782727620000,60090.2,60127.8,60066.4,60125.6
1782727680000,60123.5,60126.8,60043,60085.1
1782727740000,60086.2,60205.9,60055.5,60205.2
1782727800000,60208.5,60240,60100.4,60166.8
1782727860000,60140.2,60191.8,60080,60147.6
1782727920000,60151.9,60182.1,60094.2,60158.7
1782727980000,60145.5,60169.7,60124.4,60165
1782728040000,60165.8,60167,60102.1,60153.9
1782728100000,60151.3,60164.8,60087.3,60105.9
1782728160000,60105.6,60207.4,60105.6,60173.3
1782728220000,60198.6,60211.3,60141.9,60191.8
1782728280000,60192.6,60239.6,60164.4,60235.5
1782728340000,60232.4,60234.5,60166.5,60189.4
1782728400000,60189.3,60236.4,60176.2,60213.6
1782728460000,60219.4,60229,60195.6,60214.5
1782728520000,60215.9,60224.3,60165.7,60206.4
1782728580000,60194.2,60211.8,60132.2,60132.3
1782728640000,60160.5,60184.8,60115.6,60135.3
1782728700000,60136.7,60165.1,60095,60129.8
1782728760000,60147.9,60159.8,60108.9,60152.8
1782728820000,60154.7,60156.5,60109,60136.2
1782728880000,60140.4,60142.2,60081.2,60139.6
1782728940000,60108.5,60143.8,60108.5,60140
1782729000000,60144.1,60144.1,60049.8,60105.3
1782729060000,60106.1,60122.4,59995.5,60051.1
1782729120000,60022,60081.2,60019.5,60067.6
1782729180000,60069.8,60075.2,60027.4,60044.4
1782729240000,60073.8,60088.5,60043.8,60085.1
1782729300000,60086.6,60090.8,59993.1,60052.8
1782729360000,60055.4,60056.8,60001.7,60044.8
1782729420000,60042.8,60080.8,59964.5,60036.2
1782729480000,60036.1,60051.6,59996.7,60043.1
1782729540000,60011.9,60048,59996.6,60046.3
1782729600000,60047.9,60072.1,60010.2,60042.8
1782729660000,60033.2,60073.2,60000.5,60045.6
1782729720000,60040.8,60064.8,60010.1,60061.5
1782729780000,60057,60061.2,60020.4,60056
1782729840000,60057.4,60059,60056,60057.1
1782729900000,60059.3,60084.9,60035.3,60079.8
1782729960000,60083.4,60084.9,60064.9,60064.9
1782730020000,60070.8,60084.7,59970.7,60025.1
1782730080000,60027.9,60030.8,59967,60026.6
1782730140000,60020.7,60035.8,59989.1,59991.9
1782730200000,59991.7,60031.8,59984.6,60029.5
1782730260000,60031,60061,59995.7,60049.2
1782730320000,60050.7,60064,59979.2,59991.7
1782730380000,59991.8,60022.1,59958.2,59973.3
1782730440000,59972.7,60017.9,59972.4,60011.1
1782730500000,60011.4,60023.9,59977.2,60006.9
1782730560000,60007.5,60019.8,59963.6,59970.9
1782730620000,60004.3,60022.2,59978.4,60016.1
1782730680000,60014.4,60016.8,59971.8,60014.7
1782730740000,60013.3,60022.7,59985.2,60015.3
1782730800000,59987,60020.9,59987,60013.8
1782730860000,59987.2,60016.9,59962.6,60004.8
1782730920000,59992.4,59992.4,59918.9,59967
1782730980000,59970.8,59970.8,59903.6,59954.9
1782731040000,59924.5,59975.2,59900.4,59938.1
1782731100000,59938.2,59975.3,59903.4,59936.4
1782731160000,59936.5,59966.3,59907.4,59956.2
1782731220000,59954.8,59963.6,59909.5,59940.3
1782731280000,59948.8,59962.4,59920.4,59940.6
1782731340000,59947.9,59951.7,59921.6,59946.7
1782731400000,59938.3,59945.8,59850.1,59893.2
1782731460000,59895,59937.8,59857.6,59857.8
1782731520000,59857.6,59889,59853.9,59854.2
1782731580000,59854.7,59906.8,59851.5,59886.8
1782731640000,59883.5,59889.8,59858.3,59871.3
1782731700000,59873.4,59893,59813.3,59826.6
1782731760000,59826.5,59862.2,59824.4,59859.8
1782731820000,59849.2,59857.8,59773.8,59805.1
1782731880000,59774.2,59851.8,59774.2,59841.3
1782731940000,59833.5,59851.8,59788.3,59801.5
1782732000000,59801.4,59845.4,59782.2,59803.6
1782732060000,59804.1,59851.8,59796.7,59835.8
1782732120000,59839.8,59856.7,59801.6,59848.9
1782732180000,59851.1,59854.8,59801.4,59840.1
1782732240000,59841,59849.8,59817.4,59817.4
1782732300000,59817.8,59879.2,59817.8,59871
1782732360000,59872.8,59925.8,59848.6,59921.8
1782732420000,59915.9,59928.5,59862.7,59911.4
1782732480000,59882.2,59902.8,59867,59884.7
1782732540000,59893.2,59923.3,59865.6,59888.3
1782732600000,59888.4,59930,59880.4,59903.8
1782732660000,59892.3,60124.1,59856.4,59996.5
1782732720000,60024.4,60049.3,59958.5,59988.5
1782732780000,59978,59978,59871.2,59874.2
1782732840000,59895.9,59905.7,59851.2,59900.4
1782732900000,59896.6,59898.8,59864.3,59891.3
1782732960000,59861.5,59885,59795.1,59882.8
1782733020000,59878.7,59890.8,59816.1,59851.5
1782733080000,59822.4,59853.8,59773.3,59784.5
1782733140000,59784.3,59808.8,59715.6,59759.8
1782733200000,59759.4,59775.9,59714.3,59760.1
1782733260000,59759.7,59790.5,59728.4,59785.8
1782733320000,59761.9,59824.5,59748.2,59799.6
1782733380000,59801.1,59827.5,59791.2,59816.8
1782733440000,59808.8,59808.8,59751.8,59786.8
1782733500000,59785.8,59824,59757.2,59757.7
1782733560000,59783.6,59810.7,59739.1,59778.5
1782733620000,59797,59815.1,59766.4,59802.1
1782733680000,59801.3,59815,59759,59788.5
1782733740000,59807.2,59807.2,59694.7,59715.3
1782733800000,59695,59778.6,59694.8,59751.4
1782733860000,59751.5,59782.4,59718,59757.9
1782733920000,59753.4,59767.8,59700.7,59727.2
1782733980000,59701.6,59743.8,59691.1,59730.3
1782734040000,59734.9,59748.6,59702.3,59740.8
1782734100000,59746.1,59807.1,59725,59771.2
1782734160000,59810.7,59848.4,59768.5,59813.2
1782734220000,59808.2,59849.3,59796.3,59837.8
1782734280000,59807.2,59879.3,59806.3,59867.8
1782734340000,59845,59907.4,59819.7,59881.8
1782734400000,59880.8,60025.9,59660.4,59685.2
1782734460000,59664.5,59734.4,59474.2,59728.9
1782734520000,59734.2,60065.2,59683.1,60053.7
1782734580000,60049.6,60193.7,59920,60189.4
1782734640000,60193.2,60329.1,60078.2,60260.4
1782734700000,60233.3,60424.6,60231,60380.6
1782734760000,60371.2,60439.4,60308.7,60399.7
1782734820000,60400.1,60631.2,60377.1,60631.2
1782734880000,60635.4,60672.7,60374.8,60424.8
1782734940000,60415.4,60464,60357.7,60374.1
1782735000000,60404,60428.5,60305.1,60382.8
1782735060000,60382.5,60492.5,60336.5,60422.3
1782735120000,60430.1,60673.3,60401.5,60639.1
1782735180000,60606.2,60707,60591.2,60666.8
1782735240000,60660.8,60678.7,60533.5,60567.6
1782735300000,60599.6,60662.8,60541.9,60542.5
1782735360000,60542.9,60644.6,60533.5,60533.5
1782735420000,60527.3,60627.8,60497.6,60573.5
1782735480000,60603.9,60696.6,60572.3,60679.2
1782735540000,60678.5,60695.8,60553.1,60658.1
1782735600000,60662.2,60697.1,60564.3,60564.3
1782735660000,60564,60595.4,60512,60547.9
1782735720000,60568.7,60575.9,60401.5,60490.4
1782735780000,60459.7,60513.1,60313.2,60329.3
1782735840000,60329.5,60370.4,60307.3,60359.8
1782735900000,60357.3,60425.7,60334.8,60409.4
1782735960000,60408.4,60425.3,60306.2,60391
1782736020000,60391.1,60409.8,60337.2,60381.8
1782736080000,60388.2,60401.8,60351.2,60400.8
1782736140000,60394.4,60410.6,60336.1,60367.2
1782736200000,60370.4,60392.1,60306.8,60381.8
1782736260000,60349.4,60376.3,60272.5,60323.1
1782736320000,60275.2,60352.4,60235.8,60281.6
1782736380000,60250.9,60313.8,60238.6,60311.3
1782736440000,60311.4,60311.4,60246.3,60258.7
1782736500000,60258.4,60308.3,60210.8,60215.3
1782736560000,60215.4,60259.4,60172.2,60172.2
1782736620000,60211,60212.7,60057.5,60109.2
1782736680000,60078.4,60102.1,59832.6,59872.1
1782736740000,59868.4,59891.6,59760.4,59784.7
1782736800000,59827.6,59870.7,59717.7,59784.7
1782736860000,59779.1,59883,59756.4,59833.9
1782736920000,59803.8,59893.8,59769.1,59836.6
1782736980000,59835.8,59885.4,59811.3,59865.8
1782737040000,59851.3,59889.2,59834.1,59873.1
1782737100000,59881.8,59934.2,59815.9,59909.7
1782737160000,59943.7,59983.1,59907.1,59951.5
1782737220000,59948.7,59966.8,59914.4,59914.5
1782737280000,59913.9,59953.4,59819.3,59882.1
1782737340000,59883.6,59913.5,59815.8,59844.7
1782737400000,59815.8,59889,59797.6,59887.2
1782737460000,59849,59891.9,59692.4,59727
1782737520000,59681.3,59835.6,59671.1,59810.1
1782737580000,59780.8,59863.4,59767.1,59860.7
1782737640000,59862.1,59885.1,59830.3,59860.4
1782737700000,59860.4,59899.4,59820,59886.2
1782737760000,59869.2,59887,59824.1,59887
1782737820000,59857.2,59916.1,59857.2,59907.1
1782737880000,59908.3,59914.6,59843.1,59874
1782737940000,59875.8,59878.4,59835.2,59877.8
1782738000000,59855,59923.4,59855,59923.4
1782738060000,59928,59947,59891.7,59935.5
1782738120000,59903.3,60017.8,59900,59955.6
1782738180000,59975.8,60062.8,59954.7,59991.5
1782738240000,60021.4,60055.9,59974.5,60044.8
1782738300000,60043.4,60142.5,59973.8,60113.2
1782738360000,60113.5,60166.3,60019.3,60061.3
1782738420000,60059.5,60105.7,59998.9,60091.3
1782738480000,60063.8,60103,59989.7,60037.4
1782738540000,60041.5,60041.5,59964.8,59990.6
1782738600000,59991.9,60052.3,59976.6,60012.5
1782738660000,60048.4,60132.5,60022.3,60132.5
1782738720000,60132.6,60261.8,60093.6,60180
1782738780000,60179.9,60231.3,60112.8,60201.5
1782738840000,60207,60209,60104.1,60142.6
1782738900000,60141.2,60172.3,60114.5,60167.8
1782738960000,60160.2,60172.5,60105,60138.3
1782739020000,60138.2,60202,60137.9,60153.9
1782739080000,60154.3,60237.6,60153.7,60204.1
1782739140000,60199.5,60199.5,60142.2,60198.9
1782739200000,60175.4,60208.8,60118.1,60122
1782739260000,60121.9,60154.3,60032.2,60074.6
1782739320000,60074.7,60127.6,60026.9,60026.9
1782739380000,60026.7,60064.1,59970.8,60001.9
1782739440000,60001.8,60043.1,59953.9,59954.3
1782739500000,59954.4,59982.7,59876.7,59904.4
1782739560000,59904.2,59969.9,59897,59905.2
1782739620000,59905.3,59953.8,59849,59876.9
1782739680000,59877,59968.7,59866.5,59930.7
1782739740000,59930.6,59946.8,59869,59869
1782739800000,59861.4,60023.2,59717.7,60019.3
1782739860000,60014.9,60201.8,59981.6,60122.7
1782739920000,60093.7,60160.7,60011,60019.8
1782739980000,60050.7,60139.6,59917.2,59949
1782740040000,59917.6,60035.1,59885.4,60033.2
1782740100000,60031.6,60031.6,59773.6,59816.9
1782740160000,59773.1,59881.5,59751.1,59840.1
1782740220000,59808.3,59860.8,59707.4,59767.9
1782740280000,59731.9,59769.1,59643.1,59706.9
1782740340000,59736.9,59770.8,59619.5,59657
1782740400000,59628.7,59709.1,59490.1,59658.6
1782740460000,59690.1,59717.8,59458.7,59486.4
1782740520000,59465.8,59594.6,59446.6,59481.2
1782740580000,59512.7,59546.8,59335.9,59369.6
1782740640000,59337.6,59452.8,59327.9,59347.3
1782740700000,59349,59488.4,59336.3,59430.2
1782740760000,59424.7,59454.6,59221,59328.8
1782740820000,59359.8,59443.8,59316.4,59316.4
1782740880000,59322.2,59399.4,59281.2,59340.4
1782740940000,59355.7,59402.5,59211.7,59313.8
1782741000000,59276.3,59402.8,59230.9,59375.1
1782741060000,59379.2,59454.8,59297.8,59337.7
1782741120000,59300.7,59522,59300.7,59472.7
1782741180000,59438.5,59472,59364.5,59416.1
1782741240000,59429.8,59448.9,59299.1,59332.7
1782741300000,59331.8,59413.7,59266.1,59266.5
1782741360000,59266.3,59378,59229.5,59331.3
1782741420000,59358.4,59391.8,59278.6,59309.6
1782741480000,59315.4,59446.8,59283.1,59356.3
1782741540000,59356.2,59496.3,59356.2,59496.3
1782741600000,59467.9,59501.8,59341.7,59397.2
1782741660000,59396.8,59449.8,59278.6,59290.3
1782741720000,59292.7,59391.6,59258.6,59331.5
1782741780000,59366.2,59386.8,59268.8,59321.9
1782741840000,59321.5,59435.8,59288.9,59391
1782741900000,59358.3,59388.2,59154.7,59219.4
1782741960000,59218,59320.3,59182.4,59196.3
1782742020000,59200.1,59270.3,59127.6,59127.6
1782742080000,59160.3,59234.4,59060.8,59234.4
1782742140000,59242.8,59258,59110.3,59147.6
1782742200000,59169.1,59253.8,59076.4,59088.7
1782742260000,59081,59124.8,59006.1,59018.1
1782742320000,59018.1,59081.6,58980.2,59017.6
1782742380000,58986.5,59048.8,58969.5,58982.6
1782742440000,58973.7,59044.8,58957.9,58957.9
1782742500000,58957.8,59111,58881.2,59090.9
1782742560000,59084.8,59154.5,58903.8,58936.1
1782742620000,58944.3,59084,58892.5,59059.7
1782742680000,59036.1,59083.8,58919.1,59047.1
1782742740000,59016.7,59132.8,59016.7,59048
1782742800000,59012.2,59088.8,58920.4,59073.2
1782742860000,59078,59135.8,59006.7,59024.6
1782742920000,59023.6,59167.9,59023.6,59076.4
1782742980000,59075.8,59146.8,58996.3,59121.5
1782743040000,59116.8,59204.4,59027.1,59175.4
1782743100000,59199.8,59335.8,59185.1,59245
1782743160000,59246.9,59301.8,59205,59277
1782743220000,59276.1,59408.3,59243.6,59347.3
1782743280000,59346.8,59457.7,59335.5,59419.3
1782743340000,59457.7,59470.3,59364.1,59384.1
1782743400000,59380.7,59464.8,59368.9,59452.6
1782743460000,59444.7,59444.7,59327.8,59333.7
1782743520000,59337.6,59416.8,59230.7,59246.7
1782743580000,59291,59580.7,59263.3,59546.4
1782743640000,59521,59606.8,59418.4,59485.4
1782743700000,59451.8,59515.3,59409.5,59509.8
1782743760000,59469.5,59511.8,59407.2,59464
1782743820000,59463.3,59496.8,59385.9,59436.2
1782743880000,59435.7,59532.8,59398.3,59432.3
1782743940000,59403.8,59506.8,59386.8,59436
1782744000000,59436.1,59469.7,59305.3,59336.7
1782744060000,59336.8,59456.9,59336.8,59395.9
1782744120000,59395.4,59444.8,59341.3,59342
1782744180000,59341.7,59375.4,59215.1,59278.3
1782744240000,59278.2,59336.8,59181.1,59194.9
1782744300000,59220,59273.7,59168.8,59233.1
1782744360000,59233,59285.9,59192,59242.8
1782744420000,59242.5,59302.8,59173.5,59197.4
1782744480000,59169.4,59254.8,59158.3,59205.4
1782744540000,59165,59283.8,59123.1,59240
1782744600000,59240.7,59385.2,59232.7,59269
1782744660000,59301.8,59301.8,59184.7,59244.2
1782744720000,59273.5,59346.8,59233.4,59329.6
1782744780000,59297.7,59409.1,59282.4,59367.5
1782744840000,59367.6,59531.8,59366.7,59460.8
1782744900000,59490.7,59490.7,59376.5,59392.4
1782744960000,59392.7,59483.8,59353.1,59390.4
1782745020000,59358,59405.8,59272.1,59273.1
1782745080000,59273.5,59356.9,59251,59273.5
1782745140000,59271.4,59371.2,59258.7,59371.2
1782745200000,59340.2,59387.8,59259.6,59259.6
1782745260000,59257.5,59292.9,59177.9,59225.3
1782745320000,59192.9,59268.2,59166.1,59175.6
1782745380000,59179.7,59213.2,59051.1,59134
1782745440000,59136,59180.8,59076,59118.9
1782745500000,59129.6,59129.6,59002.6,59082.3
1782745560000,59082,59111.3,59009,59038.7
1782745620000,59042,59107.8,58992,59049.5
1782745680000,59050.1,59131.5,59050.1,59077.6
1782745740000,59077.8,59164.8,59076.7,59119.4
1782745800000,59121.6,59211.9,59073.2,59082.2
1782745860000,59082.3,59119,58978.9,59027.8
1782745920000,59033.3,59038.1,58960.1,59038.1
1782745980000,59025.6,59113.1,58981.9,59108.6
1782746040000,59075,59178.8,59068.7,59149.5
1782746100000,59116.5,59221.1,59114,59143.4
1782746160000,59140.9,59251.8,59117,59237.3
1782746220000,59239.4,59242.9,59151.2,59154.6
1782746280000,59154.5,59286.8,59154.4,59286.8
1782746340000,59236,59289.7,59202.4,59248.2
1782746400000,59247.8,59261,59169.9,59187
1782746460000,59187.1,59256.3,59154.4,59159.6
1782746520000,59159.7,59234.1,59079.6,59134.2
1782746580000,59103.1,59145.8,59023.5,59064.9
1782746640000,59033.7,59138.6,59004.1,59083.9
1782746700000,59086.2,59141.8,59046.3,59130.7
1782746760000,59123.8,59209.6,59085.7,59164.4
1782746820000,59164.3,59227.8,59146.2,59189.2
1782746880000,59189,59262.8,59171,59243.4
1782746940000,59210,59403.8,59210,59363
1782747000000,59363.6,59528.5,59363.6,59484.5
1782747060000,59516.9,59524.6,59410.1,59477.9
1782747120000,59483.1,59611,59421.5,59467.7
1782747180000,59553.1,59576.5,59475.7,59517.4
1782747240000,59517.3,59587.8,59490.7,59505.6
1782747300000,59495.1,59589.9,59458.1,59566.4
1782747360000,59565.9,59746.2,59561.9,59680.3
1782747420000,59651.5,59728.8,59645.7,59682.9
1782747480000,59682.8,59799.8,59682.1,59760.1
1782747540000,59726.8,59760.3,59692.9,59697.3
1782747600000,59729.7,59770.8,59629.8,59644.8
1782747660000,59678.4,59687,59568.8,59606.7
1782747720000,59609.9,59659.6,59556.7,59583.3
1782747780000,59583.1,59707.6,59581.9,59662.4
1782747840000,59662.6,59754.8,59662.3,59740.1
1782747900000,59750.8,59750.8,59633,59705
1782747960000,59695.4,59736.8,59654.7,59671.5
1782748020000,59671.7,59838.8,59671.7,59806.4
1782748080000,59807,59833.4,59752.9,59775.1
1782748140000,59774.7,59828.8,59744.1,59778.7
1782748200000,59778.8,59863.6,59757.4,59851.3
1782748260000,59844.7,59850.9,59741.9,59822.6
1782748320000,59799.5,59820.6,59704.9,59752.8
1782748380000,59752.9,59836.4,59725.5,59750.6
1782748440000,59750.4,59787.8,59729.6,59770.6
1782748500000,59772.2,59826.7,59740.4,59770.2
1782748560000,59770,59810.2,59735.8,59736.5
1782748620000,59744.1,59774.5,59690.4,59726.3
1782748680000,59726.2,59788.8,59695,59698.3
1782748740000,59698.2,59749.8,59677,59727.4
1782748800000,59688.8,59743.7,59647.1,59674.8
1782748860000,59673.7,59725.5,59660.4,59679.6
1782748920000,59680,59727.1,59637.6,59638.1
1782748980000,59638.3,59716.7,59635.4,59652.9
1782749040000,59652.7,59721.8,59650.9,59656
1782749100000,59656.3,59825.3,59656.3,59767.4
1782749160000,59767.5,59794.8,59673.7,59734.6
1782749220000,59734.6,59806.2,59692.8,59778.6
1782749280000,59758.6,59806.4,59701.5,59718.9
1782749340000,59718.8,59752,59658.2,59660.3
1782749400000,59660.4,59748.8,59615.6,59630.7
1782749460000,59630.8,59715.8,59630.8,59656.3
1782749520000,59661.9,59735.9,59652.5,59652.5
1782749580000,59654.9,59705.6,59590.9,59605.9
1782749640000,59605.7,59647,59580.9,59603.4
1782749700000,59603.3,59675.9,59603.3,59662.1
1782749760000,59631,59669.1,59592.5,59635.7
1782749820000,59635.8,59669.7,59619.9,59634.6
1782749880000,59634.2,59673.6,59619,59619.1
1782749940000,59619.2,59685.6,59607.8,59643.1
1782750000000,59642.9,59674.8,59579.3,59624.9
1782750060000,59592.9,59624.7,59557,59562.8
1782750120000,59557.6,59617.9,59531.4,59551.2
1782750180000,59551.4,59611.8,59538.6,59611.8
1782750240000,59612.6,59621,59548.2,59581.1
1782750300000,59551.9,59601.4,59478,59539
1782750360000,59528.2,59553.1,59478.8,59478.8
1782750420000,59478.7,59517.6,59464.4,59473.4
1782750480000,59473.5,59508.6,59455.2,59461.4
1782750540000,59491.9,59514.2,59457.5,59472.8
1782750600000,59472.5,59645.1,59472.5,59590.2
1782750660000,59590.3,59622.1,59512.2,59560.4
1782750720000,59568.7,59598.8,59510.9,59577.3
1782750780000,59576.9,59595.8,59522.6,59524
1782750840000,59524.2,59602.8,59524.2,59561.6
1782750900000,59561.8,59633.8,59554,59594.6
1782750960000,59593.9,59628.8,59573.7,59596.2
1782751020000,59596.3,59721.8,59596,59687.1
1782751080000,59715.5,59730.8,59622.5,59680.6
1782751140000,59679.2,59738.8,59637.3,59699.6
1782751200000,59698.5,59757.8,59685.8,59747.1
1782751260000,59743,59746.4,59692.5,59712.6
1782751320000,59712.8,59782.8,59706.7,59720.9
1782751380000,59754.1,59785.2,59720.8,59751.6
1782751440000,59751.9,59803.8,59737.3,59749.4
1782751500000,59749.5,59782.1,59706,59716.8
1782751560000,59716.9,59768.1,59697,59711.7
1782751620000,59711.6,59835.8,59711.6,59770.6
1782751680000,59817.4,59877.8,59761.6,59792
1782751740000,59791.8,59889.8,59785.5,59828.6
1782751800000,59828.9,59925.9,59762.6,59774.2
1782751860000,59773.2,59825.5,59737.4,59737.6
1782751920000,59737.8,59787.9,59728,59777.4
1782751980000,59790.8,59797.8,59698.6,59724.9
1782752040000,59745.3,59794.8,59714.2,59794.8
1782752100000,59795.8,59798.8,59703.5,59750.5
1782752160000,59720,59803.8,59720,59764.8
1782752220000,59764.4,59814.8,59762.5,59781.4
1782752280000,59781.5,59834.8,59750.5,59761.8
1782752340000,59761.9,59804.1,59759.7,59764.3
1782752400000,59764.4,59841.7,59764.2,59808.9
1782752460000,59808.6,59841.8,59792.8,59800.7
1782752520000,59800.8,59933.8,59800.8,59924.3
1782752580000,59925.5,60074.8,59892.3,60053.9
1782752640000,60036.9,60087.8,60004.3,60036.1
1782752700000,60034.2,60193.2,60034,60101.5
1782752760000,60100,60157.8,60070.4,60105.5
1782752820000,60072.4,60149.5,60045.1,60100.9
1782752880000,60099.4,60173.8,60041.7,60067.3
1782752940000,60065.9,60134.7,60046.2,60091.3
1782753000000,60091.1,60186.8,60091.1,60183.3
1782753060000,60185.8,60219.3,60105.6,60156.7
1782753120000,60156.5,60264.1,60146.1,60223.5
1782753180000,60223.2,60408.8,60189.6,60367.2
1782753240000,60364.9,60405.8,60298.6,60378.9
1782753300000,60382.9,60505.8,60353.8,60431.1
1782753360000,60430.5,60503.9,60366.5,60451.6
1782753420000,60419.7,60516.1,60353.9,60479.6
1782753480000,60508.5,60547.8,60401.2,60496.3
1782753540000,60538.5,60544.1,60470.5,60471
1782753600000,60474.1,60546.1,60469.9,60519
1782753660000,60489.6,60520.1,60303.6,60356.8
1782753720000,60345,60445.8,60280,60403.2
1782753780000,60372.3,60403.4,60301,60349.8
1782753840000,60336.4,60373.8,60288.7,60321.3
1782753900000,60320.5,60407,60287.7,60405.8
1782753960000,60402.8,60402.8,60277.7,60283.7
1782754020000,60283.6,60390.8,60283.1,60386.2
1782754080000,60386.2,60451.3,60344.7,60420.2
1782754140000,60421.9,60482.8,60391.4,60434.9
1782754200000,60434.8,60572.7,60420.5,60572.7
1782754260000,60546.6,60598.2,60472.5,60480
1782754320000,60479.9,60532.8,60400.2,60430.8
1782754380000,60427.9,60436.8,60378.8,60412
1782754440000,60423.1,60435.8,60369.4,60395.7
1782754500000,60429.8,60429.8,60354.4,60386.4
1782754560000,60357.6,60402.8,60316.1,60345.2
1782754620000,60345.7,60401.5,60305.6,60305.6
1782754680000,60305.1,60354.8,60274,60311.7
1782754740000,60280.3,60379.1,60270.5,60322
1782754800000,60321.5,60389.8,60319.3,60337.6
1782754860000,60339.6,60465.9,60337.6,60461.8
1782754920000,60454.2,60509.8,60419.6,60470.5
1782754980000,60478.8,60487.8,60405.7,60419.9
1782755040000,60448.3,60579.3,60409.1,60541.9
1782755100000,60507.6,60548,60443.6,60530.7
1782755160000,60517.5,60565.8,60491.7,60526.3
1782755220000,60534,60534,60421.5,60431.7
1782755280000,60459,60491.8,60420.2,60435.7
1782755340000,60471.6,60534.8,60437.3,60497.7
1782755400000,60506.8,60506.8,60369.9,60418.8
1782755460000,60382.6,60450.8,60371.8,60413.3
1782755520000,60394.2,60491.4,60394.2,60478.4
1782755580000,60478.9,60486.4,60414.7,60426.4
1782755640000,60459,60476.8,60388.9,60392.7
1782755700000,60392.9,60425.8,60378.9,60385.6
1782755760000,60385.3,60448.8,60385.3,60436.8
1782755820000,60436.9,60450.8,60355.4,60393.6
1782755880000,60365.2,60404.8,60311.4,60317.9
1782755940000,60347.8,60347.8,60284.3,60335.9
1782756000000,60344.8,60345.8,60211.4,60265.8
1782756060000,60259.5,60372.8,60242,60359.5
1782756120000,60327.4,60354.3,60245.6,60299.8
1782756180000,60297.7,60344.8,60272.8,60307.8
1782756240000,60307.9,60363.8,60286,60317.8
1782756300000,60318.4,60375.5,60318.1,60353
1782756360000,60350.6,60362.4,60288.3,60345.9
1782756420000,60344.1,60377.8,60317.6,60377.4
1782756480000,60377.7,60427.8,60353,60397.8
1782756540000,60392.8,60421.8,60322.6,60382.5
1782756600000,60389.3,60424.8,60354.8,60394
1782756660000,60367,60414,60357.1,60377.9
1782756720000,60379.3,60425.8,60361.4,60405
1782756780000,60418.8,60441.8,60382.1,60406.3
1782756840000,60438.8,60444.8,60422.4,60444.8
1782756900000,60404.5,60439.2,60361.1,60393.3
1782756960000,60365.2,60387.8,60303.7,60340.8
1782757020000,60326.2,60339.8,60270,60290.1
1782757080000,60290.2,60342.8,60276.4,60331.5
1782757140000,60340.9,60405.8,60311.6,60352.6
1782757200000,60352.4,60390.8,60323.4,60381.5
1782757260000,60385.5,60392.9,60325.7,60383.5
1782757320000,60383.5,60403.8,60345.3,60385.4
1782757380000,60386,60391.5,60326.7,60358.4
1782757440000,60361.4,60374.8,60325.2,60364.8
1782757500000,60363.8,60363.8,60313.5,60344.8
1782757560000,60344.9,60357.5,60314.9,60344.8
1782757620000,60313.2,60352.8,60231.3,60256.9
1782757680000,60256.2,60297.8,60163.9,60174.7
1782757740000,60142.4,60206.8,60130.7,60196.5
1782757800000,60196.5,60217.8,60135.3,60205.5
1782757860000,60207.1,60236.4,60152.4,60236.4
1782757920000,60239.3,60261.8,60203.5,60261.8
1782757980000,60259.9,60259.9,60146.5,60164.3
1782758040000,60164.6,60227.8,60124.7,60173.5
1782758100000,60174.8,60229.8,60161.7,60192.6
1782758160000,60163.2,60205.8,60128.8,60136.1
1782758220000,60178.1,60195.8,60110.1,60148.9
1782758280000,60147.4,60216.1,60125.3,60208.6
1782758340000,60170.9,60220.3,60123.5,60192
1782758400000,60188,60224.8,60144.6,60181.8
1782758460000,60181.7,60230.8,60112.4,60181.8
1782758520000,60160,60188.8,60126.6,60181.5
1782758580000,60183,60196.8,60111.6,60151.5
1782758640000,60119.5,60211.8,60119.5,60207.6
1782758700000,60209.1,60218,60148.2,60191.2
1782758760000,60154.4,60196.8,60135.9,60135.9
1782758820000,60135.7,60196.8,60135.2,60192.8
1782758880000,60193.5,60221.8,60145.8,60171.2
1782758940000,60171.1,60211.8,60153.8,60153.8
1782759000000,60151.5,60184.8,60110.1,60163.5
1782759060000,60162,60169.8,60091.9,60091.9
1782759120000,60086.7,60143.8,60085.7,60101.9
1782759180000,60102,60165.8,60101.5,60124.3
1782759240000,60123.8,60170.8,60117.6,60154.6
1782759300000,60122.4,60176.8,60118.1,60167.8
1782759360000,60161.8,60187.8,60130.2,60146.6
1782759420000,60143.6,60187.8,60130.3,60142
1782759480000,60141.9,60155.8,60141.8,60155.8
1782759540000,60155.3,60218.3,60155.3,60217.1
1782759600000,60199.1,60230.3,60123,60125
1782759660000,60124.8,60176.4,60098,60098.3
1782759720000,60130.1,60145.8,60079.1,60120.6
1782759780000,60125.8,60134.8,60063.1,60118.1
1782759840000,60115.8,60137.8,60075.7,60075.9
1782759900000,60075.7,60129.8,60050.8,60082.3
1782759960000,60053.4,60106.7,60047.7,60089.9
1782760020000,60089.8,60127.5,60060.1,60123.5
1782760080000,60111.4,60133.9,60057,60122.8
1782760140000,60122.1,60145.8,60074.3,60145.8
1782760200000,60139.5,60139.5,60080,60099.7
1782760260000,60099.6,60187.8,60099.5,60140.3
1782760320000,60140.5,60188.5,60086.9,60088.4
1782760380000,60088.5,60156.3,60088.5,60090.9
1782760440000,60090.8,60138.8,60086.9,60088
1782760500000,60087.5,60133.8,60075.3,60087.3
1782760560000,60087.2,60156.7,60086.9,60116.1
1782760620000,60116,60169.9,60105.6,60142.6
1782760680000,60144.2,60163.4,60079,60107.9
1782760740000,60108,60212.9,60107.8,60168.4
1782760800000,60168,60268.2,60163,60205.6
1782760860000,60239.2,60261,60200.5,60217.6
1782760920000,60219.5,60297,60208.5,60297
1782760980000,60297.2,60317.1,60256.1,60273.3
1782761040000,60272.2,60352.8,60271.5,60330.8
1782761100000,60329.8,60338.3,60239.1,60247.1
1782761160000,60247,60329.8,60238.4,60328.8
1782761220000,60295.3,60350.8,60294.4,60342.8
1782761280000,60344.6,60402.7,60312.3,60400.1
1782761340000,60389,60405.8,60349,60379.6
1782761400000,60349.2,60389.8,60308.6,60347
1782761460000,60346.9,60389.8,60323.1,60366.5
1782761520000,60366.5,60379.8,60306.3,60321.5
1782761580000,60351.7,60351.7,60264.8,60265.1
1782761640000,60264.8,60281.2,60211.4,60212.9
1782761700000,60213.5,60265.5,60210.6,60246.9
1782761760000,60252.8,60263.7,60202,60263.7
1782761820000,60234.9,60292.8,60217,60286.8
1782761880000,60287,60313.9,60261.2,60264.4
1782761940000,60264.7,60308.8,60243.6,60266.2
1782762000000,60266.4,60320.1,60259.1,60259.4
1782762060000,60259.3,60325.8,60259.2,60318.7
1782762120000,60307.5,60316.8,60241.7,60294.4
1782762180000,60298.3,60310.7,60256.6,60309.2
1782762240000,60285.3,60391.7,60285.3,60391.2
1782762300000,60391.7,60425.8,60349.8,60395.6
1782762360000,60401.3,60430.8,60373,60422.4
1782762420000,60427.4,60453.8,60354.6,60356.4
1782762480000,60355.8,60393.8,60339.3,60376.1
1782762540000,60386.8,60444.5,60339.7,60428.9
1782762600000,60407.9,60428.9,60324.5,60425.8
1782762660000,60383.2,60481.8,60367.1,60424.1
1782762720000,60424.2,60466.8,60415.9,60463.8
1782762780000,60464.8,60477.8,60386.6,60386.6
1782762840000,60382.4,60419.8,60303.1,60389.2
1782762900000,60390.7,60456.8,60361.4,60383
1782762960000,60412.5,60412.5,60307.2,60308
1782763020000,60307.9,60394.4,60307.9,60394.1
1782763080000,60351.1,60398.8,60329.5,60376.4
1782763140000,60344.9,60390.8,60316.6,60347.8
1782763200000,60317.6,60392.8,60310.4,60378.2
1782763260000,60350.1,60418.8,60350.1,60410
1782763320000,60396,60459.8,60370.7,60429.8
1782763380000,60456.1,60465.3,60394.3,60440.8
1782763440000,60424,60440.8,60364.9,60416.9
1782763500000,60417,60417.1,60361.3,60376.8
1782763560000,60371.6,60414.9,60353.9,60384.6
1782763620000,60385.9,60414.2,60323,60369.6
1782763680000,60371.8,60394.8,60336.4,60342.5
1782763740000,60342.4,60413.8,60337.6,60342.8
1782763800000,60342.3,60408.8,60340.3,60347.1
1782763860000,60347.7,60385.5,60301.2,60325.8
1782763920000,60325.5,60402.9,60325.5,60397.4
1782763980000,60384.8,60397.5,60318.4,60326.8
1782764040000,60326.7,60367.8,60314.6,60349.5
1782764100000,60353.1,60354.5,60300.6,60300.6
1782764160000,60325.2,60347.6,60279.3,60295.7
1782764220000,60295.6,60334.5,60287.2,60295.5
1782764280000,60316,60323.7,60236.6,60242.7
1782764340000,60276.3,60299.9,60242.7,60298.3
1782764400000,60304,60325.5,60276.3,60320.3
1782764460000,60286.4,60314.8,60267.3,60314.8
1782764520000,60321.8,60350.8,60299.3,60350.6
1782764580000,60317.4,60363.7,60317.4,60358.4
1782764640000,60360.1,60371.6,60320.7,60350.6
1782764700000,60346.1,60371.8,60311.9,60367.5
1782764760000,60369.2,60406.8,60278.2,60349.5
1782764820000,60354.3,60358.6,60283.9,60346.4
1782764880000,60330,60345.9,60299.2,60331.4
1782764940000,60330.9,60331.4,60282.7,60324.2
1782765000000,60329.8,60356.8,60298.2,60336.5
1782765060000,60346.8,60346.8,60283,60329.9
1782765120000,60331.5,60353.8,60292.7,60348.4
1782765180000,60349.8,60360,60309.3,60321.1
1782765240000,60319.7,60399.8,60319.7,60388.8
1782765300000,60388.8,60392.7,60354.4,60355.7
1782765360000,60355.8,60397.8,60346.7,60379.7
1782765420000,60390.8,60390.8,60307.3,60343.9
1782765480000,60310.6,60379.8,60310.5,60331.8
1782765540000,60331.2,60401.6,60321.5,60356.1
1782765600000,60356.2,60384,60321.2,60325.4
1782765660000,60346,60382.8,60330.3,60332.5
1782765720000,60332.6,60364,60329.9,60329.9
1782765780000,60361.6,60376.8,60316.8,60317
1782765840000,60316.9,60347.1,60303.2,60336.4
1782765900000,60333.2,60333.2,60232.6,60233.4
1782765960000,60233.3,60301,60232.7,60299.8
1782766020000,60300,60310.2,60246.3,60246.4
1782766080000,60246.5,60310.8,60246.5,60310.8
1782766140000,60311.6,60323.1,60282.7,60284.3
1782766200000,60284.2,60322.8,60236.6,60280.4
1782766260000,60283.6,60301.8,60204.5,60204.8
1782766320000,60256.4,60262.4,60207.7,60247.1
1782766380000,60204.2,60242.2,60193.4,60195.3
1782766440000,60195.3,60241.9,60194,60194.4
1782766500000,60227.4,60233.8,60194,60227.6
1782766560000,60214.6,60245.7,60196.8,60228.2
1782766620000,60230.8,60232.8,60182.3,60183
1782766680000,60183.6,60217.3,60182.8,60183.1
1782766740000,60183,60221.8,60182.5,60183.1
1782766800000,60183,60234.2,60183,60194.2
1782766860000,60193.7,60248.1,60193.7,60209.3
1782766920000,60209.4,60249,60207.9,60208.4
1782766980000,60208.2,60278.8,60196.2,60210.5
1782767040000,60248.8,60248.8,60164.7,60210.8
1782767100000,60178.4,60222.3,60155.3,60169.3
1782767160000,60198.5,60227.8,60169.3,60186.6
1782767220000,60186.7,60252.8,60186.7,60216.4
1782767280000,60216.2,60277.8,60216.1,60259.1
1782767340000,60219.9,60270.8,60210.1,60255.8
1782767400000,60247.4,60259.8,60247.4,60253.7
1782767460000,60259.5,60292.8,60238.3,60284.8
1782767520000,60276.9,60287.8,60240,60245.2
1782767580000,60246.1,60345.8,60246.1,60288.7
1782767640000,60288.8,60335.4,60288.5,60297.8
1782767700000,60297.7,60332.8,60276.7,60305
1782767760000,60303.7,60324.8,60253.4,60284.3
1782767820000,60240.1,60288.8,60228.3,60264.5
1782767880000,60266.4,60273.8,60224.8,60260.8
1782767940000,60245.6,60264.8,60211.9,60249.8
1782768000000,60247.8,60270.8,60211.9,60225.7
1782768060000,60225.4,60257.8,60210.3,60255.5
1782768120000,60256.1,60272.8,60215.4,60272.4
1782768180000,60273.8,60273.8,60217.7,60253.7
1782768240000,60255.8,60255.8,60196.2,60197.4
1782768300000,60228.6,60237.8,60196.9,60198
1782768360000,60197.9,60239.8,60197.7,60236.4
1782768420000,60238.8,60239.8,60200.9,60201.1
1782768480000,60200.9,60238.4,60195.6,60238.4
1782768540000,60217,60282.8,60201,60281.2
1782768600000,60248.3,60308.8,60248.3,60271.6
1782768660000,60271.5,60315.5,60270.7,60277.1
1782768720000,60277.2,60327.8,60277.1,60319.8
1782768780000,60321.6,60353.8,60288.1,60348.9
1782768840000,60335.3,60341.8,60301.6,60336.4
1782768900000,60337.8,60346.6,60301.6,60337.2
1782768960000,60340.8,60347.8,60302.8,60315.9
1782769020000,60315.7,60346.8,60283.9,60299.7
1782769080000,60299.6,60371.8,60299.6,60365.9
1782769140000,60372.8,60396.8,60338.2,60396.8
1782769200000,60387.5,60401.8,60336.3,60364.5
1782769260000,60396.5,60420.8,60364.6,60368.3
1782769320000,60368,60406.8,60312.4,60372.3
1782769380000,60339.9,60401.8,60339.9,60377.7
1782769440000,60377,60397.8,60336.5,60353.4
1782769500000,60353.5,60407.8,60353.1,60367.4
1782769560000,60402.2,60410.8,60353.4,60395.7
1782769620000,60396.1,60430.8,60362.4,60394.1
1782769680000,60394.2,60442.8,60392.1,60401.4
1782769740000,60401.3,60439.8,60392.1,60427.4
1782769800000,60428.6,60434.8,60372.4,60412.4
1782769860000,60407.2,60447.8,60379.7,60445.8
1782769920000,60437.4,60444.8,60428.8,60437.4
1782769980000,60427.9,60472.8,60373,60461.9
1782770040000,60431.2,60516.8,60431.1,60483.9
1782770100000,60482.7,60497.8,60427.1,60447.5
1782770160000,60448.7,60456.8,60447.5,60447.5
1782770220000,60448.6,60454.8,60372.6,60406.1
1782770280000,60406.3,60413.8,60355.2,60372.8
1782770340000,60372.7,60403.8,60354.4,60393.9
1782770400000,60403.8,60409.9,60344,60363.2
1782770460000,60392.7,60392.7,60345.5,60355.5
1782770520000,60355.4,60396.7,60345.8,60361
1782770580000,60361.1,60417.1,60341.6,60372.2
1782770640000,60367.8,60413.6,60341.7,60385.7
1782770700000,60390.4,60405.4,60350.6,60398.9
1782770760000,60361.2,60391.4,60327.1,60328.9
1782770820000,60329,60372.3,60304.6,60304.7
1782770880000,60334.5,60346.5,60291.4,60311.5
1782770940000,60344.2,60367,60311.5,60334.2
1782771000000,60334.3,60367.8,60323.2,60353.6
1782771060000,60324.9,60357,60269.1,60279.5
1782771120000,60303.4,60329.5,60253,60301.4
1782771180000,60301.3,60363.5,60301.3,60331.2
1782771240000,60330.9,60372.5,60321.6,60341
1782771300000,60341,60400.3,60341,60394.3
1782771360000,60395.3,60399.6,60353.1,60356.7
1782771420000,60356.6,60387.5,60340.8,60352.4
1782771480000,60380.3,60387,60326.9,60337.7
1782771540000,60337.6,60406.6,60337.3,60377.5
1782771600000,60377.4,60437.3,60377.4,60432
1782771660000,60406.5,60433,60383.4,60383.5
1782771720000,60383.4,60422.9,60356.9,60361.7
1782771780000,60382.2,60383,60317,60331.3
1782771840000,60334.3,60370.5,60322.4,60334.8
1782771900000,60334.9,60372.8,60315.4,60353.6
1782771960000,60317.7,60389.5,60317.4,60343.3
1782772020000,60343.5,60378.1,60343.5,60345.9
1782772080000,60345.8,60379.6,60344.8,60345.1
1782772140000,60344.9,60374.8,60331.8,60362
1782772200000,60332.2,60379.5,60332.1,60345.7
1782772260000,60345.6,60376.8,60314.8,60314.8
1782772320000,60315.3,60359.6,60306,60351.9
1782772380000,60318.5,60351.4,60295.3,60295.4
1782772440000,60295.8,60328,60281.8,60312.7
1782772500000,60281.8,60322.2,60242.4,60243
1782772560000,60242.4,60287.3,60238.2,60247.5
1782772620000,60247.6,60294.2,60237.5,60255.4
1782772680000,60255.6,60302.3,60255.3,60269.7
1782772740000,60300,60301,60254.6,60255.2
1782772800000,60255.1,60285.1,60247.4,60249.7
1782772860000,60249.5,60284,60249.4,60251.7
1782772920000,60251.8,60312.3,60251.8,60309
1782772980000,60271.7,60320.6,60271.7,60275.4
1782773040000,60275.5,60308.8,60274.6,60275.4
1782773100000,60275.5,60316.2,60274.4,60274.7
1782773160000,60274.8,60317,60274.6,60283.3
1782773220000,60316.2,60321.5,60283.1,60321.5
1782773280000,60308.4,60320.5,60274.9,60284.2
1782773340000,60317,60343.4,60284,60304.8
1782773400000,60304.9,60337.6,60290.5,60290.7
1782773460000,60311.3,60320.7,60256.4,60264.1
1782773520000,60296.8,60305.9,60263.7,60272.8
1782773580000,60272.9,60305.1,60272.6,60273
1782773640000,60273.1,60352.6,60273,60321.2
1782773700000,60321.3,60350.3,60293.7,60296.4
1782773760000,60296.5,60335.7,60292.3,60303.2
1782773820000,60302.7,60333.4,60235.7,60244.2
1782773880000,60244.4,60283.5,60239,60251.6
1782773940000,60281.4,60281.4,60242.4,60247.4
1782774000000,60247.5,60298,60247,60256
1782774060000,60276.6,60296.8,60242.7,60265.2
1782774120000,60265.3,60303,60250.9,60263.1
1782774180000,60263,60306.2,60263,60263.6
1782774240000,60263.5,60291.6,60248.4,60248.6
1782774300000,60279.4,60279.4,60241.4,60242.6
1782774360000,60242.5,60272.6,60230.4,60266.5
1782774420000,60234,60280.7,60234,60271.1
1782774480000,60260.9,60277.9,60235.9,60241.3
1782774540000,60241.1,60274.6,60240.7,60273.9
1782774600000,60261.3,60275.8,60226.6,60262
1782774660000,60266.6,60280.6,60235.7,60279.4
1782774720000,60275.3,60281,60240.9,60281
1782774780000,60281.2,60291.8,60239.8,60269.1
1782774840000,60259.5,60273.7,60232.5,60269.9
1782774900000,60249.4,60280.7,60249.4,60270.9
1782774960000,60273,60293,60251.3,60282.8
1782775020000,60280.7,60280.7,60251.2,60264.1
1782775080000,60252.9,60265.8,60235.8,60261.6
1782775140000,60235.8,60264.3,60227.9,60228.1
1782775200000,60228.2,60248.9,60174.1,60229.8
1782775260000,60231.4,60232,60176.4,60215.8
1782775320000,60212.9,60217.8,60158.4,60173.9
1782775380000,60173.8,60212.8,60095.4,60145.2
1782775440000,60146.8,60179.6,60116.3,60178.8
1782775500000,60141.1,60184.2,60139.8,60179.4
1782775560000,60178.1,60178.1,60125.3,60162.8
1782775620000,60140.4,60182.5,60138.5,60180.2
1782775680000,60182.5,60182.5,60125.3,60161.6
1782775740000,60162.2,60162.2,60122.8,60122.8
1782775800000,60150.4,60174.5,60113.4,60173.4
1782775860000,60139.2,60177.2,60127.4,60152.1
1782775920000,60152.2,60190.7,60141.9,60178.8
1782775980000,60173.7,60190,60132.2,60179.8
1782776040000,60192.2,60216.7,60150.4,60178.6
1782776100000,60150.4,60185.8,60143.5,60173.3
1782776160000,60172.4,60189.8,60130.1,60189.8
1782776220000,60189.9,60221.6,60165.1,60221.6
1782776280000,60224,60224,60176,60208.9
1782776340000,60208.3,60213.8,60174.5,60200.9
1782776400000,60186,60188.4,60139.2,60152
1782776460000,60151.7,60185,60141.4,60154.5
1782776520000,60154.6,60187,60153.9,60154
1782776580000,60154.1,60191.9,60154.1,60158.4
1782776640000,60157.9,60187.8,60143.3,60181.8
1782776700000,60179.8,60203.2,60147,60193.6
1782776760000,60194.2,60221.8,60175.5,60211
1782776820000,60216.2,60216.4,60158.6,60159
1782776880000,60199.5,60220.5,60159.3,60170.1
1782776940000,60170,60194.5,60136.6,60192.6
1782777000000,60162.8,60215.4,60162.8,60200.8
1782777060000,60192,60192,60134.4,60141
1782777120000,60141.1,60191.3,60132.8,60191.3
1782777180000,60158.7,60191.3,60135.2,60158.6
1782777240000,60158.2,60158.2,60115.2,60118.5
1782777300000,60118.4,60155.7,60111.7,60152.9
1782777360000,60138.9,60151.8,60137.9,60148.7
1782777420000,60149.3,60172.5,60112.1,60122.5
1782777480000,60151.3,60162.1,60114.7,60114.7
1782777540000,60135.5,60192.9,60135.5,60172
1782777600000,60181.9,60181.9,60085.6,60108.6
1782777660000,60108.7,60150.8,60088.3,60141.4
1782777720000,60140.4,60149,60092.6,60092.9
1782777780000,60093.2,60149.5,60093,60145.4
1782777840000,60143.8,60203.1,60088.5,60201.8
1782777900000,60185.6,60185.6,60093.3,60140.9
1782777960000,60141,60181.8,60100.6,60146.8
1782778020000,60139.2,60156.4,60088,60134.8
1782778080000,60135.8,60136.8,60089.2,60128.4
1782778140000,60107.7,60154.8,60083.1,60085.8
1782778200000,60085.7,60118.8,60042.2,60110.7
1782778260000,60109.7,60176.8,60072.3,60141
1782778320000,60153.4,60166,60105.4,60144.5
1782778380000,60150.8,60150.8,60072,60121.4
1782778440000,60086.6,60129.8,60075.4,60129.8
1782778500000,60129.8,60161.3,60062.2,60152.8
1782778560000,60141.1,60157.8,60103.5,60134.3
1782778620000,60134.2,60155.8,60109,60145.8
1782778680000,60145.1,60147.3,60086.4,60086.6
1782778740000,60086.7,60115.8,60044.2,60048.5
1782778800000,60048.6,60097.8,60010.5,60041.3
1782778860000,60041.2,60063.9,60004.3,60043.3
1782778920000,60044.8,60052.7,60004.1,60038.5
1782778980000,60037.7,60039.8,59960.8,59979
1782779040000,59979.1,60022.8,59978.6,60022.8
1782779100000,59999.2,60026.9,59969.9,60022.5
1782779160000,60017,60022.5,59975.7,60017.8
1782779220000,60017.5,60021.8,59943,59943.1
1782779280000,59975,59975.8,59842.2,59888.8
1782779340000,59869.7,59889.8,59806.8,59862.8
1782779400000,59866.6,59866.6,59724.2,59740.6
1782779460000,59783.1,59783.1,59645,59666.8
1782779520000,59673.6,59799.1,59584.5,59748.5
1782779580000,59723.5,59810.1,59698.1,59744.4
1782779640000,59744,59815.5,59719.3,59809.1
1782779700000,59804.8,59819.8,59749.7,59811.8
1782779760000,59817.8,59820.1,59712.4,59755.8
1782779820000,59746.2,59757.1,59677.3,59713.7
1782779880000,59740.3,59747.3,59663.2,59744.4
1782779940000,59742,59742.8,59615.3,59658.8
1782780000000,59656.3,59715.7,59602.7,59638.7
1782780060000,59602.4,59673.8,59593.1,59665.8
1782780120000,59658.9,59672.9,59597.2,59608.2
1782780180000,59638.7,59680.8,59608.1,59623.5
1782780240000,59655.6,59711.3,59618.5,59668.3
1782780300000,59699,59736.3,59644.1,59704.5
1782780360000,59704.9,59813.8,59703.5,59764.3
1782780420000,59764.4,59794.8,59703.9,59771.6
1782780480000,59740.4,59783.8,59729.6,59729.6
1782780540000,59729.8,59790.4,59715,59785.8
1782780600000,59751.6,59808.8,59656.9,59707.6
1782780660000,59713.2,59776.7,59682.9,59750.3
1782780720000,59751.8,59810.4,59751.7,59783.5
1782780780000,59782.1,59828.8,59753.5,59822.6
1782780840000,59822.4,59822.4,59732.2,59761
1782780900000,59769,59803.9,59741.4,59741.6
1782780960000,59741.7,59791.8,59717.7,59717.8
1782781020000,59717.6,59791.7,59713.7,59780.8
1782781080000,59779.8,59779.8,59727.6,59749.7
1782781140000,59778.9,59778.9,59723.8,59763.3
1782781200000,59725.5,59793.1,59715.7,59753
1782781260000,59755.2,59777.3,59714.9,59745.8
1782781320000,59745.6,59780.7,59682.3,59740.8
1782781380000,59739.8,59765,59669.1,59752.4
1782781440000,59745.4,59800.7,59710.1,59789.7
1782781500000,59782.4,59783.2,59727.1,59729.2
1782781560000,59729.7,59781.7,59717.8,59764.2
1782781620000,59738.4,59782.6,59683.4,59721.7
1782781680000,59720.1,59789.5,59660.7,59743.9
1782781740000,59749.4,59767.5,59675.7,59720.8
1782781800000,59719.9,59747.3,59681.3,59747.3
1782781860000,59747.5,59756,59695.6,59736.8
1782781920000,59741.6,59783.1,59712.3,59755.9
1782781980000,59750.9,59757.2,59671.7,59705.5
1782782040000,59707.8,59756.3,59674.5,59752.1
1782782100000,59747,59799.5,59694.1,59794.8
1782782160000,59794.3,59807,59750.5,59770.8
1782782220000,59773.6,59844.4,59759.3,59830.7
1782782280000,59813.5,59887.5,59765.7,59883.1
1782782340000,59877.6,59920,59848.5,59899.8
1782782400000,59908.2,59921,59855.4,59903.8
1782782460000,59886.3,59892.8,59803.9,59869.6
1782782520000,59871.1,59889.2,59814.9,59889.2
1782782580000,59888.7,59888.7,59820.9,59840.1
1782782640000,59867.7,59890.6,59830.4,59866
1782782700000,59831.8,59898,59814.7,59879.7
1782782760000,59878.3,59969.8,59832.6,59969.4
1782782820000,59946.6,59971.4,59910.5,59948.5
1782782880000,59954.8,59971.8,59900.3,59928
1782782940000,59968.8,59968.8,59927.7,59967.4
1782783000000,59968,59968,59909.7,59952.4
1782783060000,59924.1,59977.9,59921.2,59963.8
1782783120000,59929.5,59971.5,59921.5,59955.2
1782783180000,59955.8,59958.9,59899.8,59937.1
1782783240000,59937,59937,59877.9,59915.8
1782783300000,59915.5,59919,59877.8,59917.8
1782783360000,59911.2,59930.3,59884.7,59885
1782783420000,59884.9,59913.6,59810,59836.5
1782783480000,59845.8,59846.2,59722.1,59726.7
1782783540000,59727.2,59800.7,59723.4,59799.2
1782783600000,59800.5,59805.8,59703.2,59703.2
1782783660000,59704.9,59752,59682.2,59718.2
1782783720000,59721.4,59776,59716.3,59773
1782783780000,59773.4,59773.4,59728.1,59767.1
1782783840000,59765.7,59767.8,59721.3,59756.6
1782783900000,59757.2,59784.6,59740.5,59779.9
1782783960000,59780,59789.5,59753.7,59783.4
1782784020000,59787.8,59787.8,59735.6,59778.2
1782784080000,59781.8,59807.7,59755.2,59803.6
1782784140000,59789.4,59845.5,59782.8,59843.8
1782784200000,59845.8,59845.8,59777.3,59828.8
1782784260000,59827.6,59833.3,59784.3,59811
1782784320000,59815.3,59838.2,59796.4,59831
1782784380000,59832.8,59843.9,59810.1,59841.5
1782784440000,59844.8,59845,59804,59804.2
1782784500000,59804.3,59842.8,59798.2,59798.6
1782784560000,59830.5,59852,59792.2,59846.1
1782784620000,59852.4,59865.7,59821.3,59865.2
1782784680000,59835.6,59867.3,59835,59862.9
1782784740000,59864.7,59864.7,59827.1,59827.1
1782784800000,59827.3,59874.6,59802.2,59802.3
1782784860000,59802.2,59830.8,59779.1,59779.7
1782784920000,59779.4,59819.7,59778.8,59810.7
1782784980000,59778.3,59801.2,59766.7,59767.2
1782785040000,59767.1,59800.8,59761.8,59796.3
1782785100000,59798.3,59819.5,59764.1,59811.3
1782785160000,59795.5,59810.9,59775.1,59775.5
1782785220000,59775.5,59819.5,59775.4,59775.8
1782785280000,59776,59809.8,59765.4,59809.8
1782785340000,59776.1,59833.7,59776.1,59809.5
1782785400000,59809.4,59832.5,59767.3,59767.9
1782785460000,59809.8,59809.8,59726.5,59729.7
1782785520000,59730.1,59768.8,59675.1,59719.8
1782785580000,59675.1,59719.8,59658.4,59714.8
1782785640000,59712.8,59725.8,59658.4,59724.8
1782785700000,59714.7,59723.8,59651.9,59652.4
1782785760000,59652.3,59688.3,59652,59654.4
1782785820000,59654.3,59694.9,59633.8,59670.2
1782785880000,59692.4,59718.2,59654.7,59718.1
1782785940000,59699,59742.7,59688,59705.6
1782786000000,59702,59766.4,59702,59766.4
1782786060000,59767.6,59787.4,59729.8,59735.6
1782786120000,59737.6,59813.5,59726.6,59813.5
1782786180000,59812.6,59840.5,59772.8,59840.5
1782786240000,59833.6,59847.8,59788.6,59847.8
1782786300000,59848.7,59887.4,59810.6,59881.7
1782786360000,59864.4,59885,59843.3,59847.2
1782786420000,59879.1,59892.8,59846.7,59866.7
1782786480000,59866.6,59919.7,59850.5,59892.8
1782786540000,59892.2,59900.6,59875.2,59900
1782786600000,59893.6,59893.6,59829.5,59878.8
1782786660000,59866,59882.8,59829.2,59841.2
1782786720000,59841.1,59865.6,59803.6,59852.4
1782786780000,59856.3,59856.3,59810.4,59824.8
1782786840000,59824.9,59900.2,59824.5,59855.1
1782786900000,59856.5,59908.8,59848.4,59905.6
1782786960000,59906.5,59911.8,59862.1,59862.5
1782787020000,59862.4,59917.8,59862.2,59894.1
1782787080000,59894.2,59937.5,59888.3,59937.5
1782787140000,59938.7,59939.9,59910.6,59934
1782787200000,59937.5,59945.5,59906.9,59941.7
1782787260000,59945.5,59946.1,59910.8,59910.9
1782787320000,59911,59944.3,59905.3,59939.7
1782787380000,59937.7,59937.7,59902.7,59902.7
1782787440000,59930.7,59941.2,59902.8,59930.4
1782787500000,59937,59945.1,59906,59940.5
1782787560000,59942.7,59947.6,59907.2,59947.2
1782787620000,59947.8,59953.7,59915.3,59918.3
1782787680000,59954.9,59965.6,59918,59954.9
1782787740000,59958,59965.2,59923.9,59926.8
1782787800000,59926,59959.6,59916.2,59945.7
1782787860000,59950.4,59952.8,59910.2,59952.8
1782787920000,59954.1,59956.5,59915.2,59947.6
1782787980000,59950.6,59965.2,59918.4,59958.9
1782788040000,59956.2,59956.2,59915.5,59951.1
1782788100000,59952.3,59952.3,59910.8,59910.9
1782788160000,59910.5,59932.5,59879.4,59881
1782788220000,59879.8,59917.6,59878.9,59902.2
1782788280000,59899.9,59900,59833.5,59866.9
1782788340000,59864.4,59892.8,59819.4,59832.7
1782788400000,59832.9,59875.7,59829.6,59831.6
1782788460000,59831.7,59895.8,59831.6,59843.3
1782788520000,59842.8,59897.8,59834.4,59854.5
1782788580000,59854.6,59901.3,59838.3,59838.5
1782788640000,59838.6,59886.7,59824.2,59825.5
1782788700000,59825.7,59870.5,59825.2,59857.5
1782788760000,59825.8,59894.8,59825.8,59851.2
1782788820000,59851.3,59888,59835.4,59835.4
1782788880000,59857,59863.2,59744,59746.5
1782788940000,59746.6,59827.1,59746.6,59790.8
1782789000000,59790.6,59846.6,59774.2,59797.8
1782789060000,59797.6,59839,59797.2,59801.2
1782789120000,59800.8,59852.7,59800.8,59840.6
1782789180000,59807.6,59847.5,59798.4,59805.8
1782789240000,59806.1,59850.3,59772.7,59817.4
1782789300000,59822.3,59833.2,59774.8,59822.6
1782789360000,59825.6,59879.2,59786.1,59879.2
1782789420000,59874.7,59902.8,59847.9,59902.8
1782789480000,59896.8,59913,59870.6,59913
1782789540000,59886.4,59938.4,59886.4,59932.1
1782789600000,59914.9,59935.5,59893.7,59896.4
1782789660000,59896,59924.3,59856.9,59856.9
1782789720000,59857,59902.4,59828.6,59828.9
1782789780000,59828.8,59860.4,59792.6,59794.3
1782789840000,59820.2,59820.2,59708.2,59708.3
1782789900000,59708.2,59754.6,59692.9,59732.7
1782789960000,59732.6,59779.8,59729.7,59745.7
1782790020000,59767.4,59786.3,59732.9,59743.6
1782790080000,59743.9,59785.2,59740.7,59745.4
1782790140000,59745.5,59784.4,59737.2,59768.1
1782790200000,59737.5,59764.4,59710.8,59712.3
1782790260000,59712.2,59739.5,59683.1,59715.4
1782790320000,59683.8,59733.3,59671.9,59671.9
1782790380000,59670.8,59718.1,59649.4,59649.7
1782790440000,59649.8,59691.4,59625,59685.8
1782790500000,59682.5,59690.7,59638.4,59650.4
1782790560000,59650.4,59700.2,59649.8,59667.1
1782790620000,59667.2,59701.8,59635.4,59652
1782790680000,59651.9,59692.8,59640,59651.5
1782790740000,59681.5,59681.5,59621.8,59643.6
1782790800000,59643.5,59677.6,59643.1,59647.7
1782790860000,59647.8,59677.7,59630.8,59630.9
1782790920000,59631.1,59684.8,59619.8,59620.9
1782790980000,59621,59670.8,59620.4,59620.8
1782791040000,59621.1,59648.5,59620.6,59648.5
1782791100000,59620.4,59646.8,59588.8,59591.7
1782791160000,59590.1,59606.6,59505.4,59517.1
1782791220000,59516.5,59583.8,59503.8,59583.8
1782791280000,59576.3,59612.8,59543.4,59543.8
1782791340000,59544,59585.6,59543.4,59554.4
1782791400000,59587.5,59617.8,59554.6,59593.3
1782791460000,59566.9,59596.4,59555.2,59561.5
1782791520000,59561.6,59591.8,59555.1,59555.2
1782791580000,59555,59583.6,59504.1,59508.1
1782791640000,59504.4,59538.2,59489.8,59535.5
1782791700000,59504.5,59533.8,59472,59484.4
1782791760000,59529,59557.8,59491.3,59504
1782791820000,59503.9,59535.2,59485.4,59502.3
1782791880000,59502.3,59558,59502.3,59540.3
1782791940000,59555.8,59555.8,59492.1,59499.3
1782792000000,59500.2,59544.8,59479.5,59479.5
1782792060000,59511.1,59519.5,59466.9,59498
1782792120000,59507.9,59509.4,59440.5,59440.9
1782792180000,59440.8,59509.8,59427.5,59443.7
1782792240000,59444.1,59484.1,59431.8,59472.6
1782792300000,59452,59463.3,59413.7,59451.7
1782792360000,59487.8,59488.4,59391.9,59392.2
1782792420000,59392.1,59419.8,59357.7,59362.4
1782792480000,59362.6,59393.1,59324.9,59347.3
1782792540000,59347.2,59402.8,59346.3,59346.9
1782792600000,59347.1,59376.7,59305.3,59306.7
1782792660000,59306.6,59388.3,59306.1,59388.3
1782792720000,59359.8,59493.2,59359.8,59493.2
1782792780000,59495.3,59495.3,59416.4,59417
1782792840000,59416.9,59472.4,59416.7,59472
1782792900000,59446,59468.9,59396.9,59397
1782792960000,59397.1,59428.1,59360.6,59360.7
1782793020000,59360.8,59409.8,59349.3,59349.9
1782793080000,59349.8,59422.8,59349.8,59368.3
1782793140000,59368.4,59396.9,59338.4,59338.6
1782793200000,59338.7,59366,59310.1,59341.1
1782793260000,59341.2,59408.8,59341.2,59374.1
1782793320000,59406.2,59408.8,59363.4,59365.2
1782793380000,59364.2,59453.8,59357,59436
1782793440000,59426.8,59426.8,59353.3,59392.6
1782793500000,59394.4,59427.6,59373,59394.3
1782793560000,59394.4,59446.5,59394.1,59409.5
1782793620000,59409.4,59455.8,59409.4,59449.5
1782793680000,59448.1,59483.6,59428,59481
1782793740000,59484.8,59493.5,59432.4,59432.7
1782793800000,59434.9,59528.3,59432,59517.3
1782793860000,59517.8,59545.8,59458.8,59496.7
1782793920000,59497.1,59558.8,59497.1,59510.5
1782793980000,59510.6,59553,59510,59519.8
1782794040000,59519.7,59574.6,59514,59535.5
1782794100000,59563.3,59600.8,59529.3,59550.3
1782794160000,59550.4,59611.8,59533.6,59534.3
1782794220000,59534.2,59570,59519.2,59519.6
1782794280000,59519.5,59554.4,59508,59509.8
1782794340000,59543.1,59543.1,59480.8,59482.2
1782794400000,59482.1,59512.7,59447.8,59457.4
1782794460000,59457.7,59519.4,59431.9,59434
1782794520000,59429.2,59481.9,59425.8,59426.1
1782794580000,59426.1,59470,59414.8,59435.6
1782794640000,59435.7,59518.8,59435.3,59490.9
1782794700000,59490.5,59518.1,59442.6,59452.1
1782794760000,59452.5,59483.2,59442.1,59452
1782794820000,59451.9,59484.9,59417.3,59418.1
1782794880000,59418,59458,59404.6,59415.9
1782794940000,59416.7,59457.2,59415,59424
1782795000000,59423.6,59457.7,59411.5,59456.2
1782795060000,59456.1,59464,59411.9,59411.9
1782795120000,59411.8,59444.5,59381.8,59388.4
1782795180000,59389,59430.8,59387.6,59417.6
1782795240000,59397.6,59398.8,59345.1,59353.8
1782795300000,59353.9,59384.2,59326.5,59360.3
1782795360000,59326.6,59391.8,59326.4,59376.6
1782795420000,59338.7,59418.9,59338.7,59404.8
1782795480000,59398.7,59423.8,59369.6,59414.3
1782795540000,59418.2,59424.8,59366.5,59397.4
1782795600000,59400.1,59433.6,59356.8,59433.6
1782795660000,59409.5,59441,59372.7,59375.9
1782795720000,59406.5,59408.3,59354.7,59370.1
1782795780000,59370.2,59405.3,59358.7,59365.7
1782795840000,59386,59430.8,59343.1,59428.1
1782795900000,59430.7,59430.7,59368,59419.7
1782795960000,59418.7,59418.7,59349.2,59383.4
1782796020000,59349.7,59391.3,59332.1,59362.2
1782796080000,59332.2,59365.8,59322.4,59331.1
1782796140000,59331.2,59372.9,59330.6,59339.9
1782796200000,59339.5,59371.7,59330.4,59330.5
1782796260000,59360.8,59360.8,59283.7,59310.2
1782796320000,59276.5,59341.8,59250.2,59294.7
1782796380000,59299.5,59326.9,59261.4,59326.9
1782796440000,59323,59350.1,59297.7,59317.1
1782796500000,59337.8,59351.5,59287.6,59317
1782796560000,59324.8,59324.8,59273,59275
1782796620000,59275.1,59304.3,59260,59271.1
1782796680000,59269.9,59330.1,59269.7,59320.6
1782796740000,59321.3,59321.3,59276.9,59308.8
1782796800000,59277.2,59353.1,59277.2,59315.9
1782796860000,59315.2,59359.6,59315.2,59349.1
1782796920000,59347.9,59355.9,59311.5,59355.9
1782796980000,59360.7,59371.1,59322.3,59359.8
1782797040000,59362.7,59414.8,59323.2,59406
1782797100000,59413.4,59413.4,59332.4,59332.4
1782797160000,59363.2,59366.3,59295.4,59327.2
1782797220000,59298.1,59321.6,59265.2,59265.2
1782797280000,59265.8,59297.4,59256.9,59257.4
1782797340000,59257.6,59306.3,59257.4,59268.3
1782797400000,59268.2,59320.2,59249.6,59310.8
1782797460000,59311.2,59333.8,59259.8,59304.6
1782797520000,59272.5,59327.8,59259.5,59293.2
1782797580000,59260.6,59332.8,59259.4,59309.4
1782797640000,59277.9,59312,59264.7,59310.3
1782797700000,59311.4,59312.8,59261.2,59261.2
1782797760000,59260.8,59302.8,59241.2,59286.6
1782797820000,59279.4,59308.8,59245.2,59264.2
1782797880000,59264.3,59348.9,59264.3,59348.9
1782797940000,59348.4,59358.2,59306.1,59348.9
1782798000000,59317.1,59423.1,59305.2,59423.1
1782798060000,59384.8,59472.7,59384.8,59458.3
1782798120000,59458.5,59480.8,59420.1,59431.4
1782798180000,59471.4,59490.8,59436.6,59437
1782798240000,59437.3,59491.8,59437.3,59486.8
1782798300000,59482.4,59499.5,59435,59466
1782798360000,59435.8,59506,59435.8,59469.4
1782798420000,59469.3,59509.8,59456.7,59468
1782798480000,59467.9,59530,59467.9,59525.2
1782798540000,59527.9,59531.3,59472.8,59531.3
1782798600000,59529.7,59530.8,59461.4,59461.5
1782798660000,59461.6,59510.8,59451.1,59451.5
1782798720000,59481.9,59494.8,59451,59491.8
1782798780000,59482,59503.8,59452.8,59500.8
1782798840000,59486.2,59524.2,59443.8,59524.2
1782798900000,59497.5,59565.8,59497.5,59533.8
1782798960000,59502.2,59559.8,59502.2,59517.5
1782799020000,59517.6,59548,59511.3,59543.4
1782799080000,59544.7,59554.7,59518.6,59525
1782799140000,59524.9,59575.8,59513.1,59526.4
1782799200000,59526.5,59584.8,59513.4,59513.4
1782799260000,59513.3,59540.3,59481.7,59501.2
1782799320000,59476,59498.1,59467.2,59467.6
1782799380000,59467.5,59510.8,59467.2,59467.3
1782799440000,59467.2,59502,59441,59493.6
1782799500000,59498,59498.1,59436.4,59474.7
1782799560000,59472.9,59485.8,59434.2,59476
1782799620000,59478.4,59478.4,59434.1,59434.2
1782799680000,59464.1,59484.8,59424.9,59482.8
1782799740000,59457.4,59469.8,59431.2,59468.8
1782799800000,59468.8,59468.8,59423.4,59424
1782799860000,59424.1,59457.4,59423.6,59423.6
1782799920000,59423.5,59457.3,59423.4,59425.6
1782799980000,59459.3,59484.1,59425.6,59445.4
1782800040000,59445.5,59476.9,59443.8,59444.7
1782800100000,59444.6,59488.3,59444.4,59449.4
1782800160000,59449.2,59471.8,59423.7,59423.9
1782800220000,59423.8,59465,59419.5,59431.6
1782800280000,59431.5,59462.6,59410.1,59451.9
1782800340000,59423.8,59488.8,59423.4,59487.1
1782800400000,59478.5,59478.5,59411,59411.2
1782800460000,59411.3,59455.8,59393.5,59455.8
1782800520000,59448.1,59468.8,59408.3,59422
1782800580000,59421.6,59494.4,59405.3,59463
1782800640000,59462.9,59495.8,59423.5,59489.9
1782800700000,59485.9,59485.9,59416.7,59416.9
1782800760000,59417,59451.3,59416.6,59417.9
1782800820000,59461.8,59592.8,59445,59577.4
1782800880000,59546.3,59585.6,59521.6,59577.6
1782800940000,59577.1,59628.8,59543.7,59575.9
1782801000000,59575.6,59638.8,59530.5,59530.5
1782801060000,59530.2,59573.8,59520.7,59528.7
1782801120000,59528.8,59558,59499.5,59506.8
1782801180000,59506.7,59536.5,59468,59508.8
1782801240000,59474.9,59508.8,59439.8,59453.6
1782801300000,59453.7,59503.8,59426.9,59437.7
1782801360000,59438.1,59557.8,59438.1,59555.1
1782801420000,59522.2,59549.6,59445.1,59451.8
1782801480000,59451.7,59484.6,59449.2,59452.1
1782801540000,59452.7,59502.8,59452.1,59452.8
1782801600000,59453.1,59500.8,59448.5,59453.4
1782801660000,59482.8,59494.8,59438.3,59448.6
1782801720000,59448.5,59481.3,59435.1,59441.3
1782801780000,59441.1,59513.5,59439.8,59489.1
1782801840000,59492.3,59532.8,59444,59489.8
1782801900000,59487,59493.8,59431.6,59438.8
1782801960000,59439.3,59478.8,59438.4,59439.4
1782802020000,59439.5,59500.1,59439.4,59458
1782802080000,59458.1,59507.8,59456.8,59469.9
1782802140000,59470,59527.8,59469.9,59482.4
1782802200000,59482.3,59521.8,59461,59461
1782802260000,59461.1,59510.8,59451.8,59458.5
1782802320000,59491.5,59496.7,59443.5,59443.5
1782802380000,59443.6,59474.2,59438.8,59439.1
1782802440000,59439.7,59473.5,59438.7,59439.3
1782802500000,59439.2,59496.2,59438.8,59486
1782802560000,59488.8,59506.1,59452.5,59452.6
1782802620000,59452.5,59503.4,59452.4,59478.8
1782802680000,59482,59508.8,59458.6,59492.2
1782802740000,59491.6,59516.8,59458.8,59475
1782802800000,59475.1,59510.8,59458.7,59461.5
1782802860000,59461.3,59534.1,59461.3,59529.4
1782802920000,59532.8,59556.8,59490.4,59490.4
1782802980000,59519.9,59543.8,59467.9,59506.6
1782803040000,59526.9,59539.8,59464.9,59469.2
1782803100000,59494.8,59504.4,59436,59436.7
1782803160000,59436.5,59490,59436.1,59441.4
1782803220000,59471.4,59480.8,59427.8,59476.2
1782803280000,59479.7,59479.7,59389.2,59394.4
1782803340000,59414.9,59416.1,59344.8,59410.3
1782803400000,59390.8,59408.2,59341.8,59349.1
1782803460000,59348.7,59394.8,59339.9,59339.9
1782803520000,59370.9,59383.3,59328.1,59335.6
1782803580000,59335.5,59421.9,59335.4,59420.8
1782803640000,59401.9,59418.8,59371.6,59372.8
1782803700000,59373,59434.8,59373,59430.5
1782803760000,59431.7,59448.5,59403.5,59447
1782803820000,59416.2,59459.7,59409.1,59416.3
1782803880000,59416.2,59454.8,59372,59375.7
1782803940000,59375.6,59423.8,59365.4,59423.8
1782804000000,59413.8,59422.8,59355.4,59397.6
1782804060000,59401.1,59414.8,59364.6,59404.3
1782804120000,59414.8,59414.8,59356.3,59401.8
1782804180000,59404.3,59407.8,59368.3,59371.8
1782804240000,59372,59436.3,59371.9,59434.8
1782804300000,59430.6,59462.5,59409.3,59409.8
1782804360000,59409.9,59492.8,59409.9,59440.3
1782804420000,59469.5,59485.8,59329,59340.2
1782804480000,59338.2,59409.3,59332,59407.4
1782804540000,59374.5,59400.2,59349.1,59351
1782804600000,59351.2,59458.8,59351.1,59449.5
1782804660000,59447.9,59477.1,59409.8,59413.8
1782804720000,59413.7,59463.8,59404.3,59455.7
1782804780000,59456.1,59456.1,59406.9,59407.9
1782804840000,59437.6,59446.1,59404.5,59408.2
1782804900000,59439.9,59479.2,59408.4,59479.2
1782804960000,59483.3,59492.1,59398,59422.3
1782805020000,59416.7,59421.9,59361.5,59380.3
1782805080000,59383.7,59442,59383.7,59394.2
1782805140000,59418.8,59433.5,59359.1,59394.7
1782805200000,59395.5,59430.8,59368.2,59399.3
1782805260000,59409.8,59409.8,59355.8,59409.8
1782805320000,59401.8,59456.4,59382.6,59455.9
1782805380000,59454.4,59486.8,59407.6,59416.5
1782805440000,59416.6,59459.4,59396.1,59399.7
1782805500000,59433.5,59441.7,59385.7,59405.7
1782805560000,59405.6,59470.8,59405.6,59441.8
1782805620000,59407.7,59478.1,59407.7,59460.8
1782805680000,59428.5,59466.6,59409.1,59409.4
1782805740000,59409.5,59457.8,59409.1,59444.8
1782805800000,59439.3,59439.3,59369.9,59370.2
1782805860000,59370.3,59424.8,59370.2,59408.4
1782805920000,59407.7,59420.8,59354.7,59411.4
1782805980000,59382.1,59426.8,59364.7,59407.9
1782806040000,59404.5,59460.8,59370.9,59410
1782806100000,59410.1,59458.8,59395.8,59453.6
1782806160000,59457.7,59464.8,59419.4,59463.8
1782806220000,59450.4,59458.8,59409.7,59458.8
1782806280000,59425.1,59460.8,59417.6,59460.8
1782806340000,59459.1,59459.1,59407.3,59445
1782806400000,59408.8,59473,59408.7,59423.3
1782806460000,59423.4,59474.8,59423.1,59470.8
1782806520000,59469.4,59475.6,59412.5,59441
1782806580000,59412.7,59450.8,59390.7,59450.8
1782806640000,59443.9,59462.8,59395.9,59412.7
1782806700000,59444.5,59463.8,59412.4,59420.8
1782806760000,59450.3,59456.1,59387.2,59387.3
1782806820000,59387.2,59460.8,59374.4,59449.9
1782806880000,59450.4,59454.8,59387.7,59387.9
1782806940000,59387.8,59416.8,59361.1,59362.6
1782807000000,59394.7,59454.8,59361.6,59439.2
1782807060000,59435.7,59436.1,59397.8,59398.4
1782807120000,59432.3,59432.3,59358.9,59359.6
1782807180000,59358.9,59391.8,59327,59364.8
1782807240000,59364.8,59372.8,59314,59315.7
1782807300000,59314.7,59343,59275.7,59276
1782807360000,59276.1,59345.8,59266,59295.3
1782807420000,59328.4,59340.8,59282.4,59326.2
1782807480000,59324.2,59330.7,59279.8,59327
1782807540000,59296.7,59354.8,59296.7,59344.4
1782807600000,59341.3,59357.8,59293.7,59293.9
1782807660000,59293.7,59350.8,59272.6,59273.5
1782807720000,59272.8,59333.8,59269.3,59269.3
1782807780000,59268.8,59349.5,59261.1,59348
1782807840000,59343.7,59357.3,59300.1,59300.2
1782807900000,59300.3,59367.8,59300.3,59333.8
1782807960000,59307.6,59334.3,59272.5,59279.4
1782808020000,59279.2,59308.8,59251.1,59302.6
1782808080000,59298.8,59322.6,59272.6,59319.8
1782808140000,59286.3,59340.5,59282,59325.1
1782808200000,59329.3,59349.8,59299.7,59332.1
1782808260000,59322.4,59354.5,59268.5,59315.4
1782808320000,59282.3,59331.3,59263.1,59263.8
1782808380000,59263.7,59297.5,59248.1,59281.7
1782808440000,59248.7,59282.5,59197.2,59205.3
1782808500000,59205.4,59245,59166.3,59184.2
1782808560000,59198.6,59233.8,59110.4,59153.8
1782808620000,59159.8,59185,59095.5,59145.5
1782808680000,59148.4,59185.4,59084.8,59152.5
1782808740000,59193.8,59193.8,59112.1,59188.8
1782808800000,59187.8,59203.5,59133.9,59145.4
1782808860000,59145.5,59183.8,59124,59162.7
1782808920000,59159.6,59198.8,59121.9,59169.9
1782808980000,59172.2,59194.1,59116.2,59157.5
1782809040000,59190,59224.3,59149.8,59203.8
1782809100000,59196.6,59208.4,59079.9,59134
1782809160000,59138.8,59176.8,59104.5,59159
1782809220000,59159.8,59211.8,59115.3,59184.9
1782809280000,59191.8,59192,59111.6,59174.2
1782809340000,59175.5,59210.8,59123.2,59164.5
1782809400000,59195.8,59219.8,59120.8,59149.6
1782809460000,59150.8,59196.8,59129.6,59180.9
1782809520000,59188.8,59216.6,59139.1,59195.7
1782809580000,59203.8,59214.8,59148.4,59206.6
1782809640000,59202,59297.5,59162.1,59243.3
1782809700000,59247.2,59280.8,59151.3,59198.6
1782809760000,59166.5,59204.8,59147.7,59202.2
1782809820000,59201.2,59238.5,59163.1,59177.3
1782809880000,59177.8,59245.3,59177.8,59244.8
1782809940000,59245.3,59252.8,59199.7,59200
1782810000000,59199.6,59246.7,59177.6,59216.3
1782810060000,59216.6,59245.3,59187.8,59209.3
1782810120000,59193.9,59289.8,59193.9,59280.1
1782810180000,59279.2,59295.8,59243.3,59244.4
1782810240000,59277.3,59320.9,59243.8,59281.2
1782810300000,59281,59320.8,59265.9,59300.9
1782810360000,59299.8,59299.8,59255.2,59280.7
1782810420000,59247.8,59282.8,59226.7,59272.8
1782810480000,59254.9,59254.9,59187.1,59228.5
1782810540000,59230.1,59231.8,59214.7,59228.8
1782810600000,59223,59229.8,59168.7,59209.8
1782810660000,59208,59232.8,59186.6,59203
1782810720000,59202.2,59267.3,59192.6,59235.8
1782810780000,59275.8,59286.9,59216.3,59220.5
1782810840000,59220.7,59271.8,59220.6,59266
1782810900000,59264.8,59294.8,59230.5,59285.5
1782810960000,59284.3,59292.8,59210.1,59210.3
1782811020000,59210.2,59243.8,59191.5,59229.3
1782811080000,59222.2,59237.2,59171.3,59200.2
1782811140000,59200,59272.8,59200,59272.1
1782811200000,59266,59280.5,59158,59180.8
1782811260000,59153.5,59239.7,59153.5,59239.7
1782811320000,59240.8,59244,59186.8,59193.9
1782811380000,59194.1,59244.8,59194,59230.2
1782811440000,59201.5,59254.3,59201.5,59253.7
1782811500000,59257.8,59272.4,59223.6,59255.3
1782811560000,59250,59263.8,59200.7,59246.8
1782811620000,59250.8,59253.8,59177.6,59208.1
1782811680000,59238.1,59238.1,59186.7,59237.8
1782811740000,59237.1,59242.8,59182.4,59221.6
1782811800000,59221.3,59236.3,59160.3,59190.3
1782811860000,59160.5,59212.1,59135.2,59180.5
1782811920000,59214.9,59221.8,59145,59157.5
1782811980000,59190.6,59196.6,59157.3,59193.8
1782812040000,59160.4,59208.8,59159.3,59177.3
1782812100000,59209.4,59246.8,59164,59240.5
1782812160000,59223.3,59267.8,59188.3,59234.3
1782812220000,59229.8,59259.3,59214.3,59214.6
1782812280000,59214.7,59265.3,59193.4,59197.4
1782812340000,59196.7,59255.8,59196.7,59254.8
1782812400000,59232,59272.1,59217.5,59224.9
1782812460000,59224.7,59292.3,59224.6,59242.8
1782812520000,59284.8,59312.8,59235.3,59312.8
1782812580000,59312,59313.8,59226.2,59281.4
1782812640000,59282.8,59283.2,59253.2,59282.5
1782812700000,59288.8,59290.5,59244.4,59254.1
1782812760000,59254,59293.8,59252.8,59286.6
1782812820000,59292.8,59303.3,59271.6,59302.9
1782812880000,59301.4,59302.9,59249.9,59296.8
1782812940000,59294.1,59304.8,59282.6,59304.8
1782813000000,59313.9,59339,59288.5,59331.3
1782813060000,59327.4,59342.8,59291.2,59342.8
1782813120000,59304.2,59335.9,59271,59306.2
1782813180000,59309.4,59321.8,59272.2,59272.4
1782813240000,59272.5,59305.9,59264.7,59264.7
1782813300000,59264.6,59297.1,59251,59254.7
1782813360000,59254.7,59307.8,59254.7,59303.8
1782813420000,59262.4,59300.8,59257.8,59297.8
1782813480000,59280,59307,59255.3,59305.9
1782813540000,59306.2,59306.2,59258.3,59302.8
1782813600000,59300.8,59316.8,59265.5,59281.1
1782813660000,59314.1,59324.8,59277.1,59282.3
1782813720000,59282.2,59323.8,59275.1,59309.2
1782813780000,59306.4,59318.8,59268.6,59268.7
1782813840000,59268.6,59305.8,59257.6,59294.8
1782813900000,59293.8,59293.8,59225.9,59272.3
1782813960000,59255.4,59297.8,59233.8,59297.8
1782814020000,59297.9,59333.4,59273.6,59293.9
1782814080000,59293.8,59337.8,59285.5,59333.8
1782814140000,59327,59330.4,59251.4,59251.5
1782814200000,59251.4,59275.5,59198.9,59241.8
1782814260000,59242.1,59273,59216.8,59263.8
1782814320000,59265.7,59278.1,59233.8,59272
1782814380000,59270.2,59282.1,59270.2,59282.1
1782814440000,59265,59303.8,59235.3,59255.8
1782814500000,59280.7,59317.9,59255.8,59269.8
1782814560000,59269.7,59330.8,59261.9,59322.6
1782814620000,59291.8,59344.2,59287.9,59313.1
1782814680000,59321.9,59321.9,59254.3,59285.4
1782814740000,59254.4,59313.9,59252.5,59262.3
1782814800000,59261.9,59308.1,59246.4,59289.8
1782814860000,59284.9,59303.3,59223.7,59224
1782814920000,59264.5,59283.7,59223.9,59283
1782814980000,59278.3,59286.8,59218,59268.1
1782815040000,59271.3,59286.8,59271.3,59277.3
1782815100000,59278,59309.5,59235.7,59302.7
1782815160000,59301,59301,59247.7,59252.5
1782815220000,59252.6,59292,59251.6,59252.1
1782815280000,59284.6,59286.2,59251.6,59252.3
1782815340000,59252.2,59286.9,59251.3,59252.3
1782815400000,59252.4,59291.8,59250.6,59277.8
1782815460000,59277.6,59281.4,59231.6,59281.4
1782815520000,59280.5,59294.1,59238.9,59294.1
1782815580000,59292.4,59297.8,59222,59222.7
1782815640000,59223.2,59283.6,59223.2,59276.7
1782815700000,59274,59280.8,59217,59217.2
1782815760000,59217.1,59249.4,59174.3,59202.1
1782815820000,59181.4,59228.8,59174.1,59228.8
1782815880000,59225,59239.8,59182.4,59192.9
1782815940000,59193,59248.8,59183.2,59229.6
1782816000000,59237.8,59253.8,59206.9,59237.2
1782816060000,59238.6,59252.8,59206.4,59243.5
1782816120000,59246.8,59258.8,59207,59218.1
1782816180000,59218.2,59262.4,59206.7,59250.2
1782816240000,59226.6,59265.8,59212.8,59222.2
1782816300000,59222.3,59254.8,59198.7,59239.4
1782816360000,59243.4,59254,59242.5,59254
1782816420000,59257.3,59292.8,59227.5,59275.8
1782816480000,59275.6,59291.5,59232.4,59244.6
1782816540000,59244.8,59278.8,59216.2,59248.5
1782816600000,59255.8,59255.8,59174.1,59241.7
1782816660000,59244.8,59247.8,59191.4,59244.8
1782816720000,59243.8,59251.8,59191,59191
1782816780000,59191.1,59268.2,59191,59227.4
1782816840000,59227.2,59270,59220,59265.4
1782816900000,59246.8,59278.7,59206.7,59278.3
1782816960000,59278.6,59292.4,59245.8,59287.5
1782817020000,59254.7,59319.8,59254.6,59318.1
1782817080000,59319.5,59319.5,59262.8,59262.9
1782817140000,59262.8,59296.8,59214.6,59215
1782817200000,59215.5,59258.1,59204.3,59214.6
1782817260000,59214.7,59251,59214.6,59217.5
1782817320000,59217.6,59296.2,59217,59262.9
1782817380000,59262.8,59289.8,59244.7,59245.1
1782817440000,59245.2,59317.2,59245.2,59277.3
1782817500000,59277.5,59314.2,59257.8,59314.2
1782817560000,59314.2,59340.8,59279.4,59318.9
1782817620000,59320.3,59329.8,59260.4,59313.6
1782817680000,59319.7,59320.7,59260.3,59297.3
1782817740000,59303.8,59321.5,59270.3,59321.5
1782817800000,59320.2,59326.3,59270.3,59317.1
1782817860000,59319.8,59328.6,59273.4,59273.6
1782817920000,59273.5,59318.8,59272.2,59310.1
1782817980000,59307,59323.8,59270.6,59271.3
1782818040000,59270.9,59304.4,59269.9,59302.2
1782818100000,59270.8,59307.9,59259.4,59259.4
1782818160000,59259,59292.6,59242.6,59285.8
1782818220000,59281.7,59284.8,59220.2,59262.8
1782818280000,59253.8,59266.8,59191.7,59231.1
1782818340000,59234.7,59246.8,59196.4,59198.4
1782818400000,59198.7,59261.8,59198.1,59202.6
1782818460000,59202.7,59236.7,59188.8,59199.9
1782818520000,59200.1,59232,59162.5,59179.6
1782818580000,59209,59212.1,59150.8,59159
1782818640000,59158.9,59195.8,59138.3,59145.2
1782818700000,59175.1,59186.8,59121,59142.6
1782818760000,59142.7,59175,59098.9,59117.5
1782818820000,59118,59151.8,59080.9,59108.6
1782818880000,59107.9,59180.8,59106.7,59106.8
1782818940000,59106.9,59151.8,59096.1,59145.2
1782819000000,59146.8,59184.8,59106.6,59149.9
1782819060000,59151.9,59200.8,59097.1,59097.9
1782819120000,59128.6,59139.8,59034.3,59035.4
1782819180000,59035.3,59080.8,59008.3,59009.3
1782819240000,59009.3,59060.2,59009.3,59021.8
1782819300000,59021.9,59114.8,59021.1,59104.8
1782819360000,59106.2,59153.8,59064.7,59065.8
1782819420000,59065.6,59119.8,59035.3,59070.1
1782819480000,59070.2,59135.8,59057.4,59057.4
1782819540000,59057.3,59111.8,59049.2,59070.3
1782819600000,59070.4,59121.7,59069.4,59083
1782819660000,59083.1,59157.8,59082.9,59125
1782819720000,59157.2,59194.8,59105.2,59112.2
1782819780000,59112.5,59183.3,59112.1,59143.6
1782819840000,59156.5,59185.7,59121.2,59174.8
1782819900000,59129.1,59218.6,59129.1,59213.8
1782819960000,59209.8,59213.4,59127.1,59157
1782820020000,59157.2,59189,59146.5,59150.8
1782820080000,59150.6,59233.8,59150.6,59184.2
1782820140000,59215.5,59233.8,59169.1,59169.2
1782820200000,59169.1,59232.8,59153.6,59196.5
1782820260000,59196.4,59228.8,59188.4,59190
1782820320000,59218.5,59249.8,59182.1,59241.8
1782820380000,59239.7,59247.8,59126.6,59126.6
1782820440000,59155.3,59166.8,59078.6,59145.7
1782820500000,59125.1,59149.8,59042.8,59087.3
1782820560000,59086.5,59122.8,59037.5,59057.5
1782820620000,59059.5,59096.5,59045.4,59054.9
1782820680000,59054.8,59101,59045.1,59057.6
1782820740000,59089.9,59125.4,59056.8,59104.8
1782820800000,59104.2,59106.4,59030.2,59032.6
1782820860000,59033,59080.7,59002.6,59063.8
1782820920000,59064.4,59081.8,58974.9,58977
1782820980000,59009.1,59024.8,58945.1,58947.4
1782821040000,58947.9,58997.8,58938.6,58945
1782821100000,58945.1,58997.8,58931.6,58983.2
1782821160000,58986.8,59015.8,58880.7,58892.4
1782821220000,58893.7,59005.8,58891.5,58893.6
1782821280000,58893.9,58934.3,58884.3,58893.6
1782821340000,58893.4,58999.8,58893.4,58924.1
1782821400000,58924,59013.8,58912.6,58961.7
1782821460000,58961.6,59034.8,58935.7,59015.9
1782821520000,58995.6,59027.8,58958.7,58983.6
1782821580000,58983.7,59013.8,58929.2,58936.8
1782821640000,58937,58973.1,58892.5,58896.5
1782821700000,58896.6,58971,58895.9,58945.1
1782821760000,58943.1,58983.8,58895.5,58957.9
1782821820000,58954,58995.8,58912.2,58924.9
1782821880000,58924.7,58994.8,58923.5,58945.5
1782821940000,58945.6,58977.1,58911.8,58918.7
1782822000000,58918.6,58965.8,58840.4,58888.2
1782822060000,58894.8,58895.8,58827.7,58883.7
1782822120000,58888.5,58893.8,58807.3,58824.5
1782822180000,58824.6,58876.8,58755.9,58778.3
1782822240000,58783.1,58801.8,58731.8,58735.1
1782822300000,58735,58785,58644.2,58690
1782822360000,58720.9,58752.8,58650.9,58675.3
1782822420000,58674.9,58850.8,58668.4,58810.4
1782822480000,58773,58803.6,58722.3,58756.4
1782822540000,58789.4,58814.8,58729.3,58783.9
1782822600000,58783.6,58813,58716.4,58716.4
1782822660000,58716.8,58804.8,58700.3,58705
1782822720000,58704.8,58782.6,58682.4,58721.4
1782822780000,58721.4,58777.5,58683.6,58717.3
1782822840000,58685.8,58755.8,58653.2,58712.2
1782822900000,58708.7,58768.8,58673.5,58692.1
1782822960000,58692.2,58778.6,58683.1,58718.6
1782823020000,58718.5,58787.8,58690.8,58743.6
1782823080000,58748.1,58767.8,58686.8,58722.4
1782823140000,58690,58775.8,58682.5,58743.6
1782823200000,58743.2,58794.8,58722.7,58728.6
1782823260000,58728.3,58763.5,58693.7,58757.6
1782823320000,58753.4,58760.9,58696.9,58704.5
1782823380000,58704.4,58778.8,58698.4,58727.8
1782823440000,58725.1,58775.8,58702.6,58753.1
1782823500000,58722,58781.8,58681.1,58719.6
1782823560000,58690.9,58723.8,58623.3,58634.1
1782823620000,58634,58677.5,58563,58564.6
1782823680000,58564.5,58662.8,58563.6,58596.9
1782823740000,58564,58605.9,58563.2,58563.5
1782823800000,58563.7,58600.6,58507,58509.7
1782823860000,58510.1,58568.5,58479.4,58511
1782823920000,58531.9,58611.2,58498,58595.3
1782823980000,58591.1,58591.1,58509.1,58581.7
1782824040000,58578.3,58589.8,58536.3,58541.8
1782824100000,58541.9,58619.8,58520.9,58530.8
1782824160000,58531.3,58562.4,58406.5,58421.2
1782824220000,58420.8,58519.3,58391.3,58416.9
1782824280000,58418,58445.1,58297.7,58356.8
1782824340000,58345.6,58388.6,58278.4,58288.6
1782824400000,58321.9,58465.3,58266.8,58337.4
1782824460000,58337.5,58439.8,58301,58419.5
1782824520000,58415.4,58423.8,58209.6,58288.6
1782824580000,58292.4,58297.8,58219.1,58244.6
1782824640000,58276.4,58395.8,58245.4,58385.9
1782824700000,58381.9,58430.4,58349.1,58410.4
1782824760000,58411.7,58457.8,58359.6,58441
1782824820000,58438.7,58496.8,58389.9,58491.9
1782824880000,58492.3,58572.8,58390.5,58450.6
1782824940000,58420.2,58568.3,58420.2,58501.3
1782825000000,58501.7,58555.8,58456.3,58520.8
1782825060000,58493.2,58527.8,58454.2,58485.9
1782825120000,58454.4,58537.8,58323.2,58323.2
1782825180000,58324.1,58404.3,58324.1,58396.6
1782825240000,58371.7,58401.3,58302.2,58377.5
1782825300000,58377.5,58452.8,58343.5,58446.9
1782825360000,58429.5,58483.8,58400,58440.7
1782825420000,58408.3,58469.5,58407.2,58414.5
1782825480000,58413.7,58503.8,58410,58495.4
1782825540000,58493.4,58493.4,58414,58458
1782825600000,58458.3,58509.8,58432.6,58473.4
1782825660000,58473.1,58509.8,58447.2,58487.5
1782825720000,58494.8,58494.8,58410.8,58420.8
1782825780000,58420.7,58461.8,58371.7,58455.9
1782825840000,58460.7,58469.8,58327.7,58373.6
1782825900000,58402.8,58415.8,58348.5,58352.1
1782825960000,58351.9,58420.6,58351.9,58371.2
1782826020000,58371.3,58417.8,58367,58379.3
1782826080000,58379.8,58425.8,58340.3,58366.2
1782826140000,58366.9,58441.4,58356.4,58432.1
1782826200000,58445.8,58588.4,58409.7,58531.8
1782826260000,58531.7,58683.8,58463.6,58465.3
1782826320000,58466,58486.8,58251.4,58301.4
1782826380000,58301.6,58377.8,58244.4,58293.7
1782826440000,58254.6,58320.8,58114.4,58301
1782826500000,58301,58351.4,58144.5,58194.7
1782826560000,58161,58262.3,58151.7,58161.7
1782826620000,58162.1,58251.8,58126.6,58168
1782826680000,58194.4,58266.8,58126.4,58264.4
1782826740000,58261.2,58313.5,58204.6,58274.4
1782826800000,58281,58501.8,58243.4,58416
1782826860000,58413.3,58484.8,58332.5,58435.3
1782826920000,58440.5,58462.8,58337.5,58429.6
1782826980000,58438.8,58490.8,58403.8,58438.1
1782827040000,58405.4,58499.1,58383.3,58446.1
1782827100000,58478.4,58510.3,58401.8,58456.8
1782827160000,58456.2,58508.8,58353.7,58461.9
1782827220000,58489,58522.6,58345.8,58356
1782827280000,58359,58452.6,58345.5,58440.5
1782827340000,58442.8,58464.3,58341,58430.5
1782827400000,58440.8,58518.8,58385,58472.4
1782827460000,58523.2,58712.4,58455.7,58612.5
1782827520000,58612.7,58684.8,58563.9,58664
1782827580000,58663.6,58687,58563.1,58581.9
1782827640000,58583.4,58635.3,58538.2,58593.5
1782827700000,58592.7,58618,58481.7,58550.5
1782827760000,58581.1,58594.4,58471.1,58553.1
1782827820000,58553.1,58593.8,58493.7,58543.8
1782827880000,58543.9,58638.4,58526.8,58603.5
1782827940000,58573.8,58667.1,58557.1,58621.4
1782828000000,58653.1,58754.7,58541.1,58678.7
1782828060000,58648.8,58984.1,58634.8,58979.6
1782828120000,58985.3,59192.6,58884.2,59182.3
1782828180000,59168.8,59172.3,58916.7,58951.5
1782828240000,58947.3,59016.2,58836.7,58934.2
1782828300000,58929.1,58930.6,58822.2,58860
1782828360000,58859.3,58978.1,58852,58928.4
1782828420000,58935.8,58980.4,58875.4,58941.5
1782828480000,58941.7,58956.7,58864.3,58882.5
1782828540000,58882.2,58938,58844.5,58893.6
1782828600000,58898.3,58906.6,58727.8,58760.9
1782828660000,58792.3,58908.5,58754.5,58843.8
1782828720000,58874.7,58900.8,58757.5,58838.8
1782828780000,58836.8,58944.5,58794.6,58900.4
1782828840000,58899.5,58968.1,58858.2,58911.6
1782828900000,58916.4,58966.8,58849.7,58907.3
1782828960000,58912.2,58923.8,58820.6,58820.6
1782829020000,58820.8,58932.8,58768.6,58830.2
1782829080000,58838.8,58931.8,58796.5,58885.3
1782829140000,58885.4,58925.3,58819.2,58846.1
1782829200000,58875.4,58892.8,58799.6,58885.6
1782829260000,58898.8,58937.1,58833.9,58895.4
1782829320000,58895.7,59001.4,58882.2,58997.6
1782829380000,59002.8,59064.2,58937.5,59022.5
1782829440000,58993.2,59073.8,58877.9,58914.4
1782829500000,58914.5,58956.2,58867.6,58927.4
1782829560000,58920.2,58954.8,58867.9,58917.5
1782829620000,58886.6,59019.8,58886.2,58957.2
1782829680000,58957.7,59008.8,58885.5,58942.9
1782829740000,58942.9,58977.1,58884.7,58918.7
1782829800000,58918.5,59015.3,58893.4,58898.7
1782829860000,58899,58931,58805.7,58810.8
1782829920000,58810.9,58907.8,58770.3,58864.3
1782829980000,58869.3,58931.8,58804.7,58859.2
1782830040000,58857.7,58934.6,58836.7,58914.2
1782830100000,58913.6,58936.8,58806,58809.7
1782830160000,58839.7,58840.4,58678.5,58699
1782830220000,58699.5,58740.2,58623.3,58623.5
1782830280000,58625.5,58666.6,58478.1,58478.4
1782830340000,58478.3,58608.9,58455.5,58558
1782830400000,58558.2,58637.8,58519.8,58587.9
1782830460000,58588,58679.8,58568,58571.8
1782830520000,58601.3,58631.8,58557.5,58578.8
1782830580000,58577.9,58681.8,58573.5,58659.1
1782830640000,58627.3,58844.8,58627.2,58795.3
1782830700000,58794.8,58818.2,58635.1,58638.8
1782830760000,58638.6,58671,58566,58610.6
1782830820000,58575.6,58656.8,58568.2,58573.2
1782830880000,58573.1,58649,58462.2,58470.9
1782830940000,58467.9,58576.8,58466,58515
1782831000000,58515.7,58590.8,58447.7,58448.4
1782831060000,58448.3,58533.9,58448.3,58490.1
1782831120000,58518.1,58539.4,58468,58519.2
1782831180000,58512.7,58536.6,58458.5,58478
1782831240000,58478.2,58518.8,58359.2,58375.5
1782831300000,58375.1,58408.9,58329.5,58383.7
1782831360000,58390.2,58412.2,58297.6,58344.2
1782831420000,58374.2,58379.4,58317.5,58329.1
1782831480000,58329,58457.8,58325.1,58435.4
1782831540000,58390.9,58515.6,58342.6,58356
1782831600000,58356.7,58445.8,58292.3,58399.6
1782831660000,58432.5,58507.8,58388.9,58460.3
1782831720000,58426.6,58513.8,58409.6,58491.6
1782831780000,58451.9,58493.4,58270.9,58311.3
1782831840000,58304,58304,58175.7,58179.9
1782831900000,58179,58227,58106.1,58114.2
1782831960000,58112.8,58183.6,58059,58153.3
1782832020000,58117,58276.8,58102,58224.9
1782832080000,58226.6,58298.4,58184.1,58188.8
1782832140000,58187.7,58268.8,58125.8,58233.6
1782832200000,58200.4,58294.8,58185.4,58252.9
1782832260000,58233.1,58298.8,58178.5,58259.4
1782832320000,58251.5,58316.8,58222.5,58264.7
1782832380000,58264.5,58396.9,58264.5,58342.7
1782832440000,58342.6,58386.8,58291.9,58349.4
1782832500000,58345.1,58384.8,58170.2,58216.9
1782832560000,58211.8,58249.8,58125.4,58213.8
1782832620000,58205.3,58205.3,58072.8,58117.4
1782832680000,58121.9,58178.8,58077.1,58178.8
1782832740000,58178.8,58275.8,58117.4,58257.3
1782832800000,58223.6,58337.8,58223.6,58292.2
1782832860000,58299.9,58354.8,58222.9,58224.4
1782832920000,58224.3,58281.9,58179.4,58274.8
1782832980000,58264.8,58287.8,58206.5,58260.2
1782833040000,58259.9,58357.8,58231.5,58294.9
1782833100000,58328.7,58382.9,58293.8,58316
1782833160000,58315.9,58365.1,58273,58305.5
1782833220000,58305.6,58366.8,58277.5,58328.9
1782833280000,58335.1,58345.8,58259,58286.2
1782833340000,58286.5,58317.5,58237.3,58292.5
1782833400000,58259.4,58343.8,58247.9,58270.1
1782833460000,58270,58327.8,58252,58264.6
1782833520000,58265,58370.8,58265,58341.8
1782833580000,58300.8,58351,58270.1,58295.4
1782833640000,58324.2,58368.8,58293.6,58300.8
1782833700000,58301.7,58352.8,58271.7,58273
1782833760000,58300.3,58320.8,58237.4,58267.6
1782833820000,58268.2,58316.3,58260.6,58286.1
1782833880000,58284.9,58316.8,58132.8,58202.8
1782833940000,58148.5,58258.5,58148.5,58203.7
1782834000000,58204.3,58277.2,58204.3,58219.5
1782834060000,58219.4,58315.8,58202.8,58258.2
1782834120000,58258,58335.2,58249.3,58334.8
1782834180000,58314.2,58392.8,58284.7,58390.6
1782834240000,58385.8,58410.6,58312.4,58312.5
1782834300000,58312.4,58554.5,58312.4,58554.5
1782834360000,58573.2,58700.4,58515.9,58575.1
1782834420000,58566.8,58578.9,58456,58464.3
1782834480000,58464.2,58526.8,58447.8,58479.3
1782834540000,58479.4,58530,58410.3,58480.3
1782834600000,58482.9,58491.8,58412.3,58490.9
1782834660000,58493.2,58536.8,58393.2,58399.5
1782834720000,58399.4,58491.8,58370.1,58412.4
1782834780000,58416.7,58464.4,58403.7,58414.2
1782834840000,58414.3,58452.8,58376.2,58415.4
1782834900000,58415.2,58483.9,58375.7,58483.9
1782834960000,58483.7,58507.3,58389.9,58390.2
1782835020000,58390.4,58428.9,58357.2,58403.8
1782835080000,58383.6,58399.9,58265.5,58280.8
1782835140000,58280.9,58313.1,58216.1,58250.3
1782835200000,58250.4,58370.8,58225.7,58365.8
1782835260000,58359.4,58398.8,58306,58330.5
1782835320000,58363.4,58378,58282.2,58378
1782835380000,58382,58397.8,58333.4,58367
1782835440000,58367.5,58373.2,58319.7,58329.6
1782835500000,58328.9,58409.8,58319.9,58407.8
1782835560000,58396.5,58548.8,58363.6,58528.5
1782835620000,58530.8,58547.3,58411.3,58425.1
1782835680000,58425.5,58508.8,58421.6,58439
1782835740000,58439.4,58502.8,58408,58502.8
1782835800000,58495.1,58526.4,58431.6,58484.4
1782835860000,58453.1,58490.8,58392.8,58398.7
1782835920000,58398.4,58455.5,58352.5,58411
1782835980000,58411.9,58414.8,58278.3,58321.4
1782836040000,58311.3,58362.7,58274.1,58280.8
1782836100000,58281.8,58331.8,58189.9,58245.7
1782836160000,58293,58344.8,58236.7,58311.5
1782836220000,58311.4,58378.5,58293.4,58359.8
1782836280000,58337.7,58367.8,58300.6,58300.6
1782836340000,58300.8,58330.8,58256.7,58289.5
1782836400000,58289.6,58347.8,58263.5,58333
1782836460000,58293.3,58345.8,58223.5,58223.8
1782836520000,58223.9,58283.6,58216.6,58235.3
1782836580000,58235.5,58275.9,58206.9,58254.9
1782836640000,58258.7,58289.8,58194.3,58194.9
1782836700000,58195.6,58230.8,58143.8,58186.9
1782836760000,58155.3,58223.8,58155.3,58218
1782836820000,58214.5,58241.8,58171.9,58221.4
1782836880000,58223.6,58223.6,58166.2,58222.8
1782836940000,58210.5,58223.8,58161.4,58188.5
1782837000000,58205.7,58255.1,58173.9,58174.4
1782837060000,58174.5,58237.2,58166,58197.5
1782837120000,58197.9,58244.5,58197.7,58231.4
1782837180000,58219.2,58232.2,58165.9,58173.8
1782837240000,58174,58331.9,58137.2,58307.8
1782837300000,58307.2,58310.2,58166.1,58225.4
1782837360000,58233.9,58286.5,58174.4,58285.8
1782837420000,58287.1,58297.4,58197.5,58197.6
1782837480000,58197.3,58348,58193.1,58335.2
1782837540000,58345.4,58393.5,58297.8,58389.6
1782837600000,58374.9,58389.6,58288.4,58293.1
1782837660000,58293,58364.2,58279,58280.3
1782837720000,58280.2,58311.7,58256.8,58261.4
1782837780000,58261.5,58313.9,58173.8,58175.9
1782837840000,58176,58239.7,58175.8,58203.9
1782837900000,58203,58283.8,58202.2,58221.6
1782837960000,58221.8,58283.8,58212.8,58277.9
1782838020000,58282.8,58318,58229.8,58294.5
1782838080000,58281.9,58356.8,58281.9,58330.6
1782838140000,58332.3,58359.8,58278.8,58295.8
1782838200000,58289.9,58351.8,58271.1,58287
1782838260000,58285.5,58314.5,58258.9,58290.4
1782838320000,58292.7,58402.8,58292.7,58348.1
1782838380000,58348.2,58412.8,58342.2,58350.2
1782838440000,58383,58473.8,58350.3,58400.8
1782838500000,58400.9,58481.8,58391.8,58434.1
1782838560000,58435.4,58496.8,58425.4,58449.5
1782838620000,58449.5,58481.1,58387.4,58406.5
1782838680000,58420.9,58429.8,58330.3,58376.8
1782838740000,58373.2,58415.3,58309.3,58381.6
1782838800000,58381.7,58421.5,58344,58400
1782838860000,58393.5,58404.1,58329.9,58396.7
1782838920000,58398.8,58441.7,58391.2,58432.8
1782838980000,58428.3,58462.7,58393.2,58414.6
1782839040000,58414.7,58481.1,58414.7,58422.1
1782839100000,58422.2,58458.7,58379.9,58412.6
1782839160000,58380.1,58448.2,58380,58425.5
1782839220000,58429.9,58535.8,58414.4,58527.8
1782839280000,58526.8,58542.1,58451,58467.9
1782839340000,58468.9,58533.5,58416.1,58452.8
1782839400000,58409.4,58457.5,58385.7,58388.5
1782839460000,58388.4,58424.7,58352.4,58394.2
1782839520000,58394.4,58428.6,58315.1,58357.6
1782839580000,58363.3,58368.4,58278.2,58278.2
1782839640000,58278.3,58326.3,58262.6,58293.8
1782839700000,58292.5,58353.7,58272.5,58329.1
1782839760000,58329.7,58386.8,58308.1,58356.9
1782839820000,58360.8,58378.5,58318.7,58365.8
1782839880000,58355.6,58400.9,58314.4,58395.7
1782839940000,58397.1,58409.8,58350.5,58381.9
1782840000000,58382.8,58402,58318.9,58399.5
1782840060000,58399.9,58417,58312.8,58347.5
1782840120000,58314.9,58380.2,58302.4,58336.8
1782840180000,58326.4,58337.8,58276.2,58279.6
1782840240000,58284,58331.1,58255,58291.7
1782840300000,58294.3,58363.1,58291.1,58322.6
1782840360000,58325.1,58366.8,58274.2,58274.2
1782840420000,58305,58309.4,58253.7,58306.4
1782840480000,58303.6,58323.2,58258.7,58317.7
1782840540000,58290.3,58333.4,58275.8,58320.9
1782840600000,58320.9,58338.6,58262.3,58338.6
1782840660000,58336.1,58336.1,58234.3,58234.3
1782840720000,58263.2,58300.1,58219.1,58288.8
1782840780000,58285.3,58385,58244.3,58370.7
1782840840000,58369.6,58391.3,58295.9,58296.6
1782840900000,58296.7,58376.5,58296.7,58327.3
1782840960000,58327.7,58375.8,58285.6,58285.6
1782841020000,58317.8,58343.3,58249.1,58343.3
1782841080000,58347.8,58361.1,58284.1,58327.3
1782841140000,58331.8,58340.8,58235.9,58236.5
1782841200000,58236.6,58324.8,58236.6,58307.4
1782841260000,58306.9,58335.5,58255.5,58281.2
1782841320000,58280.8,58346.9,58275.5,58324.8
1782841380000,58325.4,58327.1,58267.7,58299.8
1782841440000,58298.9,58317.5,58295,58304.8
1782841500000,58285.8,58294.3,58233,58294.3
1782841560000,58287.8,58302.1,58233.2,58285.5
1782841620000,58281.8,58281.8,58211.1,58211.1
1782841680000,58211,58242.5,58205.2,58226.3
1782841740000,58226.2,58280.3,58201.6,58207.8
1782841800000,58208,58278.8,58207.6,58219.8
1782841860000,58219.5,58305.4,58219.4,58290.1
1782841920000,58291.8,58327.9,58251.7,58316.1
1782841980000,58320.8,58331.4,58284.5,58325.2
1782842040000,58326.2,58326.2,58277.1,58297.2
1782842100000,58297.1,58314,58265.8,58277.1
1782842160000,58277.2,58361.9,58277.2,58333.6
1782842220000,58333.6,58355.1,58296.6,58349.9
1782842280000,58343.1,58353.6,58294,58347.2
1782842340000,58345.9,58352.6,58297,58344.9
1782842400000,58351.2,58410.8,58330.6,58360.2
1782842460000,58399.8,58399.8,58282.6,58298
1782842520000,58298.1,58393.3,58298,58365.3
1782842580000,58359.4,58359.4,58264.2,58307.3
1782842640000,58307.9,58319.4,58260.2,58274.8
1782842700000,58274.7,58308.1,58235.7,58242.6
1782842760000,58247.5,58304.1,58237.7,58251.3
1782842820000,58251.2,58373.6,58251.2,58371.1
1782842880000,58375,58385.5,58314.6,58374
1782842940000,58378.4,58404.1,58344.4,58356.5
1782843000000,58356.3,58403.3,58342,58382.8
1782843060000,58377.5,58377.5,58315,58336
1782843120000,58356.5,58386.4,58309.9,58385.5
1782843180000,58386.6,58423.9,58362,58374.3
1782843240000,58361.9,58401.7,58345.6,58353.9
1782843300000,58353.9,58406.1,58316.4,58390.2
1782843360000,58390.2,58410.7,58365.3,58397.8
1782843420000,58366.1,58473.2,58339.7,58453.7
1782843480000,58453,58527.8,58422.8,58476.8
1782843540000,58476.7,58620.6,58439.1,58529.6
1782843600000,58582.8,58582.8,58483.9,58543
1782843660000,58544,58544,58485.2,58493.8
1782843720000,58494.1,58526.3,58463.1,58504.5
1782843780000,58467.3,58528.8,58454,58454
1782843840000,58452,58482.8,58316.9,58349
1782843900000,58315.3,58410.8,58315.1,58399.4
1782843960000,58409.9,58415.5,58361,58386.1
1782844020000,58418.6,58421.4,58388,58391.7
1782844080000,58391.8,58465.2,58376.3,58406.2
1782844140000,58406.1,58461.5,58395.1,58416.4
1782844200000,58416.7,58477.8,58383.4,58383.9
1782844260000,58384.1,58439.8,58368.7,58383.9
1782844320000,58383.8,58451.8,58383.8,58391.2
1782844380000,58391.1,58424.5,58355.8,58372.6
1782844440000,58393.5,58415.8,58344,58397.8
1782844500000,58399.8,58414.6,58350.1,58368.3
1782844560000,58368.5,58403.3,58320.8,58354.7
1782844620000,58321.7,58380.8,58321.1,58366.4
1782844680000,58353.2,58353.2,58272.7,58287.8
1782844740000,58287.9,58333.4,58279.7,58321.9
1782844800000,58289.6,58352.8,58261.4,58340.2
1782844860000,58302.8,58349.8,58291.4,58333.7
1782844920000,58337.6,58381.8,58296.2,58381.8
1782844980000,58382.8,58382.8,58330.4,58334.2
1782845040000,58334.4,58379.8,58323.2,58376.3
1782845100000,58359,58411,58337.7,58349.2
1782845160000,58350.7,58401.8,58339.4,58401.8
1782845220000,58403.8,58476.8,58366.4,58429.1
1782845280000,58430.1,58512.7,58426,58459.8
1782845340000,58510.1,58525,58453.8,58525
1782845400000,58535.8,58543.8,58462.5,58520.1
1782845460000,58492,58561.8,58484.6,58557.8
1782845520000,58545.4,58577.8,58513.6,58522
1782845580000,58554.8,58587.8,58522.6,58575
1782845640000,58541.2,58587.3,58521,58521.3
1782845700000,58554.3,58595.8,58521.4,58572.9
1782845760000,58555.8,58568.1,58516.7,58517.1
1782845820000,58516.9,58570.8,58499.2,58568.1
1782845880000,58568.9,58597.9,58545.8,58584.9
1782845940000,58591.1,58609.3,58551.1,58600.4
1782846000000,58601.8,58601.8,58518.3,58531.7
1782846060000,58531.9,58627.8,58526.8,58551.5
1782846120000,58551.6,58645.4,58515.5,58530.2
1782846180000,58530.3,58615.8,58498.7,58590.5
1782846240000,58559.7,58583.7,58504.5,58569.8
1782846300000,58565.8,58565.8,58474,58521.4
1782846360000,58527.8,58530.2,58469.6,58481.9
1782846420000,58481.7,58608.9,58481.7,58593.6
1782846480000,58593.9,58622.8,58556.6,58562.5
1782846540000,58562.3,58619.2,58548.1,58603.3
1782846600000,58599.1,58599.1,58502,58502.5
1782846660000,58501.9,58541.6,58477.1,58525.9
1782846720000,58536.2,58549.9,58483.8,58522.7
1782846780000,58529.5,58561.8,58499.6,58499.7
1782846840000,58499.8,58577.8,58499.4,58573
1782846900000,58569.8,58578.8,58494.9,58535
1782846960000,58548.2,58557,58481.5,58537.7
1782847020000,58537.7,58587.8,58520.2,58527.7
1782847080000,58527.8,58579.8,58517.5,58554.4
1782847140000,58550.7,58584.8,58494.9,58566.5
1782847200000,58530.6,58567.9,58495,58551
1782847260000,58552.6,58575.8,58467.1,58467.1
1782847320000,58467.2,58536.8,58466.9,58532.2
1782847380000,58532,58557.8,58480.8,58535.2
1782847440000,58498.6,58539.8,58461.8,58527.8
1782847500000,58523.7,58551.8,58483.4,58551.8
1782847560000,58547.3,58552.8,58472.7,58515.1
1782847620000,58484.2,58564.1,58484.2,58519.7
1782847680000,58519.3,58561.8,58500,58558.6
1782847740000,58557.2,58590.3,58518.9,58588.6
1782847800000,58570.8,58630.8,58535.4,58591.6
1782847860000,58624.6,58688.8,58593.5,58639.4
1782847920000,58639.2,58703.8,58584.5,58620.6
1782847980000,58620.7,58691.8,58607.6,58636.1
1782848040000,58636.2,58695.8,58625.7,58693.8
1782848100000,58686.4,58734.8,58671.1,58671.1
1782848160000,58671,58713.8,58629.7,58666.2
1782848220000,58666.6,58701.8,58647.3,58649.6
1782848280000,58649.7,58704.8,58643.1,58643.1
1782848340000,58663.9,58668.3,58616.7,58658.2
1782848400000,58624.7,58679.8,58623.1,58623.2
1782848460000,58623.4,58654.7,58574.1,58631.2
1782848520000,58601,58677.8,58601,58672.9
1782848580000,58671.4,58689.8,58620,58620.9
1782848640000,58620.3,58678.8,58620.2,58638.4
1782848700000,58638.2,58689.5,58612.3,58614.5
1782848760000,58614.1,58698.8,58604.1,58698.8
1782848820000,58658.6,58711.8,58649.8,58653.3
1782848880000,58653.4,58703.8,58645,58693.5
1782848940000,58659.6,58761.8,58659.6,58748.8
1782849000000,58737.3,58737.3,58622.5,58635.6
1782849060000,58664.4,58691.8,58587.7,58587.7
1782849120000,58583.4,58666.8,58580.2,58666.8
1782849180000,58644.6,58705.1,58611.4,58627.8
1782849240000,58658.9,58689.8,58620.8,58637.2
1782849300000,58637.3,58695.8,58634.2,58646.8
1782849360000,58646,58695.7,58639.7,58661.2
1782849420000,58661.3,58713.1,58661.3,58665.9
1782849480000,58665.8,58740.6,58661,58669.6
1782849540000,58669.4,58752.9,58656.7,58744.2
1782849600000,58740.3,58744,58621.5,58653.9
1782849660000,58623.5,58715.8,58623.4,58715.8
1782849720000,58709.5,58757.8,58659.2,58709
1782849780000,58709,58757.8,58672.3,58712.9
1782849840000,58703.9,58738.8,58658.3,58736.5
1782849900000,58743.8,58752.8,58671,58700.7
1782849960000,58731.4,58731.4,58666.8,58667.4
1782850020000,58667.3,58739.8,58667.3,58713.4
1782850080000,58713.3,58721.7,58652.9,58721.3
1782850140000,58721.7,58762.3,58694.4,58760.2
1782850200000,58755.5,58802.8,58713.9,58757.5
1782850260000,58757.1,58787,58685.8,58751.4
1782850320000,58751.4,58785.8,58715,58735.7
1782850380000,58735.6,58794.8,58727.3,58755.2
1782850440000,58755.3,58783.9,58747.2,58750.5
1782850500000,58750.4,58788.8,58729.8,58747.7
1782850560000,58747.6,58778.2,58719.9,58730
1782850620000,58729.9,58788.8,58704.1,58704.1
1782850680000,58724.2,58752.5,58676.4,58717.1
1782850740000,58725.8,58739.8,58647.8,58651.9
1782850800000,58651.8,58684.6,58618.4,58622.8
1782850860000,58623.5,58659.8,58585.6,58650.2
1782850920000,58655.9,58667.8,58585.6,58637.9
1782850980000,58635.2,58667.8,58623.8,58630.2
1782851040000,58632.6,58671.8,58606.1,58606.1
1782851100000,58606.2,58648.8,58593.7,58644.6
1782851160000,58651.8,58662.8,58622.6,58651.4
1782851220000,58654.4,58674.8,58622.7,58630.5
1782851280000,58630.7,58683.8,58630.7,58663.6
1782851340000,58634,58666.8,58615.5,58666.8
1782851400000,58667.8,58670.8,58587.3,58587.7
1782851460000,58587.6,58634.8,58559.4,58601.1
1782851520000,58600.5,58600.5,58538.6,58556
1782851580000,58556.1,58615.6,58553.8,58611.5
1782851640000,58612.9,58626.5,58561.3,58591.2
1782851700000,58591.3,58623.8,58578.8,58615.3
1782851760000,58613.4,58632.4,58578.9,58585.5
1782851820000,58614.8,58630.8,58571,58571.5
1782851880000,58601.3,58641.8,58571.9,58589.7
1782851940000,58589.8,58638.8,58589.6,58627.1
1782852000000,58626.8,58666.7,58588.8,58625.2
1782852060000,58629.8,58635.8,58593.1,58593.2
1782852120000,58593.4,58626.6,58570.3,58622.5
1782852180000,58626.8,58633.8,58586.6,58628.8
1782852240000,58609.8,58619.9,58541.1,58541.1
1782852300000,58570,58597.8,58530.8,58588.2
1782852360000,58595.8,58606.3,58548,58605.8
1782852420000,58607.2,58705.4,58607.2,58655
1782852480000,58695.8,58700.8,58617.8,58625.3
1782852540000,58625.4,58719.2,58610.7,58613.7
1782852600000,58613.5,58662.8,58613.2,58659.8
1782852660000,58654.5,58659.8,58573.9,58623.1
1782852720000,58630.4,58639.8,58597.5,58631.4
1782852780000,58630,58645.8,58580.6,58637.2
1782852840000,58638.6,58651.8,58599.8,58651.8
1782852900000,58643.7,58665.9,58612.7,58664.5
1782852960000,58668.3,58697.8,58668.3,58695.7
1782853020000,58698.8,58698.8,58638.8,58672
1782853080000,58639.2,58691.8,58631.3,58645.9
1782853140000,58646,58694.3,58612.6,58650.3
1782853200000,58615.1,58664.4,58605.2,58626.8
1782853260000,58626.5,58660.7,58616.5,58622.2
1782853320000,58622.7,58698.8,58621.7,58651.4
1782853380000,58651.5,58679.5,58614.2,58614.5
1782853440000,58614.4,58666.8,58606.9,58643
1782853500000,58610.8,58668.3,58570.1,58655.6
1782853560000,58654.2,58663,58596.2,58623.5
1782853620000,58655.4,58666.8,58607.4,58665.8
1782853680000,58662,58670.8,58610.9,58649.8
1782853740000,58644,58649.8,58560.7,58562.1
1782853800000,58562,58578.4,58449.5,58483.2
1782853860000,58480.7,58527.8,58442.9,58484.8
1782853920000,58477.3,58511.8,58441.8,58505.7
1782853980000,58502.4,58506.8,58441.7,58499
1782854040000,58467.8,58531.8,58454.5,58468.9
1782854100000,58468.8,58565.8,58468.8,58565.8
1782854160000,58564.8,58564.8,58494.7,58533.8
1782854220000,58529.1,58543.8,58482.3,58532.8
1782854280000,58533.8,58554.8,58498.8,58546.4
1782854340000,58515.6,58549.8,58500.2,58537.8
1782854400000,58497.9,58533.7,58486,58526.8
1782854460000,58528.8,58528.8,58459.3,58459.3
1782854520000,58459.4,58498.8,58424.4,58424.4
1782854580000,58425.1,58469.8,58397.1,58448.8
1782854640000,58451.8,58466.8,58400.2,58400.2
1782854700000,58392.8,58502.1,58392.3,58456.7
1782854760000,58456.5,58502.8,58435.3,58502.8
1782854820000,58502.4,58507.8,58465.6,58505.8
1782854880000,58496.4,58515.8,58462.3,58473.2
1782854940000,58473.3,58536.8,58473.3,58520.8
1782855000000,58515.7,58534.8,58479.7,58534.8
1782855060000,58532.1,58560.9,58507.6,58515.9
1782855120000,58545.9,58562.8,58501.2,58532.5
1782855180000,58531.5,58540.8,58491.9,58540.8
1782855240000,58541.8,58566.8,58541.2,58566.8
1782855300000,58564.8,58564.8,58512.8,58553.5
1782855360000,58555.8,58588.8,58527,58569.9
1782855420000,58539.5,58587.8,58531.4,58564.9
1782855480000,58529.6,58573.8,58513.4,58572.2
1782855540000,58576.4,58590.9,58540.4,58540.5
1782855600000,58557.1,58591.5,58517.8,58558.2
1782855660000,58562.7,58569.8,58562.7,58565
1782855720000,58531.9,58575.8,58531.9,58575.8
1782855780000,58572.5,58572.5,58517.2,58547.4
1782855840000,58511.9,58547.8,58479.9,58514.3
1782855900000,58515.4,58541.8,58485.8,58519.8
1782855960000,58518.8,58535.8,58480.1,58528.8
1782856020000,58512.7,58540.8,58483,58508.4
1782856080000,58508.8,58521.3,58470.2,58507.8
1782856140000,58503.7,58527.8,58422.5,58516.8
1782856200000,58513.3,58525.8,58507.9,58521.8
1782856260000,58520.3,58524.8,58511.9,58516.9
1782856320000,58520.8,58542.8,58490.1,58534.5
1782856380000,58535.3,58571.8,58504.8,58551
1782856440000,58553.8,58555.8,58497.9,58541.8
1782856500000,58540.8,58570.1,58511.7,58570.1
1782856560000,58565.7,58582.7,58520.6,58549.8
1782856620000,58555.8,58555.8,58540.5,58547.5
1782856680000,58552.8,58567.8,58526.7,58557.1
1782856740000,58526.8,58566,58522.4,58527.8
1782856800000,58527.7,58614.4,58527.7,58565.4
1782856860000,58565.8,58621.1,58565.8,58584
1782856920000,58619.1,58637,58574.4,58637
1782856980000,58633.1,58661.6,58589.3,58589.7
1782857040000,58589.6,58623.3,58571.9,58580.1
1782857100000,58579.6,58637.3,58579.3,58600.6
1782857160000,58600.5,58654.8,58600.5,58623.5
1782857220000,58623.3,58659.9,58614.2,58659.2
1782857280000,58629.9,58661.8,58629.4,58661.8
1782857340000,58630.2,58658.9,58606.2,58613.5
1782857400000,58613.7,58635.9,58570.5,58570.9
1782857460000,58570.7,58601.8,58570.3,58571.4
1782857520000,58570.3,58600.7,58557.7,58557.7
1782857580000,58557.8,58610,58548.9,58580
1782857640000,58609.4,58661.4,58579.9,58628.3
1782857700000,58652.7,58656.5,58604.6,58624.7
1782857760000,58624.9,58658.6,58597.9,58609.5
1782857820000,58609.6,58651.1,58609.6,58617.8
1782857880000,58648,58653.7,58603.7,58652
1782857940000,58626.2,58719.4,58626.2,58671.4
1782858000000,58699.2,58699.2,58634,58634.2
1782858060000,58634.5,58667.3,58592.4,58593.6
1782858120000,58593.7,58636.6,58585.9,58602.6
1782858180000,58646,58646,58591.1,58593.7
1782858240000,58593.8,58631.9,58593.8,58595.2
1782858300000,58595,58624.9,58569.3,58569.4
1782858360000,58569.3,58590.2,58546.2,58546.5
1782858420000,58546.6,58575.6,58546.1,58546.3
1782858480000,58546.4,58596.3,58539.4,58565.2
1782858540000,58565.3,58597.5,58539.5,58540.4
1782858600000,58571.4,58571.4,58484.1,58549.2
1782858660000,58517.1,58546.5,58446.6,58447
1782858720000,58447.6,58497.7,58400.4,58433.4
1782858780000,58433.7,58475.4,58424.1,58426.9
1782858840000,58427.3,58467.9,58419.1,58419.1
1782858900000,58419.2,58443.8,58403.7,58409.6
1782858960000,58442.5,58479.9,58409.7,58445.1
1782859020000,58476.8,58478.1,58428.6,58434.5
1782859080000,58434.4,58487.1,58433.7,58458.5
1782859140000,58458.6,58517.6,58458.6,58481.2
1782859200000,58481.3,58528.8,58473.3,58528.8
1782859260000,58528,58536.8,58473.2,58476.4
1782859320000,58476.7,58510.1,58475.3,58479.8
1782859380000,58507,58509.6,58479.6,58480
1782859440000,58480.1,58518.9,58480,58485.4
1782859500000,58485.3,58515.8,58468.1,58468.2
1782859560000,58468.6,58516.2,58468.1,58516.2
1782859620000,58517,58526.5,58464.2,58525
1782859680000,58491.9,58537.3,58491.2,58536.6
1782859740000,58503.3,58550.2,58503.3,58507.7
1782859800000,58507.8,58540.7,58507.2,58507.6
1782859860000,58507.5,58536.3,58447.8,58450.8
1782859920000,58450.9,58481.1,58430.8,58431.5
1782859980000,58431.7,58476.2,58431,58443.7
1782860040000,58443.8,58483.4,58437.7,58437.9
1782860100000,58471.1,58487.9,58438.6,58459.6
1782860160000,58459.5,58503.1,58459.2,58470.9
1782860220000,58471,58531.4,58470.9,58506.6
1782860280000,58506.7,58539.4,58488.4,58493.7
1782860340000,58493.8,58528.5,58492.7,58492.7
1782860400000,58490.9,58543,58453.3,58486.7
1782860460000,58453.3,58540.9,58453.1,58497.4
1782860520000,58497.2,58527.7,58468.2,58499.1
1782860580000,58498.5,58543.3,58474.4,58483.6
1782860640000,58514,58536.7,58455.2,58457.6
1782860700000,58457.1,58519.7,58438.5,58488.3
1782860760000,58487.8,58528.1,58480.5,58528.1
1782860820000,58526.8,58545.3,58492.9,58513.1
1782860880000,58513.2,58567.7,58497.5,58509.4
1782860940000,58509.2,58554.9,58508.7,58509.2
1782861000000,58542.8,58542.8,58492.7,58503.2
1782861060000,58502.8,58541.8,58488.1,58489
1782861120000,58488.9,58538.8,58488.9,58492
1782861180000,58492.1,58533.2,58481.4,58481.9
1782861240000,58482,58527.8,58482,58492.7
1782861300000,58493,58537.8,58492.8,58505.5
1782861360000,58505.7,58560.9,58505.6,58522.8
1782861420000,58522.9,58587.8,58504.2,58504.2
1782861480000,58503.9,58534.8,58486,58493.7
1782861540000,58493.8,58550.8,58493.6,58550.8
1782861600000,58548.8,58557.8,58468,58498.7
1782861660000,58468.2,58529.8,58468.1,58469.9
1782861720000,58469.8,58531.4,58458.4,58494.1
1782861780000,58525.9,58525.9,58469.5,58518.2
1782861840000,58529.8,58567.9,58477.6,58567.9
1782861900000,58568.4,58571.2,58511.9,58565.8
1782861960000,58526.4,58565.7,58521.7,58522.1
1782862020000,58522.3,58560.4,58522.3,58525.8
1782862080000,58525.9,58552.8,58503.4,58503.8
1782862140000,58503.5,58544.6,58498.8,58499.4
1782862200000,58498.9,58538,58494,58494.6
1782862260000,58494.3,58523.7,58457.2,58479.5
1782862320000,58479.6,58537.4,58465.5,58535.5
1782862380000,58537.4,58537.4,58494.6,58529
1782862440000,58495.4,58563.1,58477.7,58563.1
1782862500000,58560.1,58562.8,58503,58503
1782862560000,58533.6,58533.6,58480.8,58493.1
1782862620000,58492.9,58537.8,58492.9,58499.3
1782862680000,58499.2,58534.8,58473.4,58473.8
1782862740000,58504.7,58505.3,58464.6,58464.7
1782862800000,58464.9,58512.8,58457.5,58502.3
1782862860000,58497.7,58509.8,58456.8,58500.8
1782862920000,58494.9,58509.8,58461.1,58473.5
1782862980000,58473.6,58531.4,58468.2,58475.8
1782863040000,58475.9,58537.6,58475.9,58530.2
1782863100000,58527.8,58539.8,58461.6,58468.9
1782863160000,58468.8,58526.7,58468.2,58489.8
1782863220000,58490.2,58561.3,58490.2,58522.9
1782863280000,58523,58562.5,58509.4,58522.1
1782863340000,58522.2,58558.8,58521.7,58527.9
1782863400000,58528.1,58576.8,58515.4,58535.7
1782863460000,58535.8,58572.2,58523.6,58528.7
1782863520000,58528.8,58568.3,58514.6,58515.2
1782863580000,58515,58535.5,58514.9,58535.5
1782863640000,58535.5,58567.8,58506.9,58517.9
1782863700000,58517.8,58580.8,58517.7,58522.7
1782863760000,58529.6,58568.1,58529.5,58534.3
1782863820000,58534.1,58567.4,58532,58532.2
1782863880000,58532.3,58585.8,58532.3,58535.4
1782863940000,58568.8,58584.8,58500.5,58506.2
1782864000000,58506.3,58641.5,58506.3,58631.8
1782864060000,58588.9,58624.8,58551.7,58566.6
1782864120000,58566.6,58615.8,58529.1,58560.3
1782864180000,58529.1,58612.8,58522.1,58606.8
1782864240000,58612.1,58652.8,58569.2,58652.8
1782864300000,58652.8,58672.8,58604.7,58612.7
1782864360000,58644.4,58660.7,58580.7,58581.2
1782864420000,58581.2,58645.9,58581.2,58605.4
1782864480000,58605.6,58646.8,58605.6,58608.3
1782864540000,58608,58637.4,58544.5,58589.8
1782864600000,58581.3,58628.8,58548.7,58594.1
1782864660000,58594.2,58630,58552.4,58552.7
1782864720000,58552.9,58589.7,58495.3,58527.6
1782864780000,58539.8,58586,58487.3,58581.1
1782864840000,58545.9,58590.8,58528.1,58567.2
1782864900000,58573.2,58604.8,58503.1,58503.8
1782864960000,58503.5,58562.1,58496.3,58523.2
1782865020000,58523.1,58564.4,58494.6,58494.6
1782865080000,58523.6,58547.8,58487.5,58528.8
1782865140000,58525.7,58526.6,58407.3,58448.8
1782865200000,58426.3,58476.8,58403.1,58460.5
1782865260000,58467.8,58467.8,58304.1,58345.3
1782865320000,58338,58348.8,58295.1,58343.3
1782865380000,58348.9,58373.4,58296.8,58373.4
1782865440000,58373.6,58374,58315.9,58320.5
1782865500000,58320.6,58355.1,58247.4,58289.2
1782865560000,58285.6,58301.8,58193.5,58245.8
1782865620000,58240,58314.8,58214.1,58258.8
1782865680000,58259,58319.9,58259,58279.3
1782865740000,58279.5,58326.6,58274.4,58310.3
1782865800000,58301.1,58405.8,58280.3,58366.2
1782865860000,58366.4,58497.9,58327.7,58331.3
1782865920000,58334.2,58425.8,58311.2,58397.7
1782865980000,58406.4,58440.8,58335.2,58439.8
1782866040000,58400,58438.8,58362.2,58387.6
1782866100000,58419.8,58431.8,58319.8,58320.2
1782866160000,58353.2,58375.4,58319.9,58332.7
1782866220000,58332.8,58400.9,58332.3,58353.4
1782866280000,58353.5,58428.1,58331.6,58363.1
1782866340000,58332.1,58383.8,58318.7,58319.4
1782866400000,58319,58375.2,58315,58323.6
1782866460000,58323.5,58363.8,58310.7,58319.9
1782866520000,58320,58381,58317.9,58326.2
1782866580000,58358.2,58385.8,58325.8,58351.7
1782866640000,58353.5,58409.5,58351.7,58364.6
1782866700000,58366,58423.2,58353.2,58423.2
1782866760000,58421.3,58443.4,58365.4,58409.6
1782866820000,58413.8,58425.8,58367.6,58402.1
1782866880000,58368.6,58439.8,58365.6,58396.8
1782866940000,58430.4,58439.8,58368.1,58421.2
1782867000000,58398.4,58433.8,58383,58395.4
1782867060000,58395.7,58481.8,58389.4,58474.6
1782867120000,58473.5,58535.8,58441.6,58530.4
1782867180000,58528.1,58544.8,58460,58518.1
1782867240000,58518.1,58521.8,58436.2,58478.8
1782867300000,58471.8,58513.8,58464.4,58469.4
1782867360000,58502.4,58514.5,58464.1,58502
1782867420000,58502.6,58511.8,58451.1,58505.3
1782867480000,58505.9,58508.8,58442.9,58447.6
1782867540000,58447.5,58501.6,58439.6,58500.8
1782867600000,58477.4,58511.8,58441.5,58441.6
1782867660000,58482.2,58484.8,58405.9,58424
1782867720000,58456.2,58468.8,58359.5,58422.6
1782867780000,58423.6,58425.8,58365.2,58365.3
1782867840000,58385.3,58395.8,58274.4,58278.1
1782867900000,58278.2,58306.8,58172.9,58238.8
1782867960000,58265.8,58297.8,58185.4,58216.9
1782868020000,58185.9,58256.1,58172.4,58192.7
1782868080000,58192.8,58247,58124,58146.8
1782868140000,58147.1,58220.4,58146.8,58220.4
1782868200000,58195.1,58226.2,58001.2,58013
1782868260000,58001.6,58099.9,57995.3,58017.8
1782868320000,58069.9,58090.8,57779.2,57786
1782868380000,57792.7,58039.2,57719.4,58032
1782868440000,58009.6,58146.4,57945.4,58091.9
1782868500000,58100.4,58271.7,58065,58182.6
1782868560000,58182.8,58182.8,57926.3,57931.6
1782868620000,57931.3,58102.5,57931.3,58061.6
1782868680000,58061.6,58159.8,58001,58090.4
1782868740000,58093.5,58226.8,58074.3,58220.9
1782868800000,58214.7,58238.7,58129.1,58223.2
1782868860000,58221.8,58232.4,58131.8,58150.2
1782868920000,58144.9,58328.9,58132.7,58266.7
1782868980000,58233.4,58295.8,58171.8,58196.1
1782869040000,58196,58235.3,58082,58152.1
1782869100000,58153.5,58216.8,58111.5,58141.2
1782869160000,58155.8,58249.8,58095.7,58240.5
1782869220000,58229,58265.9,58169.5,58261.3
1782869280000,58259.9,58325.8,58208.1,58268.8
1782869340000,58268.9,58328,58232.1,58244.9
1782869400000,58275.1,58391.3,58220.2,58351.9
1782869460000,58363,58411.7,58313.5,58384.8
1782869520000,58384.8,58481.1,58364.9,58451.5
1782869580000,58418.7,58463.8,58341.1,58391.8
1782869640000,58391.6,58413.7,58322.6,58390.7
1782869700000,58389.8,58431.8,58376.5,58428.6
1782869760000,58431.8,58434.8,58373,58411.5
1782869820000,58418.3,58435.8,58367.5,58434.6
1782869880000,58436.8,58587.7,58398.8,58576.8
1782869940000,58578.4,58841.2,58538.3,58681.2
1782870000000,58677.2,58758.3,58618.5,58755.4
1782870060000,58757,58916.8,58708.8,58753.5
1782870120000,58751.6,58758.8,58668.3,58741.6
1782870180000,58747.8,58865.8,58699.8,58862.2
1782870240000,58861.8,58881.2,58760.1,58784.8
1782870300000,58784.4,58931.6,58747.5,58818.1
1782870360000,58781.6,58863.6,58683,58733.4
1782870420000,58736.5,58756.8,58669.9,58699
1782870480000,58699.4,58760.9,58661.8,58675.4
1782870540000,58712.8,58717.8,58643.9,58717.8
1782870600000,58717.8,58717.8,58618.2,58619
1782870660000,58618.9,58690.9,58607.4,58690.9
1782870720000,58662.5,58732.3,58661.9,58685.4
1782870780000,58705.5,58747.9,58677,58741.4
1782870840000,58733.4,58757.8,58697.3,58748.6
1782870900000,58755.8,58812.4,58711.2,58791.8
1782870960000,58748.9,58801.2,58693.6,58748.2
1782871020000,58708.5,58752.8,58666.5,58700.2
1782871080000,58700.1,58704.3,58654.3,58656.8
1782871140000,58656.7,58720.8,58652.8,58652.8
1782871200000,58653,58717.7,58653,58713.8
1782871260000,58715.8,58732.8,58646.6,58646.6
1782871320000,58648.7,58758.8,58638.8,58755.3
1782871380000,58755.6,58759.8,58681.1,58747.3
1782871440000,58746.1,58757.6,58659.5,58661.7
1782871500000,58681.9,58687.9,58585.5,58617.4
1782871560000,58585.4,58644.8,58552.7,58614.4
1782871620000,58616.8,58627.8,58565.4,58622.6
1782871680000,58632.6,58633.1,58568.1,58573.2
1782871740000,58573.3,58631.6,58567.8,58629.8
1782871800000,58627.6,58684.7,58591,58670.8
1782871860000,58623.9,58683.8,58620.3,58632.1
1782871920000,58632.3,58741.8,58632.3,58741.8
1782871980000,58745.8,58791.9,58688.4,58755.2
1782872040000,58753.7,58755.8,58666.6,58718.9
1782872100000,58721.7,58767.1,58669.8,58767.1
1782872160000,58770.8,58811.3,58715.9,58796.8
1782872220000,58798.6,58798.8,58715.8,58752.4
1782872280000,58718.9,58793.8,58712.2,58712.6
1782872340000,58745.5,58766.8,58704.4,58721.9
1782872400000,58722,58770.3,58705.3,58765.3
1782872460000,58733.5,58868.3,58731.8,58816.6
1782872520000,58816.8,58900.8,58816.2,58894.8
1782872580000,58873.9,58934.8,58818.3,58877
1782872640000,58876.6,58923.8,58806.5,58812.9
1782872700000,58812.7,58844.8,58789.7,58790.1
1782872760000,58790.2,58885.8,58779.4,58885.8
1782872820000,58862.6,58903.9,58820.5,58854.2
1782872880000,58854,58924.8,58844.6,58907.1
1782872940000,58906.6,58906.6,58824.6,58871.8
1782873000000,58871.8,58911.8,58840.4,58907.9
1782873060000,58914.2,58988.8,58835.2,58835.2
1782873120000,58835.1,58929.3,58799.6,58849.1
1782873180000,58880.5,58907.8,58816.6,58903.2
1782873240000,58904.7,58931.8,58857.8,58924.8
1782873300000,58923.9,58971.8,58873.6,58926.4
1782873360000,58925.8,58970.9,58904.3,58954.8
1782873420000,58946,58962.1,58886,58942.2
1782873480000,58913.6,58998.9,58893.1,58952.7
1782873540000,58953,59006.8,58925.4,58959.3
1782873600000,58956.7,58960.8,58884.6,58885
1782873660000,58915.7,59005.8,58884.7,58997.3
1782873720000,59000.8,59014.8,58959.4,58970.9
1782873780000,58970.2,59083.4,58970.2,59045.4
1782873840000,59044.7,59059.8,59008.4,59057.8
1782873900000,59061.8,59097.6,59011.6,59092.4
1782873960000,59092.7,59092.7,58946.4,58946.5
1782874020000,58992.4,59008.8,58908.2,58926.1
1782874080000,58926.2,59038.7,58886.7,59007.5
1782874140000,59008.8,59015.8,58953.5,58960
1782874200000,58959.8,59014.8,58950.4,59014.3
1782874260000,59013.5,59036.8,58943.1,58943.3
1782874320000,58943.5,58976.9,58903.4,58925
1782874380000,58925,58994.8,58925,58988.5
1782874440000,58993.8,59043.8,58942.3,59040.8
1782874500000,59045.6,59050.4,58972.8,58990
1782874560000,58996.3,59051.8,58982,59044.3
1782874620000,59044.9,59050.8,58985.3,58985.3
1782874680000,59017.6,59017.6,58974.6,58978.9
1782874740000,58979,59020.8,58969.3,59008.9
1782874800000,59013.4,59015.8,58930.5,58992.8
1782874860000,58980.9,59005.8,58917,58917.6
1782874920000,58948.2,58978.8,58917.2,58920.3
1782874980000,58920.5,58972.8,58920.5,58952.4
1782875040000,58953.6,58967.5,58896.8,58945.3
1782875100000,58949.8,58987.8,58934.6,58979.3
1782875160000,58985.1,59010.8,58977.1,59010.2
1782875220000,59014.7,59047.8,58980.4,59040.4
1782875280000,59040,59040,58933.5,58933.7
1782875340000,58933.6,58980.7,58916.9,58977
1782875400000,58983.8,58983.8,58904.9,58917.6
1782875460000,58917.1,58948.6,58876.3,58881.4
1782875520000,58881.3,58953.2,58877.9,58912.5
1782875580000,58912.2,58939.8,58881.8,58920
1782875640000,58883,58931.8,58880.2,58912.8
1782875700000,58880.2,58922.4,58880.1,58890.5
1782875760000,58890.2,58920.1,58821.6,58886.1
1782875820000,58882.9,58882.9,58800.1,58800.4
1782875880000,58800.5,58872.8,58795.8,58839.9
1782875940000,58840.5,58851.8,58802.3,58802.4
1782876000000,58802.5,58844.8,58791.1,58833.4
1782876060000,58831.8,58845.8,58787.5,58823.4
1782876120000,58792,58830.8,58777.3,58777.4
1782876180000,58777.2,58859.3,58768.9,58795.2
1782876240000,58824.4,58833.8,58769.9,58776.2
1782876300000,58776.1,58850.6,58768.3,58844.1
1782876360000,58845.7,58850.8,58773.9,58826.8
1782876420000,58794.1,58861.3,58789.8,58854.5
1782876480000,58839.7,58876.8,58807.5,58822
1782876540000,58821.9,58854.7,58792.1,58846.7
1782876600000,58846.7,58861.6,58788.3,58855.7
1782876660000,58854,58854.8,58754.2,58756.5
1782876720000,58756.5,58802.2,58735.2,58795.2
1782876780000,58800.4,58844.1,58771,58839.4
1782876840000,58835.5,58840.8,58775.9,58825.7
1782876900000,58825.1,58886.3,58816.4,58842.4
1782876960000,58845.8,58972.8,58804.3,58966.1
1782877020000,58961.7,59073,58920.4,58920.4
1782877080000,58920.5,58947.3,58873.1,58893.2
1782877140000,58924.6,58965,58887.9,58895.7
1782877200000,58895.6,58947.1,58874.3,58904.7
1782877260000,58874.2,58940.8,58862.6,58915.4
1782877320000,58911.7,58911.7,58823.3,58824
1782877380000,58823.9,58856.4,58815.3,58823.9
1782877440000,58824,58881.6,58823.5,58831.5
1782877500000,58831.6,58893.8,58823.1,58883.7
1782877560000,58886.1,58927.3,58839.9,58927.3
1782877620000,58926.9,58971.7,58880.8,58884.2
1782877680000,58914.1,58918.3,58858.5,58901.4
1782877740000,58904.8,58917.9,58867.1,58875.8
1782877800000,58875.9,58928.9,58864.9,58927.1
1782877860000,58927.1,58933.7,58879.1,58930.8
1782877920000,58933.2,59120.8,58908.6,59086.9
1782877980000,59085.6,59138.4,59037.6,59134.6
1782878040000,59131.8,59234.2,59101.3,59165.9
1782878100000,59196.9,59230.5,59123.8,59168.4
1782878160000,59138.2,59170.8,59109.6,59144.1
1782878220000,59111,59139.2,59069.2,59069.3
1782878280000,59069.9,59115.8,59053.4,59062
1782878340000,59062.1,59120.2,59061.6,59079.7
1782878400000,59079.8,59111.8,58979,58979.3
1782878460000,59019.8,59043.7,58980.3,58980.7
1782878520000,58980.6,59034.1,58959.8,58992.6
1782878580000,58988.2,59011.7,58947.8,58950.1
1782878640000,58950.3,59046.8,58950.3,59032.4
1782878700000,59032,59048,58989.3,59000.9
1782878760000,58999.2,59064.9,58996.4,59051.8
1782878820000,59048,59071.4,58993.4,59021.1
1782878880000,59019,59059.9,59008.8,59009.3
1782878940000,59038,59075.2,59002.7,59073.8
1782879000000,59070.7,59089.9,59035.8,59036
1782879060000,59068,59078.8,59007.2,59046.1
1782879120000,59046.1,59072.4,59021.6,59064.8
1782879180000,59055.4,59062.8,58996,59029.5
1782879240000,59026.4,59053.9,58997.8,59042.8
1782879300000,59034.6,59063.6,58988.5,59059.4
1782879360000,59060.8,59074.3,59006.9,59074.3
1782879420000,59074.3,59091.6,59003.2,59056.4
1782879480000,59061.9,59082.6,59012.6,59082.6
1782879540000,59079.2,59131.5,59057.8,59117.1
1782879600000,59126.8,59135.5,59051.1,59135.5
1782879660000,59099.8,59137.2,59079.9,59137.2
1782879720000,59134.8,59179.9,59085.5,59127
1782879780000,59127.2,59180.1,59112.5,59165.8
1782879840000,59160.7,59166.7,59098.8,59098.9
1782879900000,59099,59159.7,59091,59149.8
1782879960000,59143.6,59185.1,59111.2,59184.7
1782880020000,59184.7,59200.3,59143.5,59179.5
1782880080000,59148.9,59196.8,59148.9,59190.8
1782880140000,59191,59196.5,59166.8,59173
1782880200000,59200,59202.2,59144.4,59191.5
1782880260000,59192,59220.1,59134,59192.6
1782880320000,59194.1,59201.8,59179.4,59191.3
1782880380000,59190,59194.8,59133.8,59171.8
1782880440000,59167.5,59185.2,59121.1,59128.9
1782880500000,59129,59156.3,59098.5,59142.1
1782880560000,59126.4,59155.1,59088.9,59153.8
1782880620000,59150.7,59164.8,59098.1,59159.3
1782880680000,59157.5,59227.8,59157.5,59192.3
1782880740000,59160.3,59201.4,59135.9,59196.8
1782880800000,59179,59206.2,59147.5,59206.2
1782880860000,59206.9,59242.3,59199.6,59234.5
1782880920000,59234.5,59265.6,59192.8,59223.5
1782880980000,59223.7,59278.7,59200.4,59259.8
1782881040000,59258.8,59296.3,59208.5,59280.2
1782881100000,59280.2,59346.7,59243.4,59343.8
1782881160000,59343.5,59383.2,59241.8,59323.1
1782881220000,59310.8,59310.8,59233.9,59278.8
1782881280000,59271.5,59322.5,59271.5,59320.1
1782881340000,59322.8,59325.8,59271.1,59316.4
1782881400000,59313.6,59324,59273.5,59282.5
1782881460000,59282.3,59316.8,59267.1,59298.8
1782881520000,59290,59298.8,59237.2,59280.8
1782881580000,59275,59275,59195.9,59239.7
1782881640000,59239.3,59274.1,59235.5,59248
1782881700000,59248.1,59275.8,59225.8,59226.2
1782881760000,59225.9,59275.6,59211.8,59273.8
1782881820000,59275.6,59277.1,59215.1,59259.1
1782881880000,59255.5,59262.9,59208.9,59256
1782881940000,59252.5,59268.9,59212.4,59264.6
1782882000000,59259.8,59265.8,59198.9,59232.7
1782882060000,59200,59237.7,59178.7,59220.8
1782882120000,59223.4,59241.8,59173.8,59178.2
1782882180000,59178.3,59238.2,59177.6,59238.2
1782882240000,59234.9,59252.3,59190.3,59234.3
1782882300000,59235.5,59303.8,59206.8,59259.5
1782882360000,59259.7,59296.1,59225.5,59253.5
1782882420000,59226,59267.8,59215.5,59266.9
1782882480000,59269.5,59285.8,59232.6,59280.8
1782882540000,59275.6,59275.6,59164.4,59201.8
1782882600000,59161.5,59211.8,59153.4,59202
1782882660000,59202,59202,59148,59148.3
1782882720000,59181,59196.6,59132.9,59196.6
1782882780000,59195.6,59197.2,59141.4,59179.8
1782882840000,59181.1,59224.7,59146.9,59213.7
1782882900000,59222.8,59241.8,59177.8,59224
1782882960000,59193.7,59276.8,59193.7,59267.4
1782883020000,59266.1,59279.8,59215.1,59277.7
1782883080000,59277,59284.8,59213.4,59213.6
1782883140000,59242.4,59258.8,59211,59257.6
1782883200000,59251.3,59260.8,59188.1,59221.3
1782883260000,59219.9,59226.8,59092.9,59150.9
1782883320000,59151.7,59156.8,59089.5,59142.2
1782883380000,59145.8,59163.4,59097.5,59162.8
1782883440000,59163.7,59167.8,59123.9,59167.4
1782883500000,59162,59217.5,59110.8,59157.2
1782883560000,59154,59162.7,59093.4,59093.4
1782883620000,59093.5,59142.8,59093.4,59134.5
1782883680000,59131.4,59149.8,59046.2,59113.9
1782883740000,59110.1,59110.1,59052.9,59099.5
1782883800000,59102.2,59103.8,59047,59090.5
1782883860000,59092.9,59115.8,59053.9,59084.3
1782883920000,59053.5,59115.2,59052.2,59104.4
1782883980000,59087.6,59117.8,59044.9,59047
1782884040000,59047,59126.6,59041.5,59120.8
1782884100000,59123,59130.9,59072.1,59100.2
1782884160000,59072.2,59110.8,59058.8,59098.7
1782884220000,59091.9,59103.8,59031.2,59068.8
1782884280000,59029.6,59079.9,59012.9,59079.9
1782884340000,59074.2,59100.8,59034.3,59092.1
1782884400000,59095.6,59123.4,59067.8,59123.4
1782884460000,59119.1,59124.1,59074.1,59115.8
1782884520000,59107.9,59116.8,59056,59097.8
1782884580000,59096.2,59105.8,59064.6,59064.7
1782884640000,59064.8,59114.1,59064.3,59111
1782884700000,59118.2,59130.8,59073.2,59073.8
1782884760000,59073.7,59111.2,59056.7,59074.5
1782884820000,59094.8,59112.2,59057,59093.6
1782884880000,59093.5,59113,59053.6,59113
1782884940000,59111.6,59122.3,59039.5,59076.7
1782885000000,59075.4,59112.3,59038.6,59112.3
1782885060000,59110.9,59115.8,59067.2,59103.5
1782885120000,59087.1,59100.6,59042.1,59043.7
1782885180000,59072.5,59072.5,59031.2,59059.5
1782885240000,59031.4,59074.5,59023.7,59033.5
1782885300000,59033.3,59071.8,59028.2,59066.8
1782885360000,59068.4,59075.5,59026.8,59060.6
1782885420000,59027.4,59067.8,59026.5,59066.7
1782885480000,59068.3,59077.1,59033.9,59066.4
1782885540000,59034,59084.6,59033.9,59075.8
1782885600000,59040.8,59084.4,59037,59068.6
1782885660000,59039.9,59077.8,58970.4,59005.1
1782885720000,59005.1,59019.5,58945.3,59015.8
1782885780000,59017.8,59020.8,58945.1,58982.4
1782885840000,58979.5,58985.8,58897.2,58941.8
1782885900000,58940.8,58974.8,58915.6,58948.7
1782885960000,58947,58964.3,58905.3,58948.6
1782886020000,58942.8,58949.8,58882.1,58919.1
1782886080000,58919.4,58929.8,58879.1,58910.2
1782886140000,58879.3,58912.5,58847.3,58885.8
1782886200000,58887.2,58912.8,58845.9,58876.9
1782886260000,58845.9,58895.8,58831.6,58833.1
1782886320000,58833.2,58865.1,58797.5,58851.9
1782886380000,58865.1,58865.1,58815,58848.1
1782886440000,58852.8,58878.4,58852.8,58877.4
1782886500000,58871.2,58886.8,58796,58821.5
1782886560000,58842,58900.8,58822.2,58890.9
1782886620000,58889.7,58896.8,58823.5,58857.8
1782886680000,58854.7,58861.8,58794.2,58823.8
1782886740000,58793.9,58819.8,58756.6,58796.5
1782886800000,58797.6,58810.7,58702.4,58758.6
1782886860000,58758.6,58795.7,58646.8,58646.9
1782886920000,58635.7,58688.1,58602.7,58602.8
1782886980000,58635.8,58672.2,58581.1,58668.4
1782887040000,58667.7,58703.7,58618.6,58703.7
1782887100000,58703.8,58722.5,58644.6,58708.2
1782887160000,58709.3,58739.7,58658.6,58730.4
1782887220000,58731.8,58737.3,58643.2,58683.8
1782887280000,58683.5,58714.8,58660.3,58714.8
1782887340000,58708.6,58720.9,58674,58718.9
1782887400000,58719.7,58719.7,58653.8,58703
1782887460000,58699.8,58734.5,58675,58728.8
1782887520000,58731.8,58762.9,58709.7,58742.8
1782887580000,58739.7,58753.9,58664.5,58664.6
1782887640000,58664.7,58735.6,58557.2,58578.4
1782887700000,58576.5,58638.1,58548.3,58632.8
1782887760000,58620.2,58630.8,58514.7,58548.2
1782887820000,58521.1,58543.5,58454.9,58506.5
1782887880000,58483.9,58535.6,58431,58515.2
1782887940000,58520.3,58584.8,58488.4,58565.8
1782888000000,58569.3,58615,58543,58543.2
1782888060000,58543.3,58585.8,58506.7,58561.4
1782888120000,58560,58615,58523.4,58615
1782888180000,58609.4,58627.8,58567.4,58615.1
1782888240000,58615.7,58625.4,58570.6,58586.8
1782888300000,58587,58625,58564,58618.9
1782888360000,58623.8,58623.8,58510,58555.3
1782888420000,58530.9,58579.8,58517.3,58579.8
1782888480000,58584.9,58591.9,58545.1,58582.6
1782888540000,58560.5,58616,58556.2,58614
1782888600000,58590.4,58647.7,58587.3,58640.4
1782888660000,58630.1,58670.6,58630.1,58663.8
1782888720000,58656.4,58688.5,58645.9,58682.8
1782888780000,58681.8,58696.3,58638.2,58672.2
1782888840000,58671.1,58674.8,58628.3,58661.8
1782888900000,58659.4,58665.4,58630.9,58631.1
1782888960000,58631.6,58694.6,58620.9,58694.2
1782889020000,58692,58694.8,58648.3,58680.8
1782889080000,58676.8,58684.6,58671.1,58677.7
1782889140000,58654.6,58686,58629.2,58686
1782889200000,58663.7,58716.5,58632.8,58632.8
1782889260000,58632.9,58678.2,58604.7,58604.8
1782889320000,58604.7,58681.3,58599.7,58676.3
1782889380000,58674.3,58674.3,58566.8,58609.7
1782889440000,58609.7,58617.9,58582.5,58610.8
1782889500000,58612.4,58621.4,58541.3,58609.9
1782889560000,58606.1,58609.9,58534.5,58566.4
1782889620000,58568,58582.3,58512.7,58512.7
1782889680000,58511.5,58597.7,58499.5,58597.7
1782889740000,58583.7,58606.2,58576.7,58595.9
1782889800000,58590.2,58592.8,58514.1,58573.3
1782889860000,58580.5,58580.5,58527.2,58573.8
1782889920000,58572.4,58616.4,58542.3,58560.2
1782889980000,58560.5,58594.7,58533.3,58571.9
1782890040000,58571.9,58618.3,58550.9,58608.8
1782890100000,58605.1,58617.6,58556.8,58589.2
1782890160000,58588.7,58631.4,58547.2,58608.6
1782890220000,58643.7,58661.5,58576.5,58617.3
1782890280000,58608.6,58610.4,58536.1,58590.7
1782890340000,58590.8,58603.5,58581.2,58597.7
1782890400000,58599,58603.1,58528.2,58528.7
1782890460000,58528.6,58648.9,58528.6,58648.8
1782890520000,58628,58715.7,58622,58710
1782890580000,58706.1,58730.1,58650.6,58724.5
1782890640000,58700.5,58736.3,58675.6,58731.6
1782890700000,58730.4,58749.8,58687.2,58731.6
1782890760000,58737.1,58739.3,58665.6,58707.6
1782890820000,58711.1,58714.2,58671.1,58711.5
1782890880000,58711.5,58721.5,58637.7,58674.3
1782890940000,58667.7,58682.5,58629.3,58671.8
1782891000000,58629.5,58655.1,58537.8,58586.8
1782891060000,58546.2,58651.3,58546.2,58624.5
1782891120000,58624.9,58634.1,58562.6,58608.9
1782891180000,58615.8,58639.1,58571.3,58638.7
1782891240000,58640.5,58671.5,58632,58646.9
1782891300000,58648,58678.9,58577.1,58615.8
1782891360000,58610,58659.8,58606.1,58657.4
1782891420000,58655,58664.3,58610.6,58660.4
1782891480000,58657.4,58689,58616.5,58617.3
1782891540000,58617.4,58653.3,58602.6,58638
1782891600000,58640.8,58641.4,58591,58625.5
1782891660000,58627.1,58666.4,58611.2,58655.7
1782891720000,58653.7,58671.7,58602.3,58641.3
1782891780000,58643.5,58655.6,58636,58648
1782891840000,58648.4,58657,58584.3,58625.6
1782891900000,58626.6,58638.1,58567.6,58637.5
1782891960000,58619.8,58652.6,58613.1,58652.6
1782892020000,58648.1,58664.3,58612.4,58664.3
1782892080000,58640.7,58699.4,58640.7,58689.1
1782892140000,58691.8,58708.4,58644.4,58699.8
1782892200000,58699.5,58736.3,58646.3,58652.1
1782892260000,58651.9,58687.7,58640.1,58670.1
1782892320000,58673.2,58689.6,58641,58677.3
1782892380000,58680.7,58685.5,58652.2,58679.4
1782892440000,58675.8,58678.9,58631.5,58659.7
1782892500000,58659.7,58663.2,58621.2,58622.1
1782892560000,58622.4,58686.9,58622.3,58686.9
1782892620000,58691.5,58710.2,58664.8,58710.2
1782892680000,58710.4,58710.4,58673,58684.8
1782892740000,58685.3,58703,58667.5,58703
1782892800000,58695.8,58703,58637.5,58683.7
1782892860000,58679.9,58679.9,58582.8,58582.8
1782892920000,58582.9,58654.4,58556.7,58649.3
1782892980000,58653.4,58693.2,58625.8,58657.7
1782893040000,58630.8,58712.1,58630.8,58675
1782893100000,58674.3,58712,58639.8,58708.1
1782893160000,58706.8,58717.6,58684.5,58717.6
1782893220000,58715.1,58748.3,58653.7,58693.7
1782893280000,58696.6,58724.1,58671.5,58700.8
1782893340000,58690.1,58693.8,58638.2,58659.6
1782893400000,58661.8,58682.7,58622.3,58664.8
1782893460000,58666.8,58675.1,58601.8,58631.6
1782893520000,58631.2,58666.3,58623.9,58661.1
1782893580000,58668.5,58670.2,58659.6,58661
1782893640000,58655.8,58661,58605.5,58628.2
1782893700000,58631.5,58649.6,58589.7,58637.4
1782893760000,58632.5,58644.4,58597.3,58637.2
1782893820000,58633.7,58639.8,58589,58636.4
1782893880000,58636.4,58652.8,58602.8,58647.1
1782893940000,58647.1,58661.1,58596.7,58633.3
1782894000000,58599.6,58634.1,58581.9,58634.1
1782894060000,58630.2,58636.9,58566.8,58566.8
1782894120000,58557.2,58611.5,58543.7,58552.9
1782894180000,58553.5,58598.6,58505.5,58564.6
1782894240000,58569.6,58571.4,58499.5,58534.1
1782894300000,58538.3,58581,58509.8,58550.2
1782894360000,58545.7,58594.6,58524.6,58594.6
1782894420000,58596,58614.8,58574.2,58593.5
1782894480000,58595.8,58595.8,58515.6,58568.3
1782894540000,58572.2,58573.1,58543.5,58555.1
1782894600000,58548.4,58597.2,58521.6,58523.9
1782894660000,58521.6,58585,58521.6,58564.5
1782894720000,58559.8,58567.4,58508.3,58543.8
1782894780000,58541.3,58546.8,58414.5,58437.9
1782894840000,58429,58539.7,58392.2,58521.8
1782894900000,58523.8,58530.6,58463.7,58530.6
1782894960000,58526.9,58551.3,58454.2,58529.8
1782895020000,58531.9,58537.1,58467.2,58519.9
1782895080000,58518,58588.4,58492.5,58552.5
1782895140000,58551.7,58589.1,58520.4,58558.8
1782895200000,58554.5,58579.3,58510.5,58575.2
1782895260000,58547.4,58590.4,58547.4,58581.4
1782895320000,58578.8,58649.1,58571.1,58649.1
1782895380000,58646.1,58671.1,58603.3,58665.5
1782895440000,58666.1,58678.3,58648.7,58672.3
1782895500000,58670,58678,58634.7,58662.5
1782895560000,58662.2,58678.3,58602.9,58662.7
1782895620000,58662.9,58662.9,58597.3,58637.7
1782895680000,58637.9,58640,58606.5,58630.1
1782895740000,58630.3,58642.1,58575.8,58632.9
1782895800000,58636.3,58654,58623.7,58633.9
1782895860000,58647.8,58698.8,58619.7,58698.8
1782895920000,58703.4,58719.5,58677.7,58717.6
1782895980000,58712.8,58725.6,58712.8,58719.2
1782896040000,58720.3,58742.1,58693.2,58736.7
1782896100000,58738.5,58761.4,58707.6,58754
1782896160000,58749.6,58760.3,58745.4,58760.3
1782896220000,58760.6,58870,58731.5,58860
1782896280000,58860,58903.1,58841.9,58889.9
1782896340000,58889.7,58920.8,58876.1,58912.7
1782896400000,58886.4,58912.3,58811.9,58856
1782896460000,58853.6,58865.1,58796.7,58860.3
1782896520000,58866.3,58932.4,58826.4,58826.6
1782896580000,58858,58866.9,58826.3,58864.1
1782896640000,58864.4,58902,58837.8,58885.8
1782896700000,58884.8,58929.1,58862.7,58926.4
1782896760000,58924.4,58990.9,58882.7,58985.9
1782896820000,58986.9,59030.2,58904.5,58962.8
1782896880000,58967.9,58975.2,58913.5,58938.7
1782896940000,58936.9,58954.4,58905.1,58943.9
1782897000000,58942.3,58959.4,58920,58933.7
1782897060000,58932.7,58934.6,58922.4,58926.9
1782897120000,58927,58949,58927,58947.4
1782897180000,58944.6,58944.6,58870.9,58904.3
1782897240000,58903.7,58903.7,58847.8,58892.7
1782897300000,58892.5,58918,58864.3,58916.7
1782897360000,58912.7,58922.6,58867.3,58921.6
1782897420000,58924.9,58937.8,58898.1,58936
1782897480000,58933.9,58934.1,58855.9,58917.3
1782897540000,58915.4,58915.4,58886,58903.4
1782897600000,58903.5,58903.5,58824.9,58859.5
1782897660000,58858.8,58888.4,58811.1,58850.9
1782897720000,58854.4,58869.7,58824.5,58864
1782897780000,58866.3,58878.7,58828.4,58873.5
1782897840000,58872.1,58880.2,58845,58864.5
1782897900000,58834,58864.5,58827.8,58841.1
1782897960000,58842.5,58855.4,58814.4,58844.1
1782898020000,58841.5,58845.7,58785.8,58822.8
1782898080000,58821.9,58827.2,58806.2,58820.5
1782898140000,58818.9,58823.8,58788.2,58795.3
1782898200000,58795.4,58832.2,58795.4,58823.7
1782898260000,58830.9,58850.6,58795.8,58842.9
1782898320000,58845.3,58864.3,58811.9,58845.4
1782898380000,58849.6,58883.3,58826.8,58875.1
1782898440000,58877.1,58887.5,58826.8,58853.4
1782898500000,58850.1,58853.2,58829.2,58852
1782898560000,58847,58858.5,58820.5,58839.7
1782898620000,58832.3,58853.9,58802.8,58853.9
1782898680000,58851.3,58851.3,58812.5,58823.7
1782898740000,58821.5,58821.5,58782.8,58805.5
1782898800000,58814.8,58820.8,58779.9,58798.3
1782898860000,58802.2,58827.3,58773.6,58813
1782898920000,58813.9,58827.1,58791.6,58818.6
1782898980000,58819.9,58830.1,58795.2,58820.3
1782899040000,58817.4,58820.1,58788.2,58809.8
1782899100000,58791.7,58889.5,58791.7,58863.3
1782899160000,58866.6,58879.5,58764.2,58798.8
1782899220000,58801.2,58825.4,58787.4,58818.7
1782899280000,58817.3,58832.2,58793.5,58814.8
1782899340000,58807.1,58848.4,58751,58840.7
1782899400000,58842.5,58843.3,58779.3,58814.3
1782899460000,58824.2,58851.2,58799.4,58848
1782899520000,58831.4,58878.5,58819.9,58878.5
1782899580000,58877.8,58882.8,58858.8,58869.7
1782899640000,58863.7,58891.1,58849.8,58861.2
1782899700000,58861.1,58908.7,58861.1,58903.1
1782899760000,58896.4,58896.4,58840.4,58840.8
1782899820000,58840.7,58891.3,58840.7,58884
1782899880000,58883.7,58883.7,58871.2,58877.5
1782899940000,58878.1,58890.8,58851,58851
1782900000000,58878.5,58878.8,58784.5,58813.9
1782900060000,58783.9,58832.2,58776.5,58829.3
1782900120000,58828.2,58834.4,58813.5,58822.4
1782900180000,58819.4,58844.9,58798,58844.9
1782900240000,58848.9,58874.7,58806.2,58806.7
1782900300000,58806.6,58843.8,58805.1,58830.4
1782900360000,58827.7,58827.7,58776.8,58811.5
1782900420000,58815.7,58815.7,58761,58800.4
1782900480000,58803.1,58820,58769.7,58816.2
1782900540000,58817.5,58818.4,58795.5,58803.2
1782900600000,58804.6,58804.6,58702.9,58722.8
1782900660000,58726.6,58735.8,58685.6,58714.9
1782900720000,58717,58725.3,58670.7,58707.8
1782900780000,58678.8,58729.7,58673,58692.6
1782900840000,58692.2,58720.8,58660.8,58698.3
1782900900000,58667.8,58705.4,58633.5,58667.9
1782900960000,58680.7,58705.5,58634.1,58705.5
1782901020000,58701.3,58708.7,58674.4,58704.2
1782901080000,58705.6,58710.6,58660.3,58703
1782901140000,58704.1,58710.5,58693.7,58710.5
1782901200000,58711.7,58728.7,58711.7,58727.4
1782901260000,58721.5,58724.3,58710,58720.4
1782901320000,58721.5,58735.6,58720.6,58729.4
1782901380000,58724.3,58726.6,58700.6,58704.8
1782901440000,58703.3,58717.2,58684.9,58693.8
1782901500000,58656.5,58677.8,58582.5,58625.7
1782901560000,58625.6,58645,58600.2,58638.7
1782901620000,58637.2,58680.8,58606.2,58661.7
1782901680000,58661.6,58688.4,58651.4,58679.6
1782901740000,58679.7,58685.7,58665.8,58680.9
1782901800000,58667.7,58686,58651.8,58651.8
1782901860000,58679.1,58679.1,58633.7,58658.3
1782901920000,58656.8,58683.5,58644.6,58674.6
1782901980000,58671.6,58693.9,58657.8,58688.8
1782902040000,58686.6,58686.6,58614.6,58660.7
1782902100000,58660.2,58669.9,58622.9,58645.6
1782902160000,58648.7,58648.7,58590.1,58632.1
1782902220000,58636,58671.1,58611.6,58662.3
1782902280000,58661.5,58667.5,58647.3,58654.3
1782902340000,58655.9,58662.7,58620.1,58644.1
1782902400000,58638.3,58661.1,58627.4,58661.1
1782902460000,58660.5,58660.5,58633,58642.3
1782902520000,58638.5,58638.5,58586.2,58618.7
1782902580000,58619.8,58619.8,58529.9,58570.4
1782902640000,58568.1,58569.3,58530.4,58556
1782902700000,58559,58597.7,58554,58597.7
1782902760000,58596.4,58596.4,58566.8,58584.4
1782902820000,58590.2,58607,58561.1,58607
1782902880000,58602.9,58621.5,58559.7,58612.1
1782902940000,58595.5,58613,58584.9,58611
1782903000000,58614.7,58620.7,58585.5,58617.3
1782903060000,58616.1,58616.1,58562.3,58615.5
1782903120000,58611.1,58620.7,58579.9,58611.8
1782903180000,58606.8,58627.5,58558.3,58600.3
1782903240000,58602.2,58602.2,58579,58592.3
1782903300000,58590.4,58592.1,58541.1,58586.9
1782903360000,58558.7,58603.7,58556.3,58603.7
1782903420000,58608.7,58618.6,58587.8,58618.6
1782903480000,58611.4,58614.6,58593.7,58608.7
1782903540000,58600.5,58601,58556.2,58591.5
1782903600000,58593.2,58597.1,58495.7,58565.3
1782903660000,58566.6,58589.4,58497.7,58538.7
1782903720000,58543.5,58572.1,58503.1,58562.4
1782903780000,58569,58614.8,58548.3,58548.3
1782903840000,58567.9,58594.1,58547.3,58592.5
1782903900000,58585.7,58616,58545.5,58577.7
1782903960000,58574.2,58591.8,58560.1,58575.8
1782904020000,58574.8,58621.4,58569.7,58621.4
1782904080000,58622.8,58642.6,58558,58599.3
1782904140000,58595.1,58600.4,58565.3,58592.8
1782904200000,58596.7,58616.1,58562,58616.1
1782904260000,58613.3,58681.2,58588.6,58638.3
1782904320000,58642.2,58674.5,58619.4,58628.7
1782904380000,58631.5,58654.8,58602.5,58654.8
1782904440000,58654.7,58658.1,58601.6,58634.8
1782904500000,58636.5,58652,58627.9,58645.6
1782904560000,58635.5,58640.8,58586.4,58587.1
1782904620000,58587.2,58635.7,58587.2,58630.8
1782904680000,58630.5,58689.5,58616.1,58678.4
1782904740000,58679.8,58684.3,58616.7,58638.7
1782904800000,58610,58646.7,58610,58626.8
1782904860000,58633.8,58644.4,58605.1,58629.2
1782904920000,58634.1,58648.3,58608.4,58635.1
1782904980000,58629.3,58649.9,58579.1,58612.3
1782905040000,58609.8,58652.6,58576.9,58650.2
1782905100000,58648.1,58670.9,58605.2,58667.5
1782905160000,58670.9,58679.3,58635.3,58650.4
1782905220000,58648.8,58659.3,58622.9,58647.8
1782905280000,58644.9,58644.9,58601.9,58625.5
1782905340000,58626,58649.4,58605.1,58631.8
1782905400000,58620.6,58653.3,58585.4,58648.9
1782905460000,58655.4,58670.2,58630.3,58661.1
1782905520000,58660.8,58678,58607.6,58633.8
1782905580000,58636.9,58647,58589.4,58598.5
1782905640000,58594.3,58598.2,58541.9,58566.4
1782905700000,58593.7,58653.9,58569,58653.9
1782905760000,58642.1,58667.2,58602.2,58666.7
1782905820000,58669,58669,58619.9,58648.9
1782905880000,58646.7,58671.6,58636.3,58642.2
1782905940000,58638.8,58638.8,58562.1,58605.7
1782906000000,58600.6,58608.4,58562.4,58608.4
1782906060000,58607.8,58613.2,58553.8,58567.8
1782906120000,58567.7,58612.1,58553.1,58598.2
1782906180000,58599.2,58605.1,58551.9,58602.9
1782906240000,58607.4,58617.1,58594,58616.4
1782906300000,58621.9,58638.9,58589.7,58617
1782906360000,58616.6,58639.8,58603.3,58639.8
1782906420000,58636.5,58637.3,58578.7,58605.4
1782906480000,58607.1,58621,58561.8,58579.5
1782906540000,58582.7,58594.8,58556.9,58591.6
1782906600000,58579,58596.8,58559.4,58590.4
1782906660000,58586.6,58595.4,58538.4,58564.1
1782906720000,58561.7,58580.1,58521.7,58547.4
1782906780000,58545.1,58550.9,58514.3,58528.3
1782906840000,58517.4,58533.4,58517.4,58525.4
1782906900000,58527.3,58540.1,58490.9,58525.6
1782906960000,58523.6,58523.6,58453.4,58510.8
1782907020000,58509.3,58548,58478.2,58548
1782907080000,58544.1,58563.5,58518.7,58556.5
1782907140000,58525.7,58559.9,58525.7,58555
1782907200000,58523.4,58617.6,58523.4,58565.3
1782907260000,58533.7,58558.9,58509.6,58531.1
1782907320000,58523.2,58548.5,58457.3,58487.4
1782907380000,58483.4,58493.2,58437.2,58487
1782907440000,58483.5,58483.5,58455,58471.4
1782907500000,58472.4,58484.1,58449,58449
1782907560000,58484.1,58484.1,58444.9,58478.3
1782907620000,58474,58480.8,58378,58406.3
1782907680000,58413.1,58442.7,58368.5,58426.8
1782907740000,58427.8,58497,58423.9,58452.4
1782907800000,58447.9,58544.2,58447.9,58458.8
1782907860000,58490.8,58507.5,58351.2,58370.4
1782907920000,58376.7,58411.3,58323.5,58367.5
1782907980000,58366.3,58388.9,58337.2,58388.9
1782908040000,58393,58397,58330.4,58382.8
1782908100000,58386.8,58500.1,58355.4,58477.7
1782908160000,58478.9,58496.4,58449.8,58490.4
1782908220000,58493.5,58493.5,58388.6,58447
1782908280000,58436,58452,58390.5,58451.7
1782908340000,58458.5,58482.8,58418.9,58482.8
1782908400000,58481.8,58481.8,58432,58454.8
1782908460000,58444,58454,58421.6,58449
1782908520000,58450.7,58451.6,58372.6,58444.9
1782908580000,58448.7,58471.4,58408.4,58448.3
1782908640000,58447.5,58485.1,58381.9,58484.9
1782908700000,58482.1,58483.8,58456.3,58459.9
1782908760000,58444.6,58480.3,58412.9,58480
1782908820000,58467.6,58516.1,58457.3,58516.1
1782908880000,58514.5,58536.7,58470.6,58513.9
1782908940000,58509.6,58509.6,58491.5,58491.5
1782909000000,58485.8,58493.8,58388.9,58426.7
1782909060000,58429.7,58488.1,58410.3,58482.7
1782909120000,58479.7,58481.3,58402.4,58460.2
1782909180000,58462.5,58531.4,58420.3,58531.4
1782909240000,58512.2,58528.4,58339.3,58382.3
1782909300000,58378.1,58410.6,58324.7,58385.5
1782909360000,58393.7,58407.1,58334.9,58357.6
1782909420000,58357.2,58389.7,58319.8,58345.6
1782909480000,58351.5,58393.8,58332.5,58366.4
1782909540000,58365,58365,58324.6,58346.1
1782909600000,58343.8,58354.4,58292,58340.9
1782909660000,58345.1,58388.2,58316.4,58383.5
1782909720000,58382.5,58390.6,58292.4,58320.4
1782909780000,58324.3,58340.6,58294.7,58337.7
1782909840000,58337.3,58356.9,58304.4,58341.9
1782909900000,58344.2,58348.2,58306.3,58331
1782909960000,58330.7,58344.2,58288.8,58326.8
1782910020000,58326.5,58332.4,58260.6,58261.3
1782910080000,58295.2,58304.3,58246.7,58287
1782910140000,58280.5,58300.3,58246.5,58255.7
1782910200000,58258.3,58362.1,58258.3,58347.5
1782910260000,58351.5,58355.8,58265.7,58294.1
1782910320000,58294.2,58330,58254.4,58316.9
1782910380000,58288.3,58346.9,58273.4,58299.2
1782910440000,58307.8,58362.3,58281.8,58358
1782910500000,58359.8,58432.3,58338.2,58391.7
1782910560000,58392.2,58445.9,58365.6,58404.7
1782910620000,58404.5,58451.6,58375.7,58418.3
1782910680000,58418.6,58451.5,58395.3,58441
1782910740000,58447,58470.7,58415.9,58432.4
1782910800000,58432.5,58553.2,58432.5,58544.8
1782910860000,58543.4,58651.6,58515.6,58618.4
1782910920000,58615.9,58687,58581.7,58644.3
1782910980000,58644.6,58686.6,58542.3,58576
1782911040000,58578.6,58615.9,58518.2,58532.9
1782911100000,58566.3,58607,58553.1,58602.9
1782911160000,58603.3,58630.1,58559.5,58593.4
1782911220000,58593.4,58598.8,58517.8,58534.6
1782911280000,58534.2,58572.4,58525.7,58555.7
1782911340000,58561.7,58572.9,58529.1,58560.9
1782911400000,58564.7,58598.6,58525.4,58598.6
1782911460000,58563.8,58641.1,58563.8,58608.7
1782911520000,58608.9,58641.9,58604,58618.1
1782911580000,58610,58638,58595.5,58616.5
1782911640000,58618.9,58623.3,58569.9,58598
1782911700000,58611.8,58639.5,58577.2,58611
1782911760000,58611.2,58633.9,58569.4,58609.9
1782911820000,58596.5,58696.2,58586.2,58666.5
1782911880000,58663.6,58681,58635.7,58644.6
1782911940000,58650.8,58650.8,58566.8,58599.3
1782912000000,58604.8,58643.4,58587.5,58642.6
1782912060000,58646.5,58791.1,58614.2,58772.3
1782912120000,58771.9,58827.5,58735.4,58820.4
1782912180000,58792.2,58840.8,58756.8,58780.4
1782912240000,58771.3,58784.2,58739.4,58774.3
1782912300000,58755.5,58755.5,58660.1,58686.6
1782912360000,58680.5,58722.2,58662.9,58721.6
1782912420000,58721.8,58743.7,58689.7,58737.1
1782912480000,58712.7,58750.3,58683.2,58725.5
1782912540000,58724.6,58775.8,58673.1,58735.8
1782912600000,58757.8,58757.8,58505,58675
1782912660000,58675.4,58710.9,58601.5,58710.5
1782912720000,58714.4,58818.5,58689.1,58737.5
1782912780000,58697.5,58727.4,58620.3,58657.5
1782912840000,58633.4,58753.4,58619.2,58748.3
1782912900000,58745.5,58789,58635.2,58666.5
1782912960000,58663.9,58747.2,58617.7,58674.6
1782913020000,58678.5,58898.2,58653.1,58806.7
1782913080000,58814,58864.4,58727.1,58845.2
1782913140000,58821,58853.5,58750.1,58782
1782913200000,58786.7,58957.9,58737.7,58926.4
1782913260000,58925.3,59005.1,58861.4,58926.7
1782913320000,58896.4,58951.9,58867.1,58869
1782913380000,58865.7,58922.1,58839.6,58884.8
1782913440000,58861.8,58966.4,58861.8,58955.3
1782913500000,58955.3,59048.9,58854.4,59035.4
1782913560000,59036.8,59166.2,59005.1,59147.2
1782913620000,59138.3,59192.3,59069.2,59158.6
1782913680000,59156,59291.6,59108.1,59244.8
1782913740000,59245.9,59343.9,59171,59232.4
1782913800000,59260.8,59278.4,59173.7,59252.6
1782913860000,59273.9,59340.6,59228.6,59323.2
1782913920000,59325.1,59370.2,59276.8,59366.2
1782913980000,59365.8,59424.1,59260.6,59304.9
1782914040000,59285.4,59363.7,59232.7,59357.4
1782914100000,59354.7,59384.1,59289.4,59347.8
1782914160000,59341.7,59355.1,59219.7,59236.4
1782914220000,59261.3,59312.7,59205.9,59297.7
1782914280000,59299.1,59347.1,59270.3,59326.9
1782914340000,59324.9,59447.9,59300.6,59432
1782914400000,59432,59433.7,59274.3,59330.8
1782914460000,59333.4,59346.4,59194.6,59239.8
1782914520000,59238.4,59291.6,59190.4,59249.7
1782914580000,59253.6,59344.2,59221.3,59342
1782914640000,59338.2,59378.1,59254.1,59291.9
1782914700000,59268.8,59329.8,59198.7,59305.3
1782914760000,59306.6,59318.2,59231.8,59316
1782914820000,59309.6,59326.6,59244.3,59326.5
1782914880000,59291.2,59400.9,59291.2,59386.4
1782914940000,59391.5,59438.6,59347,59434.4
1782915000000,59427.6,59683.5,59411.5,59632.3
1782915060000,59602.3,59727,59585.7,59707.5
1782915120000,59707.5,59758,59642.7,59753.1
1782915180000,59757.3,59866.8,59706.4,59863.2
1782915240000,59868.1,59924.6,59807.3,59908.8
1782915300000,59886.8,59948.6,59820.2,59840.8
1782915360000,59839.1,59905.7,59796.1,59857.9
1782915420000,59877.2,60003.7,59854.8,59971.7
1782915480000,59979,60014.5,59925.5,59981.1
1782915540000,59956.4,59979.8,59893,59963.8
1782915600000,59964.6,60031,59932.6,59967.6
1782915660000,59968.5,60011.1,59908.9,59978.1
1782915720000,59967.7,59986.5,59900.5,59927.2
1782915780000,59928.9,59956,59866.1,59896.8
1782915840000,59897.1,59898.1,59799.8,59863.3
1782915900000,59861.4,59910.8,59830.9,59857.4
1782915960000,59856.9,59879.1,59790.9,59859.4
1782916020000,59827,59865.4,59716.3,59748.5
1782916080000,59748.6,59781.1,59706.8,59746.7
1782916140000,59748.1,59779.2,59695.4,59729.8
1782916200000,59729.4,59759.2,59648.5,59650.3
1782916260000,59648.6,59693.4,59616.8,59641.3
1782916320000,59663.3,59677.7,59618.9,59664.9
1782916380000,59662.7,59670.4,59503.2,59531.3
1782916440000,59530.7,59628.8,59468.8,59606.7
1782916500000,59596.3,59688.1,59488.5,59488.6
1782916560000,59519.3,59568,59472.9,59567.5
1782916620000,59536.8,59631.3,59510.7,59535.3
1782916680000,59534.5,59648,59516.3,59609
1782916740000,59609.2,59683.7,59575.4,59645.2
1782916800000,59655.5,59704.6,59562.3,59576.1
1782916860000,59576.3,59617.5,59538.1,59579.5
1782916920000,59587.7,59643.4,59549.9,59561.5
1782916980000,59600.3,59635.3,59566.6,59626.1
1782917040000,59591.2,59644.1,59509.3,59518.2
1782917100000,59517.6,59553.6,59447.5,59470.3
1782917160000,59474.4,59479.7,59329.6,59405.8
1782917220000,59372.4,59501.8,59372.4,59476.5
1782917280000,59441.6,59603.6,59441.6,59588.5
1782917340000,59584.3,59642.3,59527.8,59529.7
1782917400000,59530,59609.7,59513.4,59585
1782917460000,59548.5,59661,59538.4,59629.6
1782917520000,59627,59661.4,59567.9,59623.3
1782917580000,59657.9,59712.5,59632.6,59680.2
1782917640000,59679,59705.2,59579.5,59613.7
1782917700000,59617.1,59617.1,59464.1,59476
1782917760000,59481.3,59563.2,59436.6,59555.7
1782917820000,59550.9,59550.9,59466.2,59486.7
1782917880000,59490.7,59491.9,59444.8,59462.7
1782917940000,59461.2,59489.5,59428.3,59489.5
1782918000000,59452.3,59501.8,59443.6,59477.9
1782918060000,59466.7,59568.7,59435.8,59552.3
1782918120000,59554.5,59654,59488.1,59641.8
1782918180000,59640.6,59693.9,59603.6,59672.6
1782918240000,59671.4,59709.3,59611.2,59709.2
1782918300000,59709.2,59822.6,59646,59763.5
1782918360000,59769.8,59929.2,59747.9,59874.9
1782918420000,59916.4,59936.4,59839,59884.6
1782918480000,59850,59880.8,59711,59761.2
1782918540000,59763,59773.1,59678,59724.3
1782918600000,59724.2,59829.2,59709.7,59829.2
1782918660000,59790.3,59849.2,59765.6,59828.4
1782918720000,59828.4,59875.7,59747.3,59844.8
1782918780000,59814.4,59900.3,59803.3,59881.6
1782918840000,59881.2,59928.2,59811.5,59870.1
1782918900000,59835.2,59902.9,59818.5,59845.7
1782918960000,59809.4,59867.4,59809.4,59832.4
1782919020000,59831.5,59848.5,59789.6,59804.1
1782919080000,59804.2,59849.2,59776.6,59786.9
1782919140000,59813.1,59848.2,59784.2,59812.8
1782919200000,59812,59918.4,59807.7,59869.2
1782919260000,59894.6,60030,59868.3,60018.7
1782919320000,59986,60145,59971.2,60127.4
1782919380000,60138,60452,60097,60447.4
1782919440000,60446.2,60485.1,60322.7,60361.4
1782919500000,60324.1,60416.3,60263.5,60345.6
1782919560000,60344.1,60344.1,60261.2,60326.2
1782919620000,60314.7,60390.9,60261.6,60291.5
1782919680000,60289.6,60309.8,60195.8,60261.9
1782919740000,60238.6,60279.9,60221.9,60225.8
1782919800000,60226.2,60299.5,60213.7,60250.6
1782919860000,60283.3,60326.5,60208.2,60321.3
1782919920000,60316.7,60321.6,60185.4,60203.4
1782919980000,60204.5,60227.5,60159.7,60215.2
1782920040000,60214.6,60218.5,60152.8,60192.1
1782920100000,60202.4,60224,60150.5,60164.8
1782920160000,60191.7,60221.9,60154.3,60196.7
1782920220000,60221,60222.2,60135.6,60163.1
1782920280000,60167.8,60191.7,60084.6,60105
1782920340000,60095.9,60158.5,60082,60120.2
1782920400000,60122.7,60137.4,60081.9,60098.4
1782920460000,60098.5,60165.4,60093.3,60122.7
1782920520000,60122.8,60188.1,60122.8,60183.5
1782920580000,60151.6,60203.1,60151.5,60181
1782920640000,60178.2,60188.9,60145.5,60170
1782920700000,60163.7,60174.4,60101.6,60143.2
1782920760000,60139.7,60157.5,60101.5,60129
1782920820000,60138,60200.2,60116,60189
1782920880000,60188.2,60195.7,60109.6,60137.2
1782920940000,60133.4,60133.4,60072.7,60082.7
1782921000000,60063.3,60092.8,60023.4,60037.5
1782921060000,60036.9,60084.7,60007.5,60057.4
1782921120000,60057.8,60087.6,60028.1,60075.2
1782921180000,60072.4,60110.7,60027.9,60065
1782921240000,60064.7,60088.4,60005.7,60050.2
1782921300000,60049.9,60069.4,60019.7,60047.4
1782921360000,60017.5,60075.9,60017.5,60044.7
1782921420000,60046.9,60087.5,60044.7,60058.7
1782921480000,60058,60092.2,60056.7,60061.3
1782921540000,60061.5,60136.4,60060.7,60096.1
1782921600000,60080.2,60120.8,60037.9,60037.9
1782921660000,60039.2,60066.8,59993.4,60029.6
1782921720000,60029,60107.6,60028.9,60079.6
1782921780000,60109,60131.3,60079.8,60093.3
1782921840000,60117.6,60117.6,60036.1,60085.6
1782921900000,60083,60092.5,60042.1,60072
1782921960000,60070.6,60135,60046.6,60120
1782922020000,60123.9,60163,60095.9,60159.6
1782922080000,60171,60174.8,60133.8,60133.8
1782922140000,60152.4,60163,60073.2,60073.2
1782922200000,60099.1,60113.5,60054,60096.9
1782922260000,60097.4,60108.3,60055.5,60082.7
1782922320000,60082.9,60100.9,60051.3,60066.1
1782922380000,60092.4,60111.3,60066.2,60067.2
1782922440000,60067.1,60107.8,60062.8,60084.1
1782922500000,60088.3,60102.9,60047.4,60097.6
1782922560000,60097,60097,60005.1,60044.5
1782922620000,60049.8,60113.5,60029.2,60084.4
1782922680000,60080.1,60080.1,59999.4,60056.7
1782922740000,60026.9,60083.3,60026.1,60042.2
1782922800000,60042.3,60072.8,60000.7,60035.5
1782922860000,60001.2,60035.5,59945,59972.8
1782922920000,59974,59975.6,59873.4,59878.1
1782922980000,59879.1,59956.8,59878.5,59922.1
1782923040000,59954,59960.1,59909.6,59942
1782923100000,59940.5,60013.4,59912.9,59994.4
1782923160000,59991,60052.6,59966.6,60006.7
1782923220000,60006.6,60140.1,59997.4,60106.6
1782923280000,60078.1,60198.2,60078.1,60122.1
1782923340000,60118.9,60126.6,60068.3,60088.8
1782923400000,60079.8,60110.6,60037.1,60083
1782923460000,60091.1,60099.4,60056.4,60097.1
1782923520000,60063.1,60125.1,60047.1,60077
1782923580000,60073,60075.8,60010.5,60032.6
1782923640000,60043.3,60054.5,60006.7,60045.6
1782923700000,60035.3,60038.4,60000.3,60028.2
1782923760000,60030.7,60030.7,59983.3,60002.6
1782923820000,60005.3,60007,59960.4,60006.2
1782923880000,60003,60004.2,59946.4,59961.3
1782923940000,59961.4,60000.2,59945.3,59976.9
1782924000000,59974.5,60000.2,59945.2,59994.7
1782924060000,59995.9,59999,59943.9,59967.9
1782924120000,59972.2,59988.4,59941.6,59950.6
1782924180000,59985.7,59989.3,59950.6,59982.4
1782924240000,59981.2,60031,59964.2,60030.9
1782924300000,59991.1,60030.9,59962.5,59988.6
1782924360000,59981.5,60012.3,59953.8,59980.3
1782924420000,59980.2,60040,59979.6,60016.9
1782924480000,60012.9,60012.9,59952.3,59952.3
1782924540000,59983.4,59992.5,59895.6,59903.5
1782924600000,59903.3,59968.5,59903.1,59955.5
1782924660000,59954.9,59956,59896.2,59919.8
1782924720000,59919.2,59919.2,59851.2,59851.2
1782924780000,59876.1,59886.8,59842.7,59873.2
1782924840000,59864.8,59881.8,59841.2,59866.6
1782924900000,59870,59872.7,59802.4,59827.1
1782924960000,59820.6,59835.1,59779.6,59828.4
1782925020000,59823.1,59841.9,59790.5,59808.3
1782925080000,59808.1,59872,59805.1,59857.8
1782925140000,59857.2,59870.2,59823,59835.4
1782925200000,59836.6,59884.9,59812.7,59812.7
1782925260000,59843.7,59869.8,59821.9,59862.2
1782925320000,59862.8,59867.2,59787.5,59812.8
1782925380000,59804.5,59823.1,59717.7,59742
1782925440000,59740.5,59789,59706.4,59733.8
1782925500000,59733.5,59772.8,59715.9,59757.6
1782925560000,59752.4,59752.6,59705.6,59740.8
1782925620000,59745.4,59790.7,59708,59776.4
1782925680000,59781.2,59809.2,59740.2,59800
1782925740000,59799.4,59822.4,59777.5,59816
1782925800000,59802.4,59854,59776.5,59820.7
1782925860000,59816.6,59816.6,59735.2,59790.6
1782925920000,59796,59843.9,59766.6,59843.9
1782925980000,59808.6,59852.6,59781.2,59786.4
1782926040000,59786.3,59857.8,59786.3,59841.4
1782926100000,59846.8,59873.7,59816,59868
1782926160000,59854.4,59909.2,59841.7,59871.8
1782926220000,59873.7,59877,59840,59850.4
1782926280000,59857.3,59902.9,59837.7,59886.3
1782926340000,59891,59979.3,59855,59938.8
1782926400000,59938.5,60077.7,59922.3,60046.8
1782926460000,60044,60044,59985.5,60036.3
1782926520000,60034,60071.9,59999.9,60034.7
1782926580000,60035.1,60108.3,60027.1,60082.6
1782926640000,60079,60109.6,60047.9,60101.1
1782926700000,60105.6,60118.7,60076.5,60111.2
1782926760000,60113.7,60154.7,60085.1,60095.8
1782926820000,60119.6,60119.8,60073.7,60104.2
1782926880000,60102.6,60105.6,60065.5,60105.4
1782926940000,60100.6,60100.6,60055.4,60097.4
1782927000000,60096.8,60137.5,60042.2,60126.4
1782927060000,60122.6,60122.6,60068.7,60102.7
1782927120000,60072.1,60104.5,60004.2,60057.2
1782927180000,60061.2,60072.2,60015.5,60059
1782927240000,60059.4,60096.4,60029.9,60095.6
1782927300000,60057.8,60105.3,60041.5,60102.7
1782927360000,60067.9,60120.4,60067.9,60119.5
1782927420000,60085.7,60187,60085.7,60176.4
1782927480000,60175.7,60183.5,60117,60147.2
1782927540000,60150,60162.4,60103.3,60139.1
1782927600000,60126.2,60172.4,60104,60137.9
1782927660000,60138,60138,60075.4,60112.4
1782927720000,60083.9,60120.5,60083.4,60101.5
1782927780000,60102.7,60142.9,60066.9,60106.2
1782927840000,60106.1,60146.8,60071,60096
1782927900000,60099.6,60141.2,60070.5,60107.2
1782927960000,60107.4,60141.7,60092.4,60129.1
1782928020000,60095.8,60141.3,60092.3,60097.6
1782928080000,60098.4,60152.1,60097.6,60143.7
1782928140000,60147.4,60155.4,60113.2,60122.5
1782928200000,60125.8,60130.8,60068.5,60073.1
1782928260000,60073.7,60158.1,60073.1,60128.6
1782928320000,60131,60171.4,60098.5,60171.4
1782928380000,60135,60184.3,60134.9,60184.3
1782928440000,60148.5,60178.7,60108.6,60110.9
1782928500000,60111.3,60158.2,60110.9,60119.4
1782928560000,60119.1,60166.6,60110,60130.9
1782928620000,60130.5,60166.6,60103.2,60106.7
1782928680000,60144.2,60168.8,60106.9,60139.4
1782928740000,60141.2,60142.1,60084.4,60136.3
1782928800000,60137.5,60153,60092.3,60124.4
1782928860000,60120.5,60133.3,60088.8,60119.8
1782928920000,60110.8,60137.5,60077.2,60094.5
1782928980000,60099.3,60119.3,60065.9,60110.8
1782929040000,60108.3,60167.6,60074.4,60159.4
1782929100000,60156.8,60156.8,60090.6,60121.4
1782929160000,60095.2,60132.7,60065.2,60069.3
1782929220000,60074.3,60094.3,60020.5,60043.5
1782929280000,60047.4,60050,60002.4,60011.7
1782929340000,60041.6,60060.8,60007.3,60045.6
1782929400000,60049.6,60070.2,59941.8,59945.5
1782929460000,59944.6,60000.7,59943.4,59971.7
1782929520000,59972.4,59987.6,59936.6,59955
1782929580000,59955.1,60007.2,59954,59972.6
1782929640000,59972.7,60031.6,59972.2,60022.4
1782929700000,60013.8,60013.8,59960.7,59973.9
1782929760000,59977.8,60015.1,59964.3,59982.1
1782929820000,60017.4,60098.6,59982.5,60061.6
1782929880000,60056.4,60071.4,60029.8,60037.4
1782929940000,60037.3,60138.4,60037.2,60134.3
1782930000000,60127,60134.3,60059.9,60078.8
1782930060000,60077.6,60087.8,60038,60055
1782930120000,60054.9,60103.2,60054.9,60102.4
1782930180000,60090.6,60102.9,60030.1,60031.6
1782930240000,60031.3,60091.8,60031,60053.5
1782930300000,60077.8,60089.7,60042.7,60079.4
1782930360000,60081.9,60082.4,60072.9,60076.5
1782930420000,60083.8,60102.4,60052.2,60087.1
1782930480000,60084.4,60104.3,60053.6,60091.7
1782930540000,60089.5,60094.5,60047.5,60063.9
1782930600000,60063.7,60100.1,60034.2,60070.7
1782930660000,60074.9,60125.1,59997.2,60096.9
1782930720000,60097.2,60137.4,60051.2,60063.7
1782930780000,60063.5,60123.1,60061.9,60110.8
1782930840000,60083.4,60141.4,60083.4,60140.9
1782930900000,60106.2,60173.7,60106.2,60171.6
1782930960000,60165.6,60178.3,60129.8,60172.7
1782931020000,60176.8,60196.7,60129.4,60163.7
1782931080000,60166.2,60171.4,60125.3,60141.6
1782931140000,60171.9,60184.4,60133.7,60151.1
1782931200000,60152.2,60179.8,60140.7,60170.1
1782931260000,60169,60184.5,60141.6,60175.5
1782931320000,60176.3,60177,60123.2,60123.7
1782931380000,60155.5,60157.2,60119.4,60136.2
1782931440000,60127.1,60170.3,60104.5,60169.2
1782931500000,60137.9,60178.3,60117,60144.1
1782931560000,60140,60152.4,60117,60139.7
1782931620000,60139.3,60140.1,60058.8,60096.1
1782931680000,60097.5,60170.2,60081.7,60170.1
1782931740000,60137.6,60196.4,60137.6,60186.3
1782931800000,60186.8,60244,60157.7,60200.7
1782931860000,60200.6,60237.4,60152.8,60184.2
1782931920000,60151.6,60193.9,60103.6,60130.4
1782931980000,60127.9,60128.1,60077,60095.6
1782932040000,60099,60100,59996.9,60061.9
1782932100000,60070.3,60097.8,60040.9,60062.4
1782932160000,60088.9,60120.3,60062.6,60111.6
1782932220000,60108.1,60108.1,60039.7,60092.2
1782932280000,60092.7,60104.6,60058.2,60101.4
1782932340000,60104.6,60127.2,60073.7,60083.6
1782932400000,60103.6,60143,60078.7,60134.2
1782932460000,60133.9,60155.8,60097.8,60121.3
1782932520000,60159.6,60247.2,60132.3,60233.2
1782932580000,60231.2,60232.9,60170.4,60183.9
1782932640000,60211.8,60213.9,60164.8,60167.7
1782932700000,60168.2,60236,60167.7,60188.9
1782932760000,60222.9,60223.6,60166.7,60195.3
1782932820000,60195.4,60201.2,60140.8,60184.1
1782932880000,60182.6,60201.6,60152.2,60169.6
1782932940000,60169.7,60231.4,60161.2,60199.5
1782933000000,60199.4,60236.1,60183.2,60223.9
1782933060000,60223.2,60224.8,60189.1,60189.1
1782933120000,60190.1,60216.5,60169,60182.4
1782933180000,60182.6,60232.9,60182.5,60198.3
1782933240000,60225.7,60232.8,60198,60228.9
1782933300000,60227.4,60241,60186.1,60201.5
1782933360000,60201.4,60304.7,60201.2,60289.7
1782933420000,60289.5,60293.9,60228.7,60257.1
1782933480000,60254.6,60264.7,60197.1,60227.5
1782933540000,60217.4,60231,60164.7,60193.1
1782933600000,60224.3,60224.3,60157.4,60179.7
1782933660000,60181.2,60198.5,60143.5,60160.9
1782933720000,60161.9,60203.1,60152.7,60168.2
1782933780000,60167.9,60221,60166.3,60209.6
1782933840000,60174.2,60221,60174.2,60213
1782933900000,60202.7,60202.7,60067,60072.4
1782933960000,60071.5,60095.4,60025.7,60095
1782934020000,60057.5,60110.1,60057.5,60101.7
1782934080000,60066.8,60126.7,60066.8,60101.4
1782934140000,60097.5,60108.8,60072.6,60102.5
1782934200000,60104.4,60143.6,60074.3,60140.5
1782934260000,60139.5,60156.2,60105.8,60121.2
1782934320000,60121.1,60190.9,60114.1,60156.3
1782934380000,60157.2,60199.1,60145.1,60164.3
1782934440000,60162.4,60230.6,60162.4,60213.3
1782934500000,60209.1,60210.8,60134.3,60165.4
1782934560000,60167,60168.7,60119.9,60128.6
1782934620000,60128.7,60176,60128.7,60175
1782934680000,60167.4,60196.9,60144.2,60181.8
1782934740000,60174.3,60177.4,60150.8,60154.4
1782934800000,60157.6,60168.5,60115.4,60137
1782934860000,60140,60166.4,60098.2,60121.4
1782934920000,60122.7,60145.3,60080.4,60108.9
1782934980000,60132.4,60139.2,60076,60107.2
1782935040000,60139.5,60170,60107.6,60160.2
1782935100000,60125.5,60157,60080.4,60101.2
1782935160000,60104.8,60113.2,60056.2,60111.4
1782935220000,60106.3,60121.9,60070.7,60116.2
1782935280000,60084.7,60140,60083.1,60117.4
1782935340000,60119,60124.6,60038,60058.1
1782935400000,60058.6,60140.1,60058.2,60095.3
1782935460000,60094.3,60130.9,60055,60055.4
1782935520000,60060.2,60088.2,60027.6,60052.8
1782935580000,60042.4,60102.3,60042.4,60096.5
1782935640000,60067.7,60108.3,60060.7,60090.4
1782935700000,60056.7,60090.4,60008.5,60041.6
1782935760000,60045.1,60047.7,59948.9,59949.1
1782935820000,59948.9,59992.1,59947.1,59980.7
1782935880000,59985.4,59988,59919.7,59963.1
1782935940000,59944.5,60001.4,59932.8,59949.2
1782936000000,59981.7,60013.4,59930.4,59960.9
1782936060000,59945.9,59959.6,59870.6,59895.3
1782936120000,59899.3,59903.8,59863,59870.4
1782936180000,59870.5,59935.4,59870.5,59897.5
1782936240000,59897.9,59905.3,59845.4,59867.7
1782936300000,59872.9,59878.3,59830,59860
1782936360000,59863.8,59930.1,59829.7,59924.4
1782936420000,59894.8,59982.8,59887,59953.4
1782936480000,59953.5,59977.6,59906.4,59920.3
1782936540000,59921.7,59927.3,59862.8,59895.4
1782936600000,59898,59898,59846.8,59846.9
1782936660000,59846.8,59882.4,59840.2,59878.1
1782936720000,59877.7,59889.4,59852.7,59886.2
1782936780000,59886.9,59970.6,59853.4,59970.6
1782936840000,59932.5,59972.9,59909.2,59909.3
1782936900000,59944.8,59973.1,59866.8,59902
1782936960000,59901.3,59924.8,59871.4,59900.6
1782937020000,59899.4,59903.2,59839.3,59839.3
1782937080000,59846.8,59873.3,59816.1,59838
1782937140000,59841.8,59856.6,59788.1,59831.9
1782937200000,59827.8,59849.7,59807.8,59849.1
1782937260000,59859.2,59891.6,59830,59856.2
1782937320000,59857.7,59925.6,59856.2,59908.8
1782937380000,59897.9,59907,59873.2,59899.7
1782937440000,59902.8,59937.4,59873.4,59921.6
1782937500000,59913.8,59950.4,59902.6,59912.3
1782937560000,59913.6,59941.2,59913.6,59926.4
1782937620000,59899.9,59947.1,59897,59946.3
1782937680000,59947.7,59949.6,59905,59912.9
1782937740000,59909.7,59938.6,59882.8,59920.5
1782937800000,59895.5,59931.5,59884.2,59898.8
1782937860000,59930.4,59986.7,59896.9,59956.3
1782937920000,59988.6,60011.8,59942.9,59964.2
1782937980000,59998.9,60001.2,59950.1,59971.6
1782938040000,59965.6,59965.6,59947.9,59957.4
1782938100000,59956.8,59956.8,59906.4,59940.2
1782938160000,59933.4,59933.4,59888.4,59912.9
1782938220000,59882.5,59949.4,59882.4,59919.1
1782938280000,59949,59960.8,59918.9,59926.5
1782938340000,59960.8,59978.3,59926.1,59946.1
1782938400000,59945.9,60020.6,59945.9,59988.3
1782938460000,59977.9,59984.8,59946.5,59971.1
1782938520000,59970.1,59971.1,59957.8,59965
1782938580000,59963.9,59987.4,59941.2,59973.3
1782938640000,59972,59988.6,59941.9,59986.2
1782938700000,59988.6,60006.2,59954.1,59999.8
1782938760000,59999.5,60004.5,59970.2,59991.6
1782938820000,59990.8,60003.8,59954.8,59980.4
1782938880000,60014.2,60040.5,59980.4,60038
1782938940000,60038.4,60140.7,60009.5,60112.8
1782939000000,60087.7,60112.8,60047.2,60069.4
1782939060000,60076.4,60087,60048.9,60083.7
1782939120000,60081.3,60088.7,60045,60080.3
1782939180000,60081.6,60081.6,60034.2,60064.6
1782939240000,60065,60074.5,60033.8,60071.6
1782939300000,60072.9,60083.7,60041.4,60083.7
1782939360000,60048.3,60087.2,60046.6,60076.9
1782939420000,60080.1,60080.9,60044.3,60080.4
1782939480000,60080.9,60080.9,60044.7,60068.6
1782939540000,60044.7,60085.1,60044.5,60049.2
1782939600000,60049.3,60093.9,60048.9,60056.4
1782939660000,60056.7,60085.2,60045.4,60046
1782939720000,60079.8,60098.4,60046.2,60067.2
1782939780000,60093,60100.5,60066.8,60089.5
1782939840000,60092,60139.3,60067.9,60101.4
1782939900000,60139.3,60242.3,60117.1,60173.5
1782939960000,60173.3,60222.4,60157.4,60197.8
1782940020000,60189,60199.1,60131.9,60155.1
1782940080000,60155.2,60214.8,60154.9,60211
1782940140000,60197.6,60211,60180.8,60200
1782940200000,60200.2,60242.8,60160.7,60242.8
1782940260000,60242.3,60352.8,60219,60352.8
1782940320000,60314.9,60402,60313.7,60351
1782940380000,60384.5,60409.6,60284.7,60330.8
1782940440000,60323.5,60396.5,60285.4,60393.1
1782940500000,60392.8,60396.6,60308.8,60316.9
1782940560000,60320.8,60335.7,60245.2,60330.8
1782940620000,60326.6,60441.3,60307.3,60428
1782940680000,60422.1,60424.8,60353.5,60367.9
1782940740000,60368.7,60447.9,60338.2,60424.6
1782940800000,60452.5,60455.2,60390.9,60400.1
1782940860000,60399.4,60449.6,60390.2,60442.1
1782940920000,60449.6,60466.2,60416.5,60459.7
1782940980000,60462.2,60462.2,60357.3,60379.4
1782941040000,60352.5,60400,60318.9,60351.3
1782941100000,60347.1,60401.3,60291.1,60401.3
1782941160000,60398,60535.6,60355.6,60392.9
1782941220000,60393.5,60447.7,60345.6,60443.5
1782941280000,60440.4,60544.1,60429.5,60518.6
1782941340000,60523.4,60523.4,60419.7,60472.3
1782941400000,60472.8,60552.3,60443.3,60551.5
1782941460000,60556.5,60599,60517.4,60597.4
1782941520000,60562.5,60614.6,60549.8,60594
1782941580000,60598.3,60665.6,60501.5,60652.2
1782941640000,60653.7,60658.6,60608.6,60654.1
1782941700000,60654,60667.2,60614.2,60656
1782941760000,60656.1,60657.1,60600.9,60655.3
1782941820000,60660.5,60667,60628.2,60659.4
1782941880000,60656.5,60790.7,60625.9,60700.9
1782941940000,60696.6,60702.5,60592.6,60661.5
1782942000000,60628.2,60767,60578.1,60727.8
1782942060000,60761.6,60766.5,60715.8,60757.2
1782942120000,60760.7,60767.3,60699.8,60762.1
1782942180000,60764.3,60768,60731.2,60764.6
1782942240000,60766.1,60767.1,60725,60756.3
1782942300000,60758.9,60767.9,60703.2,60759.4
1782942360000,60763.3,60771,60696.7,60730.7
1782942420000,60733.6,60767.8,60733.6,60765.6
1782942480000,60764.3,60766.2,60762.9,60765.5
1782942540000,60765.6,60773.7,60733.8,60772.1
1782942600000,60736.2,60772.7,60733.7,60764.7
1782942660000,60768.9,60768.9,60733.3,60762.4
1782942720000,60758.2,60791.6,60730.5,60777.1
1782942780000,60771.7,60775.6,60745.6,60767.1
1782942840000,60763.2,60767.4,60712.2,60728.3
1782942900000,60729.9,60773.8,60700,60768.1
1782942960000,60767,60767.5,60760.2,60767
1782943020000,60762.9,60764.6,60721,60729.7
1782943080000,60729.9,60777.8,60728.4,60769.7
1782943140000,60738.6,60768.2,60726.5,60732.3
1782943200000,60763.3,60778.2,60736.9,60736.9
1782943260000,60764.7,60768.1,60737,60761.4
1782943320000,60736.3,60764.8,60726.6,60729.2
1782943380000,60729,60768.2,60695.5,60717.8
1782943440000,60718,60769.6,60717.8,60738.8
1782943500000,60764.9,60768,60720.4,60727.7
1782943560000,60757.4,60763.8,60727.7,60730.4
1782943620000,60761.8,60762.9,60730.3,60730.7
1782943680000,60730.9,60767.6,60730.5,60766.5
1782943740000,60734,60766.9,60733.6,60733.9
1782943800000,60734,60765.1,60733.7,60734
1782943860000,60733.9,60766.4,60732.7,60733.8
1782943920000,60764.9,60765.6,60733.4,60733.7
1782943980000,60733.6,60765.2,60733.1,60733.5
1782944040000,60734.5,60765.7,60731.7,60731.7
1782944100000,60731.6,60761.4,60722.3,60758.3
1782944160000,60759,60763.7,60729.2,60763.1
1782944220000,60731.1,60766.3,60730.1,60765.7
1782944280000,60763.8,60775,60733.6,60742.4
1782944340000,60742.3,60777.9,60732.3,60739.8
1782944400000,60739.9,60782,60739.9,60745.9
1782944460000,60745.5,61264.5,60745.5,60970.3
1782944520000,60970.5,61129.4,60886.2,61094.6
1782944580000,61094.8,61141.1,60959.4,60964.3
1782944640000,60997.7,61003.4,60851.3,60891.1
1782944700000,60891,60964.1,60768.8,60770.4
1782944760000,60771.2,60831.2,60739.1,60781.6
1782944820000,60780.3,60801.6,60670,60699.9
1782944880000,60670.6,60713.1,60622.2,60649.5
1782944940000,60649.7,60673.2,60467.5,60500
1782945000000,60490.5,60623.6,60468.3,60510
1782945060000,60491.7,60536.4,60435,60437.8
1782945120000,60437.6,60546.6,60410,60505.1
1782945180000,60477.6,60506.5,60390.5,60491.6
1782945240000,60494,60508.2,60412.9,60444.6
1782945300000,60414.7,60494.1,60396.8,60439.8
1782945360000,60440,60483.8,60385.2,60431.4
1782945420000,60427.2,60465.8,60367.1,60434.7
1782945480000,60435,60472.3,60407.4,60464.3
1782945540000,60434.9,60468.5,60422.6,60423.1
1782945600000,60423.3,60502.3,60366.1,60373.5
1782945660000,60369.9,60501,60369.9,60488.5
1782945720000,60457.8,60505.9,60441.2,60468.3
1782945780000,60497.8,60504.6,60408.1,60420.6
1782945840000,60420.4,60442.3,60386,60402.1
1782945900000,60402.5,60436.9,60341.3,60353.8
1782945960000,60353.9,60415.9,60330.5,60334.4
1782946020000,60334,60424.6,60329.3,60392
1782946080000,60392.1,60453.7,60378,60401.8
1782946140000,60402,60429.9,60357.6,60393.2
1782946200000,60365,60408.3,60280.6,60339.7
1782946260000,60342.3,60365.6,60266.9,60345.3
1782946320000,60315.8,60378.9,60315.8,60330.6
1782946380000,60330.4,60396.8,60330.4,60372.7
1782946440000,60343.4,60391.6,60343.4,60360.9
1782946500000,60392.4,60395.4,60327.3,60362.4
1782946560000,60362.7,60402.3,60350.7,60364.6
1782946620000,60364.8,60397.8,60346.8,60358.2
1782946680000,60358.1,60449.5,60358.1,60405
1782946740000,60404.4,60439.7,60384.8,60415.3
1782946800000,60385.7,60414.1,60254.9,60255.1
1782946860000,60287.4,60304.7,60243.8,60274.2
1782946920000,60274.3,60294.8,60213.6,60225.6
1782946980000,60225.9,60320.9,60225.8,60291.9
1782947040000,60291.5,60313.3,60212.7,60224
1782947100000,60224.6,60272.8,60224.6,60234.3
1782947160000,60237,60283.6,60222.3,60246.1
1782947220000,60275.6,60275.6,60228.3,60233.6
1782947280000,60265,60266.8,60228.8,60236.8
1782947340000,60237,60295.5,60237,60254.3
1782947400000,60254.1,60296.9,60234.8,60266.4
1782947460000,60238.8,60261.2,60209.1,60232.7
1782947520000,60235.9,60237.2,60161.7,60175.1
1782947580000,60208.8,60222.3,60158,60186.2
1782947640000,60178.4,60203.4,60153,60190
1782947700000,60194.5,60221.6,60160.7,60192.9
1782947760000,60222.6,60237.8,60187.8,60230.1
1782947820000,60233,60237.1,60191.7,60235.1
1782947880000,60232.2,60235.1,60192,60211
1782947940000,60214.8,60315.5,60194.7,60244.7
1782948000000,60244.9,60284.5,60242.2,60245.4
1782948060000,60236.9,60243.6,60190.5,60236
1782948120000,60205.1,60241.1,60199,60232.9
1782948180000,60237.4,60247.5,60112.2,60150.3
1782948240000,60154.4,60179.3,60126.9,60154.6
1782948300000,60156.6,60180.2,60132,60150.5
1782948360000,60150.6,60201.7,60149.7,60179.8
1782948420000,60180.6,60180.6,60118.4,60151.9
1782948480000,60142.9,60172.1,60120.9,60167.8
1782948540000,60155.7,60164.4,60144.9,60153.6
1782948600000,60154,60187.4,60121.7,60187.4
1782948660000,60148.1,60208.8,60148.1,60180.8
1782948720000,60169.4,60174.8,60127.6,60146.3
1782948780000,60142.5,60187,60121.3,60183.2
1782948840000,60179.4,60181.3,60152.8,60158.3
1782948900000,60160.1,60160.1,59961.1,60001.1
1782948960000,60008.9,60030.2,59970.7,60010.7
1782949020000,60011.7,60050.5,59986.2,60039.2
1782949080000,60014.5,60097.5,60014.5,60063.3
1782949140000,60063.6,60152,60048.4,60089
1782949200000,60097.3,60108.4,60031.4,60053.7
1782949260000,60057.4,60099.8,60025.6,60081.4
1782949320000,60078.5,60150,60052.4,60141.7
1782949380000,60140.3,60144.3,60064.1,60098.3
1782949440000,60097.4,60135.7,60074.5,60099.6
1782949500000,60103.5,60107.6,60026.4,60048
1782949560000,60049.3,60050.1,59998.5,60008.4
1782949620000,60011.1,60032.9,59981,60030.3
1782949680000,60031.8,60054.9,59992.2,60016.6
1782949740000,60009.2,60013.8,59928.7,59953.9
1782949800000,59954,59993.6,59936,59969.2
1782949860000,59969.4,59992,59926.7,59949.5
1782949920000,59942.8,59953.6,59896.5,59948.7
1782949980000,59953.1,60020.9,59917.7,59988.4
1782950040000,59988.5,60022.4,59973.3,59989.3
1782950100000,60017,60043.4,59980,60013.9
1782950160000,60008.6,60016.4,59974.5,59974.5
1782950220000,59974.6,60013.7,59957.4,59972.2
1782950280000,59972.3,60012.8,59972.3,59980.7
1782950340000,59980.8,60019.9,59929.5,59942.7
1782950400000,59971.6,59978.6,59910.5,59940.4
1782950460000,59932.6,59941,59848.3,59910.8
1782950520000,59876.4,59906.8,59812.3,59865
1782950580000,59869.4,59889.5,59825.3,59877.3
1782950640000,59878.6,59908.1,59840.3,59850
1782950700000,59855.9,59940.2,59829,59908.5
1782950760000,59908.2,59938.2,59836.2,59837.3
1782950820000,59837.4,59879.7,59818.1,59849
1782950880000,59881.7,59913.6,59835.7,59911.4
1782950940000,59907.6,59908.3,59855.6,59897.7
1782951000000,59874.4,59911.1,59846.6,59894.4
1782951060000,59891.6,59922.4,59859.8,59877.6
1782951120000,59881.1,59920.8,59844.7,59910.8
1782951180000,59918.5,59938.5,59903.5,59927.2
1782951240000,59930.2,59938.6,59881.2,59888.3
1782951300000,59892.1,59918.4,59864.2,59898.6
1782951360000,59897.7,59903.5,59844.2,59874.3
1782951420000,59844.2,59877.9,59745,59777.3
1782951480000,59745.9,59786,59728.6,59758.7
1782951540000,59734.1,59767.4,59676,59713.1
1782951600000,59713.2,59731.4,59658.8,59726.6
1782951660000,59725,59765.4,59698.3,59737.6
1782951720000,59736.1,59812.4,59736.1,59784.2
1782951780000,59783.1,59806,59744.4,59765.4
1782951840000,59737.5,59825.8,59737.5,59795.3
1782951900000,59799.1,59801.7,59757.5,59782.2
1782951960000,59781,59785.8,59734.7,59765.6
1782952020000,59761.7,59761.7,59718.1,59724.9
1782952080000,59726,59727.9,59692,59719.7
1782952140000,59719.6,59742.9,59693.1,59727.6
1782952200000,59731.7,59740.7,59631.7,59650.6
1782952260000,59644.4,59675.9,59629.3,59653.1
1782952320000,59654.2,59672.5,59625.9,59661.8
1782952380000,59659.4,59675.9,59617.8,59660.6
1782952440000,59665,59666.1,59596.9,59596.9
1782952500000,59597,59677.8,59595.5,59677.3
1782952560000,59643.9,59685.4,59621.8,59646.6
1782952620000,59646.8,59669.8,59588.6,59588.6
1782952680000,59613.3,59614.8,59572.5,59592.4
1782952740000,59592.9,59612.1,59561.4,59581.5
1782952800000,59583.2,59598.3,59554.7,59590.7
1782952860000,59591.6,59595.3,59543.2,59579.8
1782952920000,59579.5,59588.1,59510.1,59515.3
1782952980000,59515.5,59566.8,59503.2,59547.1
1782953040000,59543.2,59572.3,59515.5,59541.7
1782953100000,59540.9,59625,59540.9,59610.4
1782953160000,59606.4,59640.2,59568.7,59635.2
1782953220000,59634.2,59637.9,59600.5,59631.9
1782953280000,59634.5,59683.8,59605.3,59651.4
1782953340000,59652.8,59728.5,59637.6,59727.5
1782953400000,59694.6,59791.4,59694.6,59751.6
1782953460000,59747.9,59755.4,59711.3,59739.6
1782953520000,59738.3,59747.6,59686.2,59714.4
1782953580000,59714.5,59728.1,59699.1,59722.3
1782953640000,59697.6,59715.8,59653.2,59653.6
1782953700000,59653.7,59710.8,59638.5,59667.2
1782953760000,59638.7,59667.9,59609.9,59640.1
1782953820000,59640.6,59660.1,59605.8,59648.6
1782953880000,59651.9,59657.9,59606.3,59626.1
1782953940000,59626.3,59696.3,59626.3,59665.8
1782954000000,59666,59697.5,59640.5,59697.5
1782954060000,59664.2,59711.2,59664.2,59677
1782954120000,59678.7,59727.2,59654.9,59713
1782954180000,59715.5,59746.3,59694.1,59705.4
1782954240000,59707.7,59747,59645.2,59669.2
1782954300000,59691.9,59702.3,59656.1,59693.8
1782954360000,59663.2,59702.7,59644.9,59670
1782954420000,59689.5,59704.6,59644.7,59694.2
1782954480000,59692.3,59711.4,59665.5,59678.1
1782954540000,59678.5,59779.3,59678.5,59743.8
1782954600000,59767.8,59778.6,59721.5,59748.7
1782954660000,59749.2,59761.4,59690.3,59716.6
1782954720000,59718,59804,59693.4,59796.5
1782954780000,59808,59876.5,59783.3,59853.6
1782954840000,59852.4,59879.3,59829.9,59841
1782954900000,59841.2,59892.3,59841.2,59877.2
1782954960000,59879.1,59892.3,59824.8,59826.3
1782955020000,59847.1,59859.5,59765.6,59786.3
1782955080000,59791.1,59882,59757.1,59853.2
1782955140000,59852.9,59935.3,59847.7,59920.6
1782955200000,59895.7,59950.8,59881.1,59915.1
1782955260000,59910.3,59910.3,59863.6,59872.8
1782955320000,59870.4,59886.6,59807.3,59807.4
1782955380000,59807.3,59883.4,59797.7,59883.4
1782955440000,59884,59926,59855.7,59920.6
1782955500000,59914.1,59963.5,59896.1,59951.3
1782955560000,59956.4,59959.5,59892.6,59945.7
1782955620000,59947.6,59953.2,59885.4,59888.4
1782955680000,59924.6,59944.9,59881.1,59943.5
1782955740000,59916.4,59960.7,59916.4,59960.7
1782955800000,59965.4,60097.9,59942.4,60088.5
1782955860000,60094.9,60109.5,60058.3,60109.4
1782955920000,60085.1,60139,60061.7,60135.2
1782955980000,60139.2,60144.4,60082.5,60082.5
1782956040000,60083.8,60102.9,60033,60084.8
1782956100000,60085.7,60104,60040.7,60099.2
1782956160000,60092.4,60110.2,60063.5,60101.4
1782956220000,60109.2,60132.5,60079.4,60101
1782956280000,60099.1,60103.1,60061.4,60094.5
1782956340000,60090.3,60150.4,60071.8,60123.7
1782956400000,60139.4,60265,60130.4,60212.9
1782956460000,60208.6,60208.6,60131.1,60138.6
1782956520000,60137.9,60154.5,60101.5,60118.8
1782956580000,60114.5,60152.4,60100.1,60140.7
1782956640000,60138.6,60145.6,60109.5,60137.1
1782956700000,60133.6,60151.6,60093.8,60143.8
1782956760000,60147.7,60231.4,60128.7,60231.4
1782956820000,60227.5,60261.8,60201,60237.1
1782956880000,60233.1,60243.3,60192,60198.8
1782956940000,60199,60231,60144.6,60155.8
1782957000000,60155.2,60155.2,60004.2,60033.2
1782957060000,60036.5,60054.7,60005.2,60030.2
1782957120000,60035.5,60053.9,60007.6,60051.9
1782957180000,60056.4,60060.3,60016.5,60047.6
1782957240000,60051.3,60069.1,60029.2,60050.9
1782957300000,60058.9,60111.9,60025.5,60042.8
1782957360000,60074.7,60090.2,60032.7,60057.8
1782957420000,60032.8,60064.8,60031.9,60062.8
1782957480000,60067.8,60117.5,60036.8,60102.5
1782957540000,60098.7,60118.3,60073.1,60118.1
1782957600000,60115.5,60117.8,60040.8,60070.3
1782957660000,60074.8,60086.2,60042.9,60077.8
1782957720000,60077.1,60095.9,60043.5,60069.7
1782957780000,60072.5,60096.7,60046,60089.6
1782957840000,60090.1,60137.9,60062.6,60111.2
1782957900000,60117.4,60125.7,60092.4,60101.8
1782957960000,60110.9,60120.9,60046.6,60046.6
1782958020000,60065.5,60077.5,60027.2,60067.4
1782958080000,60072.1,60087.4,59992.7,60039.8
1782958140000,60050.6,60062.1,60018.7,60048.2
1782958200000,60046.5,60046.5,59953.9,59977
1782958260000,59977.2,59999,59941.8,59989.5
1782958320000,59996.9,60046,59980.2,60016.7
1782958380000,60050.4,60095.2,60016.9,60065.5
1782958440000,60060.2,60084.4,60038,60084.4
1782958500000,60088.3,60197.9,60057.4,60171.7
1782958560000,60171.5,60205.6,60095.1,60102.3
1782958620000,60133,60153.6,60106.3,60147.3
1782958680000,60148.3,60148.3,60106.4,60147.9
1782958740000,60146.8,60152.3,60080.4,60152.3
1782958800000,60117.7,60182.5,60117.7,60143.4
1782958860000,60132.8,60155.2,60096.2,60131.8
1782958920000,60132.5,60149.6,60064.8,60118.5
1782958980000,60110.7,60136.4,60090.7,60123.6
1782959040000,60121.6,60124.8,60085.2,60124
1782959100000,60128.5,60141.2,60092.8,60128.8
1782959160000,60120.5,60149.6,60109,60149.6
1782959220000,60150.2,60164.6,60121.2,60139.1
1782959280000,60128.3,60140.8,60102.6,60127.7
1782959340000,60127.6,60153.1,60088,60153.1
1782959400000,60155.2,60161.8,60104.9,60161.8
1782959460000,60166.1,60194.3,60126.7,60154.7
1782959520000,60158.6,60224.9,60137.7,60224
1782959580000,60227.6,60227.6,60168.3,60178.8
1782959640000,60178.3,60228,60155.8,60228
1782959700000,60216.3,60254.9,60202.4,60254.9
1782959760000,60255,60261.6,60212.6,60222.8
1782959820000,60220.3,60330.4,60195.2,60302.3
1782959880000,60280.5,60354,60280.5,60319.8
1782959940000,60327.3,60327.3,60283.1,60308
1782960000000,60303,60314.3,60274.7,60298.8
1782960060000,60300.7,60338,60282.8,60338
1782960120000,60326.4,60348.4,60307.8,60341.5
1782960180000,60317.5,60342.8,60314.1,60317.8
1782960240000,60320.4,60347.9,60318.2,60318.7
1782960300000,60347.5,60379,60318.2,60378.7
1782960360000,60377.6,60386.3,60344.7,60374.2
1782960420000,60376.8,60430.9,60359.1,60429.1
1782960480000,60415.3,60430.7,60361.8,60361.8
1782960540000,60360.7,60365.8,60300.1,60300.1
1782960600000,60323.8,60329.2,60311.8,60320.9
1782960660000,60321.6,60323.4,60249.8,60308.5
1782960720000,60309.4,60321.9,60284.1,60318.6
1782960780000,60314,60318.6,60277,60296.6
1782960840000,60297.8,60340.3,60277.6,60337.3
1782960900000,60336.2,60355.4,60307.4,60355.4
1782960960000,60348,60381.1,60336.2,60368.1
1782961020000,60372.3,60399.5,60348.7,60393.1
1782961080000,60392.9,60409.4,60376.6,60393.4
1782961140000,60392.2,60392.2,60356.3,60359.6
1782961200000,60365.9,60376.1,60336.9,60370.9
1782961260000,60376.4,60393.2,60338.7,60381.6
1782961320000,60376.2,60382.5,60323.9,60370.3
1782961380000,60374.2,60374.2,60319.1,60349.8
1782961440000,60351.1,60370.7,60322.6,60364.8
1782961500000,60365.2,60409.3,60336.6,60405.7
1782961560000,60413.7,60415.4,60362.2,60389.3
1782961620000,60389.9,60415,60369.9,60410
1782961680000,60414.6,60418.9,60377.8,60397.8
1782961740000,60395.8,60398.9,60336.5,60352.7
1782961800000,60360.4,60368.4,60355.2,60355.2
1782961860000,60350.9,60377.6,60330.3,60376.2
1782961920000,60380.1,60383.9,60346.3,60380
1782961980000,60380.8,60419,60361.4,60387.8
1782962040000,60414.8,60421.7,60378.9,60421.7
1782962100000,60427.6,60447.3,60391.9,60413.8
1782962160000,60408.1,60414.8,60340.3,60390.6
1782962220000,60395.6,60395.6,60333.8,60354.8
1782962280000,60353.6,60359.5,60300.8,60329.2
1782962340000,60330.6,60339.3,60274.3,60312.9
1782962400000,60311.9,60313,60271.1,60294.8
1782962460000,60293.6,60296.8,60230.5,60264
1782962520000,60268,60306.4,60235.4,60273.7
1782962580000,60274,60316.8,60252.4,60278.8
1782962640000,60272.6,60295,60254.3,60264.3
1782962700000,60264.1,60308.9,60264.1,60306
1782962760000,60299.1,60333.2,60299.1,60319.6
1782962820000,60322.9,60648.7,60306.7,60629.5
1782962880000,60643.8,60656.5,60490.3,60517.2
1782962940000,60517.9,60531.1,60461.1,60494.8
1782963000000,60493.3,60493.3,60394,60442.3
1782963060000,60448.8,60503,60416.2,60449.5
1782963120000,60483.3,60493.5,60434.3,60481.2
1782963180000,60485.2,60526.4,60461.5,60510.9
1782963240000,60499.3,60579,60486.5,60564.7
1782963300000,60560.8,60564.7,60504.5,60552.2
1782963360000,60554.4,60567.2,60511.9,60552
1782963420000,60553.6,60581.7,60512.6,60525.3
1782963480000,60532.5,60707.9,60504.1,60694
1782963540000,60690.1,60739,60650.1,60739
1782963600000,60733.7,60735.3,60663.2,60670.1
1782963660000,60694.8,60695.6,60649,60695.4
1782963720000,60697.8,60716.1,60667,60710.5
1782963780000,60706.2,60742.3,60681.4,60731.8
1782963840000,60727.9,60747.5,60683.1,60746.6
1782963900000,60746.5,60746.5,60678.5,60706.6
1782963960000,60703.4,60712,60668.6,60703.5
1782964020000,60703.7,60723.5,60677.9,60723.5
1782964080000,60690.8,60722.2,60649.5,60692.7
1782964140000,60693.9,60795.1,60675.9,60762.4
1782964200000,60762.3,60893.2,60762.3,60796.8
1782964260000,60797.5,60849.8,60774.7,60802
1782964320000,60806.9,60999.9,60773,60926.3
1782964380000,60954.3,60959.1,60860.1,60911.5
1782964440000,60875.7,60923.8,60863.6,60918
1782964500000,60919.7,60965.6,60887.4,60964.5
1782964560000,60930.8,60999.8,60925.2,60969.5
1782964620000,60972.2,61061.7,60948.4,60999.8
1782964680000,61000.2,61001.4,60919.8,60981.4
1782964740000,60952.6,61003.9,60940.2,60969.6
1782964800000,60993.5,60996.9,60866.9,60883.2
1782964860000,60870.3,60903.8,60827.8,60901.1
1782964920000,60866.7,60985.5,60866.7,60952
1782964980000,60958.8,60966.2,60889.1,60912.7
1782965040000,60917.8,60947.5,60887.5,60944.3
1782965100000,60939.8,60941.3,60881,60906
1782965160000,60906.3,60906.3,60858.2,60871
1782965220000,60862.2,60884.3,60782.6,60850.3
1782965280000,60824.8,60856,60781.7,60813
1782965340000,60817.7,60859.7,60788.4,60839.2
1782965400000,60837.1,60870.1,60816.4,60870.1
1782965460000,60865.4,60893.6,60834.4,60863.4
1782965520000,60864.4,60875.7,60839,60872.9
1782965580000,60874,60916.7,60841.3,60916.7
1782965640000,60883.6,60911.2,60840.6,60883.1
1782965700000,60882.7,60883.1,60810,60848.3
1782965760000,60853.1,60880,60813.8,60843.8
1782965820000,60840,60920.8,60838.9,60887.8
1782965880000,60888.4,60891.2,60847.6,60855.8
1782965940000,60850.7,60854.4,60834.7,60839
1782966000000,60844.9,60865.3,60814.7,60861.1
1782966060000,60829.6,60869.4,60819.1,60862.6
1782966120000,60845.2,60875.3,60777.5,60807.6
1782966180000,60811.2,60822.5,60763.2,60769.4
1782966240000,60802.9,60808.7,60767.4,60797.2
1782966300000,60802.4,60811.8,60757.5,60808.7
1782966360000,60778.3,60815.8,60775.7,60791.4
1782966420000,60788.8,60792.9,60753.6,60768.6
1782966480000,60766,60775,60734.9,60754.9
1782966540000,60753.2,60804.2,60735.1,60797.5
1782966600000,60791.5,60791.5,60711.3,60767.5
1782966660000,60769.3,60769.3,60710.3,60710.3
1782966720000,60711.7,60724.8,60677.7,60720.6
1782966780000,60720,60721.9,60676.8,60712.5
1782966840000,60712.3,60712.3,60692.4,60698.1
1782966900000,60690.8,60706.5,60665.5,60704.7
1782966960000,60705.2,60708.5,60666.3,60683.5
1782967020000,60674.5,60718.5,60653.8,60681.1
1782967080000,60717,60749.2,60681,60706.2
1782967140000,60708.5,60763.2,60708.5,60752.1
1782967200000,60752.8,60761.3,60689.1,60705.8
1782967260000,60714.6,60723.2,60687.3,60709.3
1782967320000,60713.3,60720.2,60704.7,60717.4
1782967380000,60713.2,60718.1,60653.2,60675.9
1782967440000,60677.1,60712.1,60649.8,60676.8
1782967500000,60710.8,60713.3,60667.1,60711.4
1782967560000,60707.3,60720.2,60683.6,60713.5
1782967620000,60718.5,60736.9,60680.2,60697.8
1782967680000,60702.8,60705.9,60690.4,60690.4
1782967740000,60701.8,60723.8,60676.1,60713.3
1782967800000,60681.6,60732.2,60681.1,60732.2
1782967860000,60727,60782.4,60698.8,60767.4
1782967920000,60767.6,60771.3,60719.1,60770.6
1782967980000,60758,60817.8,60758,60816.6
1782968040000,60821.4,60825.8,60784.7,60787.3
1782968100000,60793.8,60794.3,60732.5,60732.5
1782968160000,60755.8,60775,60732.5,60775
1782968220000,60765.2,60765.2,60703.1,60731.4
1782968280000,60732.1,60764.1,60712.8,60764.1
1782968340000,60760,60760,60694.9,60725.4
1782968400000,60722.1,60722.1,60622.7,60643.3
1782968460000,60617.4,60646.1,60594.9,60623.5
1782968520000,60628.3,60643.4,60566.2,60611.8
1782968580000,60607.5,60628.1,60582.4,60626.9
1782968640000,60629.3,60643.7,60621.8,60628.2
1782968700000,60632,60663,60607.4,60663
1782968760000,60656.4,60661,60638.3,60655.2
1782968820000,60659,60695.9,60648,60695.9
1782968880000,60697.3,60697.3,60633.9,60666.3
1782968940000,60670.4,60804.2,60645.5,60766.5
1782969000000,60766,60804.2,60711.3,60771.3
1782969060000,60764.9,60787.3,60726,60726
1782969120000,60716.1,60778,60710,60776.6
1782969180000,60772.5,60775.2,60742,60761.1
1782969240000,60759.1,60798.3,60737.3,60798.3
1782969300000,60791.4,60791.4,60702.5,60773.5
1782969360000,60777.6,60780.4,60706.7,60741.5
1782969420000,60744,60780.6,60734.2,60747
1782969480000,60747.3,60787.4,60747.3,60767.3
1782969540000,60783.1,60798.4,60747.3,60762.5
1782969600000,60794,60794,60752.4,60775.9
1782969660000,60774.2,60780.8,60744.3,60774.8
1782969720000,60769.4,60821,60738.6,60780.4
1782969780000,60774.9,60775.8,60733.1,60744.2
1782969840000,60747.6,60754.6,60737.3,60740
1782969900000,60737.7,60742.6,60679.9,60704
1782969960000,60700.1,60709.1,60666.4,60699.5
1782970020000,60694.3,60694.3,60647.6,60674.6
1782970080000,60673.8,60692.4,60649.5,60687.8
1782970140000,60686.1,60689.8,60654.8,60684.5
1782970200000,60684.3,60709,60660.3,60668.7
1782970260000,60668.8,60709.1,60667.2,60686.7
1782970320000,60691,60713.9,60659.7,60708.4
1782970380000,60675,60717.3,60649.2,60677
1782970440000,60680.1,60730,60657.4,60714.3
1782970500000,60720.7,60794.5,60684.5,60755.9
1782970560000,60787.7,60811.2,60754.8,60778.8
1782970620000,60779,60817.1,60681.3,60733.3
1782970680000,60738.7,60740.3,60586.6,60586.6
1782970740000,60585.3,60622.8,60546,60589.4
1782970800000,60550.7,60600.4,60513.9,60594
1782970860000,60558.5,60618.2,60529.3,60541.9
1782970920000,60573.5,60583.8,60495.4,60506.8
1782970980000,60507,60602.2,60507,60602.2
1782971040000,60573.2,60610.4,60500.9,60544.8
1782971100000,60512.8,60583,60512.8,60548.5
1782971160000,60546.6,60599.3,60496.5,60508.5
1782971220000,60507.4,60550.3,60463.1,60471.5
1782971280000,60499.7,60512.8,60461.6,60473.5
1782971340000,60505.7,60505.7,60407.3,60455.1
1782971400000,60432.8,60495.3,60397.5,60397.5
1782971460000,60397.7,60461,60389.2,60424
1782971520000,60455.4,60482.3,60422.1,60463
1782971580000,60462.6,60517.9,60431,60478.2
1782971640000,60477.9,60515.5,60471.8,60480
1782971700000,60478.2,60510.5,60454.7,60455.3
1782971760000,60455,60498.2,60442.3,60446.5
1782971820000,60478.4,60478.4,60431.5,60431.6
1782971880000,60431.5,60465.8,60413.8,60414.7
1782971940000,60414.3,60446.8,60411.6,60445.8
1782972000000,60415.5,60454.9,60403.4,60403.7
1782972060000,60429.7,60455.7,60390.8,60391.2
1782972120000,60421.5,60456.3,60395.3,60402.9
1782972180000,60402.4,60443.1,60352.3,60380.8
1782972240000,60384.8,60408.9,60354.9,60359.9
1782972300000,60360.3,60438,60360.2,60404.7
1782972360000,60403.3,60430.6,60379.9,60389.7
1782972420000,60390.3,60431.4,60363.8,60364.3
1782972480000,60364.7,60383.4,60332.1,60350
1782972540000,60348.3,60388.4,60334.2,60363.1
1782972600000,60371.4,60384.9,60341.7,60377.3
1782972660000,60374.2,60378.7,60360,60376.6
1782972720000,60378.6,60378.6,60353.8,60363.4
1782972780000,60353.5,60365.2,60322.6,60355.1
1782972840000,60358.4,60358.4,60314.9,60339.6
1782972900000,60343.8,60375.5,60324.7,60332.6
1782972960000,60332.9,60380.2,60332.6,60372.2
1782973020000,60368.7,60409.2,60343.8,60384.3
1782973080000,60380.2,60382.2,60338.7,60358.8
1782973140000,60354.6,60379.4,60331.7,60362.5
1782973200000,60369,60433,60337.1,60394.1
1782973260000,60394.6,60480.6,60394.1,60480.1
1782973320000,60481.4,60498.8,60452.4,60460.6
1782973380000,60454.2,60475.6,60417.9,60444.8
1782973440000,60441.8,60441.8,60348.6,60349
1782973500000,60348.9,60444.6,60348.7,60424.8
1782973560000,60423.4,60444.3,60398.4,60444.3
1782973620000,60440.2,60443.4,60379.4,60428.5
1782973680000,60426.4,60437.3,60398.3,60422.6
1782973740000,60422.4,60422.4,60386,60409.6
1782973800000,60412.1,60448.3,60386.4,60448.3
1782973860000,60449.8,60496.7,60438.1,60494.2
1782973920000,60481.1,60521.4,60469,60520.4
1782973980000,60526,60567.7,60498.1,60561.7
1782974040000,60564.3,60591.1,60527.1,60561.8
1782974100000,60556.6,60558.8,60521.7,60553.6
1782974160000,60557.8,60557.8,60474.1,60509.6
1782974220000,60504.8,60510.8,60445.4,60468.8
1782974280000,60469.8,60534.8,60444.8,60526.8
1782974340000,60499.4,60524.8,60481.5,60506.7
1782974400000,60485.7,60516.8,60464.3,60504.9
1782974460000,60509.9,60520,60466.1,60466.2
1782974520000,60466.3,60490.3,60444.6,60444.6
1782974580000,60444.5,60482,60439.6,60474.5
1782974640000,60475.8,60488.7,60446.9,60465.9
1782974700000,60470.4,60472.4,60361.9,60362
1782974760000,60361.8,60401.4,60317.5,60346.6
1782974820000,60316.8,60344.2,60265.7,60304.7
1782974880000,60306.2,60321.7,60247.6,60270.7
1782974940000,60243.4,60268.2,60208.4,60250.2
1782975000000,60248.4,60248.4,60193.4,60224.2
1782975060000,60226,60252,60183.3,60183.3
1782975120000,60205.8,60222.6,60167.2,60222.6
1782975180000,60187.1,60247.6,60187.1,60238.6
1782975240000,60239.1,60258.4,60210,60249.3
1782975300000,60250.9,60250.9,60209,60239.2
1782975360000,60241.2,60245.2,60183.6,60205.8
1782975420000,60187.9,60248.2,60167.9,60240.2
1782975480000,60216.8,60256.1,60207.7,60231.8
1782975540000,60234.5,60238.3,60175.3,60175.3
1782975600000,60175,60202.8,60166.2,60193.7
1782975660000,60198.9,60226.7,60166.5,60200
1782975720000,60175.9,60203.5,60175.9,60196.3
1782975780000,60195.1,60195.1,60148.7,60183.4
1782975840000,60173.6,60180.9,60157.2,60170.4
1782975900000,60171.3,60171.3,60125.2,60163.3
1782975960000,60166.6,60189.1,60118.1,60187.1
1782976020000,60189.2,60213.9,60172.6,60202
1782976080000,60193.2,60207,60172.9,60195.3
1782976140000,60198.5,60212.5,60164.4,60207.7
1782976200000,60207.7,60220,60182.3,60210.2
1782976260000,60217.7,60230.8,60184.7,60204.4
1782976320000,60195.7,60204.3,60146.9,60146.9
1782976380000,60173,60173,60118.4,60126.2
1782976440000,60126.1,60192.8,60119.6,60138.6
1782976500000,60138.8,60171.7,60106.3,60139.2
1782976560000,60142.9,60201,60130.3,60158.9
1782976620000,60158.5,60161.6,60086.6,60128.8
1782976680000,60132.9,60141,60096.4,60136.7
1782976740000,60141.9,60157.1,60099.6,60101.5
1782976800000,60127.1,60147.2,60101.4,60122.7
1782976860000,60115,60126.8,60066.4,60066.4
1782976920000,60066.2,60132,60066.2,60129
1782976980000,60120.9,60149.7,60080,60122
1782977040000,60126.2,60165.2,60106.9,60151.5
1782977100000,60146.4,60150.8,60097.9,60102.6
1782977160000,60102.4,60133.5,60081.8,60082.5
1782977220000,60102.7,60113.1,60064.2,60064.4
1782977280000,60093.2,60134.2,60064.1,60102.8
1782977340000,60102.7,60130,60077.3,60094.8
1782977400000,60094.6,60094.6,60018,60039.8
1782977460000,60039.9,60107.9,60039.9,60102.4
1782977520000,60087.4,60115.4,60078.9,60109.3
1782977580000,60112.4,60135,60080.3,60125.2
1782977640000,60128.3,60147.7,60096.2,60101.8
1782977700000,60099.7,60104.1,60093.9,60093.9
1782977760000,60087.6,60102.9,60053.1,60090.4
1782977820000,60082.2,60082.2,60023.6,60054.8
1782977880000,60056.4,60093.2,60056.4,60077.5
1782977940000,60075.5,60094.6,60050.3,60059.8
1782978000000,60054.9,60077.5,60025.6,60032
1782978060000,60057.5,60111.1,60037.8,60072.8
1782978120000,60072.5,60110.2,60055,60089
1782978180000,60075.8,60104.5,60057.6,60088.8
1782978240000,60088,60110.8,60036,60036.2
1782978300000,60036.4,60085.8,60036.3,60066.3
1782978360000,60064.2,60064.2,60020.8,60041.7
1782978420000,60037.1,60074.3,60003.1,60059.3
1782978480000,60048.6,60084.7,60025.3,60071
1782978540000,60073,60133.9,60047.7,60089
1782978600000,60113.8,60154.6,60094.3,60113.8
1782978660000,60112,60121.9,60084.7,60101.7
1782978720000,60105.5,60123.5,60098.2,60113.6
1782978780000,60114.8,60119.4,60055.4,60055.6
1782978840000,60055.7,60086,60039.1,60039.5
1782978900000,60039.4,60067.5,60020.9,60035.3
1782978960000,60035.9,60086.3,60035.2,60050.2
1782979020000,60050,60105.8,60010.3,60043
1782979080000,60041.5,60068,60017.1,60033.1
1782979140000,60032.7,60077.7,60032.7,60073.8
1782979200000,60069,60089.5,60030.1,60066.8
1782979260000,60072.8,60115.4,60050.2,60105.6
1782979320000,60101.4,60130.9,60067.1,60118.2
1782979380000,60125.8,60146,60097.3,60100.9
1782979440000,60101,60133.9,60086.6,60088.9
1782979500000,60089.3,60188,60089.3,60156.3
1782979560000,60156.2,60206.2,60130.4,60199.3
1782979620000,60197.3,60265.3,60154.6,60254.9
1782979680000,60264,60281.2,60212.2,60269.5
1782979740000,60266.4,60284.9,60215.1,60261.7
1782979800000,60264.3,60264.8,60209.7,60257.8
1782979860000,60249.1,60255.8,60166.3,60201.8
1782979920000,60185.3,60226.4,60179.4,60217.6
1782979980000,60195.8,60232.6,60191.9,60191.9
1782980040000,60221.8,60245.1,60202.3,60242.3
1782980100000,60244.7,60283.7,60220.9,60280.2
1782980160000,60283.7,60294,60250.6,60285.4
1782980220000,60287,60318.1,60257.8,60279.8
1782980280000,60275.9,60294.5,60243.9,60293.8
1782980340000,60286.1,60313.4,60286.1,60313.4
1782980400000,60313.3,60313.3,60274,60281.5
1782980460000,60282.8,60302,60258.1,60279.9
1782980520000,60282.7,60294.5,60258.1,60288.5
1782980580000,60276,60294.1,60246.2,60287.4
1782980640000,60282.3,60282.9,60241.8,60282.9
1782980700000,60286.3,60306.2,60257.7,60282.5
1782980760000,60259,60312,60254.1,60312
1782980820000,60314.9,60334.8,60295.8,60312.6
1782980880000,60317,60322.9,60305.2,60322.5
1782980940000,60318.6,60325,60282.7,60290.3
1782981000000,60289.5,60289.5,60243.1,60275
1782981060000,60279.3,60314.1,60255.3,60298.3
1782981120000,60296.1,60327.6,60274.3,60327.6
1782981180000,60326.2,60344.4,60296.5,60309.8
1782981240000,60303.3,60390.3,60289.2,60390.3
1782981300000,60390.1,60435.6,60371.7,60426.5
1782981360000,60422.7,60436.5,60378.5,60436.5
1782981420000,60437.6,60437.6,60340.9,60381.9
1782981480000,60386.9,60386.9,60347.6,60382.1
1782981540000,60383.2,60407,60362,60401.8
1782981600000,60376.3,60398.8,60376.3,60388.1
1782981660000,60389.2,60393.8,60358.2,60368.4
1782981720000,60365.9,60371.7,60359.7,60371.7
1782981780000,60364.4,60371.7,60328.1,60365.1
1782981840000,60368.9,60379.8,60323.2,60379.6
1782981900000,60374.1,60388.7,60338.6,60361.6
1782981960000,60359.5,60435.6,60332.7,60434.6
1782982020000,60443.7,60487.2,60418.7,60474.4
1782982080000,60475.6,60477,60416.3,60454.6
1782982140000,60441.9,60446.8,60405.5,60426.7
1782982200000,60431.6,60455.2,60431.6,60454.9
1782982260000,60449.5,60449.8,60403.8,60424.9
1782982320000,60427.2,60443.6,60426.5,60439.3
1782982380000,60433.3,60464.8,60415.1,60464.8
1782982440000,60451.3,60463.9,60439.6,60458.1
1782982500000,60461,60463.9,60429.4,60458.3
1782982560000,60459,60463.9,60425.3,60440.8
1782982620000,60430.2,60436.8,60405.1,60429.9
1782982680000,60433.7,60443.4,60432.5,60437
1782982740000,60411.2,60447.4,60411.2,60445.9
1782982800000,60443,60443,60350.4,60394.5
1782982860000,60398.9,60425.1,60371.1,60423.7
1782982920000,60413.9,60458.8,60397.1,60441.8
1782982980000,60430.9,60439.8,60403,60429.3
1782983040000,60434,60434,60385.4,60413.8
1782983100000,60411.6,60411.6,60383.4,60388.8
1782983160000,60386.8,60386.8,60311.9,60333.9
1782983220000,60327.4,60353.9,60292.5,60353.9
1782983280000,60343.3,60397.7,60320.8,60361.1
1782983340000,60357.3,60357.3,60285.5,60329.8
1782983400000,60330,60340.5,60304,60331.4
1782983460000,60329.6,60369.3,60329.6,60361.7
1782983520000,60360.8,60402.2,60351.4,60402.2
1782983580000,60401.4,60445.4,60386.4,60421.8
1782983640000,60418.9,60435.4,60357.8,60401.5
1782983700000,60404.3,60405.1,60346.2,60381.8
1782983760000,60379.4,60379.4,60334.2,60370.1
1782983820000,60374.5,60417.7,60362.1,60389.3
1782983880000,60388.9,60399.4,60384.8,60398.3
1782983940000,60399.7,60399.7,60358.5,60384.8
1782984000000,60381.9,60413.2,60369.5,60396.8
1782984060000,60405,60442.7,60398.6,60439.2
1782984120000,60449.7,60480.4,60446.2,60480
1782984180000,60474.5,60525.5,60449.4,60476
1782984240000,60473,60516.4,60458.2,60514.1
1782984300000,60511.4,60512.7,60442.3,60493.2
1782984360000,60495.6,60499.5,60426.2,60474.5
1782984420000,60450.3,60542.4,60450.3,60542.4
1782984480000,60539.2,60562,60511.2,60548.5
1782984540000,60547.6,60547.6,60516.4,60532.8
1782984600000,60539.3,60645,60520.6,60633.4
1782984660000,60638.2,60739,60602.3,60645.5
1782984720000,60647.8,60693.1,60598.6,60615.7
1782984780000,60584.8,60678.7,60584.8,60652.2
1782984840000,60656.6,60696.7,60606,60626.8
1782984900000,60614.8,60682.6,60593.2,60682.6
1782984960000,60655,60794.3,60652,60748.6
1782985020000,60752.8,60772.9,60686.3,60686.3
1782985080000,60706.9,60791.6,60678.6,60758.8
1782985140000,60754.4,60872.1,60673.1,60862
1782985200000,60835.3,60886.2,60789.9,60856.5
1782985260000,60857.1,60992.3,60854.1,60952.6
1782985320000,60957.6,61133.2,60898.9,60987.1
1782985380000,60988.8,61015.9,60833.2,60932.1
1782985440000,60903,61074.6,60894.4,61011.4
1782985500000,61003.2,61007.8,60794.4,60803.3
1782985560000,60802.9,60867.8,60771.7,60794.2
1782985620000,60800.2,60916.8,60800.2,60899.7
1782985680000,60871.2,60979.6,60851.5,60956.8
1782985740000,60959.8,60994.9,60895.8,60983.8
1782985800000,60978.3,61008.8,60915.4,60922.2
1782985860000,60919.9,61057.8,60919.4,61000.7
1782985920000,60997.4,61139.8,60982.1,61133.8
1782985980000,61132.8,61303.8,61075.9,61240.1
1782986040000,61240.9,61273.4,61095,61227.5
1782986100000,61201.9,61339.8,61158.6,61308.6
1782986160000,61299.1,61350.7,61157.3,61193.2
1782986220000,61197.8,61218.4,61154.8,61193.8
1782986280000,61188,61196.8,61103.7,61123.9
1782986340000,61149.8,61166.9,61076.1,61104
1782986400000,61097.3,61115.8,61001.8,61007.6
1782986460000,61006.9,61106.9,60999.5,61031
1782986520000,61033.3,61074.8,61006.7,61054.3
1782986580000,61057.5,61086.8,61008.9,61040.9
1782986640000,61026.3,61067.3,60990.5,61028.2
1782986700000,60993.9,61037.2,60968.5,60973.7
1782986760000,60973.6,61063.6,60973.6,61012.8
1782986820000,61044.8,61081.7,60992.4,61058.5
1782986880000,61053.1,61077.1,61008.4,61015.4
1782986940000,61039.5,61039.5,60959.8,60984.8
1782987000000,60980.3,61096.8,60938.2,61082.1
1782987060000,61075.2,61084.2,61027.5,61027.5
1782987120000,61027.3,61080,61010.6,61078.3
1782987180000,61064.7,61168.8,61056.3,61143.3
1782987240000,61141.1,61162.2,61089.9,61153.1
1782987300000,61157.8,61164.3,61146.8,61161.4
1782987360000,61167.3,61223,60993.1,61042.5
1782987420000,61038.2,61100.9,60991,61092.2
1782987480000,61096.7,61109.5,61004,61048.3
1782987540000,61054.2,61088,61024.9,61080.2
1782987600000,61084.8,61088.2,61019.6,61054.7
1782987660000,61054.7,61087.9,61013.8,61078.3
1782987720000,61084.8,61087.8,61027.6,61066.3
1782987780000,61059,61081.8,61003.3,61066.2
1782987840000,61076.6,61159.4,61065.5,61141.8
1782987900000,61140.8,61176.4,61110.1,61154.3
1782987960000,61154.7,61154.8,61090.2,61124.6
1782988020000,61115.9,61142.8,61061.3,61062
1782988080000,61062.1,61117.8,61059.6,61090.7
1782988140000,61088.3,61158.5,61065.2,61145.2
1782988200000,61147.1,61185.8,61124.4,61185.8
1782988260000,61183.9,61200.8,61150.3,61197
1782988320000,61195.9,61195.9,61140.1,61183.2
1782988380000,61181.7,61221.5,61171.5,61219.2
1782988440000,61189.6,61216.8,61174.7,61209.9
1782988500000,61209.2,61210.6,61165.7,61204.8
1782988560000,61175.6,61204.8,61171.9,61204.2
1782988620000,61203.1,61210.5,61149.2,61185.6
1782988680000,61179.5,61201.7,61131.4,61147.5
1782988740000,61177.3,61230.9,61177.3,61222.6
1782988800000,61220.9,61221.7,61170.5,61207.9
1782988860000,61209.4,61247.7,61192.3,61245.3
1782988920000,61249.3,61280.3,61212.1,61252.5
1782988980000,61246.6,61248.8,61170.9,61187.1
1782989040000,61192.5,61202.5,61104.6,61133.9
1782989100000,61146.6,61154.2,61050.4,61154.2
1782989160000,61154.7,61190.3,61123.3,61154.3
1782989220000,61129.6,61201,61129.6,61188.1
1782989280000,61179.5,61222.6,61145.6,61203
1782989340000,61201.5,61212.1,61165.8,61203.6
1782989400000,61205,61214.2,61203.9,61209.1
1782989460000,61205,61208.1,61158.8,61205.2
1782989520000,61209.6,61230.3,61166.5,61169.8
1782989580000,61198.5,61221,61167.4,61221
1782989640000,61225.8,61268,61209.1,61240.8
1782989700000,61240.3,61243.8,61145.8,61182
1782989760000,61183.3,61198.8,61183.3,61196.5
1782989820000,61196.1,61207.4,61166.6,61190.2
1782989880000,61193.5,61205.1,61158.3,61196.2
1782989940000,61199.8,61199.8,61166.3,61190.8
1782990000000,61192,61206.6,61155.6,61205.4
1782990060000,61203.9,61207.2,61175,61191.8
1782990120000,61178,61194.8,61116.2,61190.9
1782990180000,61191.3,61191.3,61132.7,61164.3
1782990240000,61161.2,61187.8,61141.4,61183.8
1782990300000,61182.6,61203.4,61173.1,61173.1
1782990360000,61172.9,61203.4,61169.4,61203.4
1782990420000,61204.9,61226.5,61180.3,61202.3
1782990480000,61206.2,61258.6,61185.1,61241.3
1782990540000,61242.1,61277.2,61196.5,61262.8
1782990600000,61257.4,61292.3,61188.7,61258.8
1782990660000,61249.8,61294.5,61232.9,61264.1
1782990720000,61268,61293.7,61207.4,61207.4
1782990780000,61206,61247.4,61181.9,61216.8
1782990840000,61218.8,61229.2,61180.4,61211.9
1782990900000,61210.8,61218.3,61182.3,61213.3
1782990960000,61214.8,61219.8,61184.5,61210.8
1782991020000,61215.5,61218.8,61156.2,61201.2
1782991080000,61202.7,61223.3,61182,61201.5
1782991140000,61201.7,61227.1,61191,61191
1782991200000,61216.8,61220.3,61182.9,61208.9
1782991260000,61208.8,61237,61164.4,61221.8
1782991320000,61215.8,61252.4,61202.3,61232.8
1782991380000,61232.2,61286.8,61207.8,61256.8
1782991440000,61259.5,61269.3,61217.3,61244.8
1782991500000,61242.3,61248.7,61198.8,61198.8
1782991560000,61197.5,61235.8,61197.3,61227.7
1782991620000,61227.4,61259.5,61187.6,61259.4
1782991680000,61259.5,61272.4,61197.3,61228.9
1782991740000,61230.8,61235.7,61197.1,61226.5
1782991800000,61225,61233.4,61186.6,61212.6
1782991860000,61211.7,61278.3,61205.8,61268.9
1782991920000,61276.1,61289.8,61194.4,61247
1782991980000,61244.8,61257.7,61166.5,61215.1
1782992040000,61216.7,61221.3,61167.6,61202.8
1782992100000,61197,61221.1,61155.9,61214.4
1782992160000,61215,61223.2,61180.1,61199
1782992220000,61192.4,61211.1,61164.7,61209.4
1782992280000,61184.7,61275.8,61184.7,61204.1
1782992340000,61227.5,61232.3,61189.6,61226
1782992400000,61227.5,61227.5,61179.5,61210.8
1782992460000,61205.9,61228,61187.2,61225.6
1782992520000,61222,61234.8,61193.7,61213.8
1782992580000,61210.4,61264.4,61186.9,61233.7
1782992640000,61235,61256.7,61221.8,61239.8
1782992700000,61240.8,61251.8,61232.6,61234.8
1782992760000,61233.7,61235.1,61177.4,61220.3
1782992820000,61219.4,61233.4,61192.7,61216.8
1782992880000,61215.3,61237.3,61202.4,61224.3
1782992940000,61225,61225,61191.5,61217.3
1782993000000,61217.2,61217.2,61185.9,61212.1
1782993060000,61186.6,61223.8,61186.3,61223.8
1782993120000,61216.3,61227.8,61191.6,61213.4
1782993180000,61214.9,61218.5,61184.6,61214
1782993240000,61212.5,61222.7,61168.5,61202.4
1782993300000,61202.7,61205.7,61055.6,61080.2
1782993360000,61079.9,61218.6,61029.9,61208.8
1782993420000,61208.2,61227,61135.3,61215.3
1782993480000,61219.9,61243.8,61198.6,61242.3
1782993540000,61246.5,61313.5,61229.6,61296.8
1782993600000,61291.8,61291.8,61191.7,61261.7
1782993660000,61265.6,61282.4,61220.9,61243.6
1782993720000,61242.1,61267.2,61213.7,61247.4
1782993780000,61250.8,61256.2,61193.5,61235.4
1782993840000,61234.9,61251.3,61213.2,61239.7
1782993900000,61246.8,61268.5,61219.5,61259.4
1782993960000,61249.2,61296.4,61229.8,61294.6
1782994020000,61293.1,61294.6,61210,61251.9
1782994080000,61251.7,61260.5,61228.5,61250
1782994140000,61251.9,61260.8,61239.6,61251.9
1782994200000,61255.4,61282.1,61228.8,61252
1782994260000,61246.7,61251.8,61217,61245.8
1782994320000,61241.9,61261.6,61239.8,61245.9
1782994380000,61240.9,61255.7,61221.9,61251.9
1782994440000,61253.4,61301.3,61240.1,61288.4
1782994500000,61293.9,61349.1,61251.8,61269.1
1782994560000,61276.8,61276.8,61219.5,61262.5
1782994620000,61263.1,61283.8,61218.9,61244.8
1782994680000,61218.4,61297.7,61218.4,61255.3
1782994740000,61250.8,61258.2,61063.1,61124.4
1782994800000,61120.7,61165.5,61077.3,61157.7
1782994860000,61156.2,61162.1,61110.5,61138.5
1782994920000,61145.7,61214.4,61129.1,61200.3
1782994980000,61198.8,61198.8,61092.2,61138.3
1782995040000,61129.6,61153.7,61103.9,61137.9
1782995100000,61142.2,61167.2,61107.5,61156.5
1782995160000,61152.2,61177,61118,61171.6
1782995220000,61169.3,61178.4,61146.5,61162.3
1782995280000,61161,61193.5,61130.4,61188.6
1782995340000,61190.2,61293.6,61165.2,61272
1782995400000,61267.1,61492.2,61253.5,61461.8
1782995460000,61460.4,61508.1,61204.3,61288.6
1782995520000,61266,61390.7,61266,61338.9
1782995580000,61338.4,61352.7,61146.2,61171.4
1782995640000,61145,61263.2,61105.1,61254.1
1782995700000,61263.4,61302.9,61228.3,61290.4
1782995760000,61288.9,61361.3,61282,61315.5
1782995820000,61341,61420.1,61295.7,61402.6
1782995880000,61393.6,61405.8,61275.8,61332.5
1782995940000,61342.3,61372.3,61311.9,61353.3
1782996000000,61328.3,61349.1,61250.7,61297.8
1782996060000,61297.2,61297.2,61221.1,61245.7
1782996120000,61250.7,61281.9,61220.3,61278.4
1782996180000,61253.3,61339.6,61253.3,61325.6
1782996240000,61324.3,61325.8,61263.6,61311
1782996300000,61315.2,61358.3,61276.7,61325.8
1782996360000,61300.2,61351.2,61288.9,61351.2
1782996420000,61351.6,61387.9,61311.9,61350.5
1782996480000,61341.8,61377.8,61314.5,61354.1
1782996540000,61353.3,61453.7,61334.1,61428.5
1782996600000,61423.8,61490.5,61419.2,61488
1782996660000,61483,61483,61389.9,61401.9
1782996720000,61380.2,61460,61380.2,61436.4
1782996780000,61441.9,61480.8,61386.7,61480.8
1782996840000,61486.6,61542.3,61442.6,61542.3
1782996900000,61539.2,61542.3,61470.9,61497.8
1782996960000,61492.6,61492.6,61413.5,61467.3
1782997020000,61492.3,61492.3,61436.1,61463.9
1782997080000,61492.3,61518.7,61439.8,61457.1
1782997140000,61454.8,61489.7,61446.2,61469.8
1782997200000,61458.3,61512.8,61444.1,61479.3
1782997260000,61477.2,61485.8,61419,61456.4
1782997320000,61460.4,61528,61432.3,61524.4
1782997380000,61533.2,61548.5,61496.5,61547.8
1782997440000,61543.5,61547.8,61497.2,61527.4
1782997500000,61526.7,61568.6,61499.6,61562
1782997560000,61562.2,61605.9,61540.2,61585.2
1782997620000,61579.1,61601.7,61543.5,61593.7
1782997680000,61591.5,61591.5,61474.5,61518.7
1782997740000,61519.5,61566.6,61507.6,61561.6
1782997800000,61560.3,61575.2,61518.9,61550.5
1782997860000,61546.8,61593.1,61539.1,61591.3
1782997920000,61590.8,61636.2,61569.4,61636.2
1782997980000,61612,61661.8,61597,61620.6
1782998040000,61597.3,61623.4,61590.5,61593.8
1782998100000,61620.8,61655.4,61587.5,61654.6
1782998160000,61658.8,61700.4,61635.8,61699.8
1782998220000,61700.7,61700.7,61606.9,61663.7
1782998280000,61662.9,61728.4,61639.9,61715.4
1782998340000,61710.5,61734.5,61691.3,61726.7
1782998400000,61727.9,61733,61676.9,61712.7
1782998460000,61709.3,61756.2,61670.2,61731.3
1782998520000,61733.1,61756.5,61705.3,61731
1782998580000,61757.3,61823.6,61729.9,61800.1
1782998640000,61812.7,61850.1,61782.3,61817.4
1782998700000,61798.5,61913.5,61748.9,61768.8
1782998760000,61762.3,61869.3,61694.9,61859.4
1782998820000,61862.2,61869,61798.5,61813.1
1782998880000,61788.7,61798.8,61587.4,61627.4
1782998940000,61620.5,61664.8,61555.3,61595.4
1782999000000,61594.3,61637.9,61435.8,61579.8
1782999060000,61582.6,61819.3,61542.5,61819.3
1782999120000,61823.6,61832.4,61619.7,61683.8
1782999180000,61675.8,61774.4,61647.7,61731.1
1782999240000,61737.7,61921.6,61720.8,61910.1
1782999300000,61885.1,61904.4,61750.8,61795.1
1782999360000,61796,61985,61781.3,61953.7
1782999420000,61969.6,61983.6,61799.6,61920.8
1782999480000,61897.3,61933.8,61813.3,61858.3
1782999540000,61851.9,61901.2,61811.5,61870.8
1782999600000,61874.7,61911.9,61759.8,61764.2
1782999660000,61764.4,61854.2,61758,61807.8
1782999720000,61799.9,61868.5,61761.2,61847.5
1782999780000,61844.1,61970.4,61805.1,61952.2
1782999840000,61940.8,61948.8,61847,61907.3
1782999900000,61907.3,61907.3,61763.1,61842.5
1782999960000,61849.2,61907.8,61806.7,61813.5
1783000020000,61843.7,61966.2,61808.4,61928.3
1783000080000,61927.5,61956.7,61812.8,61848.8
1783000140000,61817.4,61927.3,61817.4,61887.5
1783000200000,61883.7,61884.9,61809.3,61831.7
1783000260000,61835.9,61894.9,61811.8,61856.1
1783000320000,61856.7,61893,61785.6,61819.4
1783000380000,61785.8,61817.3,61718.6,61721.6
1783000440000,61718.9,61857.3,61718.9,61814.8
1783000500000,61809,61815.8,61750,61798.4
1783000560000,61799.3,61811.8,61720,61762.9
1783000620000,61764.4,61811.9,61732.8,61796.6
1783000680000,61796.7,61860.2,61779.2,61836.6
1783000740000,61839.2,61896.8,61815.7,61872.8
1783000800000,61881.1,61881.1,61804.2,61841
1783000860000,61839.1,62036.6,61822.6,62013
1783000920000,62009,62027.4,61928.9,62011.5
1783000980000,62006.7,62006.7,61810,61810
1783001040000,61835.6,61878.4,61760.5,61823.9
1783001100000,61822.4,61854.6,61776.1,61853.3
1783001160000,61854.6,61882.9,61802,61831.9
1783001220000,61842.8,61936.4,61813,61910.8
1783001280000,61906.8,61946,61866.9,61885.9
1783001340000,61885.2,61907.7,61790.4,61819.7
1783001400000,61817,61860.2,61768,61829.8
1783001460000,61830.1,61914.3,61822.1,61861.1
1783001520000,61885.9,62038.4,61831.1,62001.8
1783001580000,62032.3,62133.3,61973.7,62098.8
1783001640000,62099.4,62113.7,61994.5,61994.5
1783001700000,62026.2,62058.2,61969.1,62045
1783001760000,62016.5,62136.5,61907.2,61930.2
1783001820000,61932.8,62006.7,61885.7,61920.9
1783001880000,61894.6,61922.3,61808.6,61808.6
1783001940000,61838.1,61841.7,61729.6,61802.7
1783002000000,61794.8,61797.4,61596.7,61673
1783002060000,61669,61742.3,61605.9,61696.3
1783002120000,61718.9,61718.9,61604.5,61700.7
1783002180000,61709.3,61784.1,61629.1,61667.5
1783002240000,61637.4,61718.9,61609.1,61643.3
1783002300000,61644.5,61663.4,61570,61637.2
1783002360000,61637.4,61715.6,61635,61663.4
1783002420000,61661.8,61688.7,61507.3,61547.1
1783002480000,61516.4,61615.8,61497.9,61601
1783002540000,61599.2,61655.7,61586.4,61614.6
1783002600000,61609.9,61679,61545.2,61643.9
1783002660000,61643.8,61721.9,61626.5,61706.4
1783002720000,61708.3,61745.2,61571.2,61616.1
1783002780000,61610.8,61642.1,61545.6,61626.7
1783002840000,61621.4,61648,61514.2,61521.4
1783002900000,61518.6,61547.1,61418.5,61461.4
1783002960000,61465.2,61621.3,61452.9,61557.4
1783003020000,61582,61676,61563.8,61659.3
1783003080000,61654.7,61654.7,61536.2,61552.4
1783003140000,61545.3,61573.6,61478.1,61522.3
1783003200000,61519.4,61538.1,61447,61470
1783003260000,61469.5,61475.7,61343.7,61389.3
1783003320000,61367.1,61428.3,61315.7,61360.3
1783003380000,61359.6,61424.9,61330.3,61406.1
1783003440000,61406.3,61407.6,61334.4,61368.2
1783003500000,61370.8,61433.8,61351.7,61410.5
1783003560000,61406.9,61459.6,61397.3,61459.6
1783003620000,61459.3,61501.8,61411.9,61458.4
1783003680000,61468.8,61478.6,61414,61437.6
1783003740000,61413.9,61623.3,61413.9,61583.7
1783003800000,61580.4,61639.5,61540,61592.3
1783003860000,61563.1,61695.1,61562.5,61680
1783003920000,61675.6,61675.6,61495.3,61527.2
1783003980000,61525.5,61565.2,61490.3,61544.1
1783004040000,61535.2,61535.2,61469.6,61498.5
1783004100000,61473.8,61531,61450.8,61509.4
1783004160000,61509,61565.3,61472.8,61564.4
1783004220000,61562.9,61562.9,61495.3,61530.1
1783004280000,61529.2,61552.8,61493.1,61519.2
1783004340000,61519.2,61638.8,61519.2,61638.8
1783004400000,61638.8,61669.9,61591.6,61645.4
1783004460000,61669,61674.8,61584,61645.1
1783004520000,61645.3,61669.2,61596.7,61641.2
1783004580000,61645,61671.1,61582.1,61600.3
1783004640000,61604.9,61613.4,61514.2,61534.5
1783004700000,61540.4,61574.1,61459.9,61498.8
1783004760000,61503.1,61508.5,61414.5,61425.7
1783004820000,61429.7,61434,61341.6,61394.3
1783004880000,61401,61492.3,61377.7,61465
1783004940000,61465.2,61497.2,61405.9,61476.8
1783005000000,61476.7,61488.2,61434.4,61471.3
1783005060000,61465.7,61568.6,61441,61546.1
1783005120000,61523.5,61571.2,61507.4,61528.8
1783005180000,61524,61550.5,61499.2,61531.3
1783005240000,61535.1,61551.6,61483.8,61524.4
1783005300000,61528.8,61592.3,61505.6,61592.1
1783005360000,61592,61592,61451.4,61486.1
1783005420000,61487.6,61507.9,61416.2,61441.7
1783005480000,61445.3,61565.1,61412.2,61500.4
1783005540000,61484,61508.4,61428.7,61447
1783005600000,61444.5,61548.2,61432.6,61542.7
1783005660000,61541.2,61597.1,61511.3,61544.2
1783005720000,61568.9,61604.8,61543.6,61565
1783005780000,61588.5,61605.3,61530.3,61592.3
1783005840000,61567.4,61655.6,61567.4,61645.1
1783005900000,61621.7,61671.7,61603.1,61632.1
1783005960000,61632.7,61733.6,61632.7,61709.1
1783006020000,61706.5,61741.1,61681.4,61715.2
1783006080000,61728.3,61743.4,61687.7,61742.2
1783006140000,61742,61774.5,61624.1,61648.2
1783006200000,61657.9,61712.6,61616.9,61643.9
1783006260000,61648.5,61695,61612.4,61694.4
1783006320000,61692.9,61722.2,61664.7,61709.8
1783006380000,61708.3,61712.2,61638.6,61663.7
1783006440000,61638.9,61707.3,61638.9,61689.9
1783006500000,61693.8,61769,61667.3,61760.5
1783006560000,61757.5,61769,61515.6,61551
1783006620000,61532.7,61579.9,61481.5,61573.2
1783006680000,61565.4,61590.2,61538.1,61585.1
1783006740000,61560.1,61615.4,61560.1,61606.1
1783006800000,61608.6,61689.5,61574.5,61685.2
1783006860000,61684.4,61684.4,61643.8,61645.4
1783006920000,61637.4,61652.5,61598,61646.7
1783006980000,61648.2,61686.7,61624.7,61684.2
1783007040000,61679.4,61683.8,61624.2,61624.2
1783007100000,61638.9,61688.2,61625.1,61673.1
1783007160000,61676.1,61676.1,61606.8,61612.3
1783007220000,61586.3,61642.1,61580.6,61600.8
1783007280000,61606.9,61622.4,61567.8,61576.6
1783007340000,61580.7,61598.8,61509,61540.7
1783007400000,61551.8,61551.8,61482.4,61508.7
1783007460000,61484,61553.6,61468.1,61526.8
1783007520000,61531.9,61546.9,61447.6,61500.4
1783007580000,61501.8,61510.2,61464,61498
1783007640000,61506.3,61548.4,61467.2,61547.6
1783007700000,61551.9,61551.9,61482.6,61521.5
1783007760000,61512.6,61538.9,61493.7,61519.9
1783007820000,61503,61557.2,61501.8,61531.6
1783007880000,61532.2,61564.4,61503,61561.4
1783007940000,61560.8,61572,61526.3,61543.3
1783008000000,61556,61603.2,61533.6,61577.6
1783008060000,61581.6,61586.9,61516.3,61561.7
1783008120000,61555.4,61555.4,61427.8,61434
1783008180000,61459.7,61504.9,61426.7,61493.2
1783008240000,61488.3,61549.3,61454.6,61544.4
1783008300000,61549.2,61605.8,61527.4,61585.8
1783008360000,61586.6,61586.6,61517.2,61545.4
1783008420000,61560.2,61581.4,61524.1,61547.3
1783008480000,61542.7,61556.8,61522,61556.8
1783008540000,61552.8,61582.1,61526.1,61551.1
1783008600000,61549.5,61616.5,61531.6,61616.5
1783008660000,61619.3,61652.1,61595.8,61636.3
1783008720000,61612.5,61658.9,61577.5,61656.9
1783008780000,61656.3,61678.2,61622.5,61648.5
1783008840000,61652.5,61690.9,61615.2,61633
1783008900000,61629.8,61632.2,61428,61459.6
1783008960000,61460.5,61536.3,61444,61500.5
1783009020000,61497.8,61501,61423.9,61446.9
1783009080000,61446.8,61465.5,61415,61448.9
1783009140000,61427.8,61473.3,61404.8,61419.8
1783009200000,61429,61447.3,61370.5,61398
1783009260000,61373.5,61422.8,61363.2,61386.7
1783009320000,61375.6,61416.1,61359.1,61415
1783009380000,61415.3,61426.5,61371.5,61410.4
1783009440000,61416.9,61434.7,61383.7,61423.1
1783009500000,61429.3,61461,61412,61412.9
1783009560000,61426.9,61426.9,61360.6,61402.4
1783009620000,61403.7,61403.7,61118.9,61152.3
1783009680000,61148.2,61157.5,61097.3,61138.9
1783009740000,61149.3,61167.9,61067.3,61135
1783009800000,61114,61195.3,61114,61180.4
1783009860000,61182.7,61257.2,61155.7,61217.2
1783009920000,61232.4,61265.5,61204.5,61216.4
1783009980000,61235.2,61240.7,61176.6,61193.8
1783010040000,61206.2,61217.8,61167,61208.6
1783010100000,61205.1,61234.1,61189.3,61225.7
1783010160000,61229.9,61233.3,61198.5,61223.6
1783010220000,61227.8,61257.7,61205.1,61214.9
1783010280000,61242.5,61252.6,61215.4,61223
1783010340000,61239.3,61298.5,61200,61287.2
1783010400000,61289.8,61341.5,61258.6,61340.3
1783010460000,61339.8,61381.2,61302.1,61337.8
1783010520000,61333.3,61348.1,61307.5,61333.4
1783010580000,61323.7,61374.2,61314.4,61354.6
1783010640000,61337,61389.9,61328.6,61374
1783010700000,61363,61399.6,61349.2,61391.6
1783010760000,61394.4,61473.6,61370,61460.4
1783010820000,61465.1,61517.1,61439,61511.1
1783010880000,61522.3,61622.5,61488.9,61592.8
1783010940000,61592.1,61724.3,61570.1,61694.5
1783011000000,61713.1,61713.1,61573.6,61594.6
1783011060000,61591.5,61654,61574.5,61649.8
1783011120000,61653,61672.6,61612.1,61663.7
1783011180000,61667.1,61670.3,61589.5,61611.6
1783011240000,61612.5,61637.6,61598.8,61626.4
1783011300000,61624.4,61631,61588.9,61614.1
1783011360000,61611.6,61611.6,61561.4,61576.9
1783011420000,61576.4,61593,61558.4,61574.3
1783011480000,61569.6,61590.1,61535.9,61588.8
1783011540000,61596.7,61632.5,61569.2,61623.6
1783011600000,61621.8,61635.2,61589.4,61616.5
1783011660000,61620.3,61625.1,61570.8,61596.3
1783011720000,61596.6,61645.5,61576.2,61599.8
1783011780000,61574.9,61632.5,61574.8,61609.1
1783011840000,61588.5,61638.5,61547.4,61638.3
1783011900000,61630.9,61733.2,61565.4,61719.7
1783011960000,61719,61765.7,61693.4,61726.2
1783012020000,61751.1,61767.8,61711.9,61723.9
1783012080000,61718,61718,61635.5,61666.8
1783012140000,61667.2,61708.6,61648.9,61674.9
1783012200000,61671.5,61691.5,61633.3,61656.8
1783012260000,61659.3,61667,61616.3,61662.1
1783012320000,61663,61673.8,61624.8,61648.2
1783012380000,61644.3,61713,61612.8,61713
1783012440000,61714,61739.2,61701.4,61728.1
1783012500000,61723.5,61735.6,61674,61734.4
1783012560000,61730,61761.6,61714.3,61755.2
1783012620000,61751.6,61768.8,61728.9,61751.2
1783012680000,61752.8,61773.6,61733.5,61755
1783012740000,61759.4,61776.6,61736.4,61774.9
1783012800000,61786.4,61832.1,61755,61819.7
1783012860000,61818,61830.8,61761.1,61802.7
1783012920000,61806,61821.6,61790.5,61798.4
1783012980000,61796,61878.3,61757.3,61852.7
1783013040000,61848.1,61848.1,61781.5,61809.9
1783013100000,61786.2,61809.9,61784.2,61789
1783013160000,61788.1,61813.3,61773.4,61773.4
1783013220000,61773.9,61824.5,61757.6,61821.7
1783013280000,61796.9,61845.8,61796.8,61829
1783013340000,61825.8,61826.4,61790.9,61819
1783013400000,61818.3,61818.3,61741.4,61759.4
1783013460000,61756.7,61773.2,61727.9,61757.3
1783013520000,61736.9,61780.4,61735.2,61774.4
1783013580000,61769.5,61769.5,61724.4,61743.9
1783013640000,61747.8,61760.1,61694.2,61711
1783013700000,61706.4,61710.1,61599.8,61606.2
1783013760000,61631,61639.3,61579.8,61618.5
1783013820000,61620.1,61646.9,61571,61623.7
1783013880000,61621.2,61662.7,61600.5,61649.9
1783013940000,61654,61660.3,61622.9,61660.3
1783014000000,61662.8,61687.3,61630.6,61647.6
1783014060000,61655.3,61748.9,61655.3,61736.6
1783014120000,61738.6,61772.5,61713.5,61745.8
1783014180000,61742,61742,61705.7,61719.5
1783014240000,61702.9,61728.6,61702.9,61723.9
1783014300000,61724.3,61752.3,61670.3,61674.5
1783014360000,61674,61685.5,61644.5,61651.9
1783014420000,61647.4,61666.2,61623.6,61623.6
1783014480000,61626.5,61630.6,61576.4,61606.1
1783014540000,61627.4,61627.4,61576,61617.3
1783014600000,61616.3,61638.4,61575.9,61629.9
1783014660000,61610.3,61641,61595.8,61636.8
1783014720000,61636.2,61644.1,61596.2,61631.8
1783014780000,61627.3,61635.2,61601.2,61601.2
1783014840000,61639.1,61690.6,61612.7,61644.3
1783014900000,61662.9,61662.9,61616.6,61638.4
1783014960000,61644.6,61644.9,61601.7,61629.5
1783015020000,61629.1,61633.6,61618.2,61629.3
1783015080000,61630.4,61630.4,61579.6,61601.9
1783015140000,61603.4,61613.4,61581.4,61612.5
1783015200000,61590.6,61639.2,61585.5,61636.9
1783015260000,61638.8,61668.5,61622.3,61663.3
1783015320000,61658,61668.1,61625.1,61647.9
1783015380000,61650,61669,61628.8,61638.8
1783015440000,61663.6,61689.2,61650.2,61684.2
1783015500000,61687,61708.5,61663.4,61666.8
1783015560000,61675,61758,61659.3,61705.3
1783015620000,61721.9,61738.1,61695.9,61727
1783015680000,61731,61769,61701.7,61754
1783015740000,61755.6,61774.4,61723,61771.9
1783015800000,61747.8,61775.6,61717.2,61738.9
1783015860000,61744.4,61770,61707.4,61723.1
1783015920000,61746,61759.8,61722.9,61759.8
1783015980000,61756.6,61800.3,61733.9,61773.8
1783016040000,61754.2,61790.1,61754.1,61770.6
1783016100000,61768.8,61769.5,61719.5,61747.5
1783016160000,61743.3,61743.3,61686.6,61734
1783016220000,61733.6,61735.5,61689,61692.9
1783016280000,61696.6,61725.9,61660.5,61690
1783016340000,61690.3,61739,61667.6,61737.3
1783016400000,61737.4,61751.1,61712.8,61739.1
1783016460000,61745.8,61745.8,61710.3,61728.8
1783016520000,61729.4,61769.4,61715.2,61756.3
1783016580000,61758.7,61758.7,61707.8,61743.1
1783016640000,61744.9,61746.4,61723,61744.1
1783016700000,61744.7,61764.5,61722.9,61732.8
1783016760000,61731.8,61731.8,61699.9,61728.3
1783016820000,61732.4,61749.9,61715.8,61749.5
1783016880000,61755.3,61781.5,61732.9,61777.3
1783016940000,61752.3,61809.7,61747.3,61804.7
1783017000000,61778.7,61805.2,61758.4,61790.5
1783017060000,61769.6,61803.7,61754,61760.7
1783017120000,61788.4,61788.4,61755.8,61780
1783017180000,61782.5,61796.7,61746.8,61765.9
1783017240000,61768.6,61768.6,61702.3,61754.3
1783017300000,61751.4,61754.1,61703.6,61725.8
1783017360000,61702.3,61742,61702.3,61738.4
1783017420000,61732.9,61737.2,61694.9,61727.1
1783017480000,61729,61751.2,61700.3,61738.1
1783017540000,61734,61748.7,61714.7,61737
1783017600000,61741.2,61743.2,61720.7,61735.8
1783017660000,61731.4,61738.7,61709.1,61714.3
1783017720000,61697.3,61731,61697.3,61724.9
1783017780000,61725.6,61742.3,61707.5,61734.6
1783017840000,61734.7,61735,61708.4,61709.7
1783017900000,61708.4,61713.8,61693.4,61700.5
1783017960000,61698.7,61698.7,61674.3,61693
1783018020000,61695,61733.4,61687,61733.4
1783018080000,61727.9,61812.6,61711.8,61812.6
1783018140000,61813.2,61814.2,61770.6,61774.9
1783018200000,61772,61777.8,61724.5,61748.2
1783018260000,61751.3,61764.8,61710.8,61727.1
1783018320000,61728.1,61754.3,61704.9,61735.3
1783018380000,61714.5,61749.6,61714.5,61744.4
1783018440000,61748,61748.1,61711.7,61730.9
1783018500000,61726.6,61728.7,61641.2,61663.5
1783018560000,61667.5,61672.2,61616.9,61654.3
1783018620000,61653.7,61664.4,61630.5,61664.4
1783018680000,61662.5,61683.6,61650.6,61683.5
1783018740000,61684.8,61703.3,61672.1,61699.5
1783018800000,61706.8,61706.8,61642.6,61658
1783018860000,61641.5,61669.8,61639.6,61664.3
1783018920000,61659.3,61679,61643.2,61665.6
1783018980000,61662.8,61671.6,61654.5,61663.8
1783019040000,61664,61680.2,61617.8,61617.8
1783019100000,61639,61647.3,61586.4,61612.5
1783019160000,61616.5,61638.8,61586.5,61606
1783019220000,61619.4,61632.3,61581.6,61609
1783019280000,61607.8,61623,61579.9,61579.9
1783019340000,61579.7,61600.1,61568.1,61583
1783019400000,61578.8,61578.8,61536.2,61568.1
1783019460000,61570.4,61575.9,61539.8,61566.3
1783019520000,61565.1,61579.5,61521.8,61574.8
1783019580000,61553.8,61612,61553.8,61605.7
1783019640000,61600.4,61605.1,61582.2,61599.6
1783019700000,61601.4,61603.9,61538.6,61545.7
1783019760000,61545.2,61545.2,61500.1,61513.9
1783019820000,61505.1,61508.8,61483.6,61497.3
1783019880000,61487.8,61492.2,61454.7,61479
1783019940000,61456.2,61506.7,61456.2,61492.7
1783020000000,61474.6,61498.6,61456.1,61476
1783020060000,61475.3,61475.3,61445.4,61456.8
1783020120000,61453.1,61489.1,61446.9,61456.8
1783020180000,61460.8,61485.9,61454.6,61480.6
1783020240000,61458.2,61496.4,61457.7,61485.7
1783020300000,61468.4,61494.2,61467.7,61488.8
1783020360000,61478,61521.2,61473.8,61518
1783020420000,61513.3,61518.5,61493.5,61509.2
1783020480000,61511.1,61554.8,61493.6,61536.6
1783020540000,61539.7,61566.4,61522.6,61552.7
1783020600000,61562.4,61589.9,61536.7,61562.6
1783020660000,61559.6,61570.5,61510.4,61537.3
1783020720000,61541,61570,61514,61542.4
1783020780000,61538.6,61548.4,61517.9,61545.7
1783020840000,61541.7,61549.7,61518.8,61547.4
1783020900000,61554.5,61576.3,61531.6,61568
1783020960000,61559,61561.4,61515.7,61532.8
1783021020000,61531.8,61531.8,61498,61508.9
1783021080000,61501.1,61502.8,61436.7,61469
1783021140000,61444.7,61502.8,61444.7,61494.5
1783021200000,61500.4,61511.7,61476.9,61508.8
1783021260000,61511,61539.4,61493.4,61502.2
1783021320000,61520,61528.1,61492.4,61524
1783021380000,61520.1,61524.4,61497.4,61523.4
1783021440000,61529.1,61539,61502.1,61518.3
1783021500000,61516.7,61545.5,61501.3,61535.1
1783021560000,61531,61540.4,61488.9,61509.8
1783021620000,61503.6,61504.8,61480.6,61480.6
1783021680000,61480,61497.5,61465.9,61478.3
1783021740000,61478.9,61496.1,61454.5,61478.4
1783021800000,61479.3,61597.1,61478.4,61595.3
1783021860000,61588.9,61634,61562.5,61606.7
1783021920000,61612.1,61615.5,61555.5,61562.8
1783021980000,61587.9,61589.2,61543.9,61576.1
1783022040000,61594.9,61628.2,61570.7,61617.9
1783022100000,61613.7,61613.7,61400.4,61444
1783022160000,61446.2,61509.8,61416.8,61508.5
1783022220000,61509.9,61527.9,61480.2,61522.3
1783022280000,61527.6,61527.6,61405.2,61424.1
1783022340000,61403.4,61429.1,61352,61403
1783022400000,61419.9,61458.5,61354.6,61370.4
1783022460000,61375.9,61380.7,61324.6,61344
1783022520000,61348.5,61365.3,61323.6,61342.9
1783022580000,61347.8,61395.8,61335,61392.4
1783022640000,61397.7,61412.8,61370.6,61399.9
1783022700000,61404.6,61404.6,61346.8,61387.4
1783022760000,61386.8,61386.8,61355.7,61378
1783022820000,61378.6,61431.2,61374.9,61426
1783022880000,61429.8,61481.5,61421.8,61464.7
1783022940000,61445.8,61476.8,61440.4,61440.4
1783023000000,61451.8,61451.8,61416.3,61422.8
1783023060000,61421.8,61422,61373.9,61386.7
1783023120000,61386.8,61397.8,61368.7,61378.5
1783023180000,61364.9,61380.3,61357.9,61367.9
1783023240000,61375,61378.9,61355,61365.8
1783023300000,61370.5,61422.4,61353.5,61414.1
1783023360000,61400.7,61451.3,61400.7,61422.6
1783023420000,61422,61432.7,61369.5,61382
1783023480000,61382.4,61409.8,61367.1,61393.5
1783023540000,61391.7,61391.7,61357.8,61369.9
1783023600000,61366.7,61366.7,61341.7,61350.8
1783023660000,61356.4,61365,61324,61337
1783023720000,61336.8,61357.9,61336.5,61351
1783023780000,61351.6,61381.4,61336.6,61343.9
1783023840000,61354.4,61366,61336.8,61352.1
1783023900000,61346.2,61358.7,61321.5,61348.6
1783023960000,61332.9,61367.9,61320.3,61333.3
1783024020000,61332.1,61342.7,61320.5,61333.3
1783024080000,61340.8,61341.8,61320.5,61332.1
1783024140000,61330.1,61333.8,61329.1,61329.1
1783024200000,61329,61330.8,61302.4,61316.4
1783024260000,61321.6,61342.8,61304.2,61342.8
1783024320000,61318,61348.7,61318,61339.6
1783024380000,61338.4,61338.4,61300,61319.4
1783024440000,61326.9,61342.8,61300.2,61337.2
1783024500000,61337,61371.8,61312.7,61328.5
1783024560000,61324.9,61348.1,61303.3,61309.1
1783024620000,61308.1,61325.5,61253.6,61272.5
1783024680000,61272.9,61299.3,61260.2,61282.5
1783024740000,61264.8,61297,61264.8,61282.9
1783024800000,61286.7,61310.2,61277.7,61306
1783024860000,61313.5,61327,61290.6,61321.8
1783024920000,61316.2,61332.4,61299.2,61324.8
1783024980000,61322.8,61322.8,61294.4,61304.8
1783025040000,61291.9,61305.1,61275.5,61295.1
1783025100000,61303.4,61326,61281.5,61318.3
1783025160000,61319,61331.9,61292.5,61323.9
1783025220000,61320.8,61333.8,61300.2,61329.6
1783025280000,61317.4,61332.9,61300,61300.2
1783025340000,61324.5,61415.2,61307,61379.1
1783025400000,61408.2,61428.7,61372.2,61407.8
1783025460000,61400.4,61411.1,61378.7,61403.6
1783025520000,61403,61403,61381.8,61387.8
1783025580000,61390.7,61390.7,61328.3,61357.7
1783025640000,61363.9,61374.1,61332.2,61363.9
1783025700000,61368.5,61368.5,61335.4,61364.1
1783025760000,61359.6,61359.6,61336.5,61336.5
1783025820000,61358.4,61532,61340.4,61526.5
1783025880000,61503.1,61528.7,61485.1,61528.7
1783025940000,61500.3,61526.5,61486.2,61516.7
1783026000000,61521.2,61533.9,61495.9,61506.9
1783026060000,61518,61585.6,61491.4,61579.2
1783026120000,61583.1,61595.3,61472.9,61492.8
1783026180000,61492.6,61494.4,61461.5,61484.5
1783026240000,61463.1,61498.9,61458.1,61458.1
1783026300000,61480,61490.9,61462.1,61486.9
1783026360000,61488,61495.5,61462.1,61478
1783026420000,61476.7,61476.7,61452.2,61473.6
1783026480000,61473.3,61493.8,61456.5,61473.4
1783026540000,61473.8,61483,61457.1,61473.1
1783026600000,61466.3,61478.2,61451.6,61471.5
1783026660000,61478.2,61489.1,61451.5,61481.9
1783026720000,61481.3,61488.3,61450.7,61474.7
1783026780000,61469,61491.1,61449.7,61452.7
1783026840000,61453.8,61468.7,61438,61453.8
1783026900000,61455.8,61484.2,61455.8,61477.4
1783026960000,61472.2,61478.2,61445.2,61448.8
1783027020000,61476.3,61482.4,61448.2,61471.5
1783027080000,61478.6,61485.6,61470.1,61470.8
1783027140000,61477.8,61483,61471.8,61473.3
1783027200000,61451.4,61478.5,61451.2,61472.1
1783027260000,61477.9,61477.9,61450.6,61476.3
1783027320000,61475.7,61475.7,61450.4,61474.9
1783027380000,61468.8,61475.5,61440.8,61468.8
1783027440000,61473.6,61478.5,61467,61473.8
1783027500000,61445.3,61469.5,61444.6,61468.8
1783027560000,61468.2,61475,61468.2,61475
1783027620000,61474.9,61476.1,61444.8,61471.2
1783027680000,61444.7,61469.7,61444.6,61469.7
1783027740000,61469.7,61469.7,61469.7,61469.7
1783027800000,61444.2,61469.4,61440.7,61460.5
1783027860000,61462.5,61475.6,61434.3,61434.3
1783027920000,61458.2,61472.7,61435.9,61458.8
1783027980000,61456.9,61469.8,61440.3,61466.5
1783028040000,61463.1,61468.1,61459.8,61459.8
1783028100000,61468.1,61469.3,61440.1,61440.1
1783028160000,61469.3,61498.6,61447.6,61484.8
1783028220000,61478.6,61487.3,61474.8,61487.3
1783028280000,61482.5,61489.2,61461.7,61480.1
1783028340000,61480,61480,61459.2,61476.3
1783028400000,61458.6,61477,61458.6,61469.8
1783028460000,61450,61470.5,61439,61453.8
1783028520000,61463.1,61463.1,61431.9,61456.9
1783028580000,61432,61469.6,61432,61457.8
1783028640000,61459.2,61460.4,61427.8,61427.8
1783028700000,61452.2,61452.2,61446.8,61446.8
1783028760000,61426,61454.2,61426,61446.3
1783028820000,61448.8,61453.3,61444.7,61447.9
1783028880000,61455.4,61455.4,61428,61447.9
1783028940000,61427.8,61457.6,61427.8,61447.3
1783029000000,61446,61454.7,61436.9,61450.6
1783029060000,61454.3,61553.1,61439.5,61531.8
1783029120000,61524.5,61546.8,61503.7,61524.2
1783029180000,61515.3,61527.3,61484.5,61501.8
1783029240000,61500.8,61509.3,61468.8,61483.8
1783029300000,61481.8,61481.8,61458.3,61471
1783029360000,61475.4,61483.1,61454.5,61454.6
1783029420000,61481.9,61501.7,61461.8,61495.1
1783029480000,61497.8,61509.8,61497.8,61507.9
1783029540000,61500.1,61528.4,61475.8,61495.6
1783029600000,61495.6,61495.6,61445.5,61445.5
1783029660000,61462.7,61482,61434.7,61455.2
1783029720000,61487,61529.5,61457.2,61495.1
1783029780000,61493.1,61500.9,61462.2,61468.4
1783029840000,61468.1,61489.4,61434.2,61453.5
1783029900000,61456.9,61459.4,61434,61455.1
1783029960000,61450.7,61461.4,61433.8,61454.1
1783030020000,61458.2,61477.3,61434,61477.3
1783030080000,61448.6,61475,61447.9,61457.1
1783030140000,61460.4,61494.2,61438.1,61458.4
1783030200000,61455.4,61468.9,61435.2,61441.9
1783030260000,61441.7,61472.5,61439.5,61464.5
1783030320000,61467.4,61471.1,61441.9,61456.1
1783030380000,61460.4,61464.5,61438.1,61448.7
1783030440000,61455.7,61463.6,61434.4,61459.7
1783030500000,61434.6,61465.4,61433.7,61459.6
1783030560000,61454.3,61459.6,61433.6,61433.6
1783030620000,61453.8,61468.9,61433.5,61442
1783030680000,61441.9,61470,61441.5,61441.7
1783030740000,61441.8,61497.6,61441.8,61489
1783030800000,61483.9,61483.9,61439,61459.9
1783030860000,61434.7,61461.1,61434.7,61452.9
1783030920000,61454.4,61473.4,61432.1,61443.1
1783030980000,61443,61473.2,61442.9,61443.7
1783031040000,61443.9,61483.1,61443.9,61451.9
1783031100000,61451.8,61466.7,61435.7,61458.5
1783031160000,61458.5,61458.5,61458.5,61458.5
1783031220000,61463.6,61463.6,61435.8,61458.5
1783031280000,61463.5,61463.5,61434.4,61458.5
1783031340000,61453.5,61453.5,61453.5,61453.5
1783031400000,61446.5,61451.1,61445.3,61451.1
1783031460000,61428.7,61446.1,61428.4,61441.4
1783031520000,61424.7,61458.1,61424.6,61454.3
1783031580000,61454.9,61454.9,61426.1,61426.1
1783031640000,61446,61459.2,61426.3,61429
1783031700000,61428.7,61475.9,61428.6,61438.6
1783031760000,61438.4,61462.5,61427.4,61434.4
1783031820000,61465,61470.1,61437.7,61437.9
1783031880000,61438,61469.8,61437.9,61466.4
1783031940000,61442.5,61463.3,61439.3,61457.6
1783032000000,61451,61458.5,61427,61430.6
1783032060000,61430.7,61460.2,61430.4,61455.6
1783032120000,61430.2,61457.7,61425.9,61452.4
1783032180000,61457.7,61459.9,61430.3,61454.1
1783032240000,61456.2,61456.2,61430.3,61430.3
1783032300000,61430.5,61458,61430,61446.9
1783032360000,61441.9,61449.4,61439.3,61443.3
1783032420000,61441.9,61441.9,61441.5,61441.5
1783032480000,61437.7,61441.6,61437.7,61441.5
1783032540000,61446.1,61446.1,61421.8,61441.9
1783032600000,61442,61442,61442,61442
1783032660000,61421.3,61439.6,61348.1,61348.1
1783032720000,61352.3,61398.2,61305.1,61374.6
1783032780000,61383,61466.1,61358,61423.5
1783032840000,61423.2,61474.8,61423.2,61444.6
1783032900000,61444.8,61486.3,61444.8,61449.3
1783032960000,61449.1,61483.2,61449,61467.2
1783033020000,61462,61462.4,61438.8,61454.3
1783033080000,61449.7,61449.7,61435.3,61437.8
1783033140000,61430.8,61430.8,61381.5,61391.8
1783033200000,61386.4,61386.4,61321.4,61328
1783033260000,61328.6,61349.2,61298.5,61298.9
1783033320000,61298.7,61319.4,61271.1,61300.5
1783033380000,61306.4,61306.4,61271.7,61276.5
1783033440000,61299.6,61305.3,61265,61293.9
1783033500000,61299.6,61299.7,61265.6,61288.4
1783033560000,61293.5,61299.5,61266.1,61272.8
1783033620000,61272.2,61293.4,61261,61268.2
1783033680000,61268,61300.2,61262.8,61292.2
1783033740000,61267.2,61307.4,61264.3,61278.2
1783033800000,61284.1,61340.8,61277.5,61296.8
1783033860000,61289.7,61292.4,61262.3,61291.8
1783033920000,61300.4,61300.6,61267.3,61287.8
1783033980000,61269.8,61283.2,61259.8,61259.8
1783034040000,61257.4,61286.4,61257.4,61258.8
1783034100000,61282.6,61302.5,61258.8,61301.1
1783034160000,61273.6,61338.2,61273.6,61335.9
1783034220000,61330,61338.2,61302.2,61330.7
1783034280000,61329.1,61376.2,61309.9,61374.2
1783034340000,61370.8,61382.4,61331.3,61366.8
1783034400000,61369.8,61375.6,61356.2,61359.5
1783034460000,61355.5,61420.6,61335.2,61407.7
1783034520000,61413.7,61413.7,61338.5,61379
1783034580000,61343.8,61400.6,61336.8,61371.8
1783034640000,61366,61397.6,61366,61381.8
1783034700000,61389.3,61431.7,61367.5,61431.1
1783034760000,61422.9,61472.9,61409.9,61465.8
1783034820000,61458.5,61470.1,61423.7,61441.8
1783034880000,61442.4,61448.3,61436.9,61444.8
1783034940000,61433.9,61442.8,61433.9,61438.8
1783035000000,61410.6,61440.1,61410.6,61432.5
1783035060000,61440.9,61463.6,61422.7,61447.6
1783035120000,61451.4,61477.3,61434.2,61472
1783035180000,61472.6,61485.3,61467.9,61483.8
1783035240000,61482.6,61539.6,61469,61523.8
1783035300000,61516.1,61516.8,61452.4,61461.1
1783035360000,61460.8,61483.8,61413.1,61439.8
1783035420000,61430.6,61437.8,61401.1,61429.1
1783035480000,61433.2,61443.2,61428.8,61431.7
1783035540000,61436.7,61436.7,61398.6,61414.8
1783035600000,61410.8,61413.4,61381.6,61413.4
1783035660000,61409.5,61422.9,61363.2,61380.8
1783035720000,61349.3,61395.1,61347,61388.5
1783035780000,61380,61421,61380,61410.5
1783035840000,61415,61424.3,61380.8,61380.8
1783035900000,61397,61451.3,61397,61447.9
1783035960000,61438.1,61467.5,61432,61463.7
1783036020000,61457.1,61466.7,61425.4,61458.5
1783036080000,61455.5,61467.1,61431.9,61467.1
1783036140000,61470.9,61491.9,61459.6,61488.4
1783036200000,61479.9,61489.4,61472,61489.4
1783036260000,61494.2,61502,61462.5,61501.4
1783036320000,61510.8,61534.8,61488.1,61531.4
1783036380000,61527.6,61531.5,61495.9,61502.7
1783036440000,61502.8,61519.2,61482.5,61513.2
1783036500000,61517,61520.9,61472,61502.3
1783036560000,61479.1,61513,61479.1,61509.7
1783036620000,61501.6,61507.8,61473.3,61485.8
1783036680000,61475.6,61491.3,61475.6,61489.2
1783036740000,61459.8,61493.8,61459.3,61459.5
1783036800000,61458.9,61507.9,61451.7,61476.4
1783036860000,61487.2,61489,61379.5,61411.6
1783036920000,61417.8,61421.9,61337.4,61364.9
1783036980000,61370.9,61418.5,61343,61412.4
1783037040000,61418.4,61440.7,61389.5,61424.4
1783037100000,61420.4,61420.4,61347.9,61374.2
1783037160000,61369.8,61407.7,61350.6,61374.5
1783037220000,61370.3,61398.8,61333.9,61348.4
1783037280000,61348.5,61397.8,61348.3,61378.4
1783037340000,61382.1,61382.9,61313.3,61330.5
1783037400000,61311.4,61341.4,61291,61331.5
1783037460000,61326.2,61342.9,61307.9,61342.9
1783037520000,61340.5,61351.3,61311.7,61338.8
1783037580000,61345.5,61393.9,61330.6,61377.6
1783037640000,61373.4,61385.5,61314.7,61314.8
1783037700000,61314.7,61384.2,61293.8,61323.8
1783037760000,61313,61328.3,61293.8,61324.1
1783037820000,61326.9,61339.1,61317.3,61323.4
1783037880000,61325.7,61334.2,61286.3,61314.5
1783037940000,61322,61350.2,61278,61344.9
1783038000000,61348.7,61365.3,61313.7,61334.1
1783038060000,61336.9,61389.4,61310.6,61324.7
1783038120000,61323.5,61338.1,61278.2,61296.4
1783038180000,61289.8,61315.6,61289.8,61312.7
1783038240000,61312.1,61312.1,61265.6,61290.4
1783038300000,61287.8,61307.8,61253.6,61304.8
1783038360000,61296.5,61303.8,61264.7,61288.4
1783038420000,61293.7,61294.4,61275.8,61279.8
1783038480000,61271.8,61274.2,61226.7,61258.9
1783038540000,61251.9,61251.9,61202.3,61219.8
1783038600000,61188.7,61228.8,61168.4,61185.4
1783038660000,61160.7,61250.5,61160.7,61235.1
1783038720000,61243.4,61279.8,61217.9,61252.3
1783038780000,61247,61247,61193.8,61212.3
1783038840000,61188.6,61214.6,61172.4,61178.4
1783038900000,61158.2,61207.9,61152.4,61205.9
1783038960000,61200.3,61234.5,61180.5,61233.4
1783039020000,61224.2,61233.4,61177,61204.8
1783039080000,61208.2,61300.3,61186.7,61275.7
1783039140000,61248.1,61282.6,61213.4,61257.9
1783039200000,61260.4,61297.2,61235,61274.8
1783039260000,61270,61273.8,61236.2,61258.7
1783039320000,61267.4,61267.8,61210.1,61256.7
1783039380000,61241.5,61258.7,61216.1,61247.2
1783039440000,61251.3,61269.4,61243.5,61265.7
1783039500000,61270,61276.1,61213.2,61245.8
1783039560000,61246.4,61294.3,61222.8,61291.7
1783039620000,61294.2,61333.9,61274,61332.3
1783039680000,61332.7,61342.4,61279.8,61279.8
1783039740000,61310.8,61320.8,61282.3,61313.2
1783039800000,61309.5,61325.8,61296.1,61296.2
1783039860000,61296,61324.3,61292.4,61297.8
1783039920000,61292.6,61333,61265.3,61290
1783039980000,61294.9,61297.3,61233.8,61233.8
1783040040000,61232,61276.6,61232,61272
1783040100000,61277.9,61295,61251,61284.2
1783040160000,61275.8,61275.8,61226.3,61273.3
1783040220000,61267.9,61274.9,61241.3,61251.8
1783040280000,61245.8,61247.2,61209.9,61228.8
1783040340000,61232.7,61246.1,61214.5,61237.8
1783040400000,61216.7,61256,61197.2,61252.1
1783040460000,61247.9,61249.8,61204.5,61227.3
1783040520000,61227.9,61264,61203.4,61257.4
1783040580000,61259.6,61304.5,61248.7,61302.6
1783040640000,61293.8,61362.6,61271.5,61348.7
1783040700000,61356.8,61428.4,61317.5,61423.8
1783040760000,61406.7,61420.8,61343.4,61370.2
1783040820000,61377.8,61392.8,61343.8,61389.3
1783040880000,61383.3,61455.1,61358.5,61441.2
1783040940000,61435.7,61474.1,61389.6,61458.2
1783041000000,61463.7,61463.7,61416.7,61444.8
1783041060000,61433.7,61447.8,61393.6,61440.8
1783041120000,61443.1,61466.4,61404.4,61463.7
1783041180000,61469.2,61531.3,61445.4,61529.2
1783041240000,61569.7,61655.4,61513,61567.8
1783041300000,61554.6,61587.8,61504.8,61507
1783041360000,61532.8,61544.8,61418.7,61427.8
1783041420000,61430.4,61455.2,61406.3,61436.7
1783041480000,61445.8,61469.2,61411.6,61464.2
1783041540000,61473.4,61498.5,61413.5,61440.8
1783041600000,61436.9,61503,61436.9,61501.8
1783041660000,61489.4,61532.3,61475.3,61531.4
1783041720000,61527.3,61533.8,61465.3,61472.5
1783041780000,61470.6,61532,61456.7,61513.8
1783041840000,61510.4,61542.7,61489.7,61530.2
1783041900000,61535.2,61567.4,61472.5,61500.8
1783041960000,61484.6,61495.8,61450.7,61482.4
1783042020000,61485.9,61504.3,61456.8,61456.8
1783042080000,61495.8,61514.6,61460.3,61513.4
1783042140000,61514.6,61517.6,61484.3,61500.8
1783042200000,61497.8,61503.7,61416,61498
1783042260000,61461.4,61520.8,61436.8,61485.2
1783042320000,61479.7,61500.8,61449.1,61500.8
1783042380000,61497,61542.8,61474.7,61485.9
1783042440000,61485.7,61565.1,61483.7,61565.1
1783042500000,61570.1,61605.7,61537.6,61605.7
1783042560000,61602.7,61655.8,61590.6,61637.2
1783042620000,61631.3,61631.3,61558.6,61586.1
1783042680000,61590,61613.8,61563.1,61610.4
1783042740000,61608.2,61648.9,61600.8,61648.9
1783042800000,61648.8,61656.8,61594.9,61638.8
1783042860000,61634.5,61641.8,61597.4,61633.4
1783042920000,61626.1,61661.8,61604.7,61647
1783042980000,61648,61648,61584.1,61604.7
1783043040000,61605.9,61611.1,61563.9,61593.9
1783043100000,61568.4,61600.8,61519.6,61554
1783043160000,61559,61582,61529.8,61581.4
1783043220000,61572.7,61575.8,61520.8,61540.3
1783043280000,61551.8,61577.4,61527.8,61567.7
1783043340000,61563.4,61604.6,61547.9,61576.9
1783043400000,61571.8,61601.5,61521.5,61571.7
1783043460000,61571.5,61581.4,61508.5,61549.1
1783043520000,61549.8,61583.2,61533.6,61573.2
1783043580000,61577.4,61578.4,61537.2,61564.9
1783043640000,61566.8,61572,61537.8,61562.1
1783043700000,61566,61579.2,61541.4,61574.7
1783043760000,61571.3,61571.3,61551.5,61561.9
1783043820000,61564.7,61568.8,61518.5,61553.8
1783043880000,61551.9,61561.8,61529,61543.1
1783043940000,61548.4,61552.8,61485.1,61509
1783044000000,61517.8,61543.5,61517.8,61535.4
1783044060000,61532.1,61537,61490.9,61522.8
1783044120000,61505.9,61542.4,61487.7,61538.1
1783044180000,61546.6,61550.8,61473.1,61510.1
1783044240000,61504.8,61518.7,61453.9,61518.7
1783044300000,61521.5,61548.6,61463.2,61474.9
1783044360000,61473.7,61475.8,61445.4,61470.2
1783044420000,61477.1,61481.3,61471.7,61478.9
1783044480000,61458,61530.3,61458,61520.3
1783044540000,61526.6,61596.2,61526.6,61588.8
1783044600000,61584.1,61585.8,61476.1,61476.1
1783044660000,61476.2,61517.8,61461.3,61483.8
1783044720000,61478.5,61482.8,61415.2,61454.9
1783044780000,61451.3,61465.5,61429.5,61463.6
1783044840000,61450.1,61456.6,61427.6,61428
1783044900000,61453.2,61453.7,61422.9,61423.1
1783044960000,61423.2,61452.2,61420.3,61446.8
1783045020000,61446.7,61490.5,61427.3,61477.9
1783045080000,61453.1,61486.5,61453.1,61482.1
1783045140000,61486.9,61487.8,61425.5,61462.3
1783045200000,61434.2,61475.1,61434.2,61463.2
1783045260000,61472.6,61499.7,61463.2,61499.7
1783045320000,61498.3,61501.1,61463,61496.6
1783045380000,61497,61518.4,61485.2,61485.2
1783045440000,61508.4,61519.5,61452.9,61476.9
1783045500000,61480.1,61489.8,61425.4,61453.8
1783045560000,61453.2,61457.1,61379.1,61409.9
1783045620000,61413.8,61413.8,61368.5,61403.7
1783045680000,61403.8,61410.6,61347.4,61371
1783045740000,61363.6,61379.1,61302.7,61335.8
1783045800000,61330.7,61337.3,61190.9,61245.4
1783045860000,61247.2,61279.7,61198.7,61277.7
1783045920000,61245.7,61298.2,61241.1,61283.8
1783045980000,61294.4,61303,61261.5,61296.9
1783046040000,61296.3,61332.5,61265.5,61328.3
1783046100000,61321.9,61361.3,61247.5,61349.8
1783046160000,61345.1,61394.2,61315.8,61370.8
1783046220000,61384.9,61386.1,61303.1,61322
1783046280000,61328.2,61351,61304.7,61332.5
1783046340000,61338.1,61350.5,61260.2,61297.9
1783046400000,61271.6,61335.8,61271.2,61309.8
1783046460000,61298.8,61316.4,61298.8,61309.8
1783046520000,61309.3,61316.5,61252,61267.8
1783046580000,61256.6,61276.6,61230.6,61252.5
1783046640000,61257.3,61295.2,61245.6,61294.3
1783046700000,61293.5,61293.5,61233.6,61279.5
1783046760000,61275.5,61280.4,61256.8,61272.6
1783046820000,61269.2,61269.2,61207.1,61254.6
1783046880000,61256.8,61281.8,61242,61281.8
1783046940000,61288.4,61314.5,61258.7,61277.9
1783047000000,61278,61361.2,61278,61303.2
1783047060000,61306,61338.8,61300.6,61333.6
1783047120000,61336.5,61356.8,61301.8,61337.8
1783047180000,61332.4,61374.9,61324.4,61355.8
1783047240000,61350.9,61363.8,61337.1,61359.8
1783047300000,61361.1,61364.8,61329,61338.9
1783047360000,61331.4,61344.8,61294.2,61334.8
1783047420000,61337.4,61359.3,61333.9,61355
1783047480000,61355.6,61394.4,61336.7,61383.8
1783047540000,61380.8,61380.8,61336.8,61360.8
1783047600000,61351.5,61362.8,61275.5,61308.5
1783047660000,61309.4,61320.2,61279.1,61318.8
1783047720000,61318.2,61346.4,61290.8,61338.6
1783047780000,61349.3,61388.6,61328.7,61382.7
1783047840000,61374.3,61385.8,61336.7,61372.5
1783047900000,61369.4,61372.8,61336.3,61362.6
1783047960000,61358.4,61372.7,61333,61354.9
1783048020000,61343.7,61354.8,61298.9,61343.3
1783048080000,61344,61344,61247.7,61281.8
1783048140000,61278.9,61319.9,61274.1,61319.9
1783048200000,61304,61312.8,61257.9,61288.8
1783048260000,61287.8,61287.8,61244,61272.6
1783048320000,61261.5,61273,61221.3,61247
1783048380000,61221.4,61290.5,61221.4,61284.9
1783048440000,61278,61278,61225.3,61261
1783048500000,61261.1,61290.6,61244.3,61281.7
1783048560000,61283.7,61337.7,61275.7,61337.7
1783048620000,61302.1,61344.8,61285.1,61342.5
1783048680000,61342.1,61351.3,61311.5,61344.8
1783048740000,61347.6,61365.4,61344.8,61365.4
1783048800000,61359.9,61469.8,61338.6,61469.8
1783048860000,61463,61473.9,61414.9,61473.9
1783048920000,61469,61510.5,61446.4,61494.9
1783048980000,61492.2,61501.5,61482.1,61492.3
1783049040000,61496.8,61496.8,61454.9,61485.7
1783049100000,61485.1,61507.8,61455,61491.3
1783049160000,61489.4,61489.4,61438.3,61464.6
1783049220000,61469.9,61480.2,61469.9,61479.3
1783049280000,61479.3,61481.2,61463.8,61473.8
1783049340000,61478.5,61487.4,61451.5,61470
1783049400000,61455.5,61466.5,61450.1,61462.5
1783049460000,61460.4,61476.4,61440.6,61469.4
1783049520000,61434.2,61468.2,61434.2,61434.2
1783049580000,61434.1,61473.6,61432.6,61467.4
1783049640000,61457.3,61466.8,61436.2,61461.8
1783049700000,61460.6,61466.3,61452.1,61464.8
1783049760000,61450.8,61461.8,61407.1,61445
1783049820000,61454,61457.7,61442.9,61447.8
1783049880000,61449.8,61451,61416.4,61417.1
1783049940000,61416.9,61446.8,61409.6,61410.2
1783050000000,61404.4,61413.6,61382.2,61382.3
1783050060000,61382.2,61415.8,61319.5,61341.4
1783050120000,61341.9,61341.9,61284.1,61341.4
1783050180000,61343.1,61346.3,61296.1,61324.6
1783050240000,61328.7,61347.2,61294.3,61294.3
1783050300000,61294.5,61333,61285.5,61318.8
1783050360000,61318.3,61340.1,61304.2,61336.8
1783050420000,61342,61342.6,61278.7,61319.2
1783050480000,61323.5,61326.8,61271,61310.5
1783050540000,61293.3,61331.3,61280.6,61331.3
1783050600000,61329.9,61329.9,61272.2,61293.5
1783050660000,61300.8,61309.1,61270.9,61309.1
1783050720000,61307.5,61317.4,61300.1,61306.6
1783050780000,61310.7,61310.7,61261,61287.3
1783050840000,61289.2,61289.9,61255.4,61255.8
1783050900000,61255.2,61311.6,61255.2,61297.2
1783050960000,61301.2,61307.9,61277.6,61307.7
1783051020000,61313.4,61342.7,61285.3,61307.6
1783051080000,61344.6,61390.8,61307.5,61390.8
1783051140000,61389.7,61389.7,61351.3,61360.6
1783051200000,61349.8,61396.4,61328.1,61373.9
1783051260000,61378.9,61391.3,61351.6,61389.4
1783051320000,61385.5,61388.9,61337.6,61380.8
1783051380000,61384,61388.9,61372.7,61377.8
1783051440000,61372.4,61377.1,61350.7,61370.2
1783051500000,61367.9,61374.5,61329.6,61355.8
1783051560000,61352.1,61353.8,61319.9,61324.1
1783051620000,61328.2,61331.7,61274.1,61303.6
1783051680000,61294.7,61312.8,61292.2,61307.4
1783051740000,61312.3,61312.3,61245.8,61296.6
1783051800000,61296.6,61301.8,61240.2,61297.7
1783051860000,61301.2,61344.4,61279.5,61305.6
1783051920000,61347.5,61353.3,61305,61313.6
1783051980000,61313.5,61350.8,61313,61313.1
1783052040000,61313.2,61365.4,61313.2,61326.3
1783052100000,61358.5,61358.5,61279.3,61280.7
1783052160000,61280.3,61309.5,61254.9,61281.2
1783052220000,61285.9,61304.1,61265.2,61297.9
1783052280000,61301.6,61308.9,61286.3,61297.5
1783052340000,61300.6,61317.2,61277.6,61317.2
1783052400000,61319.3,61332.1,61286.9,61320.8
1783052460000,61322.3,61339.2,61289.7,61321.3
1783052520000,61320.9,61322.6,61289.2,61321.8
1783052580000,61288.5,61343.4,61288.5,61338.1
1783052640000,61339,61363.2,61314.9,61351
1783052700000,61354.8,61354.8,61318,61349
1783052760000,61349.9,61349.9,61330.3,61336.8
1783052820000,61339.5,61346.8,61308.8,61341.9
1783052880000,61332.8,61351.8,61304.6,61351.8
1783052940000,61351.8,61370.2,61343.5,61368.7
1783053000000,61370.2,61370.2,61324.9,61349.2
1783053060000,61350,61381.4,61319,61372.4
1783053120000,61377.1,61414.2,61355.1,61391.4
1783053180000,61385.3,61385.3,61322.1,61322.2
1783053240000,61322.1,61349.8,61317,61342.4
1783053300000,61330.5,61349.8,61330.5,61346.5
1783053360000,61350.8,61394,61329.5,61393
1783053420000,61358.4,61436.3,61358.4,61435.5
1783053480000,61432.8,61443.3,61421.4,61431.8
1783053540000,61436.2,61438,61424.6,61434.4
1783053600000,61435.9,61456.7,61402.4,61456.7
1783053660000,61453.6,61456.3,61440.8,61447.6
1783053720000,61420.8,61448.8,61414.4,61444.6
1783053780000,61442.5,61442.5,61406,61423.1
1783053840000,61426.8,61434.4,61385.6,61434.4
1783053900000,61432.3,61443.5,61375.1,61399.1
1783053960000,61391.1,61391.1,61329.8,61371.1
1783054020000,61374.2,61383.6,61347.5,61360
1783054080000,61356.2,61363.8,61329.4,61340
1783054140000,61342.8,61359.4,61312.9,61312.9
1783054200000,61338.8,61338.8,61285.1,61319.2
1783054260000,61320.3,61333.5,61298.5,61323.8
1783054320000,61322.3,61354.3,61311.3,61344.4
1783054380000,61347.6,61368.8,61316.6,61342.3
1783054440000,61346.7,61346.8,61312.5,61336.3
1783054500000,61308.9,61340.4,61302.9,61330.9
1783054560000,61335.4,61346.6,61312,61343.4
1783054620000,61346.6,61384.2,61324.4,61375.8
1783054680000,61376.6,61444.5,61366.2,61421.8
1783054740000,61400.4,61400.4,61348.5,61348.5
1783054800000,61365.4,61401.8,61342.5,61401.1
1783054860000,61404.9,61411.7,61370.1,61402.2
1783054920000,61407.3,61456.9,61391.4,61423
1783054980000,61401.2,61455.8,61358,61420.8
1783055040000,61452.2,61470.7,61414,61470.1
1783055100000,61464.4,61480.6,61434.4,61469.8
1783055160000,61468.8,61481.8,61441.5,61481.8
1783055220000,61490.6,61491,61426.7,61462.7
1783055280000,61457.6,61474,61436.8,61474
1783055340000,61472.3,61475.6,61434.8,61475
1783055400000,61475.3,61492.1,61434.4,61457.3
1783055460000,61453.5,61466.1,61450.9,61462.4
1783055520000,61462.3,61469.1,61459.8,61468.8
1783055580000,61473.2,61473.2,61436.6,61437.3
1783055640000,61461.4,61469.9,61461.4,61466.2
1783055700000,61439,61481.3,61427.2,61458
1783055760000,61484.9,61484.9,61434.8,61465.4
1783055820000,61462,61502,61449.8,61502
1783055880000,61499.7,61544.4,61472.5,61541.9
1783055940000,61547.8,61579.4,61529.3,61568
1783056000000,61564.9,61567.9,61517.5,61517.5
1783056060000,61517.3,61559,61498,61498
1783056120000,61508.4,61539.8,61506.3,61532.9
1783056180000,61537.3,61543.1,61515.6,61535.8
1783056240000,61536.8,61568,61516.4,61540
1783056300000,61559.1,61560.8,61517.9,61530.2
1783056360000,61535.4,61602.3,61510.9,61595.5
1783056420000,61606.6,61615.9,61565.1,61582.8
1783056480000,61581.2,61591.7,61544.3,61582.8
1783056540000,61579,61598.8,61543.3,61558.8
1783056600000,61559.3,61578.8,61531,61570.6
1783056660000,61551,61592.4,61551,61587.9
1783056720000,61592.7,61617.3,61570.2,61609.8
1783056780000,61605,61644.3,61590.4,61636.8
1783056840000,61640.9,61691.6,61610,61656.8
1783056900000,61653.6,61735.2,61623.8,61652
1783056960000,61673.8,61678,61620.6,61644.9
1783057020000,61635.4,61697.6,61605.7,61686
1783057080000,61689.2,61693.3,61650.2,61657.8
1783057140000,61643.2,61651.1,61616.1,61644.3
1783057200000,61648.9,61650.4,61622.4,61632.2
1783057260000,61637.7,61642.9,61580,61597.6
1783057320000,61570.6,61607.3,61562.6,61568.6
1783057380000,61581.5,61618.9,61581.5,61615.8
1783057440000,61612.4,61635.7,61593.8,61626.6
1783057500000,61622,61624.8,61583.6,61609.8
1783057560000,61596.7,61601.8,61558.7,61582.4
1783057620000,61578.5,61602.8,61563.9,61602.4
1783057680000,61605.2,61621.4,61576.4,61614.7
1783057740000,61608.9,61659.1,61585.7,61659.1
1783057800000,61666.9,61674.4,61640.7,61643.4
1783057860000,61638.8,61648.6,61610.2,61648.6
1783057920000,61649.4,61657.6,61624.8,61624.8
1783057980000,61644.8,61657.5,61623.2,61657.5
1783058040000,61656.6,61676.2,61620.3,61667.1
1783058100000,61662.6,61671.6,61629.3,61671.6
1783058160000,61668.3,61683.4,61628.8,61656.8
1783058220000,61653.8,61657.7,61627.8,61635
1783058280000,61631.1,61637.4,61603.1,61627
1783058340000,61630.9,61631.1,61627,61631.1
1783058400000,61612.1,61633.6,61600.2,61619.4
1783058460000,61622.8,61639.3,61608,61633.4
1783058520000,61636.3,61669.5,61619.4,61667.9
1783058580000,61674,61703.2,61655.6,61703.2
1783058640000,61698.6,61777.1,61694,61763.8
1783058700000,61756.8,61781.4,61716.3,61751.9
1783058760000,61748.7,61768.3,61721.2,61764.9
1783058820000,61763.9,61763.9,61701,61701
1783058880000,61717.8,61751.4,61682.1,61717.4
1783058940000,61742.4,61758,61717.1,61720.5
1783059000000,61739.3,61744.1,61712.4,61737
1783059060000,61736.6,61750.7,61712.9,61737.6
1783059120000,61741.9,61747.9,61719,61742.7
1783059180000,61739,61739,61638.1,61667.6
1783059240000,61638.8,61676.2,61627.5,61661.6
1783059300000,61662.7,61669.5,61632.3,61658.5
1783059360000,61664.4,61699.8,61640,61665.8
1783059420000,61669.3,61744.3,61658,61724.6
1783059480000,61720.8,61724.8,61672,61694.8
1783059540000,61688.4,61696.5,61636.9,61667.6
1783059600000,61671.3,61674.8,61620,61634.8
1783059660000,61640.5,61649.8,61619.2,61642.4
1783059720000,61642.7,61647.8,61611.6,61640.4
1783059780000,61636.7,61636.7,61601.9,61607.7
1783059840000,61628.6,61668.8,61606.8,61666.4
1783059900000,61661.4,61661.4,61635.9,61658.4
1783059960000,61655.4,61655.8,61625.1,61625.1
1783060020000,61651.2,61651.2,61624.4,61624.4
1783060080000,61653.6,61655.8,61645.2,61649.2
1783060140000,61645.8,61651.9,61622.4,61625.4
1783060200000,61625.5,61697,61625.4,61687.9
1783060260000,61691.9,61717.3,61665.2,61690.4
1783060320000,61707.7,61712.3,61671.2,61671.2
1783060380000,61689.5,61704,61654.1,61675.8
1783060440000,61667.4,61675.7,61615.7,61615.7
1783060500000,61645.4,61660.4,61621.9,61649.7
1783060560000,61655.5,61663.1,61636,61660
1783060620000,61653.9,61659.9,61582.3,61583.9
1783060680000,61577.5,61582.8,61542.9,61574.6
1783060740000,61546.5,61571.2,61524.3,61561.1
1783060800000,61562.3,61575,61541,61568.1
1783060860000,61541.5,61572,61539.3,61566
1783060920000,61568.6,61617.9,61551.3,61594.8
1783060980000,61590,61590,61543.9,61569.5
1783061040000,61569.6,61583.2,61551.5,61579.1
1783061100000,61579.5,61613.4,61565.9,61611.5
1783061160000,61589,61624.9,61576.7,61615
1783061220000,61613.4,61614.7,61576.6,61598.5
1783061280000,61593,61598.7,61557.8,61593.5
1783061340000,61593.7,61614.2,61569.6,61604.4
1783061400000,61601.8,61612.9,61596.7,61609.3
1783061460000,61608.7,61608.7,61567.8,61600.1
1783061520000,61605.1,61628.4,61592.8,61626.9
1783061580000,61614.1,61680.3,61594.4,61669.7
1783061640000,61667.7,61708.1,61664.2,61672.1
1783061700000,61689.7,61691.2,61650.8,61675.6
1783061760000,61678.7,61678.7,61649.1,61668.8
1783061820000,61670.2,61675.8,61637.6,61637.6
1783061880000,61663.4,61668.8,61637.3,61637.4
1783061940000,61637.3,61668.8,61616.8,61642.4
1783062000000,61637.1,61653,61607.1,61649.8
1783062060000,61646.1,61658.8,61642.8,61650.1
1783062120000,61642.8,61666.3,61633.8,61666.3
1783062180000,61667.1,61677.3,61637.7,61672.1
1783062240000,61643.7,61654.8,61580.8,61601.8
1783062300000,61598.2,61612,61568.6,61612
1783062360000,61613.5,61638.5,61585.2,61603
1783062420000,61609,61702.2,61603,61672.7
1783062480000,61665.8,61714.7,61655.1,61680.4
1783062540000,61685.5,61688.3,61642,61657.9
1783062600000,61663.2,61663.2,61603.4,61639.1
1783062660000,61636.6,61636.7,61601.3,61633.8
1783062720000,61634,61649.7,61616.6,61635.3
1783062780000,61632,61634.3,61617.5,61634
1783062840000,61623.9,61637.2,61605.1,61632.8
1783062900000,61635,61659.1,61605.2,61651.9
1783062960000,61647.6,61663.4,61637.4,61656.1
1783063020000,61660.2,61660.2,61637.5,61655.8
1783063080000,61655.6,61673.4,61635.7,61673.4
1783063140000,61674.4,61684.6,61663.1,61677
1783063200000,61678.3,61700.4,61665.5,61680.1
1783063260000,61681.9,61688,61658.5,61661.4
1783063320000,61661.5,61677.6,61640.9,61666.8
1783063380000,61664.8,61686.6,61641.6,61686.6
1783063440000,61686.3,61694.9,61683,61693.4
1783063500000,61680.4,61683.5,61655.4,61671.8
1783063560000,61671.2,61671.2,61643.7,61658.4
1783063620000,61659.3,61660.5,61636,61636
1783063680000,61656.7,61677.7,61634,61669.4
1783063740000,61662.2,61698.8,61641.1,61695.4
1783063800000,61673.8,61740,61673.8,61708.2
1783063860000,61725.3,61726.2,61675.8,61682
1783063920000,61678.6,61703.8,61657.9,61687.8
1783063980000,61686.5,61718,61668.4,61716.9
1783064040000,61715.4,61730,61677.3,61697.3
1783064100000,61701.5,61773.8,61682.3,61772.7
1783064160000,61767.3,61767.3,61677.2,61677.2
1783064220000,61656,61700.7,61655.9,61700.5
1783064280000,61697.5,61705.9,61672.8,61673.5
1783064340000,61671.6,61705.9,61671.5,61694.8
1783064400000,61696.1,61712,61686.5,61711.3
1783064460000,61710.2,61731.3,61686.4,61731.2
1783064520000,61733.6,61754.5,61705.9,61743.1
1783064580000,61737.1,61747.8,61711,61736.6
1783064640000,61716.2,61760.8,61716.2,61749.4
1783064700000,61748.2,61754.9,61719.6,61740.6
1783064760000,61746.6,61765.4,61732.4,61762.4
1783064820000,61767.3,61803,61739.2,61773.1
1783064880000,61756.2,61776,61737.3,61769.8
1783064940000,61762.8,61767.8,61731.6,61761.5
1783065000000,61758.3,61758.3,61700.4,61751.1
1783065060000,61722.4,61774,61722.4,61751.7
1783065120000,61747.4,61747.4,61707.7,61735.7
1783065180000,61741.4,61751.9,61713.4,61746.3
1783065240000,61740.7,61740.7,61708.4,61726.7
1783065300000,61725.4,61725.4,61696,61696
1783065360000,61725.2,61725.7,61695.5,61695.8
1783065420000,61695.6,61717.8,61668.3,61692.4
1783065480000,61666.7,61705.8,61666.5,61705.8
1783065540000,61697.6,61699.2,61659.2,61659.4
1783065600000,61659.7,61711.8,61652.5,61695.4
1783065660000,61693.3,61735.5,61693.3,61735.5
1783065720000,61738.5,61768.1,61723.6,61736.8
1783065780000,61718.7,61732.8,61686.6,61699.7
1783065840000,61675,61702.5,61656,61676.7
1783065900000,61681.1,61697.3,61660.4,61692.3
1783065960000,61695.8,61726.9,61674.2,61711.8
1783066020000,61702.6,61708,61658.2,61677.5
1783066080000,61673.6,61683.8,61654.4,61682.8
1783066140000,61680.8,61695.4,61656.9,61695.4
1783066200000,61691.8,61707.8,61679.5,61685.8
1783066260000,61683.3,61687.7,61660.3,61676.3
1783066320000,61680.4,61697,61680.4,61693.3
1783066380000,61697.9,61699.5,61651.1,61671.1
1783066440000,61675.5,61686.7,61675.3,61681.5
1783066500000,61683.5,61692.7,61658.2,61685.8
1783066560000,61686.9,61731.9,61665.2,61695.1
1783066620000,61712.4,61729.3,61673.8,61678.5
1783066680000,61664.3,61700.8,61663.5,61682.1
1783066740000,61680.4,61685,61655.7,61677.8
1783066800000,61654.8,61675.8,61641.4,61652.8
1783066860000,61636.5,61670.9,61636.5,61670.9
1783066920000,61674.9,61679.6,61642.5,61642.5
1783066980000,61667.6,61668.8,61652.1,61652.1
1783067040000,61656.1,61672.2,61637.5,61669
1783067100000,61677.1,61697.8,61655.5,61692
1783067160000,61694.9,61746.1,61683.9,61713.9
1783067220000,61714,61762.6,61692.9,61706.6
1783067280000,61685.4,61733.2,61685.4,61712.8
1783067340000,61714.2,61719,61704.4,61710.8
1783067400000,61704.6,61704.6,61640,61665.8
1783067460000,61658.7,61713.7,61633.3,61713.7
1783067520000,61705,61705.2,61654.5,61687.4
1783067580000,61690.8,61706.6,61666.9,61706.6
1783067640000,61710.6,61714.5,61667.4,61687.1
1783067700000,61691,61694,61661,61689.5
1783067760000,61691.3,61720.4,61680.5,61720.4
1783067820000,61718.1,61718.1,61667.7,61679.6
1783067880000,61685,61690.5,61677.9,61679.3
1783067940000,61675.2,61687.4,61657.2,61684.5
1783068000000,61657,61685.4,61638,61666.1
1783068060000,61672.1,61701.1,61649.5,61689.6
1783068120000,61689.8,61731.1,61665.1,61728.9
1783068180000,61729.7,61837.8,61708.7,61812.9
1783068240000,61804.3,61816.6,61755.6,61798.4
1783068300000,61788.3,61796.4,61733.2,61768.4
1783068360000,61768.3,61798.2,61731.6,61760.8
1783068420000,61744.2,61744.2,61693.8,61736.5
1783068480000,61711.1,61739.8,61680.5,61714.7
1783068540000,61711,61715.8,61648.1,61678.8
1783068600000,61665.4,61677.8,61634.2,61655.5
1783068660000,61657.5,61676.8,61604.3,61624.4
1783068720000,61624.8,61624.8,61496,61551.7
1783068780000,61555.9,61589.9,61529.4,61546.2
1783068840000,61544.8,61548.5,61514.6,61526.8
1783068900000,61525.8,61549,61515.2,61515.2
1783068960000,61531.3,61537.9,61508,61533.7
1783069020000,61530.7,61531.8,61501.8,61505.4
1783069080000,61532.6,61540.1,61462.1,61462.4
1783069140000,61462.5,61525.3,61462.3,61514.1
1783069200000,61518.8,61521.8,61459.7,61464.8
1783069260000,61452.1,61544.6,61422.7,61499.3
1783069320000,61529.8,61547.6,61498.9,61536.1
1783069380000,61532,61548.7,61478.4,61527.9
1783069440000,61532,61567.8,61481.6,61523.4
1783069500000,61525.7,61575.7,61518.9,61549.3
1783069560000,61549,61574.7,61498,61570.1
1783069620000,61567.3,61589.2,61541.2,61556.4
1783069680000,61558.7,61576.4,61512.6,61574.9
1783069740000,61577.3,61588.4,61539.9,61544.8
1783069800000,61552.8,61552.8,61516.9,61545.7
1783069860000,61546.6,61581.3,61532.8,61579.5
1783069920000,61573.9,61585.7,61542.2,61569.8
1783069980000,61571.6,61593.7,61571.2,61592.4
1783070040000,61596.3,61640.3,61595.7,61633.9
1783070100000,61609.2,61671.3,61609.2,61656.9
1783070160000,61651.9,61669.6,61590.4,61612.7
1783070220000,61610.9,61612.7,61579.4,61593.1
1783070280000,61595.8,61602.3,61558.7,61592
1783070340000,61595.8,61596.5,61556,61591.1
1783070400000,61595.3,61618.9,61574.3,61618.9
1783070460000,61622.7,61652.2,61602.4,61645.7
1783070520000,61634.6,61643.4,61610.6,61631.8
1783070580000,61630.1,61632.5,61605,61632.5
1783070640000,61634.3,61634.3,61605.8,61606.3
1783070700000,61606,61632.9,61585,61632.9
1783070760000,61608.4,61632.9,61585.2,61590.2
1783070820000,61591.4,61611.9,61558,61611.9
1783070880000,61613.4,61621,61560.1,61593.3
1783070940000,61593.4,61619.8,61593.3,61593.5
1783071000000,61614.7,61614.7,61565.6,61587.5
1783071060000,61591.4,61622.8,61568.5,61615.1
1783071120000,61619.9,61621.4,61590.1,61610.2
1783071180000,61610.3,61613.4,61585.3,61612.8
1783071240000,61607.6,61607.6,61524.2,61524.4
1783071300000,61552.4,61573.8,61524.6,61555.4
1783071360000,61556.9,61556.9,61464.3,61470.4
1783071420000,61498.6,61518.8,61470.7,61509.4
1783071480000,61503,61536.6,61484.1,61530.5
1783071540000,61528.7,61528.7,61500.3,61518.4
1783071600000,61519.8,61541.4,61490.8,61537.8
1783071660000,61541.5,61552.1,61535.6,61552.1
1783071720000,61548.9,61556.9,61525.3,61550.6
1783071780000,61524.8,61579.1,61524.8,61579.1
1783071840000,61583.7,61593.9,61583.7,61591
1783071900000,61595.9,61606.3,61571.7,61600.3
1783071960000,61604.2,61670.5,61587.8,61659.4
1783072020000,61641.6,61716.3,61636.6,61688.4
1783072080000,61662,61708.7,61653,61672.3
1783072140000,61670.4,61682.6,61638.2,61679.4
1783072200000,61681.3,61690,61647.4,61683.1
1783072260000,61682.2,61682.2,61619.7,61644.9
1783072320000,61619.9,61657.1,61619.9,61651.5
1783072380000,61648.2,61658.5,61622.6,61658.5
1783072440000,61655,61660.4,61628.7,61652.3
1783072500000,61646.7,61673,61637.7,61663.4
1783072560000,61663.2,61681.2,61661.8,61661.8
1783072620000,61664.2,61666.8,61659.5,61663.9
1783072680000,61660.3,61662.5,61644.5,61650.9
1783072740000,61656,61660.7,61627.5,61649.8
1783072800000,61646.5,61674.6,61608.6,61649.9
1783072860000,61676.2,61703.2,61605.1,61636.6
1783072920000,61641.5,61668.8,61598.1,61624.4
1783072980000,61628.5,61641.6,61611.1,61639.1
1783073040000,61636.6,61665.4,61622.4,61658.7
1783073100000,61664.2,61664.2,61626.7,61659.4
1783073160000,61661.3,61667.2,61628.2,61628.2
1783073220000,61647.8,61647.8,61602.1,61602.1
1783073280000,61620.3,61647,61608.3,61645.5
1783073340000,61637.9,61637.9,61592.1,61602.8
1783073400000,61609.8,61643.3,61596.4,61643.3
1783073460000,61613.8,61642.4,61605.8,61621.8
1783073520000,61606.2,61701.2,61606.2,61689.2
1783073580000,61686.1,61690.8,61657.8,61675.9
1783073640000,61671.8,61671.8,61627.1,61663.1
1783073700000,61668.2,61668.2,61633,61636.3
1783073760000,61631.9,61636.8,61588.1,61588.1
1783073820000,61604.7,61616.4,61586.9,61616.4
1783073880000,61617.7,61628.5,61590,61604.2
1783073940000,61584.8,61619.9,61584.8,61617.2
1783074000000,61613.7,61615.7,61581.4,61614.7
1783074060000,61609.6,61671.8,61602.4,61671.5
1783074120000,61675.5,61688.3,61643.9,61672.5
1783074180000,61677.1,61705.4,61653.5,61678
1783074240000,61671.9,61681.8,61638.6,61662.9
1783074300000,61641.3,61677.3,61640.9,61652.8
1783074360000,61654.1,61680.4,61635,61678.5
1783074420000,61680.6,61685.4,61665.8,61685.2
1783074480000,61682.8,61682.8,61654.4,61677.2
1783074540000,61678.8,61694.4,61654.4,61680.2
1783074600000,61677,61681.1,61641,61663.2
1783074660000,61667,61675.5,61642,61659
1783074720000,61662.9,61684.3,61649.5,61682.3
1783074780000,61686.5,61728.6,61661.6,61689.5
1783074840000,61712.3,61712.3,61665.1,61689.5
1783074900000,61689.3,61719.4,61674.4,61696.4
1783074960000,61720.7,61720.7,61681.8,61709.5
1783075020000,61713.6,61757.3,61690,61756.6
1783075080000,61760.7,61798.5,61744.1,61798.5
1783075140000,61801.9,61801.9,61755.1,61763.1
1783075200000,61757.8,61784.1,61738.9,61784.1
1783075260000,61783.6,61783.6,61724.9,61756.6
1783075320000,61756.2,61761.9,61726.5,61749.5
1783075380000,61755.1,61884.2,61735.5,61859.9
1783075440000,61864.4,61977.8,61855.5,61921.9
1783075500000,61930.8,61964.7,61793.1,61822.1
1783075560000,61853.3,61883,61812.7,61845.8
1783075620000,61845.1,61895,61830.6,61881.4
1783075680000,61881.6,61896.7,61857.3,61881.6
1783075740000,61880.2,61907.3,61854.4,61907.3
1783075800000,61903.7,61913.2,61859.6,61862.9
1783075860000,61878,61911.2,61849.4,61911.2
1783075920000,61915.1,61930.9,61875.2,61911.6
1783075980000,61912.8,61927.2,61874.5,61901.8
1783076040000,61903,61915.6,61874.8,61879.3
1783076100000,61904.9,61904.9,61842.9,61866
1783076160000,61872.4,61893.5,61850.1,61892.7
1783076220000,61888.8,61894.2,61850,61866.3
1783076280000,61865.2,61875.1,61838.3,61873.1
1783076340000,61877.1,61882.6,61824.1,61851.8
1783076400000,61856,61856.8,61750.7,61789.3
1783076460000,61816.5,61826.4,61779.1,61811.4
1783076520000,61814.7,61862.9,61802,61862.9
1783076580000,61864.4,61878.9,61848.6,61856.9
1783076640000,61851.5,61915.8,61825.7,61894.9
1783076700000,61899.3,61940.4,61874.8,61891.6
1783076760000,61920.3,61946.1,61909.3,61928.5
1783076820000,61930.6,61945.8,61897.3,61897.3
1783076880000,61922.6,61929.3,61876.1,61918.9
1783076940000,61921.7,61949.3,61900.6,61949.3
1783077000000,61960.6,62001.3,61897.3,61897.4
1783077060000,61897.5,61937.5,61856.3,61895.4
1783077120000,61890.8,61926.9,61851,61926.9
1783077180000,61927.7,61962,61900.5,61962
1783077240000,61965.8,61968.6,61915,61956.9
1783077300000,61958.2,62001.2,61936.4,61968.8
1783077360000,61964.5,61966.8,61912.3,61936.4
1783077420000,61937.3,61980.4,61891.1,61911.8
1783077480000,61916.7,61922.8,61890.9,61912.7
1783077540000,61908.7,61912.2,61866.3,61889
1783077600000,61899.8,61929,61868.7,61928.8
1783077660000,61928.1,61983.3,61896.9,61968.1
1783077720000,61971.2,62002.8,61945.1,62002.8
1783077780000,61998.1,62008,61952.9,61954.9
1783077840000,61956.4,61991.2,61956.4,61991
1783077900000,61965.2,61989.4,61896.4,61905.9
1783077960000,61922.9,61924.8,61861.2,61871.9
1783078020000,61869.7,61913.1,61849.1,61883.2
1783078080000,61913.4,61941.7,61882.7,61924.4
1783078140000,61897.3,61941,61879.4,61891.6
1783078200000,61919.5,61932.4,61871.6,61888
1783078260000,61886.3,61912.6,61872.5,61899.4
1783078320000,61904.4,61928.7,61893.4,61928.7
1783078380000,61934.2,61962.8,61920.6,61947.8
1783078440000,61943.5,61943.8,61890.9,61911.8
1783078500000,61907.6,61910.8,61869.4,61883.4
1783078560000,61877.4,61878.1,61832.2,61870.8
1783078620000,61858.4,61863.8,61826.7,61848.8
1783078680000,61856,61867.3,61834.5,61853.1
1783078740000,61850.9,61852.8,61811.7,61829
1783078800000,61828.1,61828.3,61792.7,61811
1783078860000,61820.5,61829.7,61797.9,61829.3
1783078920000,61825.8,61825.8,61798.8,61815.8
1783078980000,61817.6,61824.3,61791.2,61823.6
1783079040000,61824,61827.3,61790.8,61826.4
1783079100000,61829.5,61853.9,61815.9,61843.3
1783079160000,61844.3,61875.8,61807.9,61871.9
1783079220000,61872,61912.5,61871.8,61902
1783079280000,61907.8,61977.4,61884.8,61965.2
1783079340000,61967.4,61973.3,61926.3,61969.4
1783079400000,61964.5,61996.2,61951.9,61988
1783079460000,61993.5,62035.7,61942,61965.8
1783079520000,61961.8,61961.8,61910.7,61910.7
1783079580000,61933.8,61936.4,61932.8,61932.8
1783079640000,61917.2,61959.9,61917.2,61935.6
1783079700000,61964.3,61970,61923.5,61933.9
1783079760000,61935.8,61969.3,61928.6,61960.8
1783079820000,61957.8,61957.8,61945.4,61948.8
1783079880000,61922.9,61958.2,61919.3,61945.1
1783079940000,61949,61976.2,61926.8,61960.8
1783080000000,61954.2,61986.9,61923.2,61973.7
1783080060000,61978.2,62082.4,61968.1,62075.9
1783080120000,62068.8,62082.8,62002.8,62066.3
1783080180000,62068.2,62072.6,62029.5,62072
1783080240000,62073,62086.2,62043.1,62071.8
1783080300000,62076.4,62081.9,62000.8,62039.4
1783080360000,62034,62082.2,62028.6,62062.8
1783080420000,62063.1,62105.6,62032.2,62066.7
1783080480000,62074.8,62074.8,62001.2,62030.8
1783080540000,62024.8,62076.2,62000.2,62026.2
1783080600000,62007.8,62095.3,62007.8,62095.3
1783080660000,62095.7,62098.9,62060.1,62089.9
1783080720000,62088.4,62091.3,62020.2,62041.6
1783080780000,62016.3,62091.3,61995.5,62035.5
1783080840000,62046.2,62085.2,62003.6,62084.7
1783080900000,62076.3,62086.5,61967.6,62063.9
1783080960000,62053.4,62086.4,61984.6,62002.9
1783081020000,62006.6,62027.8,61953.3,61984.4
1783081080000,61979.4,61996.8,61882,61914.8
1783081140000,61912.7,61946.2,61861.5,61897.9
1783081200000,61900,61918.4,61868,61904
1783081260000,61900.1,61905.7,61867.6,61905.2
1783081320000,61913.6,61918.8,61912.3,61913.4
1783081380000,61918,61939.2,61884.6,61916.1
1783081440000,61924.8,61924.8,61870.9,61911.1
1783081500000,61905.7,61911.4,61882.2,61904.1
1783081560000,61899.5,61902.7,61848,61864.9
1783081620000,61869,61893.4,61844.6,61889.8
1783081680000,61890.1,61894.5,61825.8,61846.2
1783081740000,61850.9,61891.1,61835.1,61890.9
1783081800000,61892.4,61892.4,61838.3,61880.5
1783081860000,61886.3,61892.3,61862.9,61883.9
1783081920000,61887.8,61903.4,61864,61866.8
1783081980000,61859.4,61868.1,61837.3,61864.4
1783082040000,61839.9,61885.9,61839.9,61883.6
1783082100000,61857.6,61880,61818,61848.9
1783082160000,61852.4,61852.4,61818.1,61838
1783082220000,61837.3,61837.3,61779.1,61818.8
1783082280000,61826.5,61854.9,61795.8,61854.9
1783082340000,61851,61851,61801.6,61834.5
1783082400000,61838.6,61872.9,61829.2,61872.6
1783082460000,61871.6,61882.3,61849.4,61865.1
1783082520000,61876.6,61907.5,61867.5,61885.3
1783082580000,61892.8,61892.8,61845.2,61845.5
1783082640000,61852.6,61861.3,61847.9,61861.3
1783082700000,61864.8,61891.7,61859.7,61881.3
1783082760000,61883.7,61906.4,61866.6,61902.2
1783082820000,61904.5,61910,61875.9,61904.4
1783082880000,61895.2,61901.4,61855.5,61855.5
1783082940000,61879.1,61888.8,61857.5,61875.6
1783083000000,61874.1,61925.8,61853.8,61925.8
1783083060000,61926.6,61940.2,61885.2,61905.8
1783083120000,61903.4,61903.4,61862.5,61892.3
1783083180000,61870.1,61921.6,61870.1,61913.2
1783083240000,61915.8,61923.5,61886.3,61907.6
1783083300000,61903.2,61913.4,61883.6,61902
1783083360000,61900.7,61906.8,61864.2,61865.1
1783083420000,61864,61910.3,61864,61904.5
1783083480000,61898.7,61911.3,61869.4,61911.3
1783083540000,61912,61915.2,61912,61914.2
1783083600000,61892.4,61953,61888.7,61931.8
1783083660000,61931.5,61975.1,61914,61947.8
1783083720000,61952.5,61962.5,61911.9,61939.5
1783083780000,61915.9,61948.1,61910,61937.4
1783083840000,61940.2,61959,61913.3,61913.3
1783083900000,61939.1,61945.6,61853.7,61890.4
1783083960000,61885.7,61921.3,61856.7,61921.3
1783084020000,61923,61940.5,61894.2,61915.5
1783084080000,61938.8,61958.9,61924.8,61953.4
1783084140000,61951.2,61953.4,61887.7,61911.5
1783084200000,61935.3,61963.9,61915.3,61954.3
1783084260000,61934.8,61964,61928.4,61953.4
1783084320000,61928.5,61992.3,61928.5,61959.6
1783084380000,61987.5,62005.7,61963.3,61987.9
1783084440000,61988.4,61995.9,61972.7,61988.3
1783084500000,61991,62007.1,61963.2,61997.9
1783084560000,61999.9,62019.6,61998.6,62016.3
1783084620000,61992,62036.2,61975.9,62002.8
1783084680000,61992.6,62002.4,61959,61974.8
1783084740000,61973.7,61974.4,61933.1,61933.1
1783084800000,61949.8,61990.8,61933.6,61967.1
1783084860000,61960.6,62010.6,61943.9,62005.7
1783084920000,62009.3,62014.8,61951.4,61951.4
1783084980000,61974,61978.1,61945.8,61972
1783085040000,61946.8,61976.3,61945.5,61974.6
1783085100000,61973.6,61978.2,61915.6,61951.5
1783085160000,61953.3,61990.3,61951.7,61985.8
1783085220000,61985.4,62023.3,61958.4,62018.8
1783085280000,62023.1,62057.8,61990.5,62046.2
1783085340000,62026.4,62047.8,62007.1,62030.7
1783085400000,62029.5,62044,61962.5,61991.6
1783085460000,61995.2,62006.9,61971.8,61987
1783085520000,61990.4,62022.2,61975.6,62022.2
1783085580000,62024.1,62033.9,61975.6,62003.5
1783085640000,62006.8,62006.8,61967.8,61967.8
1783085700000,61995.1,62002.8,61968.9,61981.9
1783085760000,61959.7,61991.5,61938.5,61984.7
1783085820000,61980.9,61983,61965.2,61982.2
1783085880000,61982,61985.8,61941.4,61961.5
1783085940000,61961.9,61980.8,61934.5,61976.2
1783086000000,61975.7,61990.2,61953.4,61987.7
1783086060000,61990.7,62078.3,61964.1,62074.8
1783086120000,62067.3,62093.4,62024.2,62077.2
1783086180000,62073.9,62126.6,62044.4,62095.7
1783086240000,62097.2,62104.6,62065.5,62088.8
1783086300000,62091.4,62101.6,62051.7,62078.1
1783086360000,62078.6,62078.6,62037.8,62055.5
1783086420000,62055.6,62093.8,62018.6,62069.4
1783086480000,62072.2,62103.7,62016.9,62023
1783086540000,62034.8,62034.8,61975.7,62011.3
1783086600000,62007.7,62035.1,61990.2,62025.5
1783086660000,62026.9,62064.8,62005.8,62060.6
1783086720000,62066.5,62096.4,62034.1,62094.5
1783086780000,62099.1,62212,62082.1,62137.5
1783086840000,62135,62135,62023.7,62073.7
1783086900000,62073.6,62096.3,62019.1,62096.3
1783086960000,62091.2,62091.2,62024.8,62045
1783087020000,62042.5,62064.3,62024.6,62064.3
1783087080000,62065.8,62079.9,62006.6,62029.6
1783087140000,62036.3,62066,62011.5,62048.2
1783087200000,62042.7,62042.7,61872.1,61875
1783087260000,61875.4,61912.9,61858.7,61887.8
1783087320000,61894.2,61914.8,61868.3,61892.7
1783087380000,61895.5,61911.1,61871.7,61897.3
1783087440000,61892.8,61956.4,61875.1,61945.9
1783087500000,61949.3,61951.7,61884.7,61935.2
1783087560000,61929.4,61938.4,61896,61928.8
1783087620000,61933.4,61941.6,61901.7,61935.2
1783087680000,61939.3,61961.9,61913.2,61927.1
1783087740000,61926.8,61948.6,61892.1,61933.5
1783087800000,61937.5,61939.3,61864.4,61864.4
1783087860000,61886.7,61902,61853.8,61888.5
1783087920000,61884.4,61885.5,61811.5,61827.7
1783087980000,61832,61832,61622.1,61685.6
1783088040000,61680.6,61706.2,61625.3,61683.8
1783088100000,61682.6,61788.7,61652.5,61756.6
1783088160000,61756,61788.2,61729.5,61763.3
1783088220000,61761.6,61815.5,61744.4,61786.9
1783088280000,61807.7,61807.7,61752.7,61759.8
1783088340000,61760.6,61776.9,61705.3,61719.7
1783088400000,61745.3,61770.6,61705.5,61755.4
1783088460000,61730.9,61764.4,61670.9,61735.1
1783088520000,61732.3,61755.9,61700.7,61750
1783088580000,61752.8,61846.3,61738.6,61828.4
1783088640000,61829.9,61837.5,61778.2,61779.5
1783088700000,61802.6,61836.7,61790.9,61830.2
1783088760000,61831.5,61833,61805.1,61817.8
1783088820000,61819.5,61836,61787.7,61806.8
1783088880000,61799.1,61847.8,61788.8,61843.8
1783088940000,61841,61874.7,61819.9,61861.9
1783089000000,61861.2,61880.8,61806.4,61815.8
1783089060000,61837.9,61894.8,61811.4,61882.3
1783089120000,61878.3,61888,61855.4,61872.8
1783089180000,61872.2,61894.2,61828.9,61844.7
1783089240000,61841.7,61846.6,61763.5,61807.9
1783089300000,61786.8,61821.2,61783.5,61811.2
1783089360000,61818.6,61850.9,61795.7,61846.3
1783089420000,61844.8,61876.1,61823.3,61850.4
1783089480000,61850.2,61879.6,61811.1,61835.6
1783089540000,61834.3,61845.1,61813.6,61833.5
1783089600000,61828.7,61928.6,61816.1,61927.1
1783089660000,61930.4,62007.3,61904.3,61970.2
1783089720000,61992.8,61992.8,61938.3,61950
1783089780000,61968.9,61968.9,61931.9,61965
1783089840000,61967.6,62001.7,61956,62001.7
1783089900000,61996.6,62051.1,61963.9,62024.8
1783089960000,62025,62028.6,61977.3,61990.7
1783090020000,61989.2,62015.9,61958.9,61992.9
1783090080000,62017.1,62027.9,61975.4,62004.9
1783090140000,62000.9,62029.3,61975.5,62026.7
1783090200000,62023.4,62041.9,61999.2,62040.4
1783090260000,62015.5,62058.9,62015.4,62056.1
1783090320000,62056.8,62074.4,62033.5,62073.8
1783090380000,62075.2,62103.1,62036.6,62047.8
1783090440000,62058.7,62214.5,62048.8,62197.8
1783090500000,62200.9,62200.9,62132.5,62151.1
1783090560000,62152.6,62166.2,62124.1,62143
1783090620000,62141.2,62147.8,62106.9,62145
1783090680000,62146.5,62154,62098.1,62098.1
1783090740000,62119.8,62122,62076.9,62109.6
1783090800000,62112.2,62139.7,62085.3,62138.8
1783090860000,62143.7,62176,62109.4,62141.4
1783090920000,62137.1,62168.3,62115.2,62128
1783090980000,62135.4,62142,62103.1,62105.2
1783091040000,62133.1,62151.7,62104,62116.5
1783091100000,62124.9,62140.1,62101.6,62140.1
1783091160000,62140.5,62290.1,62120.5,62264.7
1783091220000,62239.8,62296.9,62220.3,62266.4
1783091280000,62269.5,62344.3,62232.4,62263.4
1783091340000,62259,62288.3,62233.6,62271.4
1783091400000,62273.2,62284.8,62221.5,62282.6
1783091460000,62283.2,62283.2,62223.2,62281.3
1783091520000,62257.3,62282.8,62199.4,62215.7
1783091580000,62221.8,62231.2,62140.8,62167.5
1783091640000,62164.3,62185.8,62104.1,62128.8
1783091700000,62124,62158.3,62023.8,62057.8
1783091760000,62058.3,62071.5,61979.5,62038.2
1783091820000,62036.9,62076.1,62005.8,62035.8
1783091880000,62042.3,62078.3,62033.9,62075.4
1783091940000,62052.4,62100.7,62052.4,62097.7
1783092000000,62091.2,62101.8,62034.8,62062.1
1783092060000,62057.1,62057.1,61962.7,61993.9
1783092120000,61988.2,62015.6,61957.8,61972.1
1783092180000,61971.8,62002.8,61926.9,61939.9
1783092240000,61951.6,61980.8,61921.4,61972.2
1783092300000,61973.7,61983.6,61913.7,61945.7
1783092360000,61948.8,61968.9,61910.8,61953.7
1783092420000,61935.7,61961,61919.3,61951.4
1783092480000,61949.9,61961.8,61923.4,61949
1783092540000,61922.4,61956.5,61922.4,61948.2
1783092600000,61923.2,61969.3,61915.9,61942.7
1783092660000,61942.2,62044.5,61924.5,62044.5
1783092720000,62039.6,62051.4,61981,62016.8
1783092780000,62015.3,62021,61969.5,61997.8
1783092840000,61997.9,61998.8,61940.9,61964.1
1783092900000,61965.6,61975.2,61925.8,61959.3
1783092960000,61960.8,61997.5,61941.6,61958.4
1783093020000,61973.8,61992.5,61957.2,61978.1
1783093080000,61972.9,61972.9,61890.6,61920.3
1783093140000,61897.6,61954.3,61891.6,61912.8
1783093200000,61907.8,61914,61853.8,61875.5
1783093260000,61875.7,61899.2,61801.1,61801.1
1783093320000,61832.8,61832.8,61766.3,61787.4
1783093380000,61792.4,61832.8,61740.1,61765.8
1783093440000,61768.8,61838.8,61745.3,61783.1
1783093500000,61786.9,61840.8,61766.6,61836.1
1783093560000,61838.8,61857,61771.9,61771.9
1783093620000,61795.9,61815.2,61764.7,61799.4
1783093680000,61799.6,61801.3,61755.3,61755.3
1783093740000,61783.3,61795,61759.6,61792.2
1783093800000,61793.2,61820.3,61744.7,61815.8
1783093860000,61785.9,61832.4,61785.1,61805.5
1783093920000,61828.1,61860.3,61806.3,61859.3
1783093980000,61860.3,61890,61835.4,61887.5
1783094040000,61882.3,61915.1,61859.4,61902.7
1783094100000,61901.2,61902.9,61840.9,61863.2
1783094160000,61866.9,61881.9,61846.3,61870.3
1783094220000,61873.1,61874.8,61849.1,61866.4
1783094280000,61864.8,61872.8,61833,61844.6
1783094340000,61871.3,61873.7,61840.1,61867.9
1783094400000,61873.4,61905.8,61839.1,61898.9
1783094460000,61897.4,61897.4,61845.4,61867.9
1783094520000,61861.7,61886.9,61846.1,61875.4
1783094580000,61876.9,61908.7,61858,61904.8
1783094640000,61907.8,61907.8,61881.7,61905.8
1783094700000,61882.7,61937.3,61882.7,61900.8
1783094760000,61912.8,61912.8,61865.9,61897
1783094820000,61900.2,61918.6,61872.7,61910.2
1783094880000,61906.3,61928,61875.9,61909.2
1783094940000,61905.4,61920.3,61878.4,61910.1
1783095000000,61912.3,61936.7,61886.4,61934.4
1783095060000,61936.7,61936.7,61909.3,61909.7
1783095120000,61932.7,61934,61897.7,61912.7
1783095180000,61896.2,61904.7,61838.9,61882.4
1783095240000,61883.1,61890.3,61862.3,61875.2
1783095300000,61877.7,61917.2,61852,61913.4
1783095360000,61917.2,61928.8,61902.2,61918.3
1783095420000,61925.9,61928.8,61881.2,61909.8
1783095480000,61910.1,61926.4,61883.1,61921.8
1783095540000,61926.4,61926.4,61901.5,61917.3
1783095600000,61922.8,61935.6,61910.9,61932.3
1783095660000,61933.5,61935.9,61910.4,61935.1
1783095720000,61930.9,62038.4,61910.6,62007.1
1783095780000,62001.5,62043.7,61983.5,62032.2
1783095840000,62031.9,62056.4,62013.4,62038.1
1783095900000,62039.6,62052.3,62010.8,62019.5
1783095960000,62019.1,62019.1,61956.1,61973.1
1783096020000,61984.4,62004,61957.4,61968.5
1783096080000,61968.7,62023.5,61968.7,62022.6
1783096140000,62018.5,62029,61993.3,62015.1
1783096200000,62020.2,62075.2,61999,62017.8
1783096260000,62011.1,62039,61978.5,61978.5
1783096320000,61976.1,61988.5,61942.3,61983.8
1783096380000,61988.3,61988.3,61926.3,61935.8
1783096440000,61944.5,61985.8,61927.5,61985.8
1783096500000,61987.3,62039.5,61968,62008.6
1783096560000,62010.9,62021.7,61991.1,61991.1
1783096620000,62006.3,62008.8,61970.6,61984.9
1783096680000,61988.9,61994.1,61969.2,61990
1783096740000,61973.5,62015.7,61968.8,61994.4
1783096800000,61990,61992,61966.6,61967.4
1783096860000,61994.7,62002.2,61967.2,62002.2
1783096920000,61998.1,62016.7,61992.3,62011.7
1783096980000,62013.2,62019.1,61984.8,62000.6
1783097040000,62003.9,62025.7,61980.8,61998.5
1783097100000,62002.6,62005.8,61968.8,61976.7
1783097160000,61977.6,61992.3,61955.7,61990.2
1783097220000,61993.8,61997.1,61964.1,61978.3
1783097280000,61992.6,62008.2,61968.3,61987.7
1783097340000,61986.6,61986.6,61975.6,61982.7
1783097400000,61978.3,61979.5,61943,61971.7
1783097460000,61972.3,62003.8,61943.6,61988
1783097520000,61990,62014.5,61963,62011.7
1783097580000,62006.7,62039.8,61988.6,62031
1783097640000,62033.4,62033.4,62013.7,62015.4
1783097700000,62017.4,62038.5,61983.9,62036.8
1783097760000,62011.5,62074.7,62011.4,62073.3
1783097820000,62073,62073,62033.7,62062.8
1783097880000,62059.6,62064,62021.6,62050.3
1783097940000,62051.4,62062.2,62033.8,62056.1
1783098000000,62052.6,62081.6,62007.5,62048.1
1783098060000,62048.2,62117.5,62048.1,62106.8
1783098120000,62102.5,62102.5,62049.5,62085.3
1783098180000,62081.5,62085.1,62042.9,62049.4
1783098240000,62049.3,62119.8,62049.3,62087.8
1783098300000,62106.3,62163.4,62072.4,62137.5
1783098360000,62163.4,62183.6,62128.9,62183.6
1783098420000,62175.9,62234.2,62130.6,62208.4
1783098480000,62205.5,62213.2,62176.5,62202.6
1783098540000,62203.1,62233.3,62179.4,62218
1783098600000,62196.3,62235.5,62175.3,62175.3
1783098660000,62192.3,62195.9,62141.6,62170.4
1783098720000,62156.4,62187.4,62141.8,62179.4
1783098780000,62174.5,62187.7,62154.3,62154.4
1783098840000,62154.1,62183.3,62119.6,62137.9
1783098900000,62143.4,62164.1,62119.7,62162.6
1783098960000,62161.5,62162.6,62138.3,62143.5
1783099020000,62142,62160.8,62113.1,62137.1
1783099080000,62137.2,62159.6,62124.5,62154.3
1783099140000,62149.9,62163.1,62125.6,62162.8
1783099200000,62164.3,62194.2,62132.5,62175.8
1783099260000,62182.9,62189.2,62147.9,62156.3
1783099320000,62152.9,62162.1,62127.1,62128
1783099380000,62162.1,62171.7,62126.1,62137.5
1783099440000,62132.5,62137.5,62082,62090.5
1783099500000,62087.4,62089.2,62044.9,62076.2
1783099560000,62077.7,62135.4,62048.4,62135
1783099620000,62107.1,62141.8,62107.1,62134
1783099680000,62137.4,62138.1,62131.4,62138.1
1783099740000,62141,62142.7,62108,62132
1783099800000,62128,62132.5,62087.9,62132.5
1783099860000,62099.8,62142.9,62099.4,62138.6
1783099920000,62137.5,62140.1,62106.3,62120.2
1783099980000,62121.7,62126.4,62116.4,62125.8
1783100040000,62126.2,62142.9,62102.1,62113.8
1783100100000,62113.9,62189.9,62113.9,62176.6
1783100160000,62174.8,62188.8,62149.8,62163.6
1783100220000,62164.8,62197,62160.3,62163.9
1783100280000,62188.4,62188.7,62160,62176.5
1783100340000,62176.7,62178.4,62153.7,62169.8
1783100400000,62165.3,62177.9,62125.3,62146.5
1783100460000,62146.3,62193.8,62146.1,62191.6
1783100520000,62160.9,62221.4,62160.9,62177.5
1783100580000,62199.4,62199.4,62164.5,62186.9
1783100640000,62164,62185.1,62160.8,62168.3
1783100700000,62170.4,62190.9,62151.2,62188
1783100760000,62187.8,62196.7,62163,62185.7
1783100820000,62180.7,62180.7,62135.2,62163.6
1783100880000,62159.4,62165,62120.2,62148.3
1783100940000,62149.8,62157.3,62120.1,62149.7
1783101000000,62126.4,62149.1,62093,62126.1
1783101060000,62125.6,62154.6,62108.3,62120.3
1783101120000,62153.3,62155.5,62119.9,62127.7
1783101180000,62127.6,62161.3,62127.6,62150.3
1783101240000,62149.3,62149.3,62115.5,62143.7
1783101300000,62139.9,62147.8,62122.8,62122.9
1783101360000,62151.7,62161.8,62124,62129.5
1783101420000,62129.6,62166.6,62129.4,62149.7
1783101480000,62143.7,62149.7,62118,62129.6
1783101540000,62124.9,62145.3,62094.5,62114.1
1783101600000,62146.3,62156.3,62105.4,62123.4
1783101660000,62125.2,62133.4,62097.6,62098
1783101720000,62097.9,62132.1,62090.1,62120.9
1783101780000,62121.1,62128.3,62089.7,62114.2
1783101840000,62116.1,62116.6,62072.9,62105.3
1783101900000,62106.8,62106.8,62078,62093.6
1783101960000,62092.4,62092.4,62048.1,62048.2
1783102020000,62071.8,62089.1,62048.4,62084.4
1783102080000,62087.5,62087.5,62055.8,62060.6
1783102140000,62076.6,62086.4,62045.9,62054.7
1783102200000,62084.5,62105.6,62054.2,62079.6
1783102260000,62106.8,62119.4,62079.4,62092.2
1783102320000,62092,62119.6,62091.7,62108.2
1783102380000,62109.1,62111.4,62086.7,62111.4
1783102440000,62110.5,62111.4,62106.3,62107.8
1783102500000,62089.9,62135.4,62089.9,62131.7
1783102560000,62133.2,62150.5,62076.9,62102.4
1783102620000,62101,62121.3,62077.5,62112.5
1783102680000,62106.3,62111.6,62072.1,62101.6
1783102740000,62108.3,62109.5,62082.5,62103.5
1783102800000,62105,62112.8,62098.3,62100.2
1783102860000,62099.6,62103.7,62081.6,62084.9
1783102920000,62083.5,62114.4,62072.7,62105.6
1783102980000,62100.1,62101.1,62065.3,62065.9
1783103040000,62098.1,62103.7,62073.1,62103.7
1783103100000,62071.9,62107.7,62071.9,62074.2
1783103160000,62105.2,62108.6,62062.8,62098.3
1783103220000,62098.2,62108.3,62073.5,62074.4
1783103280000,62074.3,62115.7,62074.3,62085.2
1783103340000,62085.4,62125.9,62085.4,62093.1
1783103400000,62093,62150,62093,62136.5
1783103460000,62135.4,62142.9,62114.3,62131.1
1783103520000,62129.7,62151.4,62106.4,62124.5
1783103580000,62150.8,62151.3,62107.2,62129.2
1783103640000,62135.3,62170.5,62108.4,62146.8
1783103700000,62151.2,62157.8,62117.4,62122.1
1783103760000,62122,62172.8,62121.7,62144.3
1783103820000,62172.9,62179.1,62127.9,62157.4
1783103880000,62147.7,62177.7,62126.6,62174.1
1783103940000,62178.2,62178.2,62139.5,62158
1783104000000,62160.1,62177.9,62134.3,62153.3
1783104060000,62176.5,62189.5,62146.1,62186.9
1783104120000,62185,62185,62141.5,62164.7
1783104180000,62159,62168,62139.7,62139.8
1783104240000,62168.6,62172.8,62162.8,62172.8
1783104300000,62140.1,62179.9,62140,62158.4
1783104360000,62163.2,62175.9,62136.5,62146.1
1783104420000,62175.7,62175.7,62128.7,62148.3
1783104480000,62123.5,62162.2,62117.6,62143.3
1783104540000,62143.4,62158.5,62129.4,62129.4
1783104600000,62155.1,62160.9,62129.9,62159.8
1783104660000,62162.1,62162.1,62130.8,62130.8
1783104720000,62153.5,62174.8,62133.8,62172.1
1783104780000,62173.5,62173.5,62133.2,62157.7
1783104840000,62159.8,62159.8,62132.5,62155.9
1783104900000,62151.3,62172.4,62132.6,62157.6
1783104960000,62155.9,62199.1,62136.7,62184.9
1783105020000,62185.4,62185.4,62161.2,62177.5
1783105080000,62182.2,62187.1,62145,62165.2
1783105140000,62165.9,62165.9,62131.8,62152.2
1783105200000,62151.7,62159.1,62151.7,62159.1
1783105260000,62158.2,62160.1,62126.7,62151.2
1783105320000,62128.3,62163.1,62128.3,62163.1
1783105380000,62160.8,62204.7,62149,62180.1
1783105440000,62173.4,62195.3,62145.2,62151.7
1783105500000,62127,62153.8,62089.7,62111.8
1783105560000,62112.2,62135.8,62091.3,62135.8
1783105620000,62134.6,62135.6,62082.3,62116.4
1783105680000,62120.9,62126.9,62087.3,62111.3
1783105740000,62112.4,62134.7,62092.8,62134.7
1783105800000,62136.5,62144.2,62100.2,62110.5
1783105860000,62112.8,62116.6,62090.2,62116.5
1783105920000,62112.8,62127.9,62084.4,62123.7
1783105980000,62126.5,62165.4,62099.7,62158.1
1783106040000,62138.1,62155.4,62130.1,62130.1
1783106100000,62132.7,62223.9,62112.2,62205.1
1783106160000,62233.9,62244.7,62196.5,62213.3
1783106220000,62210.3,62230.6,62182.2,62215
1783106280000,62222.4,62227,62187.6,62210.3
1783106340000,62210.6,62217.1,62187.3,62187.3
1783106400000,62187.6,62210.1,62169.1,62184.4
1783106460000,62184.7,62217.2,62164.9,62191.9
1783106520000,62166.9,62203.9,62166.9,62174.9
1783106580000,62193.1,62193.1,62167.6,62178.7
1783106640000,62188.7,62201.5,62135.1,62164.7
1783106700000,62166.5,62166.5,62123.3,62144.5
1783106760000,62144.7,62160.3,62113.2,62158.1
1783106820000,62160.5,62178.2,62139.9,62177.1
1783106880000,62175.9,62182.1,62155.6,62172
1783106940000,62167.9,62170.1,62146.3,62167.5
1783107000000,62169,62180.6,62133.4,62138.6
1783107060000,62134.6,62134.6,62102.8,62113.2
1783107120000,62115.7,62131.2,62094.4,62128.9
1783107180000,62134.6,62200.8,62099.9,62200.8
1783107240000,62196.7,62196.7,62139.2,62160.1
1783107300000,62160.6,62160.6,62123.5,62146.7
1783107360000,62143.5,62148.8,62117.1,62137
1783107420000,62115.9,62169.1,62115.9,62143.3
1783107480000,62164.1,62260.4,62152.8,62192.9
1783107540000,62222.8,62240.2,62188.5,62188.5
1783107600000,62213.5,62219.3,62184.6,62216.2
1783107660000,62211.7,62221.2,62177.9,62221.2
1783107720000,62185.1,62220,62170.7,62202.8
1783107780000,62204.8,62217.8,62182.7,62192.3
1783107840000,62193,62193,62157.4,62176.9
1783107900000,62166.5,62168.4,62129.8,62167.1
1783107960000,62163.4,62163.4,62154.1,62157.8
1783108020000,62158.9,62159.7,62132,62145.9
1783108080000,62144.1,62180.5,62132.6,62150.9
1783108140000,62183.7,62196.8,62150.8,62188.4
1783108200000,62189.5,62202,62166.1,62187.6
1783108260000,62169.8,62207.5,62162.4,62204.2
1783108320000,62204.9,62205.6,62173.7,62197.3
1783108380000,62193.8,62200,62160.6,62188.7
1783108440000,62191.1,62192.7,62158.7,62176
1783108500000,62160.2,62176.8,62160.2,62170.7
1783108560000,62175.8,62177.2,62137.5,62160
1783108620000,62163.8,62187.2,62142.8,62161.1
1783108680000,62162.2,62162.2,62126.1,62140
1783108740000,62140.2,62175.2,62126.6,62154.2
1783108800000,62158.8,62172,62126.6,62157
1783108860000,62154.1,62157,62120.6,62143.8
1783108920000,62142.6,62143.8,62116.6,62116.6
1783108980000,62141,62147.1,62114.9,62141
1783109040000,62137,62161,62122.4,62161
1783109100000,62157.8,62166.1,62121.1,62166.1
1783109160000,62167.4,62434.9,62133.6,62410.1
1783109220000,62385.4,62440.9,62368.4,62400.4
1783109280000,62399.3,62399.3,62324.2,62368.5
1783109340000,62368.7,62368.7,62304.2,62351.7
1783109400000,62350.9,62368.1,62326.6,62368.1
1783109460000,62367.7,62367.7,62306.5,62336
1783109520000,62306.2,62335.9,62306.2,62325.4
1783109580000,62326,62338.7,62323.3,62328.2
1783109640000,62334.1,62391.3,62303.1,62382.5
1783109700000,62387.5,62398.4,62355.6,62362
1783109760000,62366.4,62383.7,62313.8,62380.5
1783109820000,62382.7,62383.8,62353.3,62375.9
1783109880000,62373.8,62424.2,62342.4,62412.4
1783109940000,62413,62569.1,62387.1,62554.4
1783110000000,62550.3,62596.1,62514.9,62588.4
1783110060000,62587.2,62587.2,62515,62528.8
1783110120000,62527,62590.1,62511.4,62577.5
1783110180000,62577.7,62577.7,62481.8,62496.9
1783110240000,62494.6,62570.5,62453,62537.7
1783110300000,62559.7,62605,62543.4,62577.5
1783110360000,62580.3,62627.4,62552.7,62604.6
1783110420000,62604.2,62621.4,62552.6,62577.3
1783110480000,62572.9,62581.4,62535.6,62548.2
1783110540000,62544.6,62571.5,62530.5,62557.9
1783110600000,62562.1,62570.2,62540.9,62555.8
1783110660000,62558.9,62572.7,62531,62567
1783110720000,62565.6,62620.4,62551.8,62588.8
1783110780000,62590.3,62597.4,62526.8,62543.7
1783110840000,62542.8,62630.3,62521.8,62603.5
1783110900000,62631.8,62677.8,62582.6,62658.9
1783110960000,62633.9,62848.3,62633.9,62750.5
1783111020000,62715.4,62759.5,62649.5,62678.4
1783111080000,62674.7,62682.4,62643.3,62667.2
1783111140000,62663.4,62663.4,62606.8,62619.3
1783111200000,62601.2,62624.3,62542.6,62568.1
1783111260000,62570,62592.4,62559.1,62589.7
1783111320000,62591.4,62637.3,62561.1,62611.9
1783111380000,62637.5,62673.2,62614.7,62637.7
1783111440000,62658.8,62662,62623.1,62647
1783111500000,62644,62760.1,62600.5,62744.8
1783111560000,62739.3,62739.3,62645.5,62680.3
1783111620000,62684.4,62721.8,62657.8,62697.4
1783111680000,62720.6,62778.4,62706,62764.4
1783111740000,62761.3,62803,62736,62750.9
1783111800000,62745.5,62755.7,62695,62716
1783111860000,62718.4,62748.6,62695.5,62738.7
1783111920000,62741.9,62755.1,62711.1,62743.9
1783111980000,62720.1,62758.7,62715.4,62752
1783112040000,62756,62774,62727.6,62727.6
1783112100000,62743.7,62743.7,62692,62742.2
1783112160000,62744.3,62744.3,62673.5,62680.1
1783112220000,62689,62702.7,62635,62652
1783112280000,62653.7,62681.3,62636.3,62676.2
1783112340000,62676.8,62739.8,62650.9,62720.7
1783112400000,62719.7,62738.7,62706.6,62713.6
1783112460000,62713,62761.3,62711.1,62756.8
1783112520000,62767.7,62779.9,62681.2,62697.9
1783112580000,62698.7,62766.7,62698.7,62755.1
1783112640000,62753.6,62772,62730,62744.2
1783112700000,62741.6,62748.2,62665.8,62665.8
1783112760000,62667.2,62714.6,62667.2,62711.4
1783112820000,62708.3,62728.3,62701.1,62718.5
1783112880000,62719.8,62737.3,62700.8,62700.8
1783112940000,62699.3,62717.7,62689.4,62717.7
1783113000000,62714,62729.5,62702.1,62725.8
1783113060000,62725.7,62769.3,62719,62769.3
1783113120000,62768.7,62824.4,62768.7,62820.5
1783113180000,62826.4,62896.3,62764.6,62764.6
1783113240000,62767.3,62767.3,62687.8,62690
1783113300000,62693.2,62740.7,62693.2,62710
1783113360000,62705.8,62705.9,62630.4,62634.6
1783113420000,62634.8,62645.7,62594.5,62601.7
1783113480000,62597.6,62597.6,62571.3,62593.2
1783113540000,62591,62605.3,62566.4,62566.4
1783113600000,62579.4,62607.1,62578.7,62594.5
1783113660000,62588.8,62619.2,62588.8,62615.6
1783113720000,62621.2,62646.3,62616.7,62616.7
1783113780000,62616.6,62616.9,62592.1,62593.4
1783113840000,62593.2,62600.6,62589.2,62593.3
1783113900000,62594.9,62626.1,62578.3,62585.2
1783113960000,62600.2,62606.3,62590.9,62592.4
1783114020000,62589.3,62589.3,62574,62576.6
1783114080000,62587.5,62588.6,62576.1,62579.2
1783114140000,62578.9,62578.9,62551,62567.8
1783114200000,62566.5,62568.3,62523.3,62561.5
1783114260000,62559.5,62574.9,62527.5,62532.9
1783114320000,62533.2,62533.2,62492.4,62492.4
1783114380000,62496.7,62503.9,62477.2,62483.6
1783114440000,62491.2,62491.3,62489.5,62490
1783114500000,62491.3,62537.7,62473.4,62524.4
1783114560000,62523.3,62523.3,62515.9,62515.9
1783114620000,62512.3,62536.3,62512.3,62519.6
1783114680000,62513.8,62513.8,62492.4,62498.2
1783114740000,62496.9,62499.6,62476.1,62478.3
1783114800000,62490.4,62492.1,62455.1,62478.5
1783114860000,62482.4,62518.2,62479.5,62500.2
1783114920000,62499.4,62502.3,62482.1,62498.3
1783114980000,62499.8,62544.6,62499.8,62517.9
1783115040000,62552.5,62572.2,62522.8,62544.3
1783115100000,62545.2,62579.2,62545.1,62579.2
1783115160000,62576,62606.8,62561.6,62602
1783115220000,62598.2,62626,62595.4,62626
1783115280000,62627.5,62646.3,62621,62638.3
1783115340000,62638.2,62641.1,62609.1,62609.1
1783115400000,62618.5,62628.7,62604.5,62611.7
1783115460000,62612.1,62612.1,62594.6,62596.5
1783115520000,62598.2,62621.3,62598.2,62617.5
1783115580000,62615.6,62665.6,62615.6,62665.6
1783115640000,62669.5,62765.7,62665.3,62726.1
1783115700000,62739.7,62754.2,62712.6,62717
1783115760000,62719.4,62719.4,62686,62692
1783115820000,62698.6,62701.1,62678.8,62700.4
1783115880000,62702.4,62702.4,62671.3,62684
1783115940000,62679.3,62684,62668.4,62668.4
1783116000000,62604.3,62678.5,62603.1,62665.2
1783116060000,62663.5,62663.6,62647.1,62663.6
1783116120000,62658,62681.6,62647.9,62662.5
1783116180000,62660.3,62662.5,62618.6,62626.9
1783116240000,62625.8,62625.8,62598.2,62604.9
1783116300000,62604.7,62604.7,62532.8,62540.8
1783116360000,62545,62561.7,62528.1,62533.2
1783116420000,62534.7,62600.6,62523.1,62583.1
1783116480000,62581.8,62594.8,62560.6,62564.1
1783116540000,62576.2,62577.3,62564,62564
1783116600000,62562.5,62579.1,62560.7,62577.1
1783116660000,62572.7,62577.6,62558.7,62560.5
1783116720000,62558.7,62560.5,62547.7,62548.7
1783116780000,62548.5,62557.5,62547.7,62552.8
1783116840000,62551.7,62569.9,62551.7,62565.1
1783116900000,62570,62584,62570,62570.9
1783116960000,62568.3,62571.8,62557.4,62570.7
1783117020000,62575.1,62590.1,62568.7,62589.6
1783117080000,62587.8,62591,62587.8,62591
1783117140000,62586.2,62610.5,62586.2,62604.9
1783117200000,62541.8,62541.8,62538.6,62540.8
1783117260000,62540.8,62613.8,62537.2,62611.3
1783117320000,62623.9,62623.9,62590.1,62593.4
1783117380000,62594.9,62594.9,62578.8,62582.6
1783117440000,62582,62624.1,62576.1,62606.5
1783117500000,62607.4,62651.3,62594.7,62594.7
1783117560000,62597.1,62601.5,62587.8,62592.9
1783117620000,62590.8,62594.7,62588.6,62589.8
1783117680000,62589.1,62589.1,62571.5,62571.5
1783117740000,62573.5,62574.3,62571.1,62571.1
1783117800000,62574.3,62574.3,62567.9,62572.2
1783117860000,62566.5,62566.5,62490.2,62509.4
1783117920000,62504.9,62522.4,62472.4,62521.8
1783117980000,62519.2,62522.1,62503.8,62520.8
1783118040000,62524.8,62541.2,62524.8,62530.7
1783118100000,62533.4,62549.7,62531.6,62549.4
1783118160000,62547.6,62550.3,62537.2,62542.5
1783118220000,62546.9,62559.1,62542.1,62553.4
1783118280000,62550.8,62557.7,62550.8,62553.4
1783118340000,62560.5,62567.3,62515.9,62518.1
1783118400000,62515.1,62524.7,62507.4,62512.2
1783118460000,62507.5,62507.5,62496.6,62496.6
1783118520000,62500.8,62532.2,62500.8,62532.2
1783118580000,62528.4,62551.1,62524.1,62547.1
1783118640000,62549.4,62559.3,62546.7,62559.3
1783118700000,62565.6,62582.6,62565.6,62575.7
1783118760000,62578.8,62608.9,62575.7,62575.7
1783118820000,62570.7,62573.8,62547.8,62547.8
1783118880000,62546.3,62546.3,62522.8,62527.3
1783118940000,62527.6,62529.1,62517.5,62522.8
1783119000000,62526.6,62538.2,62526.6,62536.8
1783119060000,62541.6,62545.3,62538,62544
1783119120000,62543.8,62543.8,62530.1,62530.1
1783119180000,62533,62533,62530.1,62532.1
1783119240000,62464.7,62533,62464.7,62530.7
1783119300000,62532.2,62539.7,62523,62539.7
1783119360000,62535.4,62539.7,62530.6,62538.1
1783119420000,62532.9,62538.1,62528.1,62531
1783119480000,62530.3,62535.1,62528,62528.6
1783119540000,62527.1,62527.1,62512.6,62512.6
1783119600000,62513.7,62513.7,62509.6,62510.3
1783119660000,62511.1,62528.4,62511.1,62521.9
1783119720000,62526.5,62541.5,62521.9,62535.8
1783119780000,62539.6,62539.6,62535.8,62535.8
1783119840000,62533.2,62534.9,62506.6,62506.6
1783119900000,62511.1,62513,62488.4,62490.6
1783119960000,62488,62511.2,62488,62504.7
1783120020000,62500.8,62502.4,62488.4,62488.5
1783120080000,62486.7,62486.7,62481.3,62481.3
1783120140000,62479.9,62486.3,62473.8,62486.3
1783120200000,62490.3,62499.9,62486.3,62492
1783120260000,62497.5,62501.4,62497.5,62498.9
1783120320000,62430.9,62504.8,62429,62498.9
1783120380000,62510.6,62511.8,62510.1,62510.1
1783120440000,62511.8,62511.8,62503.2,62503.2
1783120500000,62498.8,62517.3,62495,62517.3
1783120560000,62519.3,62587.9,62519.3,62587.9
1783120620000,62589.4,62589.4,62563.4,62568.6
1783120680000,62564.3,62568.6,62520.7,62520.7
1783120740000,62520.9,62564.8,62520.8,62563.8
1783120800000,62564.8,62623.1,62559.3,62609.7
1783120860000,62602.5,62602.5,62591.9,62592.6
1783120920000,62592.2,62605.2,62591.2,62591.3
1783120980000,62590.5,62590.5,62585.1,62585.1
1783121040000,62589.1,62600.8,62524.1,62571.5
1783121100000,62571.4,62578.4,62544.9,62553.5
1783121160000,62549,62549.1,62514.1,62514.1
1783121220000,62518.5,62534.6,62512.6,62530.6
1783121280000,62531.7,62555.3,62529.1,62555.3
1783121340000,62555.4,62566.8,62554.6,62566.8
1783121400000,62570.8,62589.6,62570.8,62589.4
1783121460000,62591.9,62616.7,62591.9,62616.4
1783121520000,62614.4,62618.9,62610.4,62612.1
1783121580000,62608.2,62609.6,62589.6,62593.7
1783121640000,62589.7,62609,62588.8,62606.4
1783121700000,62604.6,62624.8,62602.9,62615.1
1783121760000,62618,62619.9,62612,62617.1
1783121820000,62617.3,62636.6,62617.3,62636.5
1783121880000,62636.8,62636.8,62616.7,62616.7
1783121940000,62613.9,62629.6,62602.4,62629.6
1783122000000,62631.4,62646.6,62631.4,62634.4
1783122060000,62635.9,62638.6,62624.7,62627.3
1783122120000,62623,62632.9,62617.4,62623.8
1783122180000,62624.6,62631.9,62616,62629.9
1783122240000,62632.4,62632.9,62611.1,62622.5
1783122300000,62622.8,62626.6,62592.9,62605.7
1783122360000,62604.5,62604.5,62594.9,62594.9
1783122420000,62591.7,62591.7,62557,62562.4
1783122480000,62564.1,62578.8,62564.1,62569.1
1783122540000,62570.2,62574,62507.3,62507.3
1783122600000,62497.9,62533,62489.2,62531.7
1783122660000,62522.9,62531.3,62513.8,62523.2
1783122720000,62529.7,62544.8,62524.4,62537.8
1783122780000,62538.8,62542.2,62533.5,62540.4
1783122840000,62532.8,62543.1,62532,62543.1
1783122900000,62542.8,62542.8,62536.1,62538.8
1783122960000,62536.4,62546.9,62536.4,62539.5
1783123020000,62542.5,62544.5,62536.8,62543.9
1783123080000,62542.4,62557.4,62541.8,62557.4
1783123140000,62547.9,62561.4,62521.9,62523.4
1783296000000,63568.6,63604.2,63527.3,63540.8
1783296060000,63535.4,63541.2,63489.6,63527
1783296120000,63523.5,63604.3,63491,63604.3
1783296180000,63594.8,63622.5,63560.1,63560.3
1783296240000,63582.2,63652,63559.4,63647.8
1783296300000,63642.9,63661.4,63571.2,63591.9
1783296360000,63595.9,63619,63556.2,63569.3
1783296420000,63552.7,63576.1,63465.7,63499.5
1783296480000,63503.5,63527.8,63465.9,63475.9
1783296540000,63475.2,63522.7,63427.9,63519
1783296600000,63513.7,63513.7,63402,63448.8
1783296660000,63448.5,63500.1,63424.7,63485.7
1783296720000,63483.3,63501.8,63463,63473.8
1783296780000,63489.8,63512.5,63464.7,63478.8
1783296840000,63511.4,63539.9,63463.4,63539.9
1783296900000,63540.8,63636.4,63513.1,63621.3
1783296960000,63622.1,63649,63544.8,63544.8
1783297020000,63559.8,63570.7,63513.8,63560.1
1783297080000,63558.6,63591.3,63534,63555.3
1783297140000,63562,63562,63416.4,63448.5
1783297200000,63441.7,63473.1,63416.9,63473.1
1783297260000,63469,63509,63442.3,63495.9
1783297320000,63495.3,63495.3,63418,63445.9
1783297380000,63441.6,63476.6,63413.9,63474.5
1783297440000,63470.6,63471.7,63382.6,63382.6
1783297500000,63411.8,63452,63393.3,63393.3
1783297560000,63392.8,63430.4,63367.9,63421.1
1783297620000,63426.2,63441.6,63387.9,63430.7
1783297680000,63433,63439.8,63361.6,63422
1783297740000,63422.1,63422.1,63340.7,63356.1
1783297800000,63349.6,63398.6,63277.3,63394.5
1783297860000,63399.6,63437.2,63362.4,63419.4
1783297920000,63424.5,63463.5,63382.3,63426.7
1783297980000,63427.5,63427.5,63360,63381.1
1783298040000,63374.3,63421.2,63341.6,63421.2
1783298100000,63421.3,63436.5,63368.5,63432.5
1783298160000,63399.5,63452.9,63382.4,63434.4
1783298220000,63438.6,63468.4,63419,63462.2
1783298280000,63467.7,63516.9,63439.7,63503.9
1783298340000,63510.3,63538,63465.1,63500.1
1783298400000,63496.5,63559.4,63453.4,63546.7
1783298460000,63542.1,63583.2,63510.2,63583.1
1783298520000,63585.3,63595.8,63512.8,63542.8
1783298580000,63543,63557.5,63515.8,63525.3
1783298640000,63556.2,63557.5,63511.7,63550.1
1783298700000,63525.6,63642.3,63525.6,63624.4
1783298760000,63626.6,63641.4,63593.8,63594.1
1783298820000,63618.7,63620.6,63534.7,63553.8
1783298880000,63550.5,63713,63532.2,63673.6
1783298940000,63652.1,63690.6,63602.3,63610.3
1783299000000,63646.3,63677.9,63606.8,63646.3
1783299060000,63646.2,63694.3,63628.3,63656.7
1783299120000,63632.7,63652,63588.1,63614.7
1783299180000,63618.7,63628.5,63584.7,63626.8
1783299240000,63626.2,63626.2,63580.7,63582.4
1783299300000,63590.8,63609.5,63549.6,63591.1
1783299360000,63596.3,63638.6,63575.3,63619.1
1783299420000,63601.3,63652.6,63601.3,63645.8
1783299480000,63639.6,63674.4,63620.4,63673.4
1783299540000,63673.7,63710.8,63653.7,63696.4
1783299600000,63691.1,63702.8,63627.6,63662.9
1783299660000,63659,63698.4,63613.3,63694.1
1783299720000,63697.9,63723.3,63655.8,63689.1
1783299780000,63686.6,63699.4,63637.5,63688
1783299840000,63691,63698,63625,63659.2
1783299900000,63658.9,63666.8,63631.1,63657.4
1783299960000,63653.8,63685.5,63614,63670.5
1783300020000,63675,63706.9,63636.6,63703.7
1783300080000,63706.9,63799.6,63680.2,63777.8
1783300140000,63772.4,63797.2,63718.9,63782.4
1783300200000,63775.5,63775.5,63693.7,63701.3
1783300260000,63700.9,63732,63689.3,63689.3
1783300320000,63703.4,63735,63698,63727.5
1783300380000,63733.1,63777.9,63694.4,63774.8
1783300440000,63778.8,63791.7,63695.6,63724.5
1783300500000,63755.8,63761.2,63676.9,63735.6
1783300560000,63740.1,63773,63713,63764.9
1783300620000,63743.1,63787.4,63719,63740.1
1783300680000,63718.8,63752.5,63700.3,63734.4
1783300740000,63732.4,63751,63709.1,63751
1783300800000,63751.2,63773.3,63730.7,63752.5
1783300860000,63751.9,63755.4,63712.9,63734.1
1783300920000,63730.8,63740.3,63682.8,63704.9
1783300980000,63703.6,63703.6,63652.1,63680.3
1783301040000,63676.6,63682.3,63637.1,63649
1783301100000,63644.9,63644.9,63580.3,63600.8
1783301160000,63625.8,63643.7,63548.7,63565.6
1783301220000,63573,63600.5,63534.9,63594.6
1783301280000,63591.5,63639.8,63571.1,63634
1783301340000,63609.2,63685.7,63609.2,63672.8
1783301400000,63678.3,63679.4,63611.7,63666.7
1783301460000,63640.8,63742.5,63640.8,63710.3
1783301520000,63743.5,63827.1,63715.2,63786.9
1783301580000,63792.8,63792.8,63724.8,63763.2
1783301640000,63760.3,63859.8,63739.7,63845
1783301700000,63825.3,63859.8,63788.3,63788.4
1783301760000,63785.8,63816.2,63766.3,63813.2
1783301820000,63811,63829.5,63771.2,63805.5
1783301880000,63809,63818,63725,63738.8
1783301940000,63735.8,63737.9,63699.9,63737.9
1783302000000,63733.7,63733.7,63673.5,63718.6
1783302060000,63723.1,63740.6,63689.5,63725.1
1783302120000,63723.3,63723.3,63652.6,63686.7
1783302180000,63689.7,63703.1,63666.7,63669.4
1783302240000,63689.7,63689.7,63648.3,63656.8
1783302300000,63653.1,63653.1,63582.1,63632.4
1783302360000,63607.4,63647.3,63603.5,63617.7
1783302420000,63620.3,63637.5,63576.6,63590.8
1783302480000,63572.4,63582.8,63536.8,63536.8
1783302540000,63535.8,63558.7,63507.7,63557.4
1783302600000,63560.7,63567.8,63517.6,63536.6
1783302660000,63539.4,63562.5,63511.2,63548.2
1783302720000,63546.8,63549.7,63499.7,63500.9
1783302780000,63516.6,63539.6,63498.3,63520.5
1783302840000,63518.3,63536.1,63503.6,63503.6
1783302900000,63519.5,63520.6,63481,63516.1
1783302960000,63520.6,63540.8,63491.8,63534.7
1783303020000,63530.8,63543.9,63500.7,63518.4
1783303080000,63531.2,63535.1,63500.1,63510.9
1783303140000,63507.8,63523,63489.3,63514.1
1783303200000,63514.7,63558.8,63502.7,63538.8
1783303260000,63540,63588.3,63524.8,63564.5
1783303320000,63560.3,63607.6,63525,63577.7
1783303380000,63577.8,63610.3,63552.5,63579.3
1783303440000,63578.8,63617.6,63532.3,63549.9
1783303500000,63567.5,63567.5,63498.1,63522.4
1783303560000,63514.1,63518,63481,63510.3
1783303620000,63520.6,63520.7,63401.7,63401.7
1783303680000,63401.9,63433.6,63368.1,63418.7
1783303740000,63415.9,63433.7,63391.7,63417.1
1783303800000,63394.2,63413,63361.4,63404.7
1783303860000,63402.4,63402.4,63337.7,63393.9
1783303920000,63398.3,63398.3,63335.1,63343.3
1783303980000,63373.3,63404,63353.2,63401.6
1783304040000,63405.6,63412.8,63361.3,63394.7
1783304100000,63398.4,63411.4,63362.7,63410.1
1783304160000,63409.4,63433,63359.9,63429.6
1783304220000,63426.8,63430.9,63372.4,63417.9
1783304280000,63385.1,63450.3,63385.1,63415.2
1783304340000,63419.2,63458.2,63376.6,63407.1
1783304400000,63407,63493.4,63407,63488.3
1783304460000,63489.7,63514.1,63467.1,63514.1
1783304520000,63490.3,63593.9,63490.3,63581.1
1783304580000,63553.9,63602.4,63521.1,63552.4
1783304640000,63552.9,63568.9,63535.6,63553.7
1783304700000,63553,63566.6,63515.6,63533.7
1783304760000,63538,63552.3,63506.8,63549.9
1783304820000,63524,63556.8,63517.3,63517.3
1783304880000,63512.4,63535.7,63505.9,63520.6
1783304940000,63517.8,63517.8,63454.6,63461.7
1783305000000,63466.2,63481.1,63411.6,63472
1783305060000,63469.2,63554,63435,63533.9
1783305120000,63541.6,63568.9,63518.2,63523.3
1783305180000,63507.2,63524.1,63445.2,63446.5
1783305240000,63444.8,63455.9,63414.8,63454.6
1783305300000,63450.7,63478.7,63430.4,63463.8
1783305360000,63452.5,63477,63422.3,63472.6
1783305420000,63473.1,63492.2,63434,63456
1783305480000,63468.7,63502.4,63456.5,63474.9
1783305540000,63474.8,63509.8,63440.8,63440.8
1783305600000,63439,63439,63357.7,63378.3
1783305660000,63377.8,63382.3,63316.1,63366.4
1783305720000,63343.8,63398.6,63343.7,63366.7
1783305780000,63370.1,63401.5,63341.9,63374.8
1783305840000,63376.9,63381,63311.9,63334.4
1783305900000,63339.7,63384.3,63320.2,63352.1
1783305960000,63354.8,63404.8,63354.8,63393.2
1783306020000,63388.8,63409.7,63338,63353.7
1783306080000,63337.6,63369,63331.1,63351.9
1783306140000,63349.3,63366.1,63330.8,63342.3
1783306200000,63356.9,63358.9,63328.8,63346.6
1783306260000,63346.3,63373.5,63294.7,63339.6
1783306320000,63363.7,63376.8,63328.9,63351.4
1783306380000,63352,63369.6,63334.1,63347.9
1783306440000,63357.7,63402,63336.2,63392.3
1783306500000,63376.3,63390.8,63365.2,63388.9
1783306560000,63393.3,63394.9,63314.3,63334.1
1783306620000,63336.5,63397.4,63328.3,63390.1
1783306680000,63386.3,63404.8,63367.2,63396
1783306740000,63402.1,63434.7,63375.9,63375.9
1783306800000,63392.6,63408.1,63367.5,63405.8
1783306860000,63402.3,63419.1,63366.1,63395.8
1783306920000,63410.9,63418.3,63387.9,63401.9
1783306980000,63402.5,63440.2,63387.9,63421.7
1783307040000,63426,63438.2,63389.7,63403.2
1783307100000,63399.4,63412.4,63376.7,63387.3
1783307160000,63369.1,63391.9,63333.6,63379.8
1783307220000,63381.6,63401.7,63350.7,63377.4
1783307280000,63392.2,63392.2,63326.7,63364
1783307340000,63365,63381.4,63339.9,63350.1
1783307400000,63374.1,63389.6,63355.7,63381
1783307460000,63383.9,63402.1,63364,63388.8
1783307520000,63393.1,63393.5,63362.8,63365
1783307580000,63358.8,63360.3,63329.2,63346
1783307640000,63344.8,63363.8,63319.9,63355.1
1783307700000,63344.2,63351.4,63300.7,63349.9
1783307760000,63351.4,63368,63323.9,63340.8
1783307820000,63351,63372.6,63335.3,63343.8
1783307880000,63344.5,63348.3,63322.9,63331.8
1783307940000,63324.8,63355.5,63311.8,63339.1
1783308000000,63338.5,63346.7,63309.9,63344.3
1783308060000,63319.4,63350.4,63300.2,63332.2
1783308120000,63328.9,63329,63194,63217.9
1783308180000,63244.8,63251.4,63186.1,63186.1
1783308240000,63199.8,63235.4,63116.6,63210.3
1783308300000,63213,63228,63154.2,63190.6
1783308360000,63190.1,63214.2,63129.6,63210.7
1783308420000,63208.2,63233.3,63162.6,63162.6
1783308480000,63178.8,63201.7,63156.3,63189.6
1783308540000,63179.2,63179.2,63132.7,63149.8
1783308600000,63165,63178.6,63103.4,63145.8
1783308660000,63154.7,63182,63085.8,63094.5
1783308720000,63097.2,63135.7,63058.2,63133.2
1783308780000,63107.4,63150.2,63098.6,63116.8
1783308840000,63119.8,63133.7,63090.1,63131.4
1783308900000,63134.1,63198.9,63109.9,63187.9
1783308960000,63181.6,63230.3,63167.5,63214.2
1783309020000,63192.6,63244.7,63192.3,63238.1
1783309080000,63237.8,63260.7,63217.4,63236.7
1783309140000,63233.6,63240.6,63181.8,63194.3
1783309200000,63198.1,63210.5,63176.8,63186.4
1783309260000,63180.5,63203,63167.3,63176.8
1783309320000,63179.2,63189.2,63162.7,63187.4
1783309380000,63183.8,63183.8,63127.8,63127.8
1783309440000,63131.8,63149.5,63123.4,63144
1783309500000,63139.4,63194.3,63120.6,63194.3
1783309560000,63190.1,63193.5,63163.4,63171
1783309620000,63170.3,63184.7,63136,63181.1
1783309680000,63182,63198.5,63161.1,63192.5
1783309740000,63188.7,63191.8,63171.3,63178.1
1783309800000,63176.8,63180.8,63130,63175.9
1783309860000,63170.5,63181.8,63105,63133.6
1783309920000,63136.8,63156.3,63117.6,63146.3
1783309980000,63123.4,63180.8,63117.6,63151.9
1783310040000,63180.8,63187.8,63144.5,63160.8
1783310100000,63171.7,63181.8,63136,63168.7
1783310160000,63171.2,63196.4,63155,63187.4
1783310220000,63183.3,63196.2,63164.4,63189.5
1783310280000,63194.1,63235.2,63169.6,63232.6
1783310340000,63227.2,63243.9,63207.1,63240.5
1783310400000,63232.7,63251.5,63204.1,63217.3
1783310460000,63240.4,63265.8,63217,63254.5
1783310520000,63233.7,63258.4,63233.7,63242
1783310580000,63234.5,63299.6,63228.9,63290.1
1783310640000,63294.7,63317.6,63276.2,63311.8
1783310700000,63316,63332.8,63262.6,63279.8
1783310760000,63274.4,63274.4,63220.6,63232.3
1783310820000,63236.6,63238.4,63206.4,63217.8
1783310880000,63199.7,63231.7,63196,63221.5
1783310940000,63218.2,63218.2,63154.1,63179.6
1783311000000,63183,63233.9,63168.8,63202.6
1783311060000,63202.4,63259,63202.4,63227.3
1783311120000,63249.1,63252.7,63226.6,63227
1783311180000,63247.9,63284.8,63221.8,63258.1
1783311240000,63258.2,63292.1,63239.3,63276.5
1783311300000,63269.6,63274,63236.4,63261.3
1783311360000,63261.2,63286.6,63235.5,63280
1783311420000,63281.9,63290.3,63229.8,63251.2
1783311480000,63245.7,63270.6,63229.4,63270.6
1783311540000,63274.5,63281.6,63245.3,63271.2
1783311600000,63271.7,63306.1,63250.1,63295.9
1783311660000,63287.7,63292,63258.1,63288.7
1783311720000,63263.7,63290,63245.7,63267
1783311780000,63261.3,63264.6,63234.6,63253
1783311840000,63258.1,63263.8,63205.6,63210.8
1783311900000,63209.8,63209.8,63164.8,63164.8
1783311960000,63163.1,63167.5,63160,63160
1783312020000,63162.4,63175.4,63115,63159.3
1783312080000,63155.8,63155.8,63103.8,63147.5
1783312140000,63141,63179.8,63118,63172.6
1783312200000,63168.5,63190,63128.1,63172.4
1783312260000,63168.5,63211.5,63142.7,63165.2
1783312320000,63167.1,63186.7,63127.6,63158.5
1783312380000,63158.6,63237.2,63158.6,63232.4
1783312440000,63237,63249.3,63197.8,63200.2
1783312500000,63193.2,63234.6,63177.7,63234.6
1783312560000,63234,63239.9,63208.9,63229.2
1783312620000,63232.7,63258.1,63208.8,63258.1
1783312680000,63226.8,63271.5,63226.2,63265.4
1783312740000,63266.1,63288,63242.9,63261.3
1783312800000,63279.4,63290.3,63260,63289.2
1783312860000,63290.6,63341,63263.3,63281.6
1783312920000,63281.7,63322.7,63274.6,63287.4
1783312980000,63287,63303.8,63250.3,63269.2
1783313040000,63273.5,63283.1,63236.2,63249.2
1783313100000,63244.9,63255.6,63225.7,63225.7
1783313160000,63247.4,63259.7,63226.6,63226.6
1783313220000,63249.1,63259.3,63216.5,63252.5
1783313280000,63256.7,63268.3,63224.9,63267.7
1783313340000,63270.2,63295.9,63243.4,63260.7
1783313400000,63259.8,63278.5,63226.8,63269.3
1783313460000,63273,63292.4,63250.4,63270.3
1783313520000,63249.4,63294.8,63249.4,63283.6
1783313580000,63279.8,63279.8,63236.7,63271.2
1783313640000,63243.1,63287.6,63239.7,63271.6
1783313700000,63277.5,63280.2,63245.9,63267.6
1783313760000,63270.9,63281.4,63250,63279.3
1783313820000,63275.3,63275.3,63246.4,63259.9
1783313880000,63257.7,63257.7,63195.8,63195.8
1783313940000,63203.1,63211.6,63165.9,63188.2
1783314000000,63208.2,63213.5,63145.6,63195.8
1783314060000,63192.2,63196.6,63151.6,63183.7
1783314120000,63188.1,63204.4,63162.8,63178.1
1783314180000,63200.8,63201.2,63152.2,63197.6
1783314240000,63188.1,63188.1,63121.9,63121.9
1783314300000,63139.8,63172.2,63122.1,63164.4
1783314360000,63160.7,63175.4,63132.6,63170.2
1783314420000,63162.5,63170.6,63136.6,63150.1
1783314480000,63144.5,63146.3,63100.6,63124.4
1783314540000,63115.8,63142.9,63095.2,63142.1
1783314600000,63146.7,63186.3,63119.9,63186.3
1783314660000,63190.8,63190.8,63153.5,63181.8
1783314720000,63178.7,63178.7,63150.6,63169.4
1783314780000,63166.4,63166.4,63130,63131.4
1783314840000,63154.5,63160.9,63130.2,63143.5
1783314900000,63147.9,63159.4,63067.5,63126
1783314960000,63123.1,63170.7,63102.3,63170.7
1783315020000,63171.2,63187,63152.2,63171.9
1783315080000,63167.2,63167.2,63129.9,63150.9
1783315140000,63154.4,63155.7,63105.7,63131.4
1783315200000,63128.3,63148,63114.8,63138.2
1783315260000,63132.1,63134.3,63081.9,63097.6
1783315320000,63103.8,63119.8,63081.9,63113.9
1783315380000,63116.6,63126.7,63090.7,63111.3
1783315440000,63108.5,63129.7,63073.6,63126.9
1783315500000,63099.3,63124.8,63091.2,63113.5
1783315560000,63118.1,63123.4,63095.9,63116.2
1783315620000,63114.6,63119,63080.5,63108.8
1783315680000,63113.1,63114.2,62951.4,62985
1783315740000,62984.6,62984.6,62913.1,62947.1
1783315800000,62951.2,62976.6,62894.3,62931
1783315860000,62927.3,62943.5,62893.4,62907.1
1783315920000,62910.9,62979.7,62878.8,62976.6
1783315980000,62969.8,62983.7,62896.2,62925.1
1783316040000,62929,62964.9,62898.3,62926.8
1783316100000,62936.3,63005.8,62926.8,62984.5
1783316160000,62976.2,63035,62971,63030.1
1783316220000,63026.7,63082.6,63008.4,63080.3
1783316280000,63074.7,63077.9,63054.5,63074.5
1783316340000,63074.6,63074.6,63046.8,63049
1783316400000,63058.5,63089,63040.6,63077.7
1783316460000,63077.2,63077.2,63058.1,63059.8
1783316520000,63069.9,63081.2,63015.7,63048.4
1783316580000,63054.2,63091.7,63029,63074.7
1783316640000,63053.2,63099.5,63023.4,63045.5
1783316700000,63042.9,63063.7,63033.8,63052.6
1783316760000,63048,63048.3,63007.6,63038.9
1783316820000,63034.8,63041.6,63001,63034.4
1783316880000,63032.9,63035.1,63019.5,63029
1783316940000,63030.9,63066.9,63008.9,63046.9
1783317000000,63062.2,63070.4,63016.5,63064.5
1783317060000,63047.9,63057.9,63031.8,63050.2
1783317120000,63054,63065.6,63031.9,63056.8
1783317180000,63059.2,63090.7,63055.7,63088.1
1783317240000,63086.7,63110.3,63065.7,63071.3
1783317300000,63093.4,63105,63070.4,63077.9
1783317360000,63097.2,63100.2,63077.4,63087.1
1783317420000,63090.6,63092.9,63077.7,63080.3
1783317480000,63075.9,63075.9,63050.8,63050.8
1783317540000,63053.6,63061.7,63037.9,63037.9
1783317600000,63052.7,63079,63042.8,63070.4
1783317660000,63074.9,63091.4,63013.3,63028
1783317720000,63025.2,63041.3,63002.7,63041.3
1783317780000,63040.5,63077,63014.8,63073.3
1783317840000,63070.3,63075.7,63024.3,63045
1783317900000,63037.3,63045,63008.3,63037.5
1783317960000,63038.9,63038.9,62965.5,63004.9
1783318020000,63003.2,63018,62979,63011.5
1783318080000,63003.6,63033.3,62987.7,63009.4
1783318140000,63005.3,63053.9,62981.7,63053.9
1783318200000,63050.9,63050.9,63001.7,63001.7
1783318260000,63018.1,63033.8,63001.1,63029.2
1783318320000,63025,63040.1,63004.9,63040.1
1783318380000,63041.3,63042.4,63017.4,63036.7
1783318440000,63037.6,63066.9,63016.6,63033.1
1783318500000,63035.6,63093.9,63032.8,63035.7
1783318560000,63062.9,63080,63038.9,63050.8
1783318620000,63052.1,63055.8,63023.5,63042.8
1783318680000,63037.6,63040.8,63001.9,63019.8
1783318740000,63024.8,63024.8,62980.1,63003.4
1783318800000,63004.4,63004.4,62951.5,62972.8
1783318860000,62973.6,62975.1,62935.1,62942.3
1783318920000,62942.4,62987.4,62941.8,62985.7
1783318980000,62951.9,62997.1,62951.9,62964.6
1783319040000,62964.7,62997.1,62944.5,62949.1
1783319100000,62950.3,62986.3,62939.3,62975.8
1783319160000,62972.1,62972.1,62921.9,62958.5
1783319220000,62957.9,62976.3,62917.9,62949.1
1783319280000,62973.4,62974.4,62934.5,62944.1
1783319340000,62944,62980.4,62943.6,62973.8
1783319400000,62963.3,62985.3,62940.5,62965
1783319460000,62965.7,62981.4,62940.8,62962.1
1783319520000,62963.1,62970.5,62963.1,62968.8
1783319580000,62963.7,62989.1,62924.9,62942.5
1783319640000,62949.2,62952.8,62891.8,62918.5
1783319700000,62923.3,62957.7,62905.2,62945.3
1783319760000,62938.4,62949.4,62913.6,62943.8
1783319820000,62945.7,62993.1,62922.9,62980.9
1783319880000,62978.8,62978.8,62957.4,62962.7
1783319940000,62961.3,62966.4,62940.5,62961.1
1783320000000,62963.5,62990.1,62942,62977.8
1783320060000,62954.3,62977.3,62945.6,62945.7
1783320120000,62974,62979.1,62941.9,62977
1783320180000,62980.7,62998.4,62949.9,62962.7
1783320240000,62994.2,63013.7,62962.7,62978
1783320300000,62978.6,63032.6,62976.1,63008.8
1783320360000,62982,63011.5,62981.2,62993.3
1783320420000,62984.1,62988.7,62960.9,62968.9
1783320480000,62969.2,62986.4,62957.1,62982.1
1783320540000,62976.1,62976.1,62945.4,62966.4
1783320600000,62940,62965.4,62938.6,62957
1783320660000,62961.4,62973.7,62937.9,62956.1
1783320720000,62949.5,62956.5,62916.3,62925.5
1783320780000,62925.7,62961.3,62908.3,62929.1
1783320840000,62932,62932,62898.1,62922.9
1783320900000,62928.4,62933.5,62901.5,62928.9
1783320960000,62932.9,62943.8,62901.5,62933.2
1783321020000,62908.2,62939.8,62908.2,62911.8
1783321080000,62935.3,62941.6,62907.8,62913.9
1783321140000,62939.3,62944.3,62899.1,62899.1
1783321200000,62898.9,62927.2,62884.6,62884.8
1783321260000,62913.3,62915,62834,62854.8
1783321320000,62828,62859.8,62826.4,62826.4
1783321380000,62826.5,62854.3,62801.9,62805.2
1783321440000,62805.1,62855.9,62805.1,62843
1783321500000,62845.2,62903.8,62824.5,62887
1783321560000,62885.1,62907.9,62839.8,62862.4
1783321620000,62840.1,62881.5,62840.1,62881.5
1783321680000,62883.6,62912.1,62852.3,62887.2
1783321740000,62886.9,62918.8,62866,62866
1783321800000,62881.6,62896.6,62839.3,62883.1
1783321860000,62879,62879,62802.5,62840.8
1783321920000,62841.9,62888.1,62823.2,62876.7
1783321980000,62875.1,62875.1,62832.2,62832.2
1783322040000,62860.6,62898.3,62838.1,62866.9
1783322100000,62877.7,62915.2,62870.2,62870.5
1783322160000,62890.9,62921.4,62870.4,62908.2
1783322220000,62912.2,62919.4,62885.1,62919
1783322280000,62893.8,62915.9,62884.3,62884.3
1783322340000,62901.8,62911.7,62870.9,62879.5
1783322400000,62881.8,62935.9,62881.8,62921.4
1783322460000,62918.1,62968.1,62890.9,62959
1783322520000,62958.8,62973.3,62926.3,62942.2
1783322580000,62935.7,62954.9,62906.4,62919.4
1783322640000,62919.3,62952.6,62919.2,62940.7
1783322700000,62948.6,62957.1,62928.8,62951.4
1783322760000,62930.3,62974.1,62925.4,62962.3
1783322820000,62963.2,62964.8,62949.2,62950.8
1783322880000,62930.4,62948.8,62903.2,62903.2
1783322940000,62915.5,62920,62898.5,62898.5
1783323000000,62901.5,62901.5,62850.1,62850.2
1783323060000,62856.2,62868,62850.1,62862.2
1783323120000,62866.1,62890.2,62848,62879.2
1783323180000,62884.3,62903.9,62871.2,62903.9
1783323240000,62899.7,62924.1,62884.6,62919.1
1783323300000,62912.1,62930,62896.4,62920.5
1783323360000,62924.5,62953.1,62901.2,62922.1
1783323420000,62925.3,62981.5,62901.5,62947.6
1783323480000,62970.4,62970.4,62905.8,62949.9
1783323540000,62954.9,62954.9,62925.6,62945.1
1783323600000,62949.2,62960.6,62925.2,62951.2
1783323660000,62954.6,62982.7,62926.5,62940.9
1783323720000,62965.8,62983.4,62932.5,62977.2
1783323780000,62980.4,63032.2,62968.2,63025
1783323840000,63023.3,63059.6,63015.3,63042.9
1783323900000,63038.7,63068.9,63013,63031.5
1783323960000,63026.3,63030.8,63002.9,63016.3
1783324020000,63020.7,63028.8,63016.3,63024.7
1783324080000,63034.6,63046.1,63020.3,63032.3
1783324140000,63041.3,63060.6,63019.2,63051.7
1783324200000,63026.1,63042.6,63012.9,63027.8
1783324260000,63009,63009.1,63008.9,63008.9
1783324320000,63009,63037.7,63004,63014.3
1783324380000,62994.3,63029.8,62988.4,63026.8
1783324440000,63020.3,63025.8,62996.4,62998.1
1783324500000,63014.2,63019.4,62998,62998
1783324560000,63013,63040.6,62995.3,63036.3
1783324620000,63011.3,63042.1,63011.3,63016.4
1783324680000,63035.8,63054.9,63016.4,63046.7
1783324740000,63041.6,63052.6,63010.6,63027.9
1783324800000,63032.1,63088.2,63020.9,63060.1
1783324860000,63060.8,63108.1,63060.8,63104.8
1783324920000,63093.8,63108.5,63028.2,63068.2
1783324980000,63064.2,63108.7,63011.2,63105.1
1783325040000,63099.7,63107.4,63070.2,63106.1
1783325100000,63102.7,63163.9,63078.9,63158.1
1783325160000,63158.2,63184.6,63118.6,63147.9
1783325220000,63121.8,63148.7,63094.2,63108.2
1783325280000,63108.6,63116.7,63075.7,63091.8
1783325340000,63086.5,63123.1,63072.2,63103
1783325400000,63099.5,63099.5,63045.1,63048.9
1783325460000,63056.8,63056.8,63010.3,63019.8
1783325520000,63017.9,63019.8,62968.5,62985.1
1783325580000,62984.2,62984.2,62938.9,62966.9
1783325640000,62967.5,63006.2,62942,63001.6
1783325700000,63004.7,63008.6,62974.6,62982.4
1783325760000,62977,62981.8,62902.6,62937.9
1783325820000,62917.1,63007.3,62917.1,62986.5
1783325880000,62983.5,62983.5,62951.8,62980.6
1783325940000,62979.2,63005.1,62955.5,63003.2
1783326000000,63005.7,63027.7,62982.6,63024.8
1783326060000,63025.3,63037,63004.9,63026.4
1783326120000,63026.9,63029.3,62962.6,62979
1783326180000,62978.8,62990.5,62963.2,62976.8
1783326240000,62978.9,63007.2,62970.7,63001.7
1783326300000,62995.4,63008.7,62982.2,63004.6
1783326360000,62977.5,63018.7,62970.8,63018.7
1783326420000,63014.9,63017.3,62978.9,63009.7
1783326480000,63005,63013.1,62982.9,63011.9
1783326540000,63004.1,63012.4,63001,63012.4
1783326600000,62984.2,63008.2,62975.6,62990.6
1783326660000,62983.6,62983.6,62954.5,62962.1
1783326720000,62957,62961.7,62920.4,62920.4
1783326780000,62942.8,62957.8,62926.1,62949.3
1783326840000,62944.3,62945,62889.3,62889.8
1783326900000,62899.5,62903.8,62853.5,62881
1783326960000,62876.7,62877.8,62751.6,62781.8
1783327020000,62758.4,62799.4,62755.3,62774.9
1783327080000,62778.9,62798.3,62762.6,62792.4
1783327140000,62793,62810.1,62765,62791.5
1783327200000,62793.1,62819.6,62769.2,62788.1
1783327260000,62788.4,62856.9,62788.3,62856.9
1783327320000,62857.5,62859.1,62816.3,62816.5
1783327380000,62840.9,62861.2,62840.9,62849.9
1783327440000,62851.3,62852.8,62827.4,62842.7
1783327500000,62846.3,62854.4,62821.7,62840.3
1783327560000,62836.2,62868.9,62817.4,62868.9
1783327620000,62870.1,62881,62839.7,62870.1
1783327680000,62845.3,62890,62845.3,62878.4
1783327740000,62868.6,62869.9,62839.6,62854.4
1783327800000,62858.4,62868.8,62817.3,62835.1
1783327860000,62839.9,62854.4,62813,62841.7
1783327920000,62845.7,62863.4,62816.7,62862.9
1783327980000,62856.2,62862.9,62828.4,62837
1783328040000,62840.1,62844.7,62834,62837.6
1783328100000,62841.6,62855.8,62835,62855.8
1783328160000,62856.1,62861,62824.6,62840.7
1783328220000,62843.3,62843.7,62806.4,62831.5
1783328280000,62831.6,62842,62831.6,62840.9
1783328340000,62841.7,62857.9,62813.7,62839.9
1783328400000,62833,62838.7,62805,62829.9
1783328460000,62834.8,62843.4,62795.6,62840.3
1783328520000,62840.5,62856.8,62810.4,62827.6
1783328580000,62852.4,62860.3,62827.2,62832.8
1783328640000,62832.9,62855.6,62799,62816.5
1783328700000,62812.7,62841.1,62802.2,62831.4
1783328760000,62827.9,62827.9,62792.5,62813.2
1783328820000,62807.5,62814.9,62782,62814.9
1783328880000,62810.8,62813.8,62783.3,62808.9
1783328940000,62806.3,62810.9,62783.5,62783.7
1783329000000,62810.9,62819.8,62779.6,62779.6
1783329060000,62787.8,62800.3,62773.4,62800.3
1783329120000,62798.8,62811,62775.1,62809.1
1783329180000,62811.3,62826.4,62779,62821
1783329240000,62820.6,62821.4,62782.3,62797.6
1783329300000,62772.4,62799.2,62762.3,62795.3
1783329360000,62797,62800,62764.5,62800
1783329420000,62804,62821.4,62787.1,62787.1
1783329480000,62787.2,62825.7,62783.6,62815
1783329540000,62803.7,62816,62768.6,62781.8
1783329600000,62776.9,62779.8,62751.7,62751.7
1783329660000,62756.9,62789.3,62690.7,62715.8
1783329720000,62720.8,62723.3,62680.1,62695.8
1783329780000,62686.5,62736.2,62680.6,62729.5
1783329840000,62733.1,62733.9,62701.8,62726.3
1783329900000,62725.3,62725.3,62667.7,62712.7
1783329960000,62707.9,62711.6,62683,62696.6
1783330020000,62700.5,62704.3,62670.8,62704.3
1783330080000,62699.5,62712,62679.1,62685.4
1783330140000,62686.5,62697.2,62660.9,62695.8
1783330200000,62690.2,62708.4,62659.8,62688.4
1783330260000,62676.4,62685.1,62585.2,62685.1
1783330320000,62681.4,62693.3,62615.9,62655.5
1783330380000,62656.5,62689.4,62623.5,62652.3
1783330440000,62656.7,62659.2,62599.6,62599.7
1783330500000,62626.9,62643.3,62619.9,62623.6
1783330560000,62615.6,62627.5,62613.5,62623.3
1783330620000,62624.1,62624.1,62562.1,62585.6
1783330680000,62592.6,62610.8,62548.2,62583
1783330740000,62586.3,62586.3,62564.9,62576.4
1783330800000,62551,62616,62551,62612.2
1783330860000,62607,62656.2,62587.4,62650.9
1783330920000,62648.4,62666.3,62613.5,62639.6
1783330980000,62642,62650.3,62613.4,62637.8
1783331040000,62636.2,62636.2,62603.8,62603.8
1783331100000,62623.8,62623.8,62580.4,62580.4
1783331160000,62601.3,62618.6,62583.5,62607.1
1783331220000,62608.7,62645,62591.6,62614.5
1783331280000,62614.6,62645.1,62601.8,62604.8
1783331340000,62605.9,62608,62548.6,62585.3
1783331400000,62589.2,62612.3,62562,62582.4
1783331460000,62579.3,62606.5,62562.4,62605.3
1783331520000,62607.1,62611.3,62574.7,62608.9
1783331580000,62605.2,62629.9,62580.2,62598.8
1783331640000,62630,62632.8,62598.6,62610
1783331700000,62588.1,62605.8,62588.1,62603.3
1783331760000,62606.8,62624.9,62580.4,62606.5
1783331820000,62599.7,62606.5,62569.3,62605.3
1783331880000,62609.5,62625.8,62584.6,62611.8
1783331940000,62614.9,62619.2,62599.7,62606.5
1783332000000,62599.4,62664.2,62575,62664.2
1783332060000,62667.4,62706.6,62637.3,62680.3
1783332120000,62683.8,62692.6,62650,62650
1783332180000,62677.8,62709.3,62650.9,62697.9
1783332240000,62701.8,62742.5,62682.5,62724.5
1783332300000,62720.7,62760.6,62693.5,62754.8
1783332360000,62758.7,62770.3,62718.1,62768.9
1783332420000,62760.1,62784.4,62739.2,62765.3
1783332480000,62758,62761.3,62704.4,62736.9
1783332540000,62745.5,62775.7,62721.3,62769.9
1783332600000,62770,62773.6,62747,62747.1
1783332660000,62768.5,62779.3,62741.6,62765.1
1783332720000,62761.3,62778.1,62740.8,62778.1
1783332780000,62780.7,62786.4,62754.5,62786.4
1783332840000,62761.7,62789.5,62756.5,62782
1783332900000,62786.1,62789.3,62760.5,62789.3
1783332960000,62789.6,62809,62760.8,62805.2
1783333020000,62807,62813.7,62778.7,62799.9
1783333080000,62800.9,62808.1,62770.5,62802.9
1783333140000,62804.2,62816.8,62790.1,62796.5
1783333200000,62790.9,62792.5,62761.3,62783.6
1783333260000,62758.5,62792.4,62758.5,62781.6
1783333320000,62784.5,62817.1,62771.9,62817.1
1783333380000,62788.5,62816.6,62780.2,62803.5
1783333440000,62801.3,62804.4,62777.4,62777.5
1783333500000,62796.4,62811.7,62777.5,62782.3
1783333560000,62782.4,62819.5,62782.4,62786.4
1783333620000,62786.3,62821,62785.7,62816.7
1783333680000,62791.3,62824.9,62791.3,62819.7
1783333740000,62792.7,62824.5,62792.5,62823.8
1783333800000,62798.8,62826.1,62798.8,62817.9
1783333860000,62791.1,62818.7,62791,62814.6
1783333920000,62816.7,62848.9,62792.1,62848.9
1783333980000,62850.4,62902.5,62819.1,62902.5
1783334040000,62907.8,62927.3,62849.2,62883.1
1783334100000,62878.7,62878.7,62850,62870.4
1783334160000,62875.5,62897.1,62852.3,62888.6
1783334220000,62872.3,62930.5,62868.2,62900.8
1783334280000,62919.3,62935.3,62886,62930.5
1783334340000,62931.7,62979.1,62902.5,62966.2
1783334400000,62970.3,62978.2,62882.2,62899.9
1783334460000,62900.6,62912.1,62831.7,62872.5
1783334520000,62876.7,62886.4,62838.7,62838.7
1783334580000,62856,62858.7,62826.8,62845
1783334640000,62849.9,62876.8,62828,62858.6
1783334700000,62857,62870.8,62831.2,62869.3
1783334760000,62863,62864.1,62841.8,62854.7
1783334820000,62855.9,62863.3,62815.9,62815.9
1783334880000,62841.3,62844.6,62799.4,62830.8
1783334940000,62825.1,62828.6,62754.5,62779.4
1783335000000,62768.9,62798,62744.8,62792
1783335060000,62789.3,62810.5,62761.1,62806.9
1783335120000,62811.3,62817.8,62788.8,62798.8
1783335180000,62797.7,62797.7,62743.4,62779.5
1783335240000,62781.3,62781.3,62739.4,62766.9
1783335300000,62767.4,62773.7,62733.1,62759
1783335360000,62761.3,62761.3,62725.8,62726
1783335420000,62726.1,62757.7,62725.9,62757.7
1783335480000,62762.3,62764.6,62727.5,62763.8
1783335540000,62764.6,62766.2,62757.3,62765.3
