timestamp,open,high,low,close
1781568000000,1.15912,1.15918,1.15906,1.15914
1781568060000,1.15914,1.15919,1.15912,1.15913
1781568120000,1.15913,1.15917,1.15911,1.15911
1781568180000,1.1591,1.15916,1.15907,1.15915
1781568240000,1.15917,1.15918,1.15914,1.15916
1781568300000,1.15916,1.15916,1.1591,1.15914
1781568360000,1.15913,1.15915,1.15905,1.1591
1781568420000,1.15911,1.15914,1.15909,1.15909
1781568480000,1.15907,1.15908,1.15902,1.15906
1781568540000,1.15907,1.15912,1.15907,1.15912
1781568600000,1.15911,1.15913,1.15907,1.15911
1781568660000,1.15911,1.15911,1.15897,1.159
1781568720000,1.15901,1.15902,1.15897,1.159
1781568780000,1.15902,1.15907,1.15901,1.15901
1781568840000,1.15901,1.15901,1.15894,1.15895
1781568900000,1.15895,1.15901,1.15891,1.15895
1781568960000,1.15895,1.15897,1.15892,1.15896
1781569020000,1.15896,1.159,1.1589,1.15893
1781569080000,1.15894,1.15894,1.15891,1.15893
1781569140000,1.15891,1.159,1.15891,1.15897
1781569200000,1.15897,1.15905,1.15897,1.15902
1781569260000,1.159,1.15902,1.15897,1.159
1781569320000,1.15901,1.15903,1.1589,1.1589
1781569380000,1.15891,1.15896,1.15891,1.15894
1781569440000,1.15896,1.15898,1.15892,1.15892
1781569500000,1.15891,1.15893,1.15889,1.15889
1781569560000,1.15889,1.15892,1.15885,1.15889
1781569620000,1.15889,1.1589,1.15878,1.15883
1781569680000,1.1588,1.15886,1.1588,1.15882
1781569740000,1.15883,1.15887,1.15883,1.15886
1781569800000,1.15882,1.15894,1.15882,1.15893
1781569860000,1.15893,1.15899,1.15892,1.15896
1781569920000,1.15896,1.15898,1.15893,1.15896
1781569980000,1.15896,1.15897,1.15891,1.15892
1781570040000,1.15893,1.15903,1.15893,1.15896
1781570100000,1.15896,1.15896,1.15892,1.15894
1781570160000,1.15893,1.15897,1.15893,1.15895
1781570220000,1.15896,1.15902,1.15896,1.159
1781570280000,1.159,1.15902,1.15899,1.15902
1781570340000,1.15901,1.15904,1.15901,1.15902
1781570400000,1.15901,1.15903,1.15901,1.15902
1781570460000,1.15904,1.15915,1.15904,1.15915
1781570520000,1.15915,1.15918,1.15913,1.15916
1781570580000,1.15916,1.15917,1.15914,1.15917
1781570640000,1.15916,1.15916,1.15913,1.15913
1781570700000,1.15913,1.15915,1.15906,1.15908
1781570760000,1.15907,1.15911,1.15907,1.15909
1781570820000,1.15908,1.15911,1.15906,1.1591
1781570880000,1.15909,1.1591,1.15906,1.15908
1781570940000,1.15909,1.15909,1.15902,1.15902
1781571000000,1.15904,1.15904,1.15895,1.15898
1781571060000,1.15895,1.15897,1.15892,1.15893
1781571120000,1.15894,1.15902,1.15894,1.15896
1781571180000,1.15897,1.159,1.15891,1.15891
1781571240000,1.15891,1.15898,1.15886,1.15896
1781571300000,1.15898,1.1591,1.15898,1.15907
1781571360000,1.15908,1.15913,1.15907,1.15908
1781571420000,1.15907,1.15918,1.15904,1.15918
1781571480000,1.15915,1.15925,1.15915,1.15925
1781571540000,1.15928,1.15935,1.15928,1.15929
1781571600000,1.15928,1.1593,1.15924,1.15928
1781571660000,1.15928,1.15943,1.15927,1.15943
1781571720000,1.15942,1.15946,1.15935,1.15939
1781571780000,1.15938,1.15942,1.15932,1.15942
1781571840000,1.1594,1.1595,1.1594,1.15949
1781571900000,1.15945,1.15945,1.15928,1.15935
1781571960000,1.15934,1.15934,1.15919,1.15919
1781572020000,1.15921,1.15923,1.15917,1.15923
1781572080000,1.15922,1.15934,1.15921,1.15927
1781572140000,1.15928,1.1593,1.15924,1.15928
1781572200000,1.15928,1.15936,1.15926,1.15928
1781572260000,1.15927,1.15928,1.15917,1.15918
1781572320000,1.15917,1.1592,1.15906,1.15913
1781572380000,1.15913,1.15915,1.15905,1.15912
1781572440000,1.15912,1.15924,1.15912,1.1592
1781572500000,1.15919,1.1592,1.15908,1.15913
1781572560000,1.15912,1.15912,1.15903,1.15908
1781572620000,1.15908,1.1591,1.15905,1.15908
1781572680000,1.15908,1.1591,1.15902,1.15904
1781572740000,1.15905,1.15913,1.15905,1.15911
1781572800000,1.15913,1.15917,1.15913,1.15916
1781572860000,1.15913,1.15913,1.15907,1.15909
1781572920000,1.15911,1.15913,1.15906,1.15907
1781572980000,1.15908,1.15913,1.15905,1.15908
1781573040000,1.15906,1.15906,1.15893,1.15893
1781573100000,1.15892,1.159,1.15892,1.15897
1781573160000,1.15897,1.15904,1.15897,1.15903
1781573220000,1.15904,1.15913,1.15902,1.15913
1781573280000,1.15912,1.15917,1.15909,1.15917
1781573340000,1.15916,1.15916,1.15908,1.15909
1781573400000,1.15908,1.15924,1.15908,1.15923
1781573460000,1.15922,1.15922,1.15916,1.15918
1781573520000,1.15916,1.15918,1.15908,1.15909
1781573580000,1.15908,1.15912,1.15902,1.15902
1781573640000,1.15905,1.1591,1.15903,1.15908
1781573700000,1.15909,1.15909,1.1589,1.15894
1781573760000,1.15893,1.15893,1.15882,1.15887
1781573820000,1.15887,1.15892,1.15885,1.15892
1781573880000,1.15891,1.15899,1.15891,1.15898
1781573940000,1.15896,1.15896,1.15889,1.15889
1781574000000,1.15889,1.15889,1.15883,1.15885
1781574060000,1.15887,1.15892,1.15887,1.15889
1781574120000,1.1589,1.15904,1.15879,1.15897
1781574180000,1.15895,1.15902,1.15893,1.15894
1781574240000,1.15894,1.15894,1.15884,1.15889
1781574300000,1.15892,1.15893,1.15886,1.15886
1781574360000,1.15888,1.15892,1.15887,1.15892
1781574420000,1.15893,1.15912,1.15893,1.15911
1781574480000,1.15913,1.15923,1.15911,1.15911
1781574540000,1.15912,1.15914,1.15911,1.15913
1781574600000,1.15913,1.15916,1.15912,1.15913
1781574660000,1.15913,1.15913,1.15903,1.15904
1781574720000,1.15906,1.1591,1.15903,1.15908
1781574780000,1.1591,1.15914,1.15908,1.15914
1781574840000,1.15914,1.15914,1.15907,1.15911
1781574900000,1.15909,1.1591,1.15891,1.15891
1781574960000,1.15892,1.15894,1.15876,1.15882
1781575020000,1.15882,1.15883,1.15874,1.15874
1781575080000,1.15876,1.15876,1.15867,1.15868
1781575140000,1.15869,1.15878,1.15869,1.15877
1781575200000,1.15876,1.15878,1.15869,1.15873
1781575260000,1.15873,1.15873,1.1587,1.15872
1781575320000,1.15874,1.15877,1.15862,1.15863
1781575380000,1.15862,1.15866,1.15853,1.15856
1781575440000,1.15854,1.15858,1.15852,1.15852
1781575500000,1.15852,1.15857,1.15847,1.15854
1781575560000,1.15856,1.15864,1.15855,1.15863
1781575620000,1.15863,1.15863,1.15856,1.15858
1781575680000,1.15858,1.15865,1.15858,1.15862
1781575740000,1.15862,1.15864,1.15856,1.15858
1781575800000,1.15859,1.15861,1.15856,1.15857
1781575860000,1.15855,1.15856,1.15851,1.15856
1781575920000,1.15856,1.15856,1.15856,1.15856
1781575980000,1.15859,1.15862,1.15856,1.15862
1781576040000,1.15861,1.15861,1.15845,1.15852
1781576100000,1.15852,1.15853,1.15848,1.1585
1781576160000,1.15852,1.15854,1.15842,1.15842
1781576220000,1.15841,1.15847,1.15841,1.15842
1781576280000,1.15843,1.15843,1.1584,1.15842
1781576340000,1.15842,1.15844,1.15832,1.15832
1781576400000,1.15832,1.15837,1.15825,1.15832
1781576460000,1.15833,1.15844,1.15833,1.15844
1781576520000,1.15843,1.15844,1.15839,1.15843
1781576580000,1.15842,1.15848,1.15842,1.15848
1781576640000,1.15849,1.15849,1.15842,1.15842
1781576700000,1.15845,1.15851,1.15844,1.15851
1781576760000,1.15853,1.15853,1.15852,1.15852
1781576820000,1.15851,1.15858,1.1585,1.15856
1781576880000,1.15857,1.15861,1.15857,1.15857
1781576940000,1.15859,1.15861,1.15857,1.1586
1781577000000,1.15862,1.15869,1.15862,1.15867
1781577060000,1.15866,1.15877,1.15866,1.15872
1781577120000,1.15874,1.15881,1.15874,1.15877
1781577180000,1.15876,1.15876,1.15873,1.15876
1781577240000,1.15877,1.15881,1.15876,1.15877
1781577300000,1.15876,1.15878,1.15872,1.15878
1781577360000,1.15877,1.15881,1.15877,1.15877
1781577420000,1.15877,1.1589,1.15877,1.1589
1781577480000,1.15891,1.15892,1.15885,1.15886
1781577540000,1.15885,1.15888,1.15883,1.15884
1781577600000,1.15884,1.15887,1.15879,1.15879
1781577660000,1.15881,1.15883,1.15877,1.15879
1781577720000,1.15877,1.1588,1.15877,1.15878
1781577780000,1.15877,1.15882,1.15877,1.1588
1781577840000,1.15879,1.15885,1.15879,1.15883
1781577900000,1.15881,1.15881,1.15872,1.15872
1781577960000,1.15872,1.15873,1.15863,1.15867
1781578020000,1.15865,1.15867,1.15865,1.15867
1781578080000,1.15867,1.15871,1.15867,1.15868
1781578140000,1.1587,1.15874,1.15868,1.15871
1781578200000,1.15872,1.15874,1.15865,1.15867
1781578260000,1.15871,1.15875,1.1587,1.15871
1781578320000,1.15872,1.15872,1.15866,1.15866
1781578380000,1.15864,1.15868,1.15862,1.15868
1781578440000,1.15866,1.15869,1.15866,1.15868
1781578500000,1.15867,1.15867,1.1586,1.15861
1781578560000,1.15861,1.15872,1.15861,1.15872
1781578620000,1.15872,1.15879,1.15872,1.15879
1781578680000,1.15877,1.15885,1.15877,1.15879
1781578740000,1.15879,1.15883,1.15876,1.15876
1781578800000,1.15876,1.15882,1.15872,1.15873
1781578860000,1.15872,1.15874,1.15868,1.15868
1781578920000,1.15869,1.15872,1.15864,1.15865
1781578980000,1.15865,1.15865,1.1585,1.15852
1781579040000,1.15851,1.15857,1.15848,1.15853
1781579100000,1.15855,1.15857,1.15855,1.15856
1781579160000,1.15857,1.15866,1.15857,1.15866
1781579220000,1.15865,1.15869,1.15862,1.15863
1781579280000,1.15863,1.15873,1.15863,1.15868
1781579340000,1.15868,1.15872,1.15867,1.15867
1781579400000,1.15868,1.15872,1.15867,1.15869
1781579460000,1.15869,1.15871,1.15868,1.15871
1781579520000,1.15868,1.15873,1.15867,1.15868
1781579580000,1.15869,1.15869,1.15868,1.15868
1781579640000,1.15868,1.15869,1.15867,1.15869
1781579700000,1.15867,1.15869,1.15867,1.15868
1781579760000,1.15866,1.15868,1.15866,1.15867
1781579820000,1.15867,1.15867,1.15856,1.15856
1781579880000,1.15858,1.15858,1.15858,1.15858
1781579940000,1.15858,1.15861,1.15839,1.15858
1781580000000,1.15859,1.15873,1.15858,1.15867
1781580060000,1.15868,1.15868,1.15851,1.15851
1781580120000,1.15853,1.15857,1.15849,1.15857
1781580180000,1.15856,1.15857,1.15852,1.15857
1781580240000,1.15857,1.15863,1.15857,1.15863
1781580300000,1.15863,1.15868,1.15859,1.15867
1781580360000,1.15868,1.15872,1.15864,1.15869
1781580420000,1.15867,1.15869,1.15862,1.15862
1781580480000,1.1586,1.15864,1.15854,1.15854
1781580540000,1.15852,1.15856,1.15849,1.15855
1781580600000,1.15855,1.15868,1.15855,1.15867
1781580660000,1.15866,1.15866,1.1586,1.15863
1781580720000,1.15863,1.15864,1.1586,1.15864
1781580780000,1.15865,1.15867,1.15863,1.15865
1781580840000,1.15869,1.15869,1.15867,1.15868
1781580900000,1.15867,1.15872,1.15867,1.15871
1781580960000,1.15869,1.15873,1.15867,1.15873
1781581020000,1.15871,1.15874,1.15871,1.15872
1781581080000,1.15873,1.15873,1.15869,1.1587
1781581140000,1.15869,1.15873,1.15869,1.15871
1781581200000,1.1587,1.15871,1.15866,1.15868
1781581260000,1.15869,1.15869,1.15861,1.15864
1781581320000,1.15863,1.15869,1.15862,1.15869
1781581380000,1.15867,1.15871,1.15867,1.15868
1781581440000,1.15872,1.15872,1.15867,1.15867
1781581500000,1.15867,1.15868,1.15862,1.15868
1781581560000,1.1587,1.15871,1.15865,1.15866
1781581620000,1.15865,1.15872,1.15864,1.15871
1781581680000,1.15872,1.15882,1.15871,1.15876
1781581740000,1.15876,1.15884,1.15875,1.15884
1781581800000,1.15882,1.15885,1.15882,1.15883
1781581860000,1.15883,1.15883,1.15873,1.15873
1781581920000,1.15874,1.15878,1.15874,1.15878
1781581980000,1.15878,1.15878,1.15874,1.15876
1781582040000,1.15877,1.15877,1.15871,1.15876
1781582100000,1.15874,1.15874,1.15867,1.1587
1781582160000,1.15871,1.15871,1.15863,1.15864
1781582220000,1.15865,1.15866,1.15864,1.15864
1781582280000,1.15864,1.15865,1.15858,1.15861
1781582340000,1.15861,1.15864,1.15861,1.15863
1781582400000,1.15861,1.15869,1.15861,1.15867
1781582460000,1.15866,1.15866,1.15859,1.15859
1781582520000,1.15859,1.15862,1.1585,1.15852
1781582580000,1.15851,1.15856,1.15851,1.15854
1781582640000,1.15852,1.15852,1.15838,1.15838
1781582700000,1.15839,1.15839,1.15831,1.15833
1781582760000,1.15831,1.15833,1.15823,1.15826
1781582820000,1.15825,1.15827,1.15825,1.15826
1781582880000,1.15826,1.15829,1.15824,1.15825
1781582940000,1.15826,1.15828,1.15819,1.15828
1781583000000,1.15827,1.15827,1.15821,1.15823
1781583060000,1.15822,1.15826,1.1582,1.15823
1781583120000,1.15821,1.15824,1.15805,1.15807
1781583180000,1.15807,1.15807,1.15785,1.15798
1781583240000,1.158,1.15802,1.15794,1.15794
1781583300000,1.15793,1.15807,1.15793,1.15807
1781583360000,1.15807,1.15808,1.15804,1.15806
1781583420000,1.15806,1.15807,1.15802,1.15806
1781583480000,1.15804,1.15807,1.15799,1.15799
1781583540000,1.15799,1.15806,1.15787,1.15806
1781583600000,1.15807,1.15812,1.15801,1.15802
1781583660000,1.15802,1.15805,1.15798,1.158
1781583720000,1.15797,1.15798,1.15786,1.15787
1781583780000,1.15786,1.15786,1.15782,1.15785
1781583840000,1.15783,1.15787,1.15776,1.15777
1781583900000,1.15777,1.15781,1.15756,1.15763
1781583960000,1.15762,1.15773,1.15759,1.15763
1781584020000,1.15763,1.15767,1.15758,1.15765
1781584080000,1.15765,1.15776,1.15765,1.15775
1781584140000,1.15778,1.15785,1.15778,1.15781
1781584200000,1.15782,1.15788,1.15775,1.15783
1781584260000,1.15782,1.15798,1.1578,1.15794
1781584320000,1.15796,1.15803,1.15792,1.15792
1781584380000,1.15791,1.15795,1.15787,1.15789
1781584440000,1.15789,1.15789,1.15772,1.15776
1781584500000,1.15776,1.1579,1.15771,1.1579
1781584560000,1.1579,1.1579,1.15782,1.15788
1781584620000,1.15786,1.15788,1.15782,1.15786
1781584680000,1.15787,1.15791,1.15785,1.15785
1781584740000,1.15787,1.1579,1.15785,1.1579
1781584800000,1.15789,1.15792,1.15787,1.15788
1781584860000,1.15789,1.15792,1.15788,1.15791
1781584920000,1.15791,1.15791,1.15788,1.15791
1781584980000,1.15789,1.1579,1.15787,1.15787
1781585040000,1.15788,1.15789,1.15786,1.15787
1781585100000,1.15789,1.15791,1.15786,1.15789
1781585160000,1.1579,1.1579,1.15784,1.15785
1781585220000,1.15785,1.15786,1.15775,1.15777
1781585280000,1.15778,1.15781,1.15775,1.15778
1781585340000,1.15779,1.15787,1.15779,1.15787
1781585400000,1.15786,1.15789,1.1578,1.1578
1781585460000,1.15781,1.15784,1.15778,1.15783
1781585520000,1.15783,1.15785,1.15769,1.1577
1781585580000,1.15769,1.15771,1.15763,1.15768
1781585640000,1.15769,1.15772,1.15767,1.15769
1781585700000,1.1577,1.15778,1.1577,1.15777
1781585760000,1.1578,1.1579,1.1578,1.15788
1781585820000,1.15787,1.1579,1.15783,1.15783
1781585880000,1.15785,1.15793,1.15785,1.15789
1781585940000,1.15791,1.15794,1.15788,1.15788
1781586000000,1.15788,1.15794,1.15786,1.15787
1781586060000,1.15788,1.15798,1.15787,1.15798
1781586120000,1.15797,1.158,1.15794,1.15798
1781586180000,1.15799,1.15805,1.15799,1.15804
1781586240000,1.15803,1.15809,1.15799,1.15803
1781586300000,1.15803,1.15804,1.15794,1.15799
1781586360000,1.15798,1.15799,1.15795,1.15796
1781586420000,1.15796,1.15799,1.15795,1.15798
1781586480000,1.15799,1.15799,1.15797,1.15797
1781586540000,1.15797,1.15799,1.15797,1.15798
1781586600000,1.15798,1.15798,1.1579,1.15793
1781586660000,1.15793,1.15793,1.15789,1.15789
1781586720000,1.15787,1.15787,1.15783,1.15783
1781586780000,1.15782,1.15784,1.1578,1.15782
1781586840000,1.15783,1.15784,1.15774,1.15774
1781586900000,1.15773,1.15782,1.15773,1.15781
1781586960000,1.15782,1.15783,1.15776,1.15782
1781587020000,1.15783,1.15783,1.15776,1.15777
1781587080000,1.15778,1.15782,1.15777,1.15782
1781587140000,1.1578,1.15781,1.15776,1.15778
1781587200000,1.15777,1.15777,1.1577,1.15771
1781587260000,1.15775,1.1578,1.15774,1.15776
1781587320000,1.15778,1.15784,1.15777,1.15783
1781587380000,1.15783,1.15783,1.15782,1.15783
1781587440000,1.15784,1.15787,1.1578,1.15781
1781587500000,1.15781,1.15784,1.15781,1.15784
1781587560000,1.15784,1.15785,1.15783,1.15785
1781587620000,1.15785,1.15793,1.15785,1.15792
1781587680000,1.15792,1.15793,1.15787,1.15789
1781587740000,1.15788,1.15794,1.15788,1.15794
1781587800000,1.15793,1.15804,1.15793,1.15799
1781587860000,1.15801,1.15802,1.158,1.15801
1781587920000,1.15802,1.15802,1.15796,1.158
1781587980000,1.15799,1.15799,1.15788,1.15798
1781588040000,1.15798,1.15801,1.1579,1.1579
1781588100000,1.15789,1.15803,1.15788,1.15803
1781588160000,1.15803,1.15805,1.15795,1.15798
1781588220000,1.15798,1.15798,1.15785,1.15788
1781588280000,1.15787,1.15792,1.15786,1.15792
1781588340000,1.15792,1.15792,1.15787,1.15787
1781588400000,1.15789,1.15792,1.15787,1.15787
1781588460000,1.1579,1.15796,1.15788,1.15788
1781588520000,1.15787,1.15787,1.15783,1.15783
1781588580000,1.15782,1.15784,1.15781,1.15783
1781588640000,1.15783,1.15783,1.1577,1.15772
1781588700000,1.15772,1.15774,1.15771,1.15773
1781588760000,1.15773,1.15777,1.15772,1.15772
1781588820000,1.15772,1.15773,1.15765,1.15769
1781588880000,1.15769,1.15769,1.15763,1.15769
1781588940000,1.15767,1.15767,1.15753,1.15755
1781589000000,1.15758,1.15764,1.15758,1.15763
1781589060000,1.15763,1.1577,1.15762,1.15769
1781589120000,1.1577,1.1577,1.15766,1.15767
1781589180000,1.15768,1.15773,1.1576,1.1576
1781589240000,1.15762,1.15762,1.15757,1.15758
1781589300000,1.15758,1.1576,1.15751,1.15756
1781589360000,1.15757,1.15763,1.15753,1.15759
1781589420000,1.15759,1.15761,1.15758,1.1576
1781589480000,1.15759,1.15759,1.15753,1.15756
1781589540000,1.15757,1.15758,1.15753,1.15753
1781589600000,1.1575,1.15763,1.15748,1.1576
1781589660000,1.15759,1.15765,1.15759,1.15763
1781589720000,1.15764,1.15773,1.15764,1.15768
1781589780000,1.15771,1.15773,1.15768,1.1577
1781589840000,1.15769,1.15776,1.15767,1.15772
1781589900000,1.15773,1.15775,1.15767,1.15774
1781589960000,1.15774,1.15775,1.15764,1.15768
1781590020000,1.15769,1.15773,1.15749,1.15749
1781590080000,1.15751,1.15755,1.1575,1.15754
1781590140000,1.15753,1.15755,1.15751,1.15754
1781590200000,1.15755,1.15757,1.1575,1.1575
1781590260000,1.1575,1.15765,1.15748,1.15761
1781590320000,1.15762,1.15771,1.15762,1.1577
1781590380000,1.15769,1.1577,1.15765,1.15769
1781590440000,1.15769,1.15776,1.15767,1.1577
1781590500000,1.15769,1.15769,1.15764,1.15766
1781590560000,1.15766,1.15776,1.15766,1.15775
1781590620000,1.15775,1.15775,1.15768,1.15769
1781590680000,1.15769,1.15769,1.15757,1.15759
1781590740000,1.15761,1.15768,1.15758,1.15763
1781590800000,1.15764,1.15765,1.15761,1.15764
1781590860000,1.15764,1.15765,1.15761,1.15761
1781590920000,1.15762,1.15764,1.15755,1.15757
1781590980000,1.15756,1.15758,1.15751,1.15751
1781591040000,1.1575,1.15752,1.15748,1.15749
1781591100000,1.1575,1.15769,1.1575,1.15769
1781591160000,1.15771,1.1578,1.1577,1.15777
1781591220000,1.15777,1.15778,1.1577,1.15773
1781591280000,1.15772,1.15784,1.15772,1.15784
1781591340000,1.15785,1.15788,1.15781,1.15784
1781591400000,1.15784,1.15786,1.15777,1.15782
1781591460000,1.1578,1.15794,1.1578,1.15791
1781591520000,1.15792,1.15816,1.15792,1.15815
1781591580000,1.15815,1.15831,1.15814,1.1583
1781591640000,1.15829,1.15846,1.15824,1.15839
1781591700000,1.15839,1.1584,1.15816,1.1584
1781591760000,1.1584,1.15848,1.15831,1.15843
1781591820000,1.15844,1.15852,1.15843,1.1585
1781591880000,1.15849,1.15853,1.15846,1.15848
1781591940000,1.15848,1.15855,1.15847,1.15849
1781592000000,1.15847,1.1585,1.15842,1.15843
1781592060000,1.15843,1.1585,1.15838,1.1585
1781592120000,1.1585,1.15853,1.15842,1.15848
1781592180000,1.15848,1.15848,1.15831,1.15833
1781592240000,1.15836,1.15836,1.15813,1.15813
1781592300000,1.15815,1.15826,1.15815,1.15824
1781592360000,1.15822,1.1584,1.15821,1.15833
1781592420000,1.15832,1.15832,1.15815,1.15816
1781592480000,1.15812,1.15842,1.15811,1.15841
1781592540000,1.15841,1.15843,1.15834,1.15837
1781592600000,1.15835,1.15844,1.15832,1.15844
1781592660000,1.15847,1.15854,1.15843,1.15848
1781592720000,1.15849,1.15852,1.15843,1.1585
1781592780000,1.1585,1.15854,1.15826,1.15842
1781592840000,1.1584,1.15843,1.15832,1.15839
1781592900000,1.1584,1.15864,1.15839,1.15862
1781592960000,1.15863,1.15872,1.15861,1.15867
1781593020000,1.15865,1.15867,1.15851,1.15856
1781593080000,1.15856,1.15868,1.15855,1.15865
1781593140000,1.15863,1.15875,1.15863,1.15873
1781593200000,1.15873,1.15876,1.15859,1.1586
1781593260000,1.15859,1.15882,1.15855,1.15874
1781593320000,1.15874,1.15876,1.15857,1.1586
1781593380000,1.1586,1.1587,1.15859,1.15859
1781593440000,1.15858,1.15869,1.1585,1.15869
1781593500000,1.15869,1.15885,1.15868,1.15883
1781593560000,1.15884,1.15902,1.15882,1.15899
1781593620000,1.15896,1.15896,1.15872,1.1588
1781593680000,1.15882,1.15903,1.15882,1.15884
1781593740000,1.15883,1.15892,1.15877,1.15889
1781593800000,1.1589,1.1589,1.15878,1.15878
1781593860000,1.15877,1.15892,1.15877,1.15886
1781593920000,1.15885,1.1589,1.15877,1.15881
1781593980000,1.1588,1.15881,1.15874,1.15879
1781594040000,1.15877,1.15888,1.15874,1.1588
1781594100000,1.15881,1.15884,1.15877,1.15879
1781594160000,1.15881,1.15895,1.15875,1.15895
1781594220000,1.15897,1.15903,1.15887,1.15887
1781594280000,1.15886,1.15895,1.15882,1.15894
1781594340000,1.15894,1.159,1.15885,1.15893
1781594400000,1.15894,1.15894,1.15886,1.15888
1781594460000,1.15889,1.15893,1.15888,1.15892
1781594520000,1.15892,1.15892,1.15876,1.15882
1781594580000,1.15883,1.15885,1.15883,1.15883
1781594640000,1.15883,1.15887,1.15878,1.1588
1781594700000,1.15879,1.15884,1.15871,1.15883
1781594760000,1.15885,1.15891,1.15885,1.15889
1781594820000,1.15889,1.15896,1.15883,1.15894
1781594880000,1.15894,1.15899,1.15888,1.15888
1781594940000,1.15889,1.15912,1.15886,1.1591
1781595000000,1.1591,1.15916,1.15898,1.15905
1781595060000,1.15903,1.1592,1.15903,1.15913
1781595120000,1.15914,1.15915,1.15908,1.15909
1781595180000,1.15908,1.15909,1.15893,1.159
1781595240000,1.15901,1.15913,1.15899,1.15908
1781595300000,1.15907,1.15927,1.15906,1.15919
1781595360000,1.15919,1.15927,1.1591,1.15927
1781595420000,1.15925,1.15925,1.15908,1.15919
1781595480000,1.15918,1.15918,1.15908,1.15909
1781595540000,1.15909,1.15928,1.15907,1.15927
1781595600000,1.15929,1.15929,1.15923,1.15928
1781595660000,1.15929,1.15931,1.15927,1.15929
1781595720000,1.15929,1.15937,1.15926,1.15928
1781595780000,1.15928,1.15928,1.15925,1.15928
1781595840000,1.15929,1.15932,1.15925,1.15929
1781595900000,1.15929,1.15931,1.15918,1.15918
1781595960000,1.15918,1.15925,1.15918,1.15922
1781596020000,1.15922,1.15928,1.15918,1.15928
1781596080000,1.1593,1.15934,1.15921,1.15921
1781596140000,1.15921,1.15923,1.15917,1.15917
1781596200000,1.15921,1.15937,1.15921,1.15935
1781596260000,1.15935,1.15938,1.1593,1.1593
1781596320000,1.15933,1.15937,1.15926,1.15928
1781596380000,1.15922,1.15932,1.15922,1.15929
1781596440000,1.15928,1.15928,1.15917,1.15917
1781596500000,1.15917,1.15928,1.15917,1.15928
1781596560000,1.15927,1.15939,1.15927,1.15934
1781596620000,1.15934,1.15946,1.15934,1.15944
1781596680000,1.15945,1.15948,1.15943,1.15944
1781596740000,1.15944,1.15956,1.15944,1.15952
1781596800000,1.15956,1.15958,1.15945,1.15946
1781596860000,1.15946,1.15947,1.15932,1.15944
1781596920000,1.15943,1.1595,1.15942,1.15949
1781596980000,1.15948,1.15953,1.15942,1.15953
1781597040000,1.15952,1.15967,1.15952,1.15959
1781597100000,1.15961,1.15964,1.15957,1.15963
1781597160000,1.15964,1.15974,1.15962,1.15965
1781597220000,1.15966,1.15976,1.15962,1.15964
1781597280000,1.15964,1.15973,1.15963,1.15968
1781597340000,1.15967,1.15969,1.15956,1.15959
1781597400000,1.15963,1.15978,1.15961,1.15977
1781597460000,1.15977,1.1598,1.15973,1.15976
1781597520000,1.15977,1.15992,1.15977,1.15988
1781597580000,1.15987,1.15994,1.15977,1.15994
1781597640000,1.15993,1.15993,1.15979,1.15988
1781597700000,1.15987,1.15992,1.15976,1.15976
1781597760000,1.15974,1.15987,1.15973,1.15983
1781597820000,1.15981,1.16002,1.15978,1.16002
1781597880000,1.15999,1.15999,1.15988,1.15992
1781597940000,1.1599,1.1599,1.15982,1.15987
1781598000000,1.15988,1.15995,1.15976,1.15978
1781598060000,1.15977,1.15994,1.15972,1.15984
1781598120000,1.15983,1.15985,1.15975,1.15977
1781598180000,1.15976,1.15979,1.15973,1.15977
1781598240000,1.15976,1.15987,1.15976,1.15977
1781598300000,1.15978,1.15998,1.15976,1.15998
1781598360000,1.15999,1.16004,1.15999,1.16002
1781598420000,1.16001,1.16002,1.15997,1.15999
1781598480000,1.16,1.16018,1.16,1.16018
1781598540000,1.16016,1.16019,1.15998,1.16016
1781598600000,1.16013,1.16022,1.16006,1.16013
1781598660000,1.16014,1.16021,1.16007,1.16014
1781598720000,1.16014,1.1602,1.16008,1.16009
1781598780000,1.16012,1.16012,1.15999,1.16008
1781598840000,1.16008,1.16016,1.16006,1.16014
1781598900000,1.16015,1.16017,1.16007,1.16007
1781598960000,1.16005,1.16009,1.15998,1.15998
1781599020000,1.15999,1.16004,1.15997,1.15999
1781599080000,1.15997,1.15999,1.15989,1.15989
1781599140000,1.1599,1.15998,1.15989,1.15997
1781599200000,1.15997,1.16013,1.15996,1.16011
1781599260000,1.16012,1.16012,1.16001,1.16004
1781599320000,1.16003,1.16009,1.15997,1.16005
1781599380000,1.16003,1.16004,1.16002,1.16003
1781599440000,1.16005,1.1601,1.16005,1.16008
1781599500000,1.16008,1.16013,1.16008,1.16008
1781599560000,1.1601,1.16014,1.16007,1.16009
1781599620000,1.16009,1.1601,1.15999,1.16001
1781599680000,1.16001,1.16012,1.15995,1.1601
1781599740000,1.16011,1.16018,1.16009,1.16014
1781599800000,1.16013,1.16017,1.16011,1.16013
1781599860000,1.16014,1.16034,1.16013,1.16033
1781599920000,1.16037,1.1604,1.16033,1.16034
1781599980000,1.16035,1.16047,1.16035,1.16047
1781600040000,1.16047,1.16048,1.1604,1.16047
1781600100000,1.16047,1.16057,1.16043,1.16053
1781600160000,1.16054,1.16057,1.1605,1.16057
1781600220000,1.16058,1.16064,1.16052,1.16064
1781600280000,1.16064,1.16064,1.16057,1.16057
1781600340000,1.16056,1.16057,1.16051,1.16056
1781600400000,1.16055,1.16068,1.16055,1.16068
1781600460000,1.16066,1.16068,1.16055,1.16058
1781600520000,1.16059,1.16068,1.16047,1.16047
1781600580000,1.16046,1.16051,1.16041,1.16046
1781600640000,1.16047,1.16048,1.16042,1.16042
1781600700000,1.16043,1.16049,1.16038,1.16048
1781600760000,1.16047,1.16052,1.16033,1.16051
1781600820000,1.16055,1.16071,1.1605,1.16058
1781600880000,1.16061,1.16089,1.16061,1.16089
1781600940000,1.16088,1.1609,1.16074,1.16074
1781601000000,1.16074,1.16091,1.16072,1.16088
1781601060000,1.1609,1.16093,1.16084,1.16087
1781601120000,1.16086,1.16088,1.16072,1.16073
1781601180000,1.16073,1.16073,1.16061,1.16069
1781601240000,1.16071,1.16076,1.16066,1.1607
1781601300000,1.1607,1.16073,1.16062,1.16072
1781601360000,1.16073,1.16073,1.16063,1.16065
1781601420000,1.16066,1.16069,1.1606,1.1606
1781601480000,1.16061,1.16062,1.16047,1.16049
1781601540000,1.16047,1.16052,1.16041,1.16047
1781601600000,1.16047,1.16051,1.16041,1.16048
1781601660000,1.16047,1.16052,1.16046,1.16048
1781601720000,1.16048,1.16054,1.16044,1.16044
1781601780000,1.16043,1.16048,1.16031,1.16037
1781601840000,1.16037,1.16038,1.1603,1.1603
1781601900000,1.16029,1.16031,1.16022,1.16023
1781601960000,1.16024,1.16029,1.1602,1.16026
1781602020000,1.16027,1.16028,1.16019,1.16021
1781602080000,1.1602,1.1602,1.16004,1.16009
1781602140000,1.16007,1.16018,1.16007,1.16013
1781602200000,1.16015,1.16033,1.16015,1.16032
1781602260000,1.16032,1.16032,1.16027,1.16028
1781602320000,1.16026,1.16032,1.16021,1.16028
1781602380000,1.16029,1.16031,1.16026,1.16027
1781602440000,1.16026,1.16027,1.16013,1.16014
1781602500000,1.16015,1.16015,1.15999,1.16
1781602560000,1.16001,1.16011,1.16,1.16007
1781602620000,1.16007,1.16025,1.16007,1.16021
1781602680000,1.16021,1.16021,1.16013,1.16017
1781602740000,1.16018,1.16018,1.1601,1.16017
1781602800000,1.16014,1.1602,1.16012,1.1602
1781602860000,1.1602,1.16021,1.16014,1.16016
1781602920000,1.16016,1.16019,1.16013,1.16013
1781602980000,1.16013,1.16014,1.1601,1.1601
1781603040000,1.16012,1.16012,1.16003,1.16007
1781603100000,1.16006,1.16006,1.15998,1.16005
1781603160000,1.16005,1.16008,1.16002,1.16007
1781603220000,1.16008,1.16014,1.16007,1.16008
1781603280000,1.16009,1.16015,1.16007,1.16011
1781603340000,1.16011,1.16012,1.15998,1.15998
1781603400000,1.15998,1.16011,1.15998,1.16011
1781603460000,1.1601,1.16017,1.16008,1.16014
1781603520000,1.16014,1.16015,1.16007,1.16015
1781603580000,1.16014,1.16014,1.16009,1.1601
1781603640000,1.16011,1.16012,1.16008,1.16012
1781603700000,1.16012,1.16018,1.16008,1.16013
1781603760000,1.16011,1.16013,1.16009,1.16011
1781603820000,1.16013,1.16018,1.16013,1.16017
1781603880000,1.16016,1.16021,1.16015,1.1602
1781603940000,1.16021,1.16021,1.1601,1.1601
1781604000000,1.16009,1.16014,1.16007,1.1601
1781604060000,1.16008,1.16025,1.16007,1.16018
1781604120000,1.16018,1.16023,1.16009,1.16011
1781604180000,1.16011,1.16015,1.16011,1.16013
1781604240000,1.16013,1.16013,1.16009,1.1601
1781604300000,1.16012,1.16013,1.16004,1.16008
1781604360000,1.16009,1.16015,1.16008,1.16013
1781604420000,1.16012,1.16023,1.16012,1.16023
1781604480000,1.16022,1.16031,1.16022,1.16025
1781604540000,1.16027,1.16039,1.16026,1.16039
1781604600000,1.16036,1.16053,1.16034,1.16049
1781604660000,1.16048,1.1606,1.16042,1.16059
1781604720000,1.16058,1.16077,1.16058,1.16069
1781604780000,1.16071,1.16073,1.16062,1.16072
1781604840000,1.16072,1.16077,1.16068,1.1607
1781604900000,1.16069,1.16079,1.16067,1.16079
1781604960000,1.16079,1.16088,1.16079,1.16088
1781605020000,1.16088,1.16098,1.16085,1.16093
1781605080000,1.16093,1.16099,1.16091,1.16097
1781605140000,1.16097,1.16097,1.1609,1.16091
1781605200000,1.16091,1.16098,1.16088,1.16097
1781605260000,1.16097,1.16129,1.16097,1.16128
1781605320000,1.16128,1.16128,1.16103,1.16117
1781605380000,1.16115,1.16116,1.16108,1.16113
1781605440000,1.16114,1.16114,1.16109,1.16113
1781605500000,1.16114,1.16114,1.161,1.16111
1781605560000,1.16114,1.16115,1.16104,1.16104
1781605620000,1.16106,1.16115,1.16101,1.16101
1781605680000,1.16102,1.16103,1.16094,1.16095
1781605740000,1.16093,1.16096,1.16088,1.1609
1781605800000,1.1609,1.16092,1.16077,1.16078
1781605860000,1.16078,1.16085,1.16076,1.1608
1781605920000,1.16079,1.16086,1.16079,1.16082
1781605980000,1.16083,1.16094,1.16083,1.16093
1781606040000,1.16092,1.16094,1.16091,1.16092
1781606100000,1.1609,1.16103,1.16089,1.16097
1781606160000,1.161,1.16102,1.16092,1.16097
1781606220000,1.16098,1.161,1.16096,1.16097
1781606280000,1.16097,1.16103,1.16089,1.16102
1781606340000,1.16103,1.16103,1.1609,1.16091
1781606400000,1.16092,1.1611,1.16092,1.1611
1781606460000,1.16109,1.16111,1.16107,1.16107
1781606520000,1.16107,1.16114,1.16106,1.16113
1781606580000,1.16113,1.16118,1.1611,1.16117
1781606640000,1.1612,1.16121,1.16112,1.16113
1781606700000,1.16112,1.16117,1.1611,1.1611
1781606760000,1.1611,1.16117,1.1611,1.16112
1781606820000,1.16113,1.16117,1.16111,1.16111
1781606880000,1.1611,1.16111,1.16107,1.1611
1781606940000,1.16108,1.16109,1.16095,1.16099
1781607000000,1.16098,1.16102,1.16096,1.16101
1781607060000,1.161,1.16107,1.16099,1.16106
1781607120000,1.16108,1.16112,1.16094,1.16099
1781607180000,1.16098,1.16103,1.16097,1.16098
1781607240000,1.16099,1.16108,1.16099,1.16101
1781607300000,1.161,1.16103,1.16092,1.16098
1781607360000,1.16099,1.1611,1.16099,1.16102
1781607420000,1.16103,1.16107,1.16097,1.16101
1781607480000,1.161,1.16114,1.161,1.16114
1781607540000,1.16116,1.16124,1.16115,1.16119
1781607600000,1.16117,1.16117,1.16101,1.16102
1781607660000,1.16101,1.16108,1.16099,1.161
1781607720000,1.16102,1.16103,1.16087,1.16087
1781607780000,1.16088,1.16088,1.16082,1.16086
1781607840000,1.16084,1.1609,1.16081,1.16086
1781607900000,1.16087,1.16094,1.16084,1.16094
1781607960000,1.16093,1.16093,1.1608,1.16081
1781608020000,1.16081,1.16089,1.1608,1.1608
1781608080000,1.16079,1.16084,1.16075,1.16083
1781608140000,1.16083,1.16083,1.16073,1.16078
1781608200000,1.1608,1.16082,1.16078,1.16078
1781608260000,1.16077,1.16083,1.16076,1.16081
1781608320000,1.16082,1.16091,1.16081,1.1609
1781608380000,1.16087,1.16093,1.16084,1.16093
1781608440000,1.16092,1.16094,1.16088,1.16088
1781608500000,1.16089,1.16089,1.16073,1.16074
1781608560000,1.16076,1.16078,1.16073,1.16073
1781608620000,1.16076,1.16078,1.1607,1.16078
1781608680000,1.16076,1.16078,1.16059,1.16059
1781608740000,1.16059,1.16062,1.16055,1.16056
1781608800000,1.16058,1.16062,1.16055,1.16058
1781608860000,1.16057,1.16062,1.16055,1.16057
1781608920000,1.16057,1.16058,1.16041,1.16049
1781608980000,1.16048,1.1605,1.16042,1.16042
1781609040000,1.16041,1.16046,1.16035,1.16042
1781609100000,1.16041,1.16048,1.16038,1.1604
1781609160000,1.1604,1.16042,1.16033,1.16034
1781609220000,1.16034,1.16046,1.16034,1.16044
1781609280000,1.16045,1.16046,1.16035,1.16043
1781609340000,1.16044,1.16047,1.16041,1.16041
1781609400000,1.16041,1.16048,1.16038,1.16044
1781609460000,1.16046,1.16055,1.16044,1.16052
1781609520000,1.1605,1.16055,1.16046,1.16052
1781609580000,1.16053,1.16053,1.16047,1.16051
1781609640000,1.16052,1.16066,1.16049,1.16053
1781609700000,1.16054,1.16058,1.16051,1.16051
1781609760000,1.16052,1.16052,1.16047,1.16047
1781609820000,1.16043,1.16043,1.16031,1.16031
1781609880000,1.1603,1.16035,1.16028,1.16034
1781609940000,1.16033,1.16036,1.16029,1.16029
1781610000000,1.16028,1.16028,1.16011,1.16011
1781610060000,1.16014,1.16015,1.16005,1.16007
1781610120000,1.16006,1.16007,1.15992,1.15992
1781610180000,1.15991,1.15991,1.15977,1.15985
1781610240000,1.15984,1.15997,1.15984,1.15997
1781610300000,1.15995,1.16002,1.15985,1.15991
1781610360000,1.1599,1.15999,1.1599,1.15997
1781610420000,1.15995,1.15998,1.15989,1.15991
1781610480000,1.1599,1.15993,1.15987,1.1599
1781610540000,1.15989,1.15994,1.15989,1.15992
1781610600000,1.15993,1.16007,1.15993,1.16002
1781610660000,1.16004,1.16004,1.15996,1.16001
1781610720000,1.16,1.16001,1.15992,1.15992
1781610780000,1.15992,1.15992,1.15971,1.15986
1781610840000,1.15983,1.15987,1.15977,1.15977
1781610900000,1.15975,1.1598,1.15971,1.15979
1781610960000,1.15981,1.15991,1.15981,1.15985
1781611020000,1.15985,1.15992,1.15974,1.15984
1781611080000,1.15983,1.15995,1.1598,1.15994
1781611140000,1.15994,1.15996,1.15986,1.15989
1781611200000,1.15988,1.15992,1.1598,1.15984
1781611260000,1.15983,1.15987,1.15979,1.1598
1781611320000,1.15981,1.1599,1.15981,1.1599
1781611380000,1.15988,1.15988,1.15979,1.15983
1781611440000,1.15982,1.15982,1.15959,1.15961
1781611500000,1.15963,1.15967,1.15948,1.15956
1781611560000,1.15954,1.15962,1.15946,1.15961
1781611620000,1.15961,1.15961,1.15955,1.15956
1781611680000,1.15954,1.1596,1.15948,1.1596
1781611740000,1.1596,1.15962,1.15938,1.15939
1781611800000,1.15939,1.15946,1.15934,1.15937
1781611860000,1.15938,1.15944,1.15937,1.15944
1781611920000,1.15943,1.1595,1.15943,1.1595
1781611980000,1.15951,1.15966,1.15948,1.15965
1781612040000,1.15965,1.15976,1.15965,1.15973
1781612100000,1.15974,1.1598,1.1596,1.1596
1781612160000,1.15963,1.15968,1.15955,1.15956
1781612220000,1.15956,1.15957,1.1594,1.15951
1781612280000,1.15951,1.15963,1.15949,1.15962
1781612340000,1.15961,1.15961,1.15952,1.15952
1781612400000,1.15954,1.15954,1.15926,1.15927
1781612460000,1.15926,1.15934,1.15914,1.15914
1781612520000,1.15915,1.15941,1.15912,1.1594
1781612580000,1.15938,1.15953,1.15935,1.15948
1781612640000,1.1595,1.15958,1.15947,1.15948
1781612700000,1.15947,1.15957,1.15942,1.15945
1781612760000,1.15945,1.15952,1.15942,1.15952
1781612820000,1.15949,1.15949,1.15942,1.15943
1781612880000,1.15943,1.15948,1.15941,1.15946
1781612940000,1.15947,1.15952,1.15946,1.15948
1781613000000,1.15948,1.15953,1.15946,1.15951
1781613060000,1.15953,1.1598,1.15953,1.15976
1781613120000,1.15976,1.15976,1.15966,1.15971
1781613180000,1.15971,1.15971,1.15958,1.15963
1781613240000,1.15963,1.15966,1.1595,1.15953
1781613300000,1.15953,1.15958,1.15951,1.15956
1781613360000,1.15954,1.15961,1.15946,1.15961
1781613420000,1.1596,1.15981,1.15955,1.15979
1781613480000,1.1598,1.15985,1.15974,1.15983
1781613540000,1.15985,1.15989,1.15981,1.15988
1781613600000,1.15986,1.15993,1.1598,1.15992
1781613660000,1.15996,1.15999,1.15986,1.15994
1781613720000,1.15994,1.16009,1.15994,1.16007
1781613780000,1.16006,1.16012,1.15999,1.16012
1781613840000,1.16012,1.16018,1.16008,1.16009
1781613900000,1.16008,1.16011,1.16004,1.16005
1781613960000,1.16004,1.16011,1.16003,1.16007
1781614020000,1.16006,1.16006,1.1598,1.15981
1781614080000,1.15979,1.15998,1.15975,1.15983
1781614140000,1.15983,1.15983,1.15965,1.15967
1781614200000,1.15965,1.15981,1.15964,1.15977
1781614260000,1.15979,1.16003,1.15977,1.15999
1781614320000,1.16001,1.16006,1.1599,1.1599
1781614380000,1.1599,1.1599,1.15965,1.15973
1781614440000,1.15971,1.1598,1.15964,1.1597
1781614500000,1.15972,1.15981,1.1597,1.15979
1781614560000,1.1598,1.1599,1.15978,1.15986
1781614620000,1.15984,1.15991,1.15979,1.15985
1781614680000,1.15988,1.15995,1.15988,1.15995
1781614740000,1.15995,1.15999,1.15995,1.15996
1781614800000,1.15993,1.16007,1.15992,1.16007
1781614860000,1.16006,1.16014,1.16005,1.1601
1781614920000,1.16012,1.16026,1.16004,1.16026
1781614980000,1.16025,1.16025,1.16008,1.1601
1781615040000,1.16011,1.16011,1.15996,1.16004
1781615100000,1.16001,1.16004,1.15996,1.15997
1781615160000,1.15996,1.16018,1.15996,1.16018
1781615220000,1.16016,1.1602,1.16013,1.16019
1781615280000,1.16019,1.16023,1.16007,1.16018
1781615340000,1.16017,1.16023,1.16008,1.16008
1781615400000,1.16006,1.16011,1.16006,1.16009
1781615460000,1.1601,1.16017,1.16008,1.16012
1781615520000,1.16012,1.16013,1.15999,1.15999
1781615580000,1.15999,1.16007,1.15989,1.15998
1781615640000,1.15998,1.16002,1.15996,1.15997
1781615700000,1.15999,1.16006,1.15983,1.15988
1781615760000,1.15986,1.15993,1.15982,1.15993
1781615820000,1.15991,1.15998,1.15987,1.15995
1781615880000,1.15996,1.15999,1.15993,1.15994
1781615940000,1.15993,1.16,1.15992,1.15998
1781616000000,1.15998,1.15998,1.15973,1.15979
1781616060000,1.15979,1.15982,1.15963,1.15963
1781616120000,1.15963,1.15969,1.15949,1.15952
1781616180000,1.1595,1.15964,1.1595,1.15961
1781616240000,1.15962,1.15974,1.15961,1.15971
1781616300000,1.15973,1.15973,1.15964,1.15966
1781616360000,1.15965,1.15973,1.15959,1.15959
1781616420000,1.15956,1.15971,1.15956,1.15968
1781616480000,1.15966,1.15969,1.1596,1.15969
1781616540000,1.15968,1.15982,1.15965,1.15978
1781616600000,1.15977,1.15983,1.15971,1.1598
1781616660000,1.15979,1.16006,1.15975,1.15998
1781616720000,1.15998,1.16012,1.15998,1.16011
1781616780000,1.16009,1.16013,1.16,1.16012
1781616840000,1.16013,1.16035,1.16009,1.16019
1781616900000,1.1602,1.1602,1.16006,1.16007
1781616960000,1.16007,1.16016,1.16004,1.16011
1781617020000,1.16012,1.16018,1.16006,1.1601
1781617080000,1.16011,1.16016,1.16008,1.16012
1781617140000,1.16012,1.16016,1.16003,1.16005
1781617200000,1.16005,1.16005,1.15991,1.15995
1781617260000,1.15996,1.16016,1.15996,1.16
1781617320000,1.15999,1.16005,1.15991,1.16002
1781617380000,1.16003,1.16016,1.16002,1.16009
1781617440000,1.16008,1.16008,1.15988,1.1599
1781617500000,1.15992,1.15995,1.15977,1.15978
1781617560000,1.15976,1.15989,1.15972,1.15978
1781617620000,1.15978,1.15978,1.15961,1.15962
1781617680000,1.15961,1.15967,1.15954,1.15965
1781617740000,1.15964,1.15966,1.1596,1.15963
1781617800000,1.15963,1.15963,1.15953,1.15957
1781617860000,1.15957,1.15966,1.15949,1.15952
1781617920000,1.15952,1.15963,1.15949,1.15957
1781617980000,1.15954,1.15957,1.15932,1.15933
1781618040000,1.15934,1.15945,1.15933,1.15938
1781618100000,1.1594,1.15942,1.15932,1.15937
1781618160000,1.15939,1.15946,1.15929,1.1593
1781618220000,1.15928,1.1593,1.15915,1.15915
1781618280000,1.15916,1.15922,1.15912,1.15918
1781618340000,1.15918,1.15927,1.15918,1.15925
1781618400000,1.15926,1.15962,1.15924,1.1596
1781618460000,1.15959,1.15966,1.15939,1.15941
1781618520000,1.15939,1.15942,1.15933,1.15936
1781618580000,1.15936,1.15946,1.15935,1.15937
1781618640000,1.15935,1.15947,1.15916,1.15924
1781618700000,1.15924,1.15924,1.1588,1.1588
1781618760000,1.1588,1.15901,1.15879,1.15893
1781618820000,1.15893,1.15902,1.15892,1.15901
1781618880000,1.15902,1.15918,1.15902,1.1591
1781618940000,1.1591,1.15917,1.15905,1.15916
1781619000000,1.15918,1.15928,1.15918,1.15927
1781619060000,1.15928,1.15948,1.15928,1.15944
1781619120000,1.15945,1.15963,1.15944,1.15953
1781619180000,1.15952,1.15954,1.15947,1.15953
1781619240000,1.15951,1.15957,1.15947,1.15949
1781619300000,1.15947,1.15947,1.15928,1.15934
1781619360000,1.15934,1.15937,1.15931,1.15935
1781619420000,1.15936,1.15944,1.15934,1.15942
1781619480000,1.15941,1.15941,1.15931,1.15934
1781619540000,1.15935,1.15938,1.15927,1.15932
1781619600000,1.15933,1.15942,1.15932,1.15942
1781619660000,1.15942,1.15963,1.15938,1.15957
1781619720000,1.15957,1.15968,1.15956,1.15968
1781619780000,1.15966,1.15971,1.15962,1.15964
1781619840000,1.15962,1.15963,1.15951,1.15953
1781619900000,1.15952,1.15955,1.15943,1.15949
1781619960000,1.15949,1.15964,1.15948,1.15952
1781620020000,1.15955,1.15959,1.15936,1.15936
1781620080000,1.15935,1.15956,1.15935,1.15954
1781620140000,1.15953,1.15953,1.15906,1.15906
1781620200000,1.15904,1.15918,1.15904,1.15911
1781620260000,1.15911,1.15919,1.15898,1.15906
1781620320000,1.15907,1.15917,1.15905,1.15915
1781620380000,1.15915,1.15915,1.1588,1.15883
1781620440000,1.15882,1.15898,1.15878,1.15892
1781620500000,1.15891,1.15912,1.15891,1.15907
1781620560000,1.15908,1.15919,1.15907,1.15918
1781620620000,1.15917,1.15933,1.15913,1.15931
1781620680000,1.15932,1.15934,1.15924,1.15927
1781620740000,1.15928,1.15939,1.15928,1.15937
1781620800000,1.15936,1.15946,1.1593,1.15939
1781620860000,1.1594,1.15953,1.15936,1.15953
1781620920000,1.15954,1.15954,1.15938,1.15951
1781620980000,1.15949,1.15964,1.15949,1.15959
1781621040000,1.15959,1.15969,1.15958,1.15964
1781621100000,1.15964,1.15968,1.15958,1.15963
1781621160000,1.15963,1.15997,1.15963,1.15995
1781621220000,1.15996,1.15997,1.15978,1.15983
1781621280000,1.15984,1.15997,1.15983,1.15995
1781621340000,1.15997,1.15999,1.15985,1.15987
1781621400000,1.15986,1.16017,1.15986,1.16005
1781621460000,1.16005,1.16021,1.16004,1.16019
1781621520000,1.16019,1.16019,1.16009,1.16011
1781621580000,1.16012,1.16017,1.15997,1.16014
1781621640000,1.16014,1.16018,1.16007,1.16013
1781621700000,1.16015,1.16053,1.16014,1.16036
1781621760000,1.16038,1.16067,1.16035,1.16064
1781621820000,1.16064,1.16074,1.16053,1.16074
1781621880000,1.16074,1.16082,1.16073,1.1608
1781621940000,1.1608,1.1608,1.16059,1.16068
1781622000000,1.16071,1.16077,1.16062,1.16077
1781622060000,1.16075,1.16079,1.16055,1.16062
1781622120000,1.16063,1.16075,1.1606,1.16067
1781622180000,1.16067,1.16071,1.16055,1.16056
1781622240000,1.16056,1.16058,1.16042,1.16046
1781622300000,1.16047,1.16059,1.16041,1.16047
1781622360000,1.16047,1.16058,1.16045,1.16051
1781622420000,1.16051,1.16052,1.16037,1.16039
1781622480000,1.1604,1.16042,1.16031,1.16032
1781622540000,1.16031,1.16035,1.16024,1.16029
1781622600000,1.1603,1.16032,1.16022,1.16028
1781622660000,1.16027,1.16027,1.16014,1.16017
1781622720000,1.16015,1.16015,1.15997,1.16005
1781622780000,1.16006,1.16021,1.16005,1.16017
1781622840000,1.16018,1.16023,1.16014,1.16015
1781622900000,1.16016,1.16021,1.16013,1.1602
1781622960000,1.1602,1.16033,1.16019,1.16027
1781623020000,1.16028,1.16036,1.16027,1.16027
1781623080000,1.16027,1.16031,1.16023,1.16025
1781623140000,1.16028,1.16028,1.16022,1.16026
1781623200000,1.16028,1.16028,1.16023,1.16026
1781623260000,1.16025,1.16037,1.16022,1.16024
1781623320000,1.16022,1.16026,1.16016,1.1602
1781623380000,1.16018,1.16027,1.16017,1.16025
1781623440000,1.16025,1.16033,1.16025,1.16032
1781623500000,1.16031,1.16049,1.1603,1.16046
1781623560000,1.16046,1.16049,1.1604,1.16046
1781623620000,1.16046,1.1605,1.16036,1.16036
1781623680000,1.16037,1.1604,1.16033,1.16035
1781623740000,1.16035,1.16038,1.1602,1.1602
1781623800000,1.16022,1.16025,1.16013,1.16024
1781623860000,1.16024,1.16049,1.1602,1.16044
1781623920000,1.16045,1.16051,1.16041,1.16051
1781623980000,1.16052,1.1607,1.16046,1.16064
1781624040000,1.16065,1.16068,1.16057,1.16067
1781624100000,1.16068,1.16084,1.16068,1.16079
1781624160000,1.16077,1.16084,1.16073,1.16077
1781624220000,1.16079,1.16079,1.16066,1.16069
1781624280000,1.16072,1.16073,1.16065,1.16068
1781624340000,1.16069,1.16072,1.16067,1.16069
1781624400000,1.16067,1.16073,1.16056,1.16056
1781624460000,1.16057,1.16061,1.16054,1.16056
1781624520000,1.16055,1.16055,1.16043,1.16046
1781624580000,1.16047,1.16059,1.1604,1.16053
1781624640000,1.16053,1.16067,1.1605,1.16067
1781624700000,1.16067,1.16067,1.16045,1.16046
1781624760000,1.16047,1.16048,1.16038,1.16039
1781624820000,1.1604,1.16053,1.16037,1.16047
1781624880000,1.16045,1.16047,1.16036,1.16037
1781624940000,1.16039,1.16059,1.16037,1.16056
1781625000000,1.16057,1.16094,1.16056,1.16093
1781625060000,1.16094,1.16098,1.1608,1.16088
1781625120000,1.16089,1.16092,1.16082,1.16086
1781625180000,1.16087,1.16128,1.16087,1.16128
1781625240000,1.1613,1.16161,1.16128,1.16142
1781625300000,1.16144,1.16164,1.16142,1.16148
1781625360000,1.16148,1.16166,1.16137,1.16164
1781625420000,1.16164,1.16185,1.16164,1.16177
1781625480000,1.16177,1.16181,1.16155,1.1616
1781625540000,1.16161,1.16161,1.16138,1.16139
1781625600000,1.16141,1.16149,1.16136,1.16149
1781625660000,1.1615,1.16154,1.16142,1.16142
1781625720000,1.1614,1.16149,1.16139,1.16141
1781625780000,1.16143,1.1615,1.16139,1.16148
1781625840000,1.16147,1.16147,1.16124,1.1613
1781625900000,1.16128,1.16146,1.16128,1.16139
1781625960000,1.16139,1.16154,1.16132,1.16152
1781626020000,1.16153,1.16167,1.16151,1.16165
1781626080000,1.16165,1.16173,1.16159,1.16165
1781626140000,1.16162,1.16168,1.16159,1.16159
1781626200000,1.16161,1.1617,1.16157,1.16164
1781626260000,1.16164,1.16166,1.16157,1.1616
1781626320000,1.1616,1.16162,1.16157,1.16158
1781626380000,1.16159,1.16172,1.16152,1.16171
1781626440000,1.16172,1.1618,1.1616,1.16171
1781626500000,1.16172,1.16176,1.16168,1.1617
1781626560000,1.16169,1.16177,1.16168,1.16177
1781626620000,1.16177,1.16183,1.16168,1.16171
1781626680000,1.16171,1.16186,1.16167,1.16183
1781626740000,1.16184,1.16194,1.16176,1.16192
1781626800000,1.16191,1.16191,1.1618,1.16182
1781626860000,1.16182,1.1619,1.16181,1.16183
1781626920000,1.16184,1.16196,1.16181,1.16181
1781626980000,1.16182,1.16182,1.1616,1.1616
1781627040000,1.16161,1.16167,1.1616,1.1616
1781627100000,1.16159,1.16167,1.16155,1.16167
1781627160000,1.16167,1.16183,1.16167,1.16182
1781627220000,1.1618,1.1618,1.16167,1.1617
1781627280000,1.1617,1.1617,1.16163,1.16167
1781627340000,1.16167,1.1617,1.16162,1.16167
1781627400000,1.16167,1.16173,1.16163,1.16173
1781627460000,1.16172,1.16174,1.16167,1.16173
1781627520000,1.16175,1.16175,1.16161,1.16167
1781627580000,1.16166,1.16168,1.16162,1.16168
1781627640000,1.16167,1.16173,1.16152,1.16154
1781627700000,1.16156,1.16165,1.16153,1.16162
1781627760000,1.1616,1.16162,1.16154,1.16159
1781627820000,1.16159,1.16162,1.16156,1.16157
1781627880000,1.16157,1.16164,1.16152,1.16155
1781627940000,1.16156,1.16157,1.16149,1.16153
1781628000000,1.16152,1.16153,1.1615,1.1615
1781628060000,1.1615,1.16151,1.16145,1.16149
1781628120000,1.1615,1.16151,1.16146,1.16151
1781628180000,1.16152,1.16157,1.16148,1.16148
1781628240000,1.16145,1.16147,1.16135,1.1614
1781628300000,1.1614,1.16142,1.16137,1.1614
1781628360000,1.16141,1.16146,1.1614,1.16145
1781628420000,1.16144,1.16147,1.16141,1.16147
1781628480000,1.16147,1.16147,1.16135,1.16136
1781628540000,1.16136,1.16136,1.16127,1.16127
1781628600000,1.16127,1.1613,1.16118,1.1612
1781628660000,1.16122,1.16122,1.16115,1.16119
1781628720000,1.16119,1.16122,1.16115,1.1612
1781628780000,1.1612,1.16131,1.16119,1.16131
1781628840000,1.16132,1.1614,1.16132,1.16137
1781628900000,1.16137,1.16141,1.16133,1.1614
1781628960000,1.16141,1.16146,1.16137,1.16137
1781629020000,1.16138,1.1614,1.16132,1.16133
1781629080000,1.16132,1.16139,1.16131,1.16138
1781629140000,1.16139,1.1614,1.16131,1.16131
1781629200000,1.16129,1.16131,1.16122,1.16125
1781629260000,1.16124,1.16131,1.16124,1.16128
1781629320000,1.16128,1.16137,1.16124,1.16128
1781629380000,1.16129,1.16134,1.16126,1.16126
1781629440000,1.16125,1.16127,1.16119,1.16121
1781629500000,1.16119,1.1612,1.16117,1.16119
1781629560000,1.16119,1.16121,1.16112,1.16117
1781629620000,1.16118,1.16121,1.16117,1.16119
1781629680000,1.16119,1.16119,1.16114,1.16116
1781629740000,1.16117,1.16127,1.16117,1.16127
1781629800000,1.16125,1.1613,1.16123,1.16127
1781629860000,1.16127,1.16132,1.16126,1.1613
1781629920000,1.16128,1.16132,1.16127,1.16129
1781629980000,1.16127,1.16127,1.16118,1.16121
1781630040000,1.1612,1.16121,1.16116,1.1612
1781630100000,1.16121,1.1613,1.1612,1.16121
1781630160000,1.16121,1.16122,1.16118,1.16121
1781630220000,1.16121,1.16128,1.1612,1.16128
1781630280000,1.16125,1.16131,1.16125,1.16128
1781630340000,1.16127,1.16127,1.1612,1.16121
1781630400000,1.16121,1.16124,1.16108,1.16109
1781630460000,1.16109,1.16117,1.16106,1.16116
1781630520000,1.16117,1.16123,1.16114,1.16118
1781630580000,1.16118,1.1612,1.16116,1.16118
1781630640000,1.16117,1.16121,1.16114,1.16121
1781630700000,1.16121,1.16123,1.16115,1.16122
1781630760000,1.1612,1.16129,1.1612,1.16125
1781630820000,1.16127,1.16128,1.16125,1.16127
1781630880000,1.16128,1.16129,1.16119,1.16123
1781630940000,1.16123,1.16128,1.16118,1.1612
1781631000000,1.16119,1.16125,1.16116,1.16118
1781631060000,1.16118,1.16122,1.16114,1.16122
1781631120000,1.16121,1.16123,1.16114,1.16115
1781631180000,1.16116,1.1612,1.16114,1.16117
1781631240000,1.1612,1.16124,1.16119,1.1612
1781631300000,1.16119,1.16121,1.16112,1.1612
1781631360000,1.16121,1.16122,1.16116,1.16121
1781631420000,1.1612,1.16121,1.16107,1.16112
1781631480000,1.16111,1.16116,1.16111,1.16111
1781631540000,1.16113,1.16113,1.16107,1.16111
1781631600000,1.16108,1.16113,1.16108,1.16112
1781631660000,1.16112,1.16118,1.16111,1.16115
1781631720000,1.16116,1.1612,1.16115,1.1612
1781631780000,1.16118,1.16125,1.1611,1.16124
1781631840000,1.16125,1.16131,1.16122,1.16122
1781631900000,1.16124,1.16128,1.16111,1.16112
1781631960000,1.16113,1.16118,1.16112,1.16114
1781632020000,1.16114,1.16118,1.16113,1.16116
1781632080000,1.16118,1.16123,1.16115,1.16115
1781632140000,1.16116,1.16123,1.16115,1.16119
1781632200000,1.1612,1.16122,1.16114,1.16122
1781632260000,1.16118,1.16123,1.16115,1.16115
1781632320000,1.16116,1.16117,1.16112,1.16116
1781632380000,1.16117,1.16121,1.16117,1.1612
1781632440000,1.16119,1.16122,1.16116,1.16117
1781632500000,1.16116,1.16117,1.1611,1.16112
1781632560000,1.16114,1.16114,1.16111,1.16113
1781632620000,1.16111,1.16112,1.16107,1.16109
1781632680000,1.16109,1.16111,1.16107,1.16109
1781632740000,1.16107,1.16113,1.16107,1.16112
1781632800000,1.16114,1.1613,1.1611,1.16125
1781632860000,1.16125,1.16127,1.16122,1.16125
1781632920000,1.16126,1.16136,1.16125,1.16131
1781632980000,1.16131,1.16139,1.16128,1.16128
1781633040000,1.1613,1.1613,1.16126,1.16128
1781633100000,1.16127,1.16127,1.16112,1.1612
1781633160000,1.16119,1.16122,1.16118,1.16118
1781633220000,1.16118,1.16119,1.16115,1.16116
1781633280000,1.16115,1.16118,1.16107,1.16108
1781633340000,1.16106,1.16111,1.16106,1.16107
1781633400000,1.16108,1.16119,1.16108,1.16113
1781633460000,1.16114,1.16114,1.16107,1.16111
1781633520000,1.16113,1.1612,1.16113,1.16117
1781633580000,1.16116,1.16116,1.16111,1.16116
1781633640000,1.16116,1.16116,1.1611,1.16114
1781633700000,1.16112,1.16112,1.16105,1.16107
1781633760000,1.16109,1.16113,1.16107,1.16112
1781633820000,1.16113,1.16113,1.16107,1.16109
1781633880000,1.16108,1.16109,1.16104,1.16104
1781633940000,1.16104,1.16108,1.16103,1.16108
1781634000000,1.16108,1.16112,1.16107,1.16108
1781634060000,1.16109,1.16112,1.16107,1.16107
1781634120000,1.16106,1.16107,1.16103,1.16104
1781634180000,1.16104,1.1611,1.16104,1.16109
1781634240000,1.16109,1.16109,1.16106,1.16108
1781634300000,1.16106,1.16112,1.16105,1.16112
1781634360000,1.16111,1.16112,1.16107,1.16111
1781634420000,1.16112,1.16119,1.16106,1.16106
1781634480000,1.16104,1.16105,1.16096,1.16096
1781634540000,1.16097,1.16106,1.16097,1.16101
1781634600000,1.16104,1.16105,1.161,1.16105
1781634660000,1.16106,1.16109,1.16104,1.16107
1781634720000,1.16106,1.16109,1.16094,1.16095
1781634780000,1.16096,1.16096,1.16092,1.16094
1781634840000,1.16095,1.16098,1.16086,1.16087
1781634900000,1.16087,1.16089,1.16085,1.16087
1781634960000,1.16087,1.16094,1.16085,1.16093
1781635020000,1.16093,1.16093,1.16089,1.16089
1781635080000,1.1609,1.16091,1.16088,1.16088
1781635140000,1.16087,1.16089,1.1607,1.16071
1781635200000,1.16069,1.16071,1.16065,1.1607
1781635260000,1.16072,1.16076,1.16071,1.16076
1781635320000,1.16075,1.16076,1.16071,1.16074
1781635380000,1.16074,1.16075,1.16066,1.16066
1781635440000,1.16067,1.16074,1.16067,1.16071
1781635500000,1.16071,1.16074,1.16071,1.16072
1781635560000,1.1607,1.16077,1.1607,1.16073
1781635620000,1.1607,1.16077,1.1607,1.16076
1781635680000,1.16075,1.16076,1.16074,1.16074
1781635740000,1.16073,1.16073,1.16065,1.16068
1781635800000,1.16067,1.16072,1.16062,1.16071
1781635860000,1.16072,1.16077,1.16072,1.16077
1781635920000,1.16075,1.16081,1.16074,1.16081
1781635980000,1.1608,1.16083,1.16078,1.16083
1781636040000,1.16081,1.16082,1.16081,1.16082
1781636100000,1.16082,1.16099,1.16082,1.16099
1781636160000,1.16099,1.16104,1.16099,1.16104
1781636220000,1.16104,1.16111,1.16101,1.1611
1781636280000,1.16108,1.16111,1.16107,1.16109
1781636340000,1.16109,1.1611,1.161,1.16105
1781636400000,1.16106,1.16121,1.16106,1.16119
1781636460000,1.1612,1.16121,1.1611,1.16113
1781636520000,1.16113,1.16115,1.1611,1.16113
1781636580000,1.16115,1.16125,1.16114,1.16123
1781636640000,1.16124,1.16134,1.16123,1.16132
1781636700000,1.1613,1.16137,1.16127,1.16128
1781636760000,1.16128,1.16132,1.16128,1.1613
1781636820000,1.1613,1.16134,1.1613,1.1613
1781636880000,1.16128,1.16128,1.16115,1.16115
1781636940000,1.16115,1.16118,1.16113,1.16117
1781637000000,1.16117,1.16119,1.16111,1.16111
1781637060000,1.1611,1.16118,1.1611,1.16118
1781637120000,1.16116,1.16116,1.16111,1.16115
1781637180000,1.16115,1.16118,1.16111,1.16112
1781637240000,1.16112,1.16114,1.1611,1.16111
1781637300000,1.16113,1.16114,1.16107,1.16111
1781637360000,1.16111,1.16111,1.16107,1.1611
1781637420000,1.16109,1.16117,1.16109,1.16116
1781637480000,1.16116,1.16119,1.16115,1.16118
1781637540000,1.16119,1.16119,1.1611,1.1611
1781637600000,1.16112,1.16112,1.16103,1.1611
1781637660000,1.1611,1.16115,1.16109,1.1611
1781637720000,1.16111,1.16111,1.16106,1.16106
1781637780000,1.16105,1.16112,1.16105,1.16112
1781637840000,1.16109,1.16112,1.16109,1.1611
1781637900000,1.16111,1.16116,1.1611,1.16115
1781637960000,1.16115,1.16115,1.1611,1.16111
1781638020000,1.16111,1.16117,1.1611,1.16114
1781638080000,1.16115,1.16116,1.16111,1.16112
1781638140000,1.16113,1.16117,1.16113,1.16114
1781638200000,1.16114,1.16116,1.16108,1.1611
1781638260000,1.1611,1.16112,1.16104,1.16105
1781638320000,1.16104,1.16108,1.16101,1.16101
1781638380000,1.16101,1.16101,1.16098,1.16099
1781638440000,1.16099,1.16101,1.16096,1.16101
1781638500000,1.16101,1.16101,1.16097,1.16098
1781638560000,1.16098,1.161,1.16095,1.16097
1781638620000,1.16096,1.16097,1.1609,1.16091
1781638680000,1.1609,1.1609,1.16079,1.1608
1781638740000,1.16082,1.16085,1.16081,1.16082
1781638800000,1.16083,1.16084,1.16079,1.16082
1781638860000,1.16084,1.16092,1.16084,1.1609
1781638920000,1.16089,1.16091,1.16079,1.1608
1781638980000,1.1608,1.16083,1.16079,1.16081
1781639040000,1.16079,1.1608,1.16075,1.16077
1781639100000,1.16078,1.16084,1.16078,1.16082
1781639160000,1.1608,1.16082,1.16078,1.16082
1781639220000,1.16083,1.16086,1.16083,1.16083
1781639280000,1.16082,1.16085,1.1608,1.1608
1781639340000,1.1608,1.16087,1.1608,1.16087
1781639400000,1.16088,1.16092,1.1607,1.1607
1781639460000,1.1607,1.16072,1.16069,1.16071
1781639520000,1.1607,1.16076,1.16069,1.16071
1781639580000,1.16074,1.16082,1.16072,1.16079
1781639640000,1.1608,1.1608,1.16075,1.16076
1781639700000,1.16074,1.16074,1.16059,1.16059
1781639760000,1.16059,1.1607,1.16059,1.16069
1781639820000,1.16068,1.16071,1.16064,1.16068
1781639880000,1.16069,1.16076,1.16069,1.16073
1781639940000,1.16074,1.16085,1.16074,1.16081
1781640000000,1.1608,1.16082,1.16076,1.1608
1781640060000,1.16078,1.16081,1.16076,1.16081
1781640120000,1.16081,1.16081,1.16067,1.16071
1781640180000,1.16071,1.16073,1.16071,1.16072
1781640240000,1.16073,1.16073,1.16071,1.16073
1781640300000,1.16073,1.16084,1.16073,1.16084
1781640360000,1.16084,1.16084,1.16081,1.16081
1781640420000,1.16081,1.16081,1.16081,1.16081
1781640480000,1.16078,1.1608,1.16077,1.16077
1781640540000,1.16077,1.16079,1.16077,1.16077
1781640600000,1.16078,1.16078,1.16075,1.16077
1781640660000,1.16076,1.16076,1.16076,1.16076
1781640720000,1.16076,1.16076,1.16071,1.16071
1781640780000,1.1607,1.16075,1.1607,1.16074
1781640840000,1.16076,1.16076,1.16073,1.16075
1781640900000,1.16077,1.16077,1.16076,1.16076
1781640960000,1.16077,1.16082,1.16077,1.16082
1781641020000,1.16082,1.16085,1.16082,1.16082
1781641080000,1.16084,1.1609,1.16084,1.1609
1781641140000,1.16089,1.16093,1.16089,1.16092
1781641200000,1.16092,1.16096,1.16092,1.16096
1781641260000,1.16096,1.16096,1.16092,1.16092
1781641320000,1.16093,1.16093,1.16091,1.16091
1781641380000,1.16093,1.16093,1.16093,1.16093
1781641440000,1.16092,1.16093,1.1609,1.1609
1781641500000,1.16088,1.16095,1.16088,1.16094
1781641560000,1.16092,1.16092,1.16088,1.16088
1781641620000,1.16091,1.16091,1.1609,1.1609
1781641680000,1.1609,1.1609,1.16089,1.16089
1781641740000,1.16091,1.16094,1.16091,1.16091
1781641800000,1.16092,1.16094,1.16086,1.16089
1781641860000,1.1609,1.1609,1.16085,1.16085
1781641920000,1.16084,1.16086,1.16075,1.16077
1781641980000,1.16079,1.16079,1.16076,1.16078
1781642040000,1.16075,1.16076,1.16072,1.16076
1781642100000,1.16077,1.16077,1.16072,1.16073
1781642160000,1.16075,1.16081,1.16075,1.16081
1781642220000,1.16079,1.16079,1.16075,1.16075
1781642280000,1.16076,1.16076,1.16076,1.16076
1781642340000,1.16075,1.16077,1.16074,1.16077
1781642400000,1.16077,1.16079,1.16077,1.16077
1781642460000,1.16078,1.16079,1.16074,1.16074
1781642520000,1.16074,1.16076,1.16074,1.16075
1781642580000,1.16073,1.16073,1.16072,1.16072
1781642640000,1.16071,1.16071,1.16065,1.1607
1781642700000,1.16069,1.1607,1.16065,1.16066
1781642760000,1.16065,1.16069,1.16064,1.16069
1781642820000,1.16067,1.16069,1.16067,1.16067
1781642880000,1.16069,1.1607,1.16067,1.16068
1781642940000,1.16069,1.16076,1.16067,1.16074
1781643000000,1.16075,1.16078,1.16074,1.16078
1781643060000,1.16076,1.1608,1.16076,1.16077
1781643120000,1.16076,1.16084,1.16076,1.16082
1781643180000,1.16086,1.16088,1.16084,1.16086
1781643240000,1.16085,1.16085,1.16085,1.16085
1781643300000,1.16084,1.16086,1.16077,1.16077
1781643360000,1.16077,1.1608,1.16077,1.1608
1781643420000,1.1608,1.16081,1.16077,1.16077
1781643480000,1.16077,1.16082,1.16073,1.16081
1781643540000,1.16082,1.16082,1.16078,1.16078
1781643600000,1.16075,1.16075,1.16071,1.16071
1781643660000,1.1607,1.16074,1.16061,1.1607
1781643720000,1.16071,1.16071,1.16069,1.16069
1781643780000,1.16068,1.16084,1.16067,1.16083
1781643840000,1.16084,1.16084,1.16084,1.16084
1781643900000,1.1608,1.16081,1.16073,1.16074
1781643960000,1.16078,1.16084,1.16078,1.16084
1781644020000,1.16086,1.1609,1.16086,1.16088
1781644080000,1.16089,1.16089,1.16089,1.16089
1781644140000,1.16088,1.16092,1.16084,1.16085
1781644200000,1.16086,1.16086,1.16081,1.16083
1781644260000,1.16082,1.16084,1.16082,1.16083
1781644320000,1.16084,1.16099,1.16083,1.16098
1781644380000,1.16098,1.16098,1.16083,1.16086
1781644440000,1.16086,1.16089,1.16083,1.16089
1781644500000,1.16089,1.16089,1.16088,1.16089
1781644560000,1.16087,1.16089,1.16074,1.16074
1781644620000,1.16076,1.1608,1.16066,1.16069
1781644680000,1.16068,1.16086,1.16068,1.16086
1781644740000,1.16086,1.16086,1.16085,1.16085
1781644800000,1.16085,1.16086,1.16085,1.16085
1781644860000,1.16086,1.16086,1.16086,1.16086
1781644920000,1.16085,1.16085,1.16084,1.16085
1781644980000,1.16085,1.16087,1.16084,1.16085
1781645040000,1.16086,1.16087,1.16086,1.16086
1781645100000,1.16086,1.16097,1.16085,1.16097
1781645160000,1.16102,1.16105,1.16096,1.16101
1781645220000,1.161,1.16105,1.16097,1.16099
1781645280000,1.16099,1.16104,1.16096,1.16103
1781645340000,1.16106,1.16112,1.16101,1.16105
1781645400000,1.16104,1.16112,1.16101,1.16109
1781645460000,1.16109,1.16111,1.16106,1.16111
1781645520000,1.16109,1.16109,1.16102,1.16109
1781645580000,1.16106,1.16108,1.16088,1.16088
1781645640000,1.16088,1.16089,1.16082,1.16082
1781645700000,1.16081,1.16081,1.16081,1.16081
1781645760000,1.16077,1.16077,1.16075,1.16075
1781645820000,1.16075,1.16075,1.16071,1.16073
1781645880000,1.16075,1.16075,1.16075,1.16075
1781645940000,1.16072,1.16072,1.1607,1.16072
1781646000000,1.1607,1.16072,1.1607,1.16071
1781646060000,1.16069,1.16073,1.16069,1.16072
1781646120000,1.16074,1.16074,1.16071,1.16071
1781646180000,1.16071,1.16073,1.1607,1.16073
1781646240000,1.1607,1.16071,1.1607,1.16071
1781646300000,1.16071,1.16074,1.16064,1.16064
1781646360000,1.16064,1.16069,1.16064,1.16067
1781646420000,1.16068,1.16068,1.16067,1.16067
1781646480000,1.16066,1.1607,1.16066,1.16069
1781646540000,1.16064,1.16065,1.16063,1.16063
1781646600000,1.16063,1.16071,1.16063,1.1607
1781646660000,1.16068,1.16071,1.16068,1.16069
1781646720000,1.16071,1.16073,1.16071,1.16071
1781646780000,1.16072,1.16073,1.16072,1.16073
1781646840000,1.16066,1.16067,1.16066,1.16067
1781646900000,1.16067,1.16067,1.16064,1.16064
1781646960000,1.16063,1.16063,1.16062,1.16063
1781647020000,1.16067,1.16067,1.16062,1.16062
1781647080000,1.16065,1.16066,1.16064,1.16064
1781647140000,1.16064,1.16068,1.16061,1.16061
1781647200000,1.16075,1.16095,1.16075,1.16094
1781647260000,1.16096,1.16102,1.16094,1.16097
1781647320000,1.16098,1.16104,1.16098,1.16104
1781647380000,1.16103,1.16106,1.16102,1.16106
1781647440000,1.16106,1.16106,1.161,1.161
1781647500000,1.161,1.16103,1.16099,1.16099
1781647560000,1.16099,1.16102,1.16096,1.16102
1781647620000,1.16103,1.16103,1.16103,1.16103
1781647680000,1.16103,1.16106,1.161,1.16104
1781647740000,1.16101,1.16103,1.16101,1.16103
1781647800000,1.16103,1.16105,1.16102,1.16103
1781647860000,1.16102,1.16103,1.16097,1.16103
1781647920000,1.16104,1.16104,1.16096,1.16098
1781647980000,1.16099,1.16099,1.16095,1.16095
1781648040000,1.16095,1.16099,1.16094,1.16098
1781648100000,1.16098,1.161,1.16096,1.16098
1781648160000,1.16099,1.16099,1.16096,1.16099
1781648220000,1.16098,1.16098,1.16098,1.16098
1781648280000,1.16097,1.16098,1.16095,1.16097
1781648340000,1.16096,1.16101,1.16096,1.161
1781648400000,1.16102,1.16102,1.16099,1.16099
1781648460000,1.16099,1.16099,1.16098,1.16098
1781648520000,1.161,1.16105,1.16099,1.16104
1781648580000,1.16103,1.16107,1.16102,1.16105
1781648640000,1.16106,1.16106,1.16104,1.16105
1781648700000,1.16106,1.16106,1.16104,1.16105
1781648760000,1.16106,1.16106,1.16101,1.16104
1781648820000,1.16104,1.16104,1.16101,1.16102
1781648880000,1.16103,1.16105,1.16101,1.16102
1781648940000,1.16102,1.16104,1.16101,1.16104
1781649000000,1.16103,1.1611,1.16103,1.16106
1781649060000,1.16107,1.16108,1.16107,1.16108
1781649120000,1.16107,1.16107,1.16106,1.16107
1781649180000,1.16107,1.16107,1.16107,1.16107
1781649240000,1.16107,1.16108,1.16107,1.16108
1781649300000,1.16107,1.16111,1.16107,1.16109
1781649360000,1.16109,1.16109,1.16109,1.16109
1781649420000,1.16109,1.16109,1.16107,1.16108
1781649480000,1.16107,1.16108,1.16106,1.16107
1781649540000,1.16106,1.16111,1.16106,1.16109
1781649600000,1.16109,1.16113,1.16107,1.16109
1781649660000,1.16107,1.16115,1.16107,1.16112
1781649720000,1.16112,1.16122,1.16111,1.1612
1781649780000,1.1612,1.16121,1.16118,1.16121
1781649840000,1.16122,1.16122,1.16118,1.16122
1781649900000,1.16121,1.16123,1.16121,1.16123
1781649960000,1.16122,1.16123,1.16119,1.16121
1781650020000,1.16119,1.16125,1.16119,1.16123
1781650080000,1.16123,1.16123,1.16123,1.16123
1781650140000,1.16123,1.16124,1.16122,1.16122
1781650200000,1.16123,1.16125,1.16123,1.16123
1781650260000,1.16123,1.16124,1.16122,1.16124
1781650320000,1.16124,1.16127,1.16123,1.16125
1781650380000,1.16126,1.16127,1.1612,1.16121
1781650440000,1.16121,1.16122,1.16121,1.16122
1781650500000,1.16122,1.16122,1.1612,1.1612
1781650560000,1.16121,1.16121,1.16117,1.16118
1781650620000,1.16118,1.16123,1.16118,1.1612
1781650680000,1.16122,1.16122,1.16118,1.1612
1781650740000,1.16122,1.16122,1.1612,1.1612
1781650800000,1.1612,1.1612,1.16116,1.16116
1781650860000,1.16117,1.1612,1.16116,1.16118
1781650920000,1.16117,1.16122,1.16117,1.16122
1781650980000,1.16122,1.16124,1.16121,1.16121
1781651040000,1.16123,1.16123,1.16121,1.16122
1781651100000,1.16126,1.16127,1.16124,1.16127
1781651160000,1.16126,1.16127,1.16125,1.16125
1781651220000,1.16125,1.16138,1.16125,1.16136
1781651280000,1.16137,1.1614,1.16137,1.16137
1781651340000,1.16135,1.16137,1.16134,1.16137
1781651400000,1.16135,1.16137,1.16129,1.1613
1781651460000,1.1613,1.16133,1.16128,1.16133
1781651520000,1.16133,1.16137,1.16132,1.16135
1781651580000,1.16136,1.16136,1.16131,1.16132
1781651640000,1.16134,1.16134,1.16132,1.16133
1781651700000,1.16133,1.16134,1.1613,1.16132
1781651760000,1.16134,1.16135,1.16132,1.16134
1781651820000,1.16135,1.16138,1.16134,1.16136
1781651880000,1.16135,1.16137,1.16134,1.16135
1781651940000,1.16133,1.16137,1.16131,1.16131
1781652000000,1.1613,1.16133,1.1613,1.16133
1781652060000,1.16133,1.16133,1.16133,1.16133
1781652120000,1.16131,1.16136,1.16129,1.1613
1781652180000,1.16131,1.16136,1.16131,1.16132
1781652240000,1.16133,1.16135,1.16132,1.16133
1781652300000,1.16133,1.16139,1.16133,1.16139
1781652360000,1.1614,1.1614,1.16139,1.1614
1781652420000,1.16139,1.16142,1.16139,1.16142
1781652480000,1.16141,1.16143,1.16141,1.16142
1781652540000,1.1614,1.1614,1.1614,1.1614
1781652600000,1.16143,1.16144,1.16141,1.16143
1781652660000,1.16142,1.16146,1.16139,1.16144
1781652720000,1.16146,1.16146,1.16143,1.16143
1781652780000,1.1614,1.1614,1.16137,1.16138
1781652840000,1.16138,1.16138,1.1613,1.16133
1781652900000,1.16132,1.16136,1.16132,1.16134
1781652960000,1.16133,1.16133,1.16123,1.16124
1781653020000,1.16122,1.16128,1.16122,1.16128
1781653080000,1.16126,1.16126,1.1612,1.16123
1781653140000,1.16122,1.16123,1.16122,1.16123
1781653200000,1.16124,1.16124,1.16123,1.16123
1781653260000,1.16125,1.16126,1.16123,1.16123
1781653320000,1.16125,1.16126,1.16125,1.16126
1781653380000,1.16126,1.16126,1.16126,1.16126
1781653440000,1.16127,1.16131,1.16127,1.16131
1781653500000,1.16129,1.16129,1.16129,1.16129
1781653560000,1.16131,1.16131,1.16122,1.16122
1781653620000,1.16124,1.16125,1.1612,1.16122
1781653680000,1.16123,1.16127,1.16118,1.16121
1781653740000,1.16124,1.16125,1.16119,1.16119
1781653800000,1.16117,1.16118,1.16109,1.16113
1781653860000,1.16114,1.16115,1.16109,1.16111
1781653920000,1.16109,1.16114,1.16109,1.16111
1781653980000,1.1611,1.16121,1.16109,1.16121
1781654040000,1.16119,1.16119,1.16109,1.16114
1781654100000,1.16112,1.16113,1.16108,1.1611
1781654160000,1.16108,1.16112,1.16107,1.16111
1781654220000,1.1611,1.16111,1.16098,1.16099
1781654280000,1.16097,1.16099,1.16088,1.16095
1781654340000,1.16095,1.16097,1.16095,1.16096
1781827200000,1.14582,1.14615,1.14582,1.14614
1781827260000,1.14614,1.14625,1.14612,1.14617
1781827320000,1.14618,1.14628,1.14618,1.14624
1781827380000,1.14624,1.14633,1.14621,1.1463
1781827440000,1.1463,1.14634,1.14623,1.14631
1781827500000,1.14631,1.1464,1.14631,1.14639
1781827560000,1.14638,1.14645,1.14635,1.1464
1781827620000,1.1464,1.1464,1.14634,1.14635
1781827680000,1.14635,1.14638,1.14626,1.14629
1781827740000,1.14631,1.14635,1.14627,1.14629
1781827800000,1.14632,1.14634,1.14625,1.14629
1781827860000,1.1463,1.14634,1.14625,1.14633
1781827920000,1.14634,1.14634,1.1462,1.14622
1781827980000,1.14624,1.14626,1.1462,1.14622
1781828040000,1.14621,1.14624,1.14619,1.1462
1781828100000,1.14619,1.14632,1.14619,1.14632
1781828160000,1.14632,1.14639,1.1463,1.14638
1781828220000,1.14636,1.14636,1.14629,1.14631
1781828280000,1.14633,1.14634,1.14624,1.14624
1781828340000,1.14624,1.14629,1.14623,1.14624
1781828400000,1.14622,1.14627,1.14622,1.14623
1781828460000,1.14623,1.14623,1.14618,1.1462
1781828520000,1.14623,1.14627,1.1462,1.1462
1781828580000,1.14621,1.14628,1.14619,1.14628
1781828640000,1.14628,1.1463,1.14628,1.14629
1781828700000,1.14631,1.14632,1.14627,1.14628
1781828760000,1.14628,1.14631,1.14623,1.14624
1781828820000,1.14623,1.14623,1.14612,1.14614
1781828880000,1.14614,1.14616,1.14612,1.14614
1781828940000,1.14614,1.14614,1.14604,1.14607
1781829000000,1.14609,1.14617,1.14609,1.14616
1781829060000,1.14617,1.14619,1.1461,1.14616
1781829120000,1.14617,1.1462,1.14617,1.1462
1781829180000,1.14618,1.14618,1.14615,1.14615
1781829240000,1.14615,1.14615,1.14611,1.14613
1781829300000,1.14612,1.14627,1.1461,1.14627
1781829360000,1.14626,1.14655,1.14622,1.14651
1781829420000,1.14651,1.14651,1.14615,1.14616
1781829480000,1.14615,1.1462,1.14608,1.14619
1781829540000,1.1462,1.1462,1.14613,1.14614
1781829600000,1.14614,1.14614,1.14605,1.14609
1781829660000,1.1461,1.14615,1.14608,1.14615
1781829720000,1.14614,1.14615,1.14611,1.14615
1781829780000,1.14614,1.14622,1.14614,1.1462
1781829840000,1.14619,1.14625,1.14617,1.14625
1781829900000,1.14624,1.14624,1.14617,1.14624
1781829960000,1.14622,1.14624,1.14621,1.14624
1781830020000,1.14626,1.14628,1.1462,1.14628
1781830080000,1.14627,1.14629,1.14627,1.14629
1781830140000,1.14634,1.14638,1.14627,1.14627
1781830200000,1.14627,1.14634,1.14622,1.14631
1781830260000,1.1463,1.14632,1.14625,1.14631
1781830320000,1.1463,1.14644,1.14626,1.14642
1781830380000,1.14643,1.14643,1.14635,1.14635
1781830440000,1.14634,1.14642,1.14632,1.14637
1781830500000,1.14637,1.14637,1.14627,1.14636
1781830560000,1.14636,1.14636,1.14631,1.14633
1781830620000,1.14633,1.14638,1.14624,1.14633
1781830680000,1.14634,1.14636,1.14625,1.14625
1781830740000,1.14627,1.14627,1.14618,1.14618
1781830800000,1.14619,1.14632,1.14619,1.14629
1781830860000,1.14628,1.14633,1.14625,1.14627
1781830920000,1.14627,1.14627,1.14618,1.1462
1781830980000,1.14624,1.14629,1.1462,1.14629
1781831040000,1.14627,1.14633,1.14624,1.14627
1781831100000,1.14628,1.14628,1.14615,1.1462
1781831160000,1.14623,1.14625,1.1462,1.14621
1781831220000,1.1462,1.1462,1.14612,1.14614
1781831280000,1.14614,1.14614,1.14606,1.14606
1781831340000,1.14607,1.14609,1.14602,1.14606
1781831400000,1.14606,1.14611,1.14606,1.14609
1781831460000,1.14607,1.14613,1.14603,1.14612
1781831520000,1.14611,1.14613,1.14609,1.14613
1781831580000,1.14612,1.14616,1.14603,1.14604
1781831640000,1.14602,1.14611,1.14602,1.14608
1781831700000,1.14608,1.14614,1.14608,1.14612
1781831760000,1.14613,1.14613,1.1461,1.1461
1781831820000,1.14608,1.14611,1.14605,1.14605
1781831880000,1.14606,1.14607,1.14603,1.14606
1781831940000,1.14605,1.14615,1.14605,1.14615
1781832000000,1.14614,1.14614,1.146,1.14604
1781832060000,1.14605,1.14612,1.14605,1.14612
1781832120000,1.14611,1.14616,1.14608,1.14616
1781832180000,1.14616,1.14616,1.14609,1.1461
1781832240000,1.14608,1.14608,1.14592,1.14593
1781832300000,1.14593,1.14606,1.14592,1.14602
1781832360000,1.14603,1.14603,1.14596,1.14596
1781832420000,1.14597,1.14598,1.14595,1.14596
1781832480000,1.14597,1.14602,1.14595,1.14602
1781832540000,1.146,1.14613,1.146,1.1461
1781832600000,1.14609,1.14609,1.146,1.14605
1781832660000,1.14605,1.14607,1.146,1.146
1781832720000,1.14601,1.14604,1.14596,1.146
1781832780000,1.146,1.14603,1.14599,1.14603
1781832840000,1.14603,1.14607,1.14603,1.14606
1781832900000,1.14606,1.14608,1.146,1.146
1781832960000,1.14597,1.14597,1.14588,1.14591
1781833020000,1.1459,1.14592,1.14585,1.14585
1781833080000,1.14585,1.14587,1.14582,1.14587
1781833140000,1.14586,1.14589,1.14585,1.14587
1781833200000,1.14585,1.14591,1.14585,1.1459
1781833260000,1.1459,1.1459,1.14583,1.14584
1781833320000,1.14584,1.14586,1.14576,1.1458
1781833380000,1.14578,1.14582,1.14575,1.14581
1781833440000,1.1458,1.14581,1.14577,1.14579
1781833500000,1.14579,1.14579,1.14575,1.14577
1781833560000,1.14577,1.14582,1.14572,1.1458
1781833620000,1.14581,1.14582,1.14576,1.14576
1781833680000,1.14576,1.14581,1.14573,1.14575
1781833740000,1.14577,1.14577,1.1457,1.1457
1781833800000,1.14571,1.14572,1.1457,1.1457
1781833860000,1.14569,1.14569,1.14564,1.14565
1781833920000,1.14565,1.14565,1.1456,1.14562
1781833980000,1.14562,1.14565,1.1456,1.1456
1781834040000,1.14559,1.1456,1.1455,1.14554
1781834100000,1.14556,1.14556,1.14545,1.14547
1781834160000,1.14547,1.14551,1.14545,1.14547
1781834220000,1.14549,1.1455,1.14531,1.14534
1781834280000,1.14535,1.14535,1.14525,1.14527
1781834340000,1.1453,1.14533,1.14528,1.14531
1781834400000,1.14531,1.14539,1.1453,1.14531
1781834460000,1.1453,1.1454,1.14529,1.14537
1781834520000,1.14537,1.14542,1.14535,1.14535
1781834580000,1.14535,1.14537,1.1453,1.14532
1781834640000,1.14534,1.14536,1.14534,1.14535
1781834700000,1.14536,1.14536,1.14526,1.1453
1781834760000,1.14529,1.14535,1.14524,1.14532
1781834820000,1.14534,1.14534,1.14524,1.14524
1781834880000,1.14524,1.14524,1.14516,1.14517
1781834940000,1.14518,1.14533,1.14518,1.14529
1781835000000,1.1453,1.1453,1.14524,1.14526
1781835060000,1.14525,1.14528,1.14524,1.14526
1781835120000,1.14528,1.1453,1.14524,1.1453
1781835180000,1.14528,1.14532,1.14527,1.14529
1781835240000,1.14527,1.14531,1.14527,1.14531
1781835300000,1.1453,1.1453,1.14522,1.14523
1781835360000,1.14522,1.14529,1.14522,1.14525
1781835420000,1.14525,1.14527,1.14523,1.14523
1781835480000,1.14527,1.14535,1.14526,1.14531
1781835540000,1.14533,1.14534,1.14525,1.14528
1781835600000,1.14528,1.14541,1.14528,1.1454
1781835660000,1.14539,1.14553,1.14538,1.14553
1781835720000,1.14551,1.14563,1.1455,1.14555
1781835780000,1.14556,1.14559,1.14552,1.14559
1781835840000,1.14559,1.14563,1.14555,1.14561
1781835900000,1.14562,1.14562,1.14553,1.14556
1781835960000,1.14555,1.14558,1.14555,1.14557
1781836020000,1.14559,1.14563,1.14559,1.14563
1781836080000,1.14565,1.14574,1.14565,1.1457
1781836140000,1.14569,1.1457,1.14565,1.14568
1781836200000,1.14569,1.14571,1.14567,1.14571
1781836260000,1.14573,1.14575,1.14568,1.14575
1781836320000,1.14573,1.14578,1.14573,1.14574
1781836380000,1.14573,1.14573,1.14565,1.14572
1781836440000,1.14571,1.14575,1.1457,1.14572
1781836500000,1.14573,1.14574,1.1457,1.14573
1781836560000,1.14571,1.14573,1.14566,1.14567
1781836620000,1.14568,1.14568,1.14559,1.14563
1781836680000,1.14563,1.14566,1.1456,1.14565
1781836740000,1.14564,1.14568,1.14564,1.14567
1781836800000,1.14568,1.14572,1.14566,1.1457
1781836860000,1.14567,1.14572,1.14565,1.14571
1781836920000,1.1457,1.14571,1.14568,1.1457
1781836980000,1.14568,1.1457,1.14567,1.1457
1781837040000,1.1457,1.14573,1.14569,1.14571
1781837100000,1.1457,1.14571,1.14565,1.14565
1781837160000,1.14564,1.14564,1.14556,1.14556
1781837220000,1.14557,1.14559,1.14554,1.14554
1781837280000,1.14556,1.14557,1.14556,1.14557
1781837340000,1.14558,1.1456,1.14556,1.14558
1781837400000,1.14555,1.14557,1.14553,1.14555
1781837460000,1.14555,1.14555,1.14546,1.14546
1781837520000,1.14546,1.14547,1.14544,1.14545
1781837580000,1.14546,1.14546,1.14539,1.1454
1781837640000,1.14542,1.14542,1.1454,1.14542
1781837700000,1.14543,1.14546,1.14543,1.14545
1781837760000,1.14544,1.14547,1.14543,1.14545
1781837820000,1.14545,1.14546,1.14541,1.14544
1781837880000,1.14543,1.14547,1.14543,1.14545
1781837940000,1.14546,1.14547,1.14544,1.14544
1781838000000,1.14545,1.14547,1.14542,1.14544
1781838060000,1.14543,1.14543,1.14534,1.14537
1781838120000,1.14535,1.14538,1.14529,1.14529
1781838180000,1.1453,1.14533,1.14528,1.14531
1781838240000,1.1453,1.14534,1.14526,1.14531
1781838300000,1.14534,1.14534,1.14527,1.14528
1781838360000,1.1453,1.14531,1.14528,1.14531
1781838420000,1.14533,1.14535,1.14529,1.14532
1781838480000,1.1453,1.14532,1.1453,1.14531
1781838540000,1.14529,1.14531,1.14529,1.14529
1781838600000,1.1453,1.14531,1.14529,1.14529
1781838660000,1.14531,1.14533,1.14516,1.14516
1781838720000,1.14519,1.14519,1.14505,1.14507
1781838780000,1.14505,1.1451,1.14498,1.14507
1781838840000,1.14505,1.14509,1.14502,1.14502
1781838900000,1.14502,1.14504,1.14484,1.14486
1781838960000,1.14487,1.14487,1.14437,1.14453
1781839020000,1.14452,1.14452,1.14435,1.14438
1781839080000,1.14439,1.14446,1.14435,1.1444
1781839140000,1.14438,1.14449,1.14438,1.14449
1781839200000,1.14449,1.14465,1.14446,1.14459
1781839260000,1.14458,1.14475,1.14457,1.14469
1781839320000,1.14469,1.14472,1.14459,1.14459
1781839380000,1.14459,1.14463,1.14458,1.14459
1781839440000,1.1446,1.14464,1.14459,1.14464
1781839500000,1.14464,1.14464,1.14456,1.14457
1781839560000,1.14457,1.14459,1.14454,1.14459
1781839620000,1.1446,1.1446,1.1445,1.14451
1781839680000,1.1445,1.14451,1.14433,1.14435
1781839740000,1.14436,1.14437,1.14433,1.14436
1781839800000,1.14437,1.14442,1.14436,1.14441
1781839860000,1.14441,1.14442,1.14434,1.14437
1781839920000,1.14439,1.14449,1.14434,1.14447
1781839980000,1.14448,1.14451,1.14446,1.14449
1781840040000,1.14449,1.14453,1.14448,1.1445
1781840100000,1.1445,1.1445,1.14446,1.14449
1781840160000,1.14448,1.14463,1.14448,1.14463
1781840220000,1.14461,1.14463,1.14453,1.14455
1781840280000,1.14454,1.14454,1.14445,1.14445
1781840340000,1.14444,1.1445,1.14441,1.1445
1781840400000,1.14452,1.14459,1.14449,1.14455
1781840460000,1.14453,1.14463,1.14453,1.14463
1781840520000,1.14463,1.14463,1.1445,1.14451
1781840580000,1.14452,1.14457,1.14448,1.14456
1781840640000,1.14456,1.14459,1.14455,1.14457
1781840700000,1.14458,1.14461,1.14451,1.14452
1781840760000,1.14452,1.14454,1.14451,1.14454
1781840820000,1.14454,1.14454,1.14448,1.14449
1781840880000,1.14451,1.14454,1.14449,1.14451
1781840940000,1.14453,1.14453,1.14446,1.14446
1781841000000,1.14447,1.14453,1.14443,1.1445
1781841060000,1.14451,1.14451,1.14446,1.14449
1781841120000,1.1445,1.14456,1.14447,1.14455
1781841180000,1.14456,1.14456,1.14448,1.14448
1781841240000,1.14447,1.14448,1.14437,1.14439
1781841300000,1.1444,1.14443,1.14439,1.1444
1781841360000,1.14439,1.14439,1.14437,1.14439
1781841420000,1.14437,1.14439,1.14433,1.14433
1781841480000,1.14434,1.14435,1.14418,1.14421
1781841540000,1.14422,1.14427,1.14419,1.14422
1781841600000,1.14423,1.14427,1.14422,1.14424
1781841660000,1.14422,1.14422,1.14414,1.1442
1781841720000,1.14418,1.1442,1.14412,1.14415
1781841780000,1.14417,1.14417,1.144,1.14409
1781841840000,1.14408,1.14408,1.14401,1.14402
1781841900000,1.14403,1.14406,1.14398,1.14403
1781841960000,1.14403,1.14408,1.14394,1.14394
1781842020000,1.14395,1.14395,1.14388,1.14393
1781842080000,1.14394,1.14405,1.14394,1.14403
1781842140000,1.14403,1.14403,1.14396,1.14403
1781842200000,1.14403,1.1441,1.14402,1.14409
1781842260000,1.14408,1.14412,1.14406,1.14411
1781842320000,1.14411,1.14413,1.14406,1.14407
1781842380000,1.14408,1.1441,1.14407,1.14407
1781842440000,1.14407,1.14412,1.14402,1.14412
1781842500000,1.14412,1.14413,1.14397,1.14399
1781842560000,1.14398,1.14402,1.14397,1.144
1781842620000,1.14399,1.144,1.14396,1.14397
1781842680000,1.14395,1.14397,1.14388,1.1439
1781842740000,1.1439,1.14393,1.1439,1.14393
1781842800000,1.14389,1.14392,1.14389,1.1439
1781842860000,1.14392,1.14403,1.14392,1.14397
1781842920000,1.14396,1.14396,1.14393,1.14393
1781842980000,1.14393,1.14402,1.14393,1.14402
1781843040000,1.144,1.14403,1.14395,1.14395
1781843100000,1.14395,1.14398,1.14392,1.14398
1781843160000,1.14398,1.14398,1.14395,1.14395
1781843220000,1.14395,1.14395,1.14384,1.14389
1781843280000,1.14387,1.14395,1.14379,1.14394
1781843340000,1.14393,1.14394,1.14388,1.14394
1781843400000,1.14394,1.14406,1.14394,1.14404
1781843460000,1.14404,1.14406,1.144,1.144
1781843520000,1.14403,1.1443,1.14395,1.14428
1781843580000,1.1443,1.14433,1.14416,1.14416
1781843640000,1.14417,1.14418,1.14397,1.14399
1781843700000,1.14396,1.14396,1.14373,1.14373
1781843760000,1.14374,1.14381,1.14374,1.14379
1781843820000,1.14379,1.14386,1.14376,1.14376
1781843880000,1.14375,1.14379,1.14361,1.14368
1781843940000,1.14367,1.14372,1.14358,1.14358
1781844000000,1.14359,1.14359,1.14355,1.14357
1781844060000,1.14355,1.14359,1.14355,1.14359
1781844120000,1.14356,1.14364,1.14355,1.14359
1781844180000,1.1436,1.14364,1.14357,1.14357
1781844240000,1.14355,1.14356,1.14353,1.14353
1781844300000,1.14353,1.14353,1.14348,1.14352
1781844360000,1.1435,1.14351,1.14348,1.1435
1781844420000,1.14349,1.1435,1.14339,1.1434
1781844480000,1.14341,1.14341,1.14333,1.14339
1781844540000,1.14337,1.14345,1.14302,1.14314
1781844600000,1.14311,1.14322,1.14311,1.1432
1781844660000,1.14319,1.14328,1.14318,1.1432
1781844720000,1.14322,1.14332,1.14321,1.14325
1781844780000,1.14326,1.14327,1.1432,1.14321
1781844840000,1.14321,1.14321,1.14302,1.14304
1781844900000,1.14307,1.14315,1.14305,1.14305
1781844960000,1.14303,1.14303,1.1429,1.14292
1781845020000,1.14293,1.14293,1.14273,1.14273
1781845080000,1.14272,1.14284,1.14272,1.14281
1781845140000,1.14279,1.14287,1.14273,1.14286
1781845200000,1.14286,1.14289,1.14274,1.14278
1781845260000,1.14279,1.14282,1.14272,1.14276
1781845320000,1.14276,1.14282,1.14263,1.14275
1781845380000,1.14278,1.14278,1.14227,1.1424
1781845440000,1.14239,1.14279,1.14238,1.14272
1781845500000,1.14272,1.14279,1.14267,1.14268
1781845560000,1.14267,1.14267,1.14243,1.14251
1781845620000,1.14252,1.14261,1.14234,1.14244
1781845680000,1.14243,1.1425,1.14237,1.14244
1781845740000,1.14242,1.14253,1.14242,1.14249
1781845800000,1.1425,1.14262,1.14239,1.14239
1781845860000,1.14238,1.14246,1.14236,1.14245
1781845920000,1.14244,1.14259,1.14243,1.14254
1781845980000,1.14255,1.14271,1.14255,1.14265
1781846040000,1.14265,1.14265,1.14244,1.14247
1781846100000,1.14247,1.1425,1.14237,1.14238
1781846160000,1.14239,1.1424,1.14221,1.14222
1781846220000,1.14223,1.14223,1.14199,1.14207
1781846280000,1.14206,1.14209,1.14201,1.14204
1781846340000,1.14206,1.1421,1.14198,1.14208
1781846400000,1.14208,1.14215,1.14205,1.14209
1781846460000,1.1421,1.14232,1.14207,1.14228
1781846520000,1.14228,1.14231,1.1421,1.14215
1781846580000,1.14216,1.14233,1.14216,1.14232
1781846640000,1.14231,1.14235,1.14222,1.14222
1781846700000,1.14224,1.14245,1.14221,1.14245
1781846760000,1.14244,1.14244,1.14219,1.14219
1781846820000,1.14221,1.14221,1.14178,1.14179
1781846880000,1.14178,1.14204,1.14178,1.14193
1781846940000,1.14193,1.14229,1.14193,1.14223
1781847000000,1.14223,1.14258,1.14223,1.14249
1781847060000,1.14248,1.14254,1.14224,1.1423
1781847120000,1.14228,1.14234,1.1422,1.14224
1781847180000,1.14224,1.14224,1.14218,1.1422
1781847240000,1.1422,1.14224,1.14213,1.14223
1781847300000,1.14225,1.14239,1.14223,1.14237
1781847360000,1.14236,1.14249,1.14235,1.14249
1781847420000,1.14248,1.14259,1.14214,1.14215
1781847480000,1.14215,1.14217,1.14198,1.14198
1781847540000,1.14197,1.14197,1.14186,1.14189
1781847600000,1.14188,1.14224,1.14188,1.14213
1781847660000,1.14213,1.14215,1.14204,1.14209
1781847720000,1.14207,1.14225,1.14204,1.14216
1781847780000,1.14218,1.14235,1.14218,1.1423
1781847840000,1.14229,1.14233,1.14225,1.1423
1781847900000,1.14231,1.14239,1.14231,1.14233
1781847960000,1.14232,1.1424,1.14229,1.14234
1781848020000,1.14232,1.14239,1.14231,1.14236
1781848080000,1.14235,1.14239,1.14232,1.14234
1781848140000,1.14237,1.14246,1.14235,1.14244
1781848200000,1.14244,1.14285,1.14244,1.14285
1781848260000,1.14285,1.1431,1.14285,1.14304
1781848320000,1.14304,1.1431,1.143,1.14306
1781848380000,1.14304,1.14306,1.1429,1.14305
1781848440000,1.14306,1.14336,1.14306,1.14335
1781848500000,1.14335,1.14335,1.14317,1.1432
1781848560000,1.14318,1.14325,1.14301,1.14303
1781848620000,1.14304,1.14305,1.1429,1.14291
1781848680000,1.14289,1.14308,1.14289,1.14308
1781848740000,1.14309,1.14309,1.14302,1.14307
1781848800000,1.14306,1.1432,1.14301,1.14313
1781848860000,1.14314,1.14346,1.14307,1.14344
1781848920000,1.14345,1.14345,1.14324,1.14326
1781848980000,1.14326,1.14346,1.14325,1.14345
1781849040000,1.14346,1.14358,1.14336,1.14337
1781849100000,1.14339,1.14354,1.14338,1.1434
1781849160000,1.1434,1.14351,1.14333,1.14345
1781849220000,1.14344,1.14354,1.14332,1.14352
1781849280000,1.14349,1.14349,1.14335,1.14343
1781849340000,1.14342,1.14356,1.14336,1.14356
1781849400000,1.14356,1.14357,1.1432,1.14322
1781849460000,1.14321,1.14326,1.14316,1.1432
1781849520000,1.14323,1.1433,1.1432,1.14326
1781849580000,1.14325,1.14343,1.14325,1.14343
1781849640000,1.14341,1.14347,1.14339,1.14342
1781849700000,1.14342,1.14342,1.14324,1.14324
1781849760000,1.14326,1.14334,1.14324,1.14334
1781849820000,1.14335,1.14345,1.14334,1.14344
1781849880000,1.14344,1.14348,1.14339,1.14344
1781849940000,1.14344,1.14353,1.14341,1.14352
1781850000000,1.14351,1.14375,1.14349,1.14356
1781850060000,1.14354,1.14371,1.14354,1.1437
1781850120000,1.14372,1.14379,1.14372,1.14378
1781850180000,1.14379,1.14379,1.1436,1.14365
1781850240000,1.14363,1.1438,1.14363,1.14376
1781850300000,1.14375,1.14378,1.14368,1.14377
1781850360000,1.14376,1.1438,1.14367,1.14372
1781850420000,1.14371,1.14382,1.14371,1.14381
1781850480000,1.1438,1.14385,1.14374,1.14377
1781850540000,1.14378,1.14389,1.14368,1.14369
1781850600000,1.14368,1.14376,1.1436,1.14366
1781850660000,1.14366,1.14368,1.14343,1.14344
1781850720000,1.14345,1.14345,1.14326,1.14334
1781850780000,1.14335,1.14342,1.14313,1.14313
1781850840000,1.14315,1.14329,1.14289,1.14329
1781850900000,1.14329,1.14333,1.14324,1.14328
1781850960000,1.14329,1.14339,1.14329,1.14334
1781851020000,1.14338,1.1435,1.14338,1.14345
1781851080000,1.14347,1.1436,1.14339,1.14355
1781851140000,1.14354,1.14358,1.14349,1.14349
1781851200000,1.14351,1.14355,1.14349,1.14352
1781851260000,1.1435,1.14352,1.14334,1.14341
1781851320000,1.14342,1.14345,1.14337,1.14345
1781851380000,1.14345,1.14346,1.14336,1.14336
1781851440000,1.14337,1.14338,1.14331,1.14336
1781851500000,1.14334,1.14344,1.14325,1.14344
1781851560000,1.14347,1.14348,1.14342,1.14344
1781851620000,1.14345,1.14371,1.14345,1.14365
1781851680000,1.14363,1.1437,1.14361,1.14368
1781851740000,1.1437,1.14372,1.14355,1.1436
1781851800000,1.14358,1.14358,1.14346,1.1435
1781851860000,1.14348,1.1436,1.14348,1.1436
1781851920000,1.1436,1.14371,1.14359,1.1437
1781851980000,1.14371,1.14375,1.14368,1.1437
1781852040000,1.1437,1.14376,1.14368,1.14376
1781852100000,1.14373,1.14378,1.1437,1.14376
1781852160000,1.14376,1.14395,1.14376,1.14392
1781852220000,1.14391,1.14406,1.1439,1.14403
1781852280000,1.14404,1.14405,1.14399,1.14403
1781852340000,1.14403,1.14422,1.14403,1.1442
1781852400000,1.14419,1.14444,1.14417,1.14437
1781852460000,1.14437,1.14452,1.14436,1.14445
1781852520000,1.14446,1.14467,1.14439,1.14458
1781852580000,1.1446,1.14467,1.14452,1.14466
1781852640000,1.14467,1.14488,1.14464,1.14488
1781852700000,1.1449,1.14492,1.14466,1.14472
1781852760000,1.14469,1.14488,1.14465,1.14482
1781852820000,1.14481,1.14489,1.14481,1.14486
1781852880000,1.14485,1.14485,1.14469,1.14477
1781852940000,1.14479,1.1448,1.14465,1.14465
1781853000000,1.14467,1.14468,1.14438,1.14446
1781853060000,1.14446,1.14452,1.14439,1.14449
1781853120000,1.14448,1.1445,1.14444,1.14445
1781853180000,1.14445,1.14445,1.14429,1.14433
1781853240000,1.14433,1.14445,1.14433,1.14439
1781853300000,1.1444,1.14458,1.14434,1.14456
1781853360000,1.14455,1.14455,1.14439,1.1444
1781853420000,1.14443,1.14449,1.14441,1.14445
1781853480000,1.14445,1.14457,1.14443,1.14447
1781853540000,1.14449,1.1445,1.14435,1.1444
1781853600000,1.14443,1.14448,1.1442,1.14431
1781853660000,1.1443,1.1443,1.14421,1.14421
1781853720000,1.14421,1.14449,1.1442,1.14447
1781853780000,1.14447,1.1446,1.14435,1.1446
1781853840000,1.14461,1.14462,1.14443,1.14444
1781853900000,1.14446,1.14451,1.14443,1.14445
1781853960000,1.14445,1.14449,1.14426,1.14427
1781854020000,1.1443,1.1446,1.1443,1.14451
1781854080000,1.1445,1.14472,1.1445,1.14463
1781854140000,1.14463,1.14465,1.14455,1.14459
1781854200000,1.1446,1.14469,1.14456,1.14456
1781854260000,1.14455,1.1446,1.14446,1.14452
1781854320000,1.14452,1.14454,1.14444,1.14454
1781854380000,1.14453,1.14462,1.14451,1.14452
1781854440000,1.14453,1.14458,1.1445,1.14453
1781854500000,1.14453,1.14453,1.14436,1.14444
1781854560000,1.14445,1.14449,1.14443,1.14443
1781854620000,1.14444,1.14465,1.14444,1.14465
1781854680000,1.14463,1.14466,1.14455,1.14455
1781854740000,1.14455,1.14458,1.1445,1.14457
1781854800000,1.14456,1.14468,1.14454,1.1446
1781854860000,1.14462,1.14473,1.14462,1.14471
1781854920000,1.1447,1.14487,1.14463,1.14482
1781854980000,1.1448,1.14484,1.14474,1.1448
1781855040000,1.14477,1.14477,1.14463,1.14465
1781855100000,1.14464,1.14475,1.14464,1.14471
1781855160000,1.14472,1.14474,1.14462,1.14472
1781855220000,1.14472,1.14472,1.14464,1.14467
1781855280000,1.14469,1.14474,1.14462,1.14463
1781855340000,1.14462,1.1448,1.1446,1.14472
1781855400000,1.14473,1.14487,1.14466,1.14484
1781855460000,1.14484,1.14486,1.14478,1.14485
1781855520000,1.14487,1.14487,1.14476,1.14478
1781855580000,1.14476,1.14481,1.14469,1.14476
1781855640000,1.14474,1.14474,1.14459,1.1446
1781855700000,1.1446,1.14472,1.14454,1.14455
1781855760000,1.14457,1.14461,1.14446,1.1445
1781855820000,1.14454,1.14477,1.14451,1.14463
1781855880000,1.14463,1.14466,1.14459,1.14466
1781855940000,1.14467,1.14473,1.14461,1.14462
1781856000000,1.14463,1.14484,1.14462,1.14479
1781856060000,1.1448,1.14502,1.14479,1.14501
1781856120000,1.14503,1.14508,1.14489,1.145
1781856180000,1.145,1.14509,1.14495,1.14509
1781856240000,1.14511,1.14545,1.14505,1.14538
1781856300000,1.14537,1.14537,1.14524,1.1453
1781856360000,1.14529,1.14545,1.14528,1.14545
1781856420000,1.14544,1.14548,1.14541,1.14547
1781856480000,1.14547,1.14551,1.1454,1.14546
1781856540000,1.14548,1.14554,1.14543,1.14547
1781856600000,1.14547,1.1455,1.14539,1.14542
1781856660000,1.14541,1.14548,1.14539,1.14541
1781856720000,1.1454,1.14548,1.14539,1.1454
1781856780000,1.1454,1.14542,1.14515,1.14515
1781856840000,1.14514,1.1452,1.14498,1.14498
1781856900000,1.14498,1.14522,1.1449,1.14518
1781856960000,1.1452,1.1454,1.14519,1.14535
1781857020000,1.14536,1.14567,1.14534,1.14563
1781857080000,1.14564,1.14566,1.14546,1.14549
1781857140000,1.14548,1.14562,1.14546,1.14559
1781857200000,1.14559,1.14559,1.14545,1.14545
1781857260000,1.14546,1.14557,1.14546,1.14554
1781857320000,1.14553,1.14568,1.14551,1.14565
1781857380000,1.14564,1.14589,1.14564,1.14589
1781857440000,1.14587,1.14597,1.14585,1.14592
1781857500000,1.14592,1.14601,1.1459,1.146
1781857560000,1.14599,1.14601,1.14593,1.14597
1781857620000,1.14596,1.146,1.14573,1.14573
1781857680000,1.14574,1.14576,1.14561,1.14575
1781857740000,1.14575,1.1458,1.14571,1.14577
1781857800000,1.1458,1.14589,1.14571,1.14575
1781857860000,1.14575,1.14595,1.14575,1.14595
1781857920000,1.14596,1.14599,1.1459,1.1459
1781857980000,1.1459,1.14592,1.14586,1.14589
1781858040000,1.1459,1.14596,1.14579,1.14595
1781858100000,1.14597,1.14611,1.14592,1.14602
1781858160000,1.14602,1.14606,1.1459,1.14596
1781858220000,1.14596,1.14598,1.14585,1.14586
1781858280000,1.14586,1.1459,1.14581,1.1459
1781858340000,1.14592,1.14598,1.14588,1.14594
1781858400000,1.14596,1.14617,1.14596,1.14616
1781858460000,1.14618,1.14633,1.14616,1.14632
1781858520000,1.14632,1.14652,1.14631,1.14651
1781858580000,1.14653,1.14658,1.1464,1.14647
1781858640000,1.14647,1.14651,1.1464,1.14641
1781858700000,1.1464,1.14641,1.14634,1.14636
1781858760000,1.14637,1.1464,1.14633,1.14636
1781858820000,1.14635,1.14641,1.14629,1.14634
1781858880000,1.14636,1.14641,1.14636,1.14636
1781858940000,1.14635,1.14636,1.14627,1.14628
1781859000000,1.14628,1.14629,1.14617,1.14621
1781859060000,1.14619,1.14621,1.14613,1.14613
1781859120000,1.14613,1.14617,1.14611,1.14615
1781859180000,1.14616,1.1463,1.14614,1.1463
1781859240000,1.14629,1.14631,1.14626,1.14627
1781859300000,1.14627,1.14631,1.14623,1.14625
1781859360000,1.14625,1.14631,1.14625,1.14626
1781859420000,1.14627,1.1464,1.14625,1.14634
1781859480000,1.14634,1.14636,1.14627,1.14634
1781859540000,1.14634,1.14643,1.14633,1.14642
1781859600000,1.14641,1.14641,1.1463,1.14635
1781859660000,1.14634,1.14636,1.14589,1.14589
1781859720000,1.14589,1.14599,1.14583,1.14595
1781859780000,1.14594,1.14616,1.14594,1.1461
1781859840000,1.14611,1.14611,1.14605,1.14609
1781859900000,1.14608,1.14612,1.14601,1.1461
1781859960000,1.14612,1.14616,1.14607,1.1461
1781860020000,1.1461,1.14616,1.14606,1.14608
1781860080000,1.14609,1.14609,1.14603,1.14603
1781860140000,1.14603,1.14607,1.14593,1.14594
1781860200000,1.14595,1.14601,1.14594,1.14597
1781860260000,1.14595,1.14614,1.14589,1.14614
1781860320000,1.14614,1.14622,1.14605,1.14611
1781860380000,1.14614,1.14627,1.14614,1.14621
1781860440000,1.14622,1.14626,1.14615,1.14615
1781860500000,1.14615,1.1463,1.14614,1.14615
1781860560000,1.14617,1.14634,1.14617,1.1463
1781860620000,1.14629,1.14632,1.14621,1.14622
1781860680000,1.14624,1.14626,1.1462,1.14623
1781860740000,1.14624,1.14624,1.14615,1.14616
1781860800000,1.14616,1.14616,1.14605,1.1461
1781860860000,1.1461,1.14615,1.14599,1.146
1781860920000,1.146,1.14604,1.14596,1.14601
1781860980000,1.14603,1.14617,1.146,1.14603
1781861040000,1.14602,1.14607,1.14602,1.14605
1781861100000,1.14605,1.14609,1.14603,1.14607
1781861160000,1.14608,1.14615,1.14607,1.14614
1781861220000,1.14614,1.14617,1.14609,1.14614
1781861280000,1.14613,1.14617,1.14605,1.14612
1781861340000,1.14614,1.14614,1.14604,1.14604
1781861400000,1.14606,1.14628,1.14605,1.14627
1781861460000,1.14629,1.14634,1.1462,1.14631
1781861520000,1.1463,1.14632,1.14627,1.14629
1781861580000,1.14631,1.14645,1.1463,1.14645
1781861640000,1.14645,1.14645,1.14633,1.14635
1781861700000,1.14636,1.14637,1.14626,1.14633
1781861760000,1.14633,1.14636,1.14622,1.1463
1781861820000,1.14631,1.14635,1.14628,1.14635
1781861880000,1.14637,1.14637,1.14628,1.14629
1781861940000,1.1463,1.14632,1.14625,1.14627
1781862000000,1.14629,1.14636,1.14629,1.14632
1781862060000,1.14633,1.14642,1.14633,1.1464
1781862120000,1.14641,1.14641,1.14634,1.1464
1781862180000,1.14638,1.14639,1.14633,1.14638
1781862240000,1.14639,1.14641,1.14629,1.1463
1781862300000,1.14629,1.14629,1.14615,1.14615
1781862360000,1.14614,1.14616,1.1461,1.14616
1781862420000,1.14616,1.14629,1.14616,1.14629
1781862480000,1.14626,1.14626,1.14619,1.14619
1781862540000,1.14617,1.14619,1.14609,1.14612
1781862600000,1.14611,1.14616,1.14609,1.14614
1781862660000,1.14615,1.14617,1.14613,1.14613
1781862720000,1.14613,1.14621,1.14613,1.14619
1781862780000,1.14618,1.14629,1.14617,1.14629
1781862840000,1.14629,1.14631,1.14626,1.14629
1781862900000,1.14631,1.14631,1.14611,1.14612
1781862960000,1.14613,1.14621,1.14613,1.14617
1781863020000,1.14616,1.1462,1.14614,1.14614
1781863080000,1.14616,1.14618,1.14598,1.14601
1781863140000,1.14601,1.14601,1.1459,1.14593
1781863200000,1.14594,1.14611,1.14589,1.1461
1781863260000,1.14609,1.14613,1.14607,1.14613
1781863320000,1.14613,1.14618,1.1461,1.14618
1781863380000,1.14616,1.1462,1.14607,1.14607
1781863440000,1.14608,1.14611,1.14604,1.14607
1781863500000,1.14606,1.14614,1.14606,1.14611
1781863560000,1.14611,1.14613,1.14608,1.14608
1781863620000,1.14608,1.14608,1.14602,1.14607
1781863680000,1.14604,1.14605,1.14591,1.14593
1781863740000,1.14592,1.14602,1.14592,1.14598
1781863800000,1.14599,1.14605,1.14597,1.14604
1781863860000,1.14603,1.1461,1.14598,1.14598
1781863920000,1.14597,1.14599,1.14592,1.14592
1781863980000,1.14592,1.14598,1.14589,1.14597
1781864040000,1.14599,1.14599,1.14589,1.14589
1781864100000,1.14587,1.14587,1.14583,1.14587
1781864160000,1.14585,1.14595,1.14585,1.14592
1781864220000,1.14591,1.14592,1.14566,1.14567
1781864280000,1.14568,1.14573,1.14562,1.14568
1781864340000,1.14569,1.1457,1.14554,1.14555
1781864400000,1.14554,1.14556,1.14533,1.14533
1781864460000,1.14532,1.14539,1.14529,1.14531
1781864520000,1.14532,1.14534,1.14523,1.14529
1781864580000,1.1453,1.14543,1.14527,1.14542
1781864640000,1.14542,1.14558,1.1454,1.14558
1781864700000,1.14557,1.14561,1.14545,1.14549
1781864760000,1.14551,1.14568,1.14547,1.14568
1781864820000,1.14566,1.14572,1.14563,1.14565
1781864880000,1.14566,1.14574,1.14564,1.14564
1781864940000,1.14566,1.14573,1.14563,1.14564
1781865000000,1.14563,1.14565,1.14552,1.14555
1781865060000,1.14556,1.14562,1.14556,1.14561
1781865120000,1.14559,1.14566,1.14559,1.14564
1781865180000,1.14566,1.14569,1.14563,1.14565
1781865240000,1.14565,1.14576,1.14564,1.14576
1781865300000,1.14577,1.14585,1.14574,1.1458
1781865360000,1.14579,1.14581,1.14571,1.14579
1781865420000,1.14582,1.14583,1.14573,1.14574
1781865480000,1.14576,1.14576,1.1455,1.14574
1781865540000,1.14573,1.14577,1.14565,1.14568
1781865600000,1.14568,1.14588,1.14568,1.14573
1781865660000,1.14573,1.14581,1.14573,1.14581
1781865720000,1.14579,1.14585,1.14579,1.14583
1781865780000,1.14584,1.14595,1.14579,1.1459
1781865840000,1.14589,1.14594,1.14588,1.1459
1781865900000,1.1459,1.14613,1.1459,1.14612
1781865960000,1.14609,1.14615,1.14588,1.14615
1781866020000,1.14615,1.14625,1.14597,1.14601
1781866080000,1.14602,1.14611,1.14602,1.1461
1781866140000,1.1461,1.14616,1.14606,1.14606
1781866200000,1.14604,1.14611,1.14598,1.146
1781866260000,1.14599,1.14604,1.14583,1.14583
1781866320000,1.14585,1.14601,1.14584,1.14594
1781866380000,1.14595,1.14601,1.14591,1.14599
1781866440000,1.14601,1.14601,1.14589,1.14591
1781866500000,1.1459,1.14618,1.1459,1.14616
1781866560000,1.14616,1.1462,1.14606,1.14618
1781866620000,1.14616,1.14625,1.14609,1.14618
1781866680000,1.14617,1.14631,1.14617,1.14625
1781866740000,1.14625,1.14633,1.14623,1.14623
1781866800000,1.14625,1.14629,1.14618,1.14624
1781866860000,1.14625,1.14634,1.14621,1.14621
1781866920000,1.14622,1.14633,1.14618,1.14631
1781866980000,1.14632,1.14644,1.14629,1.14642
1781867040000,1.14642,1.14649,1.14639,1.14639
1781867100000,1.1464,1.14647,1.1464,1.14641
1781867160000,1.1464,1.14644,1.14637,1.14637
1781867220000,1.14637,1.1464,1.1462,1.1462
1781867280000,1.14621,1.14629,1.14613,1.14628
1781867340000,1.14629,1.14635,1.14626,1.1463
1781867400000,1.1463,1.14646,1.14629,1.14644
1781867460000,1.14646,1.14648,1.1464,1.14646
1781867520000,1.14647,1.14654,1.14644,1.1465
1781867580000,1.14648,1.1465,1.14642,1.14644
1781867640000,1.14645,1.14646,1.14639,1.14641
1781867700000,1.14642,1.14655,1.14642,1.14655
1781867760000,1.14655,1.14656,1.14653,1.14656
1781867820000,1.14656,1.14665,1.14656,1.1466
1781867880000,1.14657,1.14665,1.14654,1.14659
1781867940000,1.1466,1.14668,1.14658,1.14668
1781868000000,1.14666,1.14674,1.14665,1.14669
1781868060000,1.14669,1.14676,1.14667,1.14676
1781868120000,1.14676,1.14678,1.1467,1.14675
1781868180000,1.14674,1.14675,1.14667,1.14667
1781868240000,1.14665,1.14669,1.14664,1.14666
1781868300000,1.14665,1.14669,1.14662,1.14662
1781868360000,1.14661,1.14661,1.14653,1.14653
1781868420000,1.14653,1.14656,1.14648,1.14648
1781868480000,1.14646,1.14647,1.14642,1.14644
1781868540000,1.14644,1.14644,1.1463,1.1463
1781868600000,1.1463,1.14636,1.14628,1.14635
1781868660000,1.14633,1.14644,1.14632,1.14644
1781868720000,1.14644,1.14645,1.14633,1.14636
1781868780000,1.14637,1.14637,1.14631,1.14632
1781868840000,1.14631,1.14632,1.1462,1.1462
1781868900000,1.14621,1.14639,1.14617,1.14637
1781868960000,1.14637,1.14637,1.14628,1.14628
1781869020000,1.1463,1.14631,1.14607,1.14608
1781869080000,1.14608,1.14612,1.14607,1.14609
1781869140000,1.1461,1.14618,1.1461,1.14615
1781869200000,1.14616,1.14621,1.1461,1.14621
1781869260000,1.1462,1.14624,1.14617,1.14624
1781869320000,1.14624,1.14624,1.14619,1.1462
1781869380000,1.14619,1.14631,1.14619,1.1463
1781869440000,1.14632,1.14646,1.14632,1.14646
1781869500000,1.14647,1.14651,1.14642,1.14644
1781869560000,1.14644,1.14655,1.14644,1.14645
1781869620000,1.14647,1.14656,1.14647,1.14656
1781869680000,1.14656,1.14656,1.1464,1.1464
1781869740000,1.14642,1.14646,1.14635,1.14641
1781869800000,1.14641,1.14648,1.14624,1.14624
1781869860000,1.14625,1.14627,1.14622,1.14622
1781869920000,1.14622,1.14631,1.14622,1.14622
1781869980000,1.14624,1.14627,1.14616,1.14619
1781870040000,1.14617,1.14624,1.14613,1.14619
1781870100000,1.1462,1.14621,1.14589,1.14594
1781870160000,1.14592,1.14599,1.1459,1.14591
1781870220000,1.14592,1.1461,1.14592,1.14608
1781870280000,1.14608,1.14609,1.14601,1.14607
1781870340000,1.14608,1.14617,1.14605,1.1461
1781870400000,1.14612,1.14621,1.14612,1.14619
1781870460000,1.14619,1.14645,1.14618,1.14645
1781870520000,1.14641,1.14641,1.14627,1.14636
1781870580000,1.14636,1.1464,1.14624,1.1464
1781870640000,1.1464,1.14645,1.14635,1.14645
1781870700000,1.14643,1.14645,1.14619,1.14624
1781870760000,1.14624,1.14634,1.14619,1.14633
1781870820000,1.14636,1.1465,1.14633,1.1465
1781870880000,1.14651,1.14661,1.14643,1.14661
1781870940000,1.14664,1.14681,1.14662,1.14672
1781871000000,1.14671,1.14674,1.14663,1.14672
1781871060000,1.1467,1.14675,1.1467,1.14674
1781871120000,1.14675,1.14678,1.14669,1.14669
1781871180000,1.1467,1.14672,1.14664,1.14664
1781871240000,1.14664,1.14666,1.1466,1.14663
1781871300000,1.14666,1.1467,1.14663,1.1467
1781871360000,1.14671,1.14671,1.14661,1.14663
1781871420000,1.14661,1.14667,1.14657,1.14665
1781871480000,1.14666,1.1467,1.14652,1.14655
1781871540000,1.14654,1.14667,1.14654,1.14667
1781871600000,1.14665,1.14668,1.14656,1.14658
1781871660000,1.14657,1.14665,1.14654,1.14662
1781871720000,1.14664,1.14673,1.14664,1.1467
1781871780000,1.14669,1.14669,1.14654,1.14654
1781871840000,1.14652,1.14653,1.14643,1.14649
1781871900000,1.14649,1.14664,1.14644,1.14664
1781871960000,1.14662,1.14669,1.14662,1.14663
1781872020000,1.14662,1.14662,1.14642,1.14647
1781872080000,1.14649,1.14655,1.14647,1.14648
1781872140000,1.14649,1.14649,1.14638,1.14641
1781872200000,1.14641,1.14643,1.14638,1.14638
1781872260000,1.14641,1.14654,1.1464,1.14647
1781872320000,1.14648,1.1465,1.14646,1.14649
1781872380000,1.14647,1.14657,1.14647,1.14655
1781872440000,1.14656,1.14661,1.14655,1.14655
1781872500000,1.14655,1.14658,1.14652,1.14658
1781872560000,1.14661,1.14661,1.14649,1.14649
1781872620000,1.1465,1.1465,1.1462,1.14641
1781872680000,1.14642,1.14661,1.1464,1.14656
1781872740000,1.14657,1.14658,1.14652,1.14656
1781872800000,1.14655,1.14657,1.14642,1.14649
1781872860000,1.14649,1.1466,1.14649,1.14654
1781872920000,1.14654,1.14654,1.14651,1.14653
1781872980000,1.14653,1.14653,1.14637,1.1464
1781873040000,1.14638,1.14648,1.14634,1.14646
1781873100000,1.14644,1.1465,1.14643,1.14648
1781873160000,1.14647,1.14648,1.14643,1.14646
1781873220000,1.14646,1.14649,1.14643,1.14645
1781873280000,1.14647,1.14655,1.14644,1.14654
1781873340000,1.14655,1.14655,1.14649,1.14649
1781873400000,1.14649,1.14698,1.14648,1.14697
1781873460000,1.14697,1.14748,1.14683,1.14728
1781873520000,1.14731,1.14735,1.14707,1.14731
1781873580000,1.1473,1.14744,1.1472,1.14723
1781873640000,1.14722,1.14732,1.14718,1.14724
1781873700000,1.14726,1.14729,1.14688,1.14688
1781873760000,1.14688,1.14713,1.14686,1.14707
1781873820000,1.14708,1.14719,1.14708,1.14716
1781873880000,1.14716,1.1472,1.1471,1.14716
1781873940000,1.14714,1.14719,1.14708,1.14709
1781874000000,1.14709,1.14721,1.14707,1.14714
1781874060000,1.14715,1.14725,1.14713,1.14718
1781874120000,1.14719,1.14721,1.14692,1.14693
1781874180000,1.14693,1.14693,1.14668,1.1467
1781874240000,1.14668,1.1467,1.14663,1.14663
1781874300000,1.14665,1.14671,1.14649,1.14652
1781874360000,1.14651,1.14661,1.14642,1.1466
1781874420000,1.1466,1.14661,1.14651,1.14659
1781874480000,1.1466,1.14674,1.14658,1.14671
1781874540000,1.1467,1.14675,1.14664,1.14668
1781874600000,1.14669,1.14669,1.14652,1.14654
1781874660000,1.14654,1.14658,1.14651,1.14657
1781874720000,1.14657,1.14666,1.14652,1.14659
1781874780000,1.14659,1.1466,1.14652,1.14652
1781874840000,1.1465,1.1465,1.14624,1.14624
1781874900000,1.14626,1.14647,1.14626,1.14637
1781874960000,1.14638,1.14642,1.14633,1.14635
1781875020000,1.14635,1.14643,1.14629,1.14629
1781875080000,1.14631,1.14641,1.14628,1.14636
1781875140000,1.14635,1.14635,1.14626,1.14627
1781875200000,1.14627,1.14629,1.14608,1.14613
1781875260000,1.14614,1.14614,1.14606,1.14613
1781875320000,1.14613,1.14614,1.14607,1.14611
1781875380000,1.1461,1.1461,1.14602,1.14605
1781875440000,1.14605,1.14607,1.14601,1.14607
1781875500000,1.14608,1.14611,1.14607,1.1461
1781875560000,1.14612,1.14629,1.14608,1.14628
1781875620000,1.14627,1.14642,1.14627,1.14642
1781875680000,1.14641,1.14642,1.14629,1.14631
1781875740000,1.14632,1.14642,1.14624,1.14642
1781875800000,1.14643,1.1465,1.14633,1.1465
1781875860000,1.14651,1.14651,1.14629,1.14629
1781875920000,1.14628,1.1463,1.14619,1.14624
1781875980000,1.14624,1.14624,1.14619,1.14619
1781876040000,1.1462,1.14625,1.14617,1.14621
1781876100000,1.14623,1.14624,1.14608,1.14609
1781876160000,1.14608,1.14613,1.14598,1.14598
1781876220000,1.146,1.146,1.14567,1.14568
1781876280000,1.14566,1.14594,1.14566,1.1459
1781876340000,1.14592,1.14592,1.14581,1.14589
1781876400000,1.14591,1.14595,1.14584,1.14585
1781876460000,1.14584,1.14591,1.14584,1.14589
1781876520000,1.14589,1.14606,1.14589,1.14605
1781876580000,1.14603,1.14617,1.146,1.14613
1781876640000,1.14614,1.14615,1.14601,1.14614
1781876700000,1.14614,1.14621,1.14611,1.14621
1781876760000,1.14622,1.14633,1.14622,1.14633
1781876820000,1.14634,1.14645,1.14633,1.14644
1781876880000,1.14644,1.14644,1.1463,1.14634
1781876940000,1.14633,1.14639,1.1463,1.14634
1781877000000,1.14633,1.1464,1.14633,1.14639
1781877060000,1.1464,1.14646,1.14634,1.1464
1781877120000,1.1464,1.14644,1.14633,1.14633
1781877180000,1.14637,1.1465,1.14637,1.14643
1781877240000,1.14645,1.14652,1.14635,1.14637
1781877300000,1.14637,1.14643,1.14635,1.14639
1781877360000,1.14642,1.14659,1.1464,1.14641
1781877420000,1.14639,1.14641,1.14627,1.14629
1781877480000,1.14627,1.14634,1.14624,1.14632
1781877540000,1.14632,1.14639,1.14629,1.14629
1781877600000,1.14628,1.14629,1.14612,1.14628
1781877660000,1.14629,1.14633,1.14627,1.1463
1781877720000,1.14631,1.14638,1.14629,1.14637
1781877780000,1.14636,1.1464,1.14627,1.14633
1781877840000,1.14634,1.14642,1.14626,1.14642
1781877900000,1.14643,1.14649,1.14639,1.1464
1781877960000,1.14639,1.14639,1.14626,1.14635
1781878020000,1.14636,1.14638,1.14631,1.14637
1781878080000,1.14637,1.14647,1.14633,1.14634
1781878140000,1.14635,1.14638,1.1463,1.14633
1781878200000,1.14633,1.14634,1.14616,1.14616
1781878260000,1.14619,1.14619,1.14602,1.14604
1781878320000,1.14605,1.14611,1.14602,1.14605
1781878380000,1.14606,1.1461,1.14604,1.14608
1781878440000,1.14609,1.14609,1.14591,1.14593
1781878500000,1.14595,1.14601,1.14589,1.1459
1781878560000,1.1459,1.14601,1.1459,1.146
1781878620000,1.14602,1.14602,1.14592,1.14592
1781878680000,1.14593,1.14593,1.14579,1.14589
1781878740000,1.14588,1.14594,1.14587,1.14588
1781878800000,1.14587,1.14589,1.14582,1.14584
1781878860000,1.14584,1.14593,1.14583,1.1459
1781878920000,1.1459,1.14592,1.14587,1.1459
1781878980000,1.1459,1.1459,1.14583,1.14587
1781879040000,1.14588,1.14599,1.14584,1.14596
1781879100000,1.14597,1.14608,1.14597,1.14607
1781879160000,1.14608,1.14613,1.14605,1.14613
1781879220000,1.14612,1.14619,1.14609,1.14609
1781879280000,1.14607,1.14619,1.14607,1.14616
1781879340000,1.14615,1.14618,1.14614,1.14616
1781879400000,1.14615,1.14627,1.14615,1.14624
1781879460000,1.14624,1.14625,1.14617,1.14624
1781879520000,1.14624,1.14626,1.14623,1.14626
1781879580000,1.14624,1.14631,1.14622,1.14625
1781879640000,1.14624,1.14628,1.14622,1.14626
1781879700000,1.14624,1.14638,1.14624,1.14636
1781879760000,1.14637,1.14639,1.14632,1.14633
1781879820000,1.14632,1.14638,1.14627,1.14635
1781879880000,1.14636,1.1464,1.1463,1.14639
1781879940000,1.14639,1.14652,1.14639,1.14648
1781880000000,1.14652,1.14659,1.1465,1.14658
1781880060000,1.14658,1.14658,1.14646,1.14651
1781880120000,1.14652,1.14653,1.14645,1.14645
1781880180000,1.14642,1.14662,1.14642,1.1466
1781880240000,1.1466,1.14665,1.14652,1.14652
1781880300000,1.14652,1.14674,1.1465,1.14658
1781880360000,1.14657,1.14666,1.14652,1.14659
1781880420000,1.14659,1.14675,1.14659,1.14675
1781880480000,1.14677,1.14677,1.14662,1.14662
1781880540000,1.14663,1.14664,1.14655,1.14657
1781880600000,1.14656,1.14656,1.14633,1.14639
1781880660000,1.14638,1.14646,1.14634,1.14639
1781880720000,1.14641,1.14663,1.1464,1.14663
1781880780000,1.14662,1.14663,1.14626,1.14629
1781880840000,1.14629,1.14672,1.14622,1.14671
1781880900000,1.14671,1.14695,1.1466,1.14674
1781880960000,1.14673,1.14699,1.14672,1.14698
1781881020000,1.14698,1.14698,1.14684,1.14692
1781881080000,1.14692,1.14699,1.14656,1.14657
1781881140000,1.14657,1.14684,1.14652,1.14684
1781881200000,1.14683,1.14713,1.14682,1.1471
1781881260000,1.14711,1.14732,1.14709,1.14731
1781881320000,1.1473,1.14761,1.14715,1.14715
1781881380000,1.14714,1.14714,1.14701,1.14703
1781881440000,1.14704,1.14704,1.14685,1.14696
1781881500000,1.14695,1.14718,1.14691,1.14715
1781881560000,1.14715,1.14717,1.1471,1.14712
1781881620000,1.14711,1.14727,1.14707,1.14718
1781881680000,1.14718,1.14724,1.14712,1.14721
1781881740000,1.14722,1.14739,1.14722,1.14731
1781881800000,1.14733,1.14745,1.14731,1.14731
1781881860000,1.14733,1.14739,1.14715,1.14724
1781881920000,1.14721,1.14724,1.14711,1.14712
1781881980000,1.14714,1.14714,1.14699,1.147
1781882040000,1.14702,1.14708,1.14699,1.14699
1781882100000,1.14699,1.14707,1.14698,1.14702
1781882160000,1.14702,1.14703,1.14697,1.147
1781882220000,1.14699,1.14706,1.14698,1.14705
1781882280000,1.14706,1.14706,1.14695,1.14699
1781882340000,1.14697,1.14708,1.14695,1.14705
1781882400000,1.14705,1.14715,1.14705,1.14712
1781882460000,1.14714,1.1472,1.14706,1.14706
1781882520000,1.14706,1.14706,1.14696,1.14701
1781882580000,1.14701,1.14701,1.14697,1.14698
1781882640000,1.14698,1.14703,1.14694,1.14696
1781882700000,1.14695,1.14699,1.14692,1.14698
1781882760000,1.14697,1.14703,1.1469,1.14695
1781882820000,1.14695,1.14699,1.14689,1.14693
1781882880000,1.14691,1.14698,1.14688,1.14694
1781882940000,1.14695,1.14697,1.1469,1.14691
1781883000000,1.14691,1.14691,1.1467,1.14671
1781883060000,1.14671,1.14678,1.14661,1.14678
1781883120000,1.14676,1.14676,1.14661,1.14665
1781883180000,1.14664,1.14666,1.14658,1.14658
1781883240000,1.14659,1.14659,1.14654,1.14655
1781883300000,1.14654,1.14655,1.14648,1.1465
1781883360000,1.14649,1.1465,1.14643,1.1465
1781883420000,1.1465,1.14651,1.14641,1.14641
1781883480000,1.14639,1.14639,1.14629,1.14629
1781883540000,1.14633,1.14635,1.14629,1.1463
1781883600000,1.14631,1.14649,1.14631,1.14649
1781883660000,1.14648,1.14649,1.14639,1.14641
1781883720000,1.1464,1.14644,1.14636,1.14643
1781883780000,1.14641,1.14646,1.1464,1.14646
1781883840000,1.14647,1.14651,1.14637,1.14638
1781883900000,1.14639,1.14652,1.14639,1.14651
1781883960000,1.14653,1.14654,1.14648,1.14653
1781884020000,1.14654,1.14662,1.14654,1.14661
1781884080000,1.1466,1.14664,1.14657,1.14657
1781884140000,1.14654,1.14659,1.14652,1.14653
1781884200000,1.14653,1.14654,1.14652,1.14652
1781884260000,1.14652,1.14652,1.14634,1.14634
1781884320000,1.14636,1.14642,1.14636,1.14642
1781884380000,1.14642,1.14647,1.14642,1.14645
1781884440000,1.14645,1.14646,1.14643,1.14645
1781884500000,1.14644,1.14647,1.14635,1.14635
1781884560000,1.14635,1.14635,1.14625,1.14631
1781884620000,1.14633,1.14635,1.14624,1.1463
1781884680000,1.1463,1.1463,1.14626,1.14629
1781884740000,1.14628,1.14647,1.14628,1.14646
1781884800000,1.14648,1.14649,1.14635,1.14635
1781884860000,1.14636,1.14648,1.14636,1.14646
1781884920000,1.14647,1.1466,1.14645,1.14647
1781884980000,1.14648,1.14656,1.14647,1.14656
1781885040000,1.14657,1.14659,1.14651,1.14657
1781885100000,1.14657,1.14659,1.14655,1.14655
1781885160000,1.14658,1.14658,1.1465,1.14655
1781885220000,1.14653,1.14653,1.14643,1.14647
1781885280000,1.14646,1.14649,1.14639,1.14645
1781885340000,1.14643,1.14649,1.14641,1.14649
1781885400000,1.14648,1.14658,1.14648,1.14652
1781885460000,1.14653,1.14654,1.14645,1.14648
1781885520000,1.14648,1.1465,1.14645,1.1465
1781885580000,1.14649,1.14649,1.14641,1.14641
1781885640000,1.14641,1.1465,1.14641,1.14646
1781885700000,1.14645,1.14645,1.14638,1.1464
1781885760000,1.1464,1.14641,1.14632,1.14634
1781885820000,1.14634,1.14634,1.14629,1.1463
1781885880000,1.14632,1.14633,1.1463,1.14633
1781885940000,1.14633,1.14633,1.14619,1.14621
1781886000000,1.14621,1.14633,1.14618,1.14633
1781886060000,1.14632,1.14646,1.14632,1.14646
1781886120000,1.14646,1.1465,1.14644,1.14648
1781886180000,1.14649,1.1466,1.14649,1.1466
1781886240000,1.14658,1.14673,1.14657,1.14673
1781886300000,1.14674,1.14683,1.14674,1.14682
1781886360000,1.14683,1.14683,1.14677,1.14683
1781886420000,1.14685,1.14689,1.14683,1.14688
1781886480000,1.14688,1.1469,1.14688,1.14688
1781886540000,1.14688,1.14689,1.14683,1.14684
1781886600000,1.14686,1.14688,1.1468,1.14686
1781886660000,1.14684,1.14688,1.14683,1.14687
1781886720000,1.14685,1.14685,1.14671,1.14671
1781886780000,1.1467,1.1467,1.14664,1.14665
1781886840000,1.14665,1.14667,1.14661,1.14662
1781886900000,1.14664,1.14664,1.14658,1.14658
1781886960000,1.14656,1.14656,1.1464,1.14642
1781887020000,1.14641,1.14648,1.14641,1.14647
1781887080000,1.14646,1.14659,1.14644,1.14657
1781887140000,1.14658,1.14658,1.1465,1.14653
1781887200000,1.14655,1.14658,1.14655,1.14658
1781887260000,1.14654,1.14654,1.14651,1.14653
1781887320000,1.14653,1.14654,1.14648,1.14648
1781887380000,1.14648,1.14649,1.14647,1.14648
1781887440000,1.1465,1.14659,1.1465,1.14653
1781887500000,1.14653,1.1466,1.14653,1.14658
1781887560000,1.14658,1.14658,1.14657,1.14658
1781887620000,1.14659,1.1466,1.14659,1.1466
1781887680000,1.14658,1.14658,1.14658,1.14658
1781887740000,1.1466,1.14666,1.14658,1.14666
1781887800000,1.14664,1.1467,1.14664,1.14669
1781887860000,1.14669,1.14669,1.14658,1.14658
1781887920000,1.14657,1.14659,1.14653,1.14655
1781887980000,1.14656,1.14661,1.14655,1.14657
1781888040000,1.14656,1.14657,1.1465,1.14652
1781888100000,1.14652,1.14668,1.14652,1.14663
1781888160000,1.14663,1.14671,1.14663,1.14671
1781888220000,1.14673,1.14673,1.14665,1.14667
1781888280000,1.14668,1.14678,1.14668,1.14677
1781888340000,1.14679,1.14692,1.14679,1.14687
1781888400000,1.14688,1.14708,1.14688,1.14702
1781888460000,1.14704,1.14711,1.147,1.14709
1781888520000,1.1471,1.14712,1.14706,1.14708
1781888580000,1.14712,1.1472,1.14708,1.14719
1781888640000,1.14716,1.14716,1.14709,1.14713
1781888700000,1.14711,1.14718,1.1471,1.14712
1781888760000,1.14713,1.14717,1.14712,1.14717
1781888820000,1.14717,1.14718,1.14714,1.14716
1781888880000,1.14718,1.14719,1.14714,1.14715
1781888940000,1.14715,1.14718,1.14714,1.14716
1781889000000,1.14716,1.14716,1.14696,1.14698
1781889060000,1.14701,1.14701,1.14689,1.1469
1781889120000,1.14689,1.14691,1.14682,1.14683
1781889180000,1.14684,1.14685,1.14676,1.14683
1781889240000,1.14682,1.14692,1.14682,1.14691
1781889300000,1.14692,1.14694,1.14689,1.14692
1781889360000,1.14694,1.147,1.14692,1.14697
1781889420000,1.14697,1.14699,1.14695,1.14697
1781889480000,1.14697,1.14699,1.14691,1.14694
1781889540000,1.14693,1.147,1.14692,1.14695
1781889600000,1.14696,1.147,1.14695,1.14697
1781889660000,1.14699,1.14701,1.14697,1.14699
1781889720000,1.14698,1.147,1.14695,1.14696
1781889780000,1.14697,1.14697,1.14694,1.14694
1781889840000,1.14698,1.14703,1.14695,1.14698
1781889900000,1.147,1.147,1.14697,1.14699
1781889960000,1.14699,1.14701,1.14685,1.14695
1781890020000,1.14696,1.147,1.14695,1.14696
1781890080000,1.14699,1.14699,1.14696,1.14697
1781890140000,1.14697,1.14701,1.14697,1.147
1781890200000,1.14699,1.14704,1.14696,1.14703
1781890260000,1.14704,1.14704,1.1469,1.14694
1781890320000,1.14693,1.14708,1.14693,1.14708
1781890380000,1.14708,1.1471,1.14706,1.14707
1781890440000,1.14707,1.14709,1.14707,1.14708
1781890500000,1.14707,1.14723,1.14706,1.1472
1781890560000,1.1472,1.14725,1.1472,1.14723
1781890620000,1.14723,1.14724,1.14719,1.14723
1781890680000,1.14724,1.14724,1.1472,1.14723
1781890740000,1.14722,1.14724,1.14721,1.14724
1781890800000,1.14723,1.14732,1.14723,1.14728
1781890860000,1.14728,1.14741,1.14728,1.14739
1781890920000,1.14741,1.14753,1.14741,1.14752
1781890980000,1.14752,1.14753,1.14749,1.14751
1781891040000,1.14751,1.14753,1.14748,1.14752
1781891100000,1.14751,1.14756,1.1475,1.14752
1781891160000,1.14751,1.14754,1.1475,1.14753
1781891220000,1.14753,1.14758,1.1475,1.14753
1781891280000,1.14752,1.14756,1.14748,1.14752
1781891340000,1.14751,1.14751,1.14749,1.14749
1781891400000,1.14749,1.1476,1.14749,1.14757
1781891460000,1.14756,1.14758,1.14756,1.14757
1781891520000,1.14758,1.14758,1.14754,1.14756
1781891580000,1.14755,1.14757,1.14749,1.14749
1781891640000,1.14749,1.14752,1.14749,1.14751
1781891700000,1.14749,1.14753,1.14708,1.14719
1781891760000,1.14718,1.14734,1.14717,1.14731
1781891820000,1.14732,1.14764,1.14712,1.14756
1781891880000,1.14756,1.14756,1.14719,1.14742
1781891940000,1.14742,1.1475,1.14738,1.14748
1781892000000,1.14745,1.14754,1.14745,1.1475
1781892060000,1.14751,1.14755,1.14744,1.14754
1781892120000,1.14753,1.14755,1.14741,1.14747
1781892180000,1.14749,1.1475,1.14743,1.14749
1781892240000,1.14747,1.1475,1.14745,1.14749
1781892300000,1.14748,1.1475,1.14745,1.14746
1781892360000,1.14746,1.1475,1.1474,1.14743
1781892420000,1.14742,1.14743,1.14742,1.14742
1781892480000,1.14743,1.14743,1.14741,1.14743
1781892540000,1.14741,1.14743,1.14741,1.14742
1781892600000,1.14742,1.14743,1.1474,1.14743
1781892660000,1.14741,1.14742,1.14741,1.14742
1781892720000,1.14742,1.14745,1.14742,1.14742
1781892780000,1.14743,1.14743,1.14738,1.14743
1781892840000,1.14743,1.14743,1.14742,1.14742
1781892900000,1.14744,1.14744,1.14742,1.14742
1781892960000,1.14744,1.14764,1.14744,1.14764
1781893020000,1.14763,1.14765,1.14763,1.14765
1781893080000,1.14763,1.14766,1.14763,1.14763
1781893140000,1.14765,1.14768,1.14765,1.14766
1781893200000,1.14766,1.14766,1.14764,1.14764
1781893260000,1.14766,1.14767,1.14764,1.14764
1781893320000,1.14768,1.14769,1.14764,1.14767
1781893380000,1.14767,1.14769,1.14766,1.14767
1781893440000,1.1477,1.1477,1.14769,1.14769
1781893500000,1.14767,1.14773,1.14767,1.14773
1781893560000,1.14772,1.14774,1.14771,1.14773
1781893620000,1.14772,1.14774,1.14772,1.14774
1781893680000,1.14773,1.14775,1.14772,1.14772
1781893740000,1.14772,1.14773,1.14768,1.14772
1781893800000,1.14768,1.14773,1.14767,1.14772
1781893860000,1.14774,1.14774,1.14771,1.14772
1781893920000,1.14772,1.14775,1.14772,1.14774
1781893980000,1.14773,1.14776,1.14772,1.14773
1781894040000,1.14773,1.14774,1.14772,1.14773
1781894100000,1.14772,1.14775,1.14772,1.14773
1781894160000,1.14774,1.14785,1.14773,1.14785
1781894220000,1.14783,1.14795,1.14782,1.14792
1781894280000,1.14792,1.14795,1.1479,1.14793
1781894340000,1.14793,1.14795,1.14793,1.14793
1781894400000,1.14795,1.14795,1.14792,1.14792
1781894460000,1.14793,1.14793,1.14791,1.14792
1781894520000,1.14792,1.14794,1.14792,1.14793
1781894580000,1.14792,1.14794,1.14792,1.14792
1781894640000,1.14792,1.14801,1.14792,1.14801
1781894700000,1.14802,1.14803,1.14802,1.14802
1781894760000,1.14805,1.14805,1.14802,1.14803
1781894820000,1.14802,1.14804,1.14801,1.14802
1781894880000,1.14802,1.14803,1.14801,1.14802
1781894940000,1.14803,1.14804,1.14802,1.14803
1781895000000,1.14803,1.14803,1.14801,1.14803
1781895060000,1.14803,1.14806,1.14802,1.14803
1781895120000,1.14802,1.14802,1.14785,1.14787
1781895180000,1.14787,1.14795,1.14787,1.14793
1781895240000,1.14793,1.14794,1.14786,1.14786
1781895300000,1.14786,1.14788,1.14771,1.14772
1781895360000,1.14776,1.14777,1.14771,1.14775
1781895420000,1.14775,1.14776,1.14749,1.14754
1781895480000,1.14756,1.1476,1.14754,1.14756
1781895540000,1.14759,1.14765,1.14747,1.14764
1781895600000,1.14762,1.14775,1.1476,1.14766
1781895660000,1.14766,1.14777,1.14766,1.1477
1781895720000,1.14772,1.14779,1.14771,1.14777
1781895780000,1.14777,1.14779,1.14777,1.14778
1781895840000,1.14779,1.14782,1.14771,1.14777
1781895900000,1.14776,1.14777,1.14769,1.14774
1781895960000,1.14772,1.14772,1.14772,1.14772
1781896020000,1.14774,1.14774,1.14773,1.14773
1781896080000,1.14773,1.14773,1.14772,1.14772
1781896140000,1.14774,1.14774,1.14772,1.14773
1781896200000,1.14773,1.14773,1.14773,1.14773
1781896260000,1.14773,1.14773,1.14773,1.14773
1781896320000,1.14773,1.14773,1.14771,1.14771
1781896380000,1.14771,1.14771,1.14771,1.14771
1781896440000,1.1477,1.14771,1.1477,1.14771
1781896500000,1.1477,1.14772,1.14768,1.1477
1781896560000,1.1477,1.14772,1.1477,1.14772
1781896620000,1.14772,1.14772,1.1477,1.14771
1781896680000,1.14771,1.14771,1.1477,1.1477
1781896740000,1.14771,1.14771,1.14768,1.1477
1781896800000,1.1477,1.1477,1.14768,1.14768
1781896860000,1.14769,1.14774,1.14768,1.14771
1781896920000,1.14772,1.14773,1.1477,1.14771
1781896980000,1.14773,1.14773,1.1477,1.14772
1781897040000,1.14772,1.14773,1.1477,1.14772
1781897100000,1.1477,1.14774,1.1477,1.14773
1781897160000,1.14773,1.14775,1.14772,1.14775
1781897220000,1.14774,1.14774,1.14772,1.14772
1781897280000,1.14774,1.14777,1.14773,1.14776
1781897340000,1.14775,1.14776,1.14775,1.14776
1781897400000,1.14778,1.14778,1.14777,1.14778
1781897460000,1.14779,1.14779,1.14777,1.14778
1781897520000,1.14776,1.14777,1.14775,1.14777
1781897580000,1.14777,1.14777,1.14776,1.14776
1781897640000,1.14773,1.14775,1.14772,1.14775
1781897700000,1.14772,1.14774,1.14772,1.14774
1781897760000,1.1477,1.14771,1.1477,1.14771
1781897820000,1.14771,1.14772,1.14771,1.14772
1781897880000,1.14775,1.14775,1.14775,1.14775
1781897940000,1.14771,1.14772,1.14761,1.14763
1781898000000,1.14761,1.14764,1.14754,1.14755
1781898060000,1.14754,1.14755,1.14753,1.14754
1781898120000,1.14755,1.14762,1.14749,1.14753
1781898180000,1.14752,1.14755,1.14752,1.14755
1781898240000,1.14754,1.14756,1.14752,1.14752
1781898300000,1.1475,1.14761,1.1475,1.14753
1781898360000,1.14755,1.14755,1.14755,1.14755
1781898420000,1.14751,1.14755,1.1475,1.14751
1781898480000,1.14754,1.14754,1.14753,1.14754
1781898540000,1.14751,1.14751,1.14749,1.14749
1781898600000,1.1475,1.14753,1.1475,1.14753
1781898660000,1.1475,1.1475,1.1475,1.1475
1781898720000,1.1475,1.1475,1.1475,1.1475
1781898780000,1.1475,1.14763,1.1475,1.14755
1781898840000,1.14754,1.14761,1.14754,1.14758
1781898900000,1.14757,1.14763,1.14756,1.14761
1781898960000,1.14759,1.14763,1.14758,1.14759
1781899020000,1.14762,1.14768,1.14757,1.14766
1781899080000,1.14772,1.14774,1.14748,1.1475
1781899140000,1.14748,1.14755,1.14748,1.14752
1781899200000,1.14753,1.14754,1.1475,1.14754
1781899260000,1.14762,1.14772,1.14751,1.14757
1781899320000,1.14757,1.14757,1.14757,1.14757
1781899380000,1.14758,1.14761,1.14755,1.14757
1781899440000,1.14758,1.14761,1.14755,1.14757
1781899500000,1.14756,1.1476,1.1475,1.14755
1781899560000,1.14755,1.14761,1.14753,1.14755
1781899620000,1.14756,1.14759,1.14754,1.14756
1781899680000,1.14756,1.14757,1.1475,1.14751
1781899740000,1.14751,1.1476,1.1475,1.1475
1781899800000,1.14748,1.14765,1.14748,1.14759
1781899860000,1.14759,1.14762,1.14745,1.14745
1781899920000,1.14745,1.14757,1.14743,1.14753
1781899980000,1.14757,1.14757,1.1475,1.14753
1781900040000,1.14751,1.14765,1.14751,1.14765
1781900100000,1.14764,1.14764,1.14752,1.14754
1781900160000,1.14754,1.14759,1.14727,1.14742
1781900220000,1.14742,1.1475,1.1472,1.14735
1781900280000,1.14736,1.14736,1.14729,1.14734
1781900340000,1.14733,1.14734,1.14715,1.14715
1781900400000,1.14715,1.14724,1.14715,1.14721
1781900460000,1.14722,1.14726,1.14717,1.14722
1781900520000,1.14718,1.14724,1.14716,1.14718
1781900580000,1.14716,1.14722,1.14716,1.14722
1781900640000,1.14722,1.14725,1.14721,1.14722
1781900700000,1.14721,1.14734,1.14714,1.14727
1781900760000,1.14727,1.14727,1.14701,1.1472
1781900820000,1.14722,1.14726,1.14704,1.14721
1781900880000,1.14721,1.14724,1.14719,1.14721
1781900940000,1.1472,1.14725,1.1472,1.14724
1781901000000,1.14725,1.14731,1.14724,1.14725
1781901060000,1.14724,1.14726,1.14721,1.14725
1781901120000,1.14725,1.14726,1.14723,1.14724
1781901180000,1.14724,1.14726,1.14723,1.14725
1781901240000,1.14726,1.14726,1.14725,1.14726
1781901300000,1.14724,1.1473,1.14718,1.14728
1781901360000,1.14732,1.14732,1.14726,1.14727
1781901420000,1.14727,1.14748,1.14721,1.14747
1781901480000,1.14742,1.14749,1.14739,1.14745
1781901540000,1.14743,1.14746,1.14735,1.14739
1781901600000,1.14738,1.14744,1.14727,1.14737
1781901660000,1.1474,1.14741,1.14724,1.14737
1781901720000,1.14736,1.14739,1.14736,1.14739
1781901780000,1.14734,1.14743,1.14734,1.14735
1781901840000,1.14737,1.14737,1.14733,1.14735
1781901900000,1.14736,1.1474,1.14732,1.14735
1781901960000,1.14736,1.14737,1.1473,1.14736
1781902020000,1.14733,1.14736,1.14733,1.14734
1781902080000,1.14741,1.14742,1.14728,1.14734
1781902140000,1.14733,1.14741,1.14725,1.14727
1781902200000,1.14727,1.14742,1.14725,1.14735
1781902260000,1.14724,1.1474,1.14724,1.14737
1781902320000,1.14735,1.14738,1.14729,1.14733
1781902380000,1.14733,1.14734,1.14732,1.14732
1781902440000,1.1472,1.14723,1.14718,1.14718
1781902500000,1.1474,1.14741,1.14726,1.14734
1781902560000,1.14733,1.14733,1.14733,1.14733
1781902620000,1.14721,1.1474,1.14715,1.14736
1781902680000,1.14737,1.14737,1.14661,1.14663
1781902740000,1.14661,1.14732,1.14656,1.14683
1781902800000,1.14683,1.14683,1.14683,1.14683
1781902860000,1.14683,1.14683,1.14683,1.14683
1781902920000,1.14683,1.14683,1.14683,1.14683
1781902980000,1.14683,1.14683,1.14683,1.14683
1781903040000,1.14683,1.14683,1.14683,1.14683
1781903100000,1.14683,1.14683,1.14683,1.14683
1781903160000,1.14683,1.14683,1.14683,1.14683
1781903220000,1.14683,1.14683,1.14683,1.14683
1781903280000,1.14683,1.14683,1.14683,1.14683
1781903340000,1.14683,1.14683,1.14683,1.14683
1781903400000,1.14683,1.14683,1.14683,1.14683
1781903460000,1.14683,1.14683,1.14683,1.14683
1781903520000,1.14683,1.14683,1.14683,1.14683
1781903580000,1.14683,1.14683,1.14683,1.14683
1781903640000,1.14683,1.14683,1.14683,1.14683
1781903700000,1.14683,1.14683,1.14683,1.14683
1781903760000,1.14683,1.14683,1.14683,1.14683
1781903820000,1.14683,1.14683,1.14683,1.14683
1781903880000,1.14683,1.14683,1.14683,1.14683
1781903940000,1.14683,1.14683,1.14683,1.14683
1781904000000,1.14683,1.14683,1.14683,1.14683
1781904060000,1.14683,1.14683,1.14683,1.14683
1781904120000,1.14683,1.14683,1.14683,1.14683
1781904180000,1.14683,1.14683,1.14683,1.14683
1781904240000,1.14683,1.14683,1.14683,1.14683
1781904300000,1.14683,1.14683,1.14683,1.14683
1781904360000,1.14683,1.14683,1.14683,1.14683
1781904420000,1.14683,1.14683,1.14683,1.14683
1781904480000,1.14683,1.14683,1.14683,1.14683
1781904540000,1.14683,1.14683,1.14683,1.14683
1781904600000,1.14683,1.14683,1.14683,1.14683
1781904660000,1.14683,1.14683,1.14683,1.14683
1781904720000,1.14683,1.14683,1.14683,1.14683
1781904780000,1.14683,1.14683,1.14683,1.14683
1781904840000,1.14683,1.14683,1.14683,1.14683
1781904900000,1.14683,1.14683,1.14683,1.14683
1781904960000,1.14683,1.14683,1.14683,1.14683
1781905020000,1.14683,1.14683,1.14683,1.14683
1781905080000,1.14683,1.14683,1.14683,1.14683
1781905140000,1.14683,1.14683,1.14683,1.14683
1781905200000,1.14683,1.14683,1.14683,1.14683
1781905260000,1.14683,1.14683,1.14683,1.14683
1781905320000,1.14683,1.14683,1.14683,1.14683
1781905380000,1.14683,1.14683,1.14683,1.14683
1781905440000,1.14683,1.14683,1.14683,1.14683
1781905500000,1.14683,1.14683,1.14683,1.14683
1781905560000,1.14683,1.14683,1.14683,1.14683
1781905620000,1.14683,1.14683,1.14683,1.14683
1781905680000,1.14683,1.14683,1.14683,1.14683
1781905740000,1.14683,1.14683,1.14683,1.14683
1781905800000,1.14683,1.14683,1.14683,1.14683
1781905860000,1.14683,1.14683,1.14683,1.14683
1781905920000,1.14683,1.14683,1.14683,1.14683
1781905980000,1.14683,1.14683,1.14683,1.14683
1781906040000,1.14683,1.14683,1.14683,1.14683
1781906100000,1.14683,1.14683,1.14683,1.14683
1781906160000,1.14683,1.14683,1.14683,1.14683
1781906220000,1.14683,1.14683,1.14683,1.14683
1781906280000,1.14683,1.14683,1.14683,1.14683
1781906340000,1.14683,1.14683,1.14683,1.14683
1781906400000,1.14683,1.14683,1.14683,1.14683
1781906460000,1.14683,1.14683,1.14683,1.14683
1781906520000,1.14683,1.14683,1.14683,1.14683
1781906580000,1.14683,1.14683,1.14683,1.14683
1781906640000,1.14683,1.14683,1.14683,1.14683
1781906700000,1.14683,1.14683,1.14683,1.14683
1781906760000,1.14683,1.14683,1.14683,1.14683
1781906820000,1.14683,1.14683,1.14683,1.14683
1781906880000,1.14683,1.14683,1.14683,1.14683
1781906940000,1.14683,1.14683,1.14683,1.14683
1781907000000,1.14683,1.14683,1.14683,1.14683
1781907060000,1.14683,1.14683,1.14683,1.14683
1781907120000,1.14683,1.14683,1.14683,1.14683
1781907180000,1.14683,1.14683,1.14683,1.14683
1781907240000,1.14683,1.14683,1.14683,1.14683
1781907300000,1.14683,1.14683,1.14683,1.14683
1781907360000,1.14683,1.14683,1.14683,1.14683
1781907420000,1.14683,1.14683,1.14683,1.14683
1781907480000,1.14683,1.14683,1.14683,1.14683
1781907540000,1.14683,1.14683,1.14683,1.14683
1781907600000,1.14683,1.14683,1.14683,1.14683
1781907660000,1.14683,1.14683,1.14683,1.14683
1781907720000,1.14683,1.14683,1.14683,1.14683
1781907780000,1.14683,1.14683,1.14683,1.14683
1781907840000,1.14683,1.14683,1.14683,1.14683
1781907900000,1.14683,1.14683,1.14683,1.14683
1781907960000,1.14683,1.14683,1.14683,1.14683
1781908020000,1.14683,1.14683,1.14683,1.14683
1781908080000,1.14683,1.14683,1.14683,1.14683
1781908140000,1.14683,1.14683,1.14683,1.14683
1781908200000,1.14683,1.14683,1.14683,1.14683
1781908260000,1.14683,1.14683,1.14683,1.14683
1781908320000,1.14683,1.14683,1.14683,1.14683
1781908380000,1.14683,1.14683,1.14683,1.14683
1781908440000,1.14683,1.14683,1.14683,1.14683
1781908500000,1.14683,1.14683,1.14683,1.14683
1781908560000,1.14683,1.14683,1.14683,1.14683
1781908620000,1.14683,1.14683,1.14683,1.14683
1781908680000,1.14683,1.14683,1.14683,1.14683
1781908740000,1.14683,1.14683,1.14683,1.14683
1781908800000,1.14683,1.14683,1.14683,1.14683
1781908860000,1.14683,1.14683,1.14683,1.14683
1781908920000,1.14683,1.14683,1.14683,1.14683
1781908980000,1.14683,1.14683,1.14683,1.14683
1781909040000,1.14683,1.14683,1.14683,1.14683
1781909100000,1.14683,1.14683,1.14683,1.14683
1781909160000,1.14683,1.14683,1.14683,1.14683
1781909220000,1.14683,1.14683,1.14683,1.14683
1781909280000,1.14683,1.14683,1.14683,1.14683
1781909340000,1.14683,1.14683,1.14683,1.14683
1781909400000,1.14683,1.14683,1.14683,1.14683
1781909460000,1.14683,1.14683,1.14683,1.14683
1781909520000,1.14683,1.14683,1.14683,1.14683
1781909580000,1.14683,1.14683,1.14683,1.14683
1781909640000,1.14683,1.14683,1.14683,1.14683
1781909700000,1.14683,1.14683,1.14683,1.14683
1781909760000,1.14683,1.14683,1.14683,1.14683
1781909820000,1.14683,1.14683,1.14683,1.14683
1781909880000,1.14683,1.14683,1.14683,1.14683
1781909940000,1.14683,1.14683,1.14683,1.14683
1781910000000,1.14683,1.14683,1.14683,1.14683
1781910060000,1.14683,1.14683,1.14683,1.14683
1781910120000,1.14683,1.14683,1.14683,1.14683
1781910180000,1.14683,1.14683,1.14683,1.14683
1781910240000,1.14683,1.14683,1.14683,1.14683
1781910300000,1.14683,1.14683,1.14683,1.14683
1781910360000,1.14683,1.14683,1.14683,1.14683
1781910420000,1.14683,1.14683,1.14683,1.14683
1781910480000,1.14683,1.14683,1.14683,1.14683
1781910540000,1.14683,1.14683,1.14683,1.14683
1781910600000,1.14683,1.14683,1.14683,1.14683
1781910660000,1.14683,1.14683,1.14683,1.14683
1781910720000,1.14683,1.14683,1.14683,1.14683
1781910780000,1.14683,1.14683,1.14683,1.14683
1781910840000,1.14683,1.14683,1.14683,1.14683
1781910900000,1.14683,1.14683,1.14683,1.14683
1781910960000,1.14683,1.14683,1.14683,1.14683
1781911020000,1.14683,1.14683,1.14683,1.14683
1781911080000,1.14683,1.14683,1.14683,1.14683
1781911140000,1.14683,1.14683,1.14683,1.14683
1781911200000,1.14683,1.14683,1.14683,1.14683
1781911260000,1.14683,1.14683,1.14683,1.14683
1781911320000,1.14683,1.14683,1.14683,1.14683
1781911380000,1.14683,1.14683,1.14683,1.14683
1781911440000,1.14683,1.14683,1.14683,1.14683
1781911500000,1.14683,1.14683,1.14683,1.14683
1781911560000,1.14683,1.14683,1.14683,1.14683
1781911620000,1.14683,1.14683,1.14683,1.14683
1781911680000,1.14683,1.14683,1.14683,1.14683
1781911740000,1.14683,1.14683,1.14683,1.14683
1781911800000,1.14683,1.14683,1.14683,1.14683
1781911860000,1.14683,1.14683,1.14683,1.14683
1781911920000,1.14683,1.14683,1.14683,1.14683
1781911980000,1.14683,1.14683,1.14683,1.14683
1781912040000,1.14683,1.14683,1.14683,1.14683
1781912100000,1.14683,1.14683,1.14683,1.14683
1781912160000,1.14683,1.14683,1.14683,1.14683
1781912220000,1.14683,1.14683,1.14683,1.14683
1781912280000,1.14683,1.14683,1.14683,1.14683
1781912340000,1.14683,1.14683,1.14683,1.14683
1781912400000,1.14683,1.14683,1.14683,1.14683
1781912460000,1.14683,1.14683,1.14683,1.14683
1781912520000,1.14683,1.14683,1.14683,1.14683
1781912580000,1.14683,1.14683,1.14683,1.14683
1781912640000,1.14683,1.14683,1.14683,1.14683
1781912700000,1.14683,1.14683,1.14683,1.14683
1781912760000,1.14683,1.14683,1.14683,1.14683
1781912820000,1.14683,1.14683,1.14683,1.14683
1781912880000,1.14683,1.14683,1.14683,1.14683
1781912940000,1.14683,1.14683,1.14683,1.14683
1781913000000,1.14683,1.14683,1.14683,1.14683
1781913060000,1.14683,1.14683,1.14683,1.14683
1781913120000,1.14683,1.14683,1.14683,1.14683
1781913180000,1.14683,1.14683,1.14683,1.14683
1781913240000,1.14683,1.14683,1.14683,1.14683
1781913300000,1.14683,1.14683,1.14683,1.14683
1781913360000,1.14683,1.14683,1.14683,1.14683
1781913420000,1.14683,1.14683,1.14683,1.14683
1781913480000,1.14683,1.14683,1.14683,1.14683
1781913540000,1.14683,1.14683,1.14683,1.14683
1782000000000,1.14683,1.14683,1.14683,1.14683
1782000060000,1.14683,1.14683,1.14683,1.14683
1782000120000,1.14683,1.14683,1.14683,1.14683
1782000180000,1.14683,1.14683,1.14683,1.14683
1782000240000,1.14683,1.14683,1.14683,1.14683
1782000300000,1.14683,1.14683,1.14683,1.14683
1782000360000,1.14683,1.14683,1.14683,1.14683
1782000420000,1.14683,1.14683,1.14683,1.14683
1782000480000,1.14683,1.14683,1.14683,1.14683
1782000540000,1.14683,1.14683,1.14683,1.14683
1782000600000,1.14683,1.14683,1.14683,1.14683
1782000660000,1.14683,1.14683,1.14683,1.14683
1782000720000,1.14683,1.14683,1.14683,1.14683
1782000780000,1.14683,1.14683,1.14683,1.14683
1782000840000,1.14683,1.14683,1.14683,1.14683
1782000900000,1.14683,1.14683,1.14683,1.14683
1782000960000,1.14683,1.14683,1.14683,1.14683
1782001020000,1.14683,1.14683,1.14683,1.14683
1782001080000,1.14683,1.14683,1.14683,1.14683
1782001140000,1.14683,1.14683,1.14683,1.14683
1782001200000,1.14683,1.14683,1.14683,1.14683
1782001260000,1.14683,1.14683,1.14683,1.14683
1782001320000,1.14683,1.14683,1.14683,1.14683
1782001380000,1.14683,1.14683,1.14683,1.14683
1782001440000,1.14683,1.14683,1.14683,1.14683
1782001500000,1.14683,1.14683,1.14683,1.14683
1782001560000,1.14683,1.14683,1.14683,1.14683
1782001620000,1.14683,1.14683,1.14683,1.14683
1782001680000,1.14683,1.14683,1.14683,1.14683
1782001740000,1.14683,1.14683,1.14683,1.14683
1782001800000,1.14683,1.14683,1.14683,1.14683
1782001860000,1.14683,1.14683,1.14683,1.14683
1782001920000,1.14683,1.14683,1.14683,1.14683
1782001980000,1.14683,1.14683,1.14683,1.14683
1782002040000,1.14683,1.14683,1.14683,1.14683
1782002100000,1.14683,1.14683,1.14683,1.14683
1782002160000,1.14683,1.14683,1.14683,1.14683
1782002220000,1.14683,1.14683,1.14683,1.14683
1782002280000,1.14683,1.14683,1.14683,1.14683
1782002340000,1.14683,1.14683,1.14683,1.14683
1782002400000,1.14683,1.14683,1.14683,1.14683
1782002460000,1.14683,1.14683,1.14683,1.14683
1782002520000,1.14683,1.14683,1.14683,1.14683
1782002580000,1.14683,1.14683,1.14683,1.14683
1782002640000,1.14683,1.14683,1.14683,1.14683
1782002700000,1.14683,1.14683,1.14683,1.14683
1782002760000,1.14683,1.14683,1.14683,1.14683
1782002820000,1.14683,1.14683,1.14683,1.14683
1782002880000,1.14683,1.14683,1.14683,1.14683
1782002940000,1.14683,1.14683,1.14683,1.14683
1782003000000,1.14683,1.14683,1.14683,1.14683
1782003060000,1.14683,1.14683,1.14683,1.14683
1782003120000,1.14683,1.14683,1.14683,1.14683
1782003180000,1.14683,1.14683,1.14683,1.14683
1782003240000,1.14683,1.14683,1.14683,1.14683
1782003300000,1.14683,1.14683,1.14683,1.14683
1782003360000,1.14683,1.14683,1.14683,1.14683
1782003420000,1.14683,1.14683,1.14683,1.14683
1782003480000,1.14683,1.14683,1.14683,1.14683
1782003540000,1.14683,1.14683,1.14683,1.14683
1782003600000,1.14683,1.14683,1.14683,1.14683
1782003660000,1.14683,1.14683,1.14683,1.14683
1782003720000,1.14683,1.14683,1.14683,1.14683
1782003780000,1.14683,1.14683,1.14683,1.14683
1782003840000,1.14683,1.14683,1.14683,1.14683
1782003900000,1.14683,1.14683,1.14683,1.14683
1782003960000,1.14683,1.14683,1.14683,1.14683
1782004020000,1.14683,1.14683,1.14683,1.14683
1782004080000,1.14683,1.14683,1.14683,1.14683
1782004140000,1.14683,1.14683,1.14683,1.14683
1782004200000,1.14683,1.14683,1.14683,1.14683
1782004260000,1.14683,1.14683,1.14683,1.14683
1782004320000,1.14683,1.14683,1.14683,1.14683
1782004380000,1.14683,1.14683,1.14683,1.14683
1782004440000,1.14683,1.14683,1.14683,1.14683
1782004500000,1.14683,1.14683,1.14683,1.14683
1782004560000,1.14683,1.14683,1.14683,1.14683
1782004620000,1.14683,1.14683,1.14683,1.14683
1782004680000,1.14683,1.14683,1.14683,1.14683
1782004740000,1.14683,1.14683,1.14683,1.14683
1782004800000,1.14683,1.14683,1.14683,1.14683
1782004860000,1.14683,1.14683,1.14683,1.14683
1782004920000,1.14683,1.14683,1.14683,1.14683
1782004980000,1.14683,1.14683,1.14683,1.14683
1782005040000,1.14683,1.14683,1.14683,1.14683
1782005100000,1.14683,1.14683,1.14683,1.14683
1782005160000,1.14683,1.14683,1.14683,1.14683
1782005220000,1.14683,1.14683,1.14683,1.14683
1782005280000,1.14683,1.14683,1.14683,1.14683
1782005340000,1.14683,1.14683,1.14683,1.14683
1782005400000,1.14683,1.14683,1.14683,1.14683
1782005460000,1.14683,1.14683,1.14683,1.14683
1782005520000,1.14683,1.14683,1.14683,1.14683
1782005580000,1.14683,1.14683,1.14683,1.14683
1782005640000,1.14683,1.14683,1.14683,1.14683
1782005700000,1.14683,1.14683,1.14683,1.14683
1782005760000,1.14683,1.14683,1.14683,1.14683
1782005820000,1.14683,1.14683,1.14683,1.14683
1782005880000,1.14683,1.14683,1.14683,1.14683
1782005940000,1.14683,1.14683,1.14683,1.14683
1782006000000,1.14683,1.14683,1.14683,1.14683
1782006060000,1.14683,1.14683,1.14683,1.14683
1782006120000,1.14683,1.14683,1.14683,1.14683
1782006180000,1.14683,1.14683,1.14683,1.14683
1782006240000,1.14683,1.14683,1.14683,1.14683
1782006300000,1.14683,1.14683,1.14683,1.14683
1782006360000,1.14683,1.14683,1.14683,1.14683
1782006420000,1.14683,1.14683,1.14683,1.14683
1782006480000,1.14683,1.14683,1.14683,1.14683
1782006540000,1.14683,1.14683,1.14683,1.14683
1782006600000,1.14683,1.14683,1.14683,1.14683
1782006660000,1.14683,1.14683,1.14683,1.14683
1782006720000,1.14683,1.14683,1.14683,1.14683
1782006780000,1.14683,1.14683,1.14683,1.14683
1782006840000,1.14683,1.14683,1.14683,1.14683
1782006900000,1.14683,1.14683,1.14683,1.14683
1782006960000,1.14683,1.14683,1.14683,1.14683
1782007020000,1.14683,1.14683,1.14683,1.14683
1782007080000,1.14683,1.14683,1.14683,1.14683
1782007140000,1.14683,1.14683,1.14683,1.14683
1782007200000,1.14683,1.14683,1.14683,1.14683
1782007260000,1.14683,1.14683,1.14683,1.14683
1782007320000,1.14683,1.14683,1.14683,1.14683
1782007380000,1.14683,1.14683,1.14683,1.14683
1782007440000,1.14683,1.14683,1.14683,1.14683
1782007500000,1.14683,1.14683,1.14683,1.14683
1782007560000,1.14683,1.14683,1.14683,1.14683
1782007620000,1.14683,1.14683,1.14683,1.14683
1782007680000,1.14683,1.14683,1.14683,1.14683
1782007740000,1.14683,1.14683,1.14683,1.14683
1782007800000,1.14683,1.14683,1.14683,1.14683
1782007860000,1.14683,1.14683,1.14683,1.14683
1782007920000,1.14683,1.14683,1.14683,1.14683
1782007980000,1.14683,1.14683,1.14683,1.14683
1782008040000,1.14683,1.14683,1.14683,1.14683
1782008100000,1.14683,1.14683,1.14683,1.14683
1782008160000,1.14683,1.14683,1.14683,1.14683
1782008220000,1.14683,1.14683,1.14683,1.14683
1782008280000,1.14683,1.14683,1.14683,1.14683
1782008340000,1.14683,1.14683,1.14683,1.14683
1782008400000,1.14683,1.14683,1.14683,1.14683
1782008460000,1.14683,1.14683,1.14683,1.14683
1782008520000,1.14683,1.14683,1.14683,1.14683
1782008580000,1.14683,1.14683,1.14683,1.14683
1782008640000,1.14683,1.14683,1.14683,1.14683
1782008700000,1.14683,1.14683,1.14683,1.14683
1782008760000,1.14683,1.14683,1.14683,1.14683
1782008820000,1.14683,1.14683,1.14683,1.14683
1782008880000,1.14683,1.14683,1.14683,1.14683
1782008940000,1.14683,1.14683,1.14683,1.14683
1782009000000,1.14683,1.14683,1.14683,1.14683
1782009060000,1.14683,1.14683,1.14683,1.14683
1782009120000,1.14683,1.14683,1.14683,1.14683
1782009180000,1.14683,1.14683,1.14683,1.14683
1782009240000,1.14683,1.14683,1.14683,1.14683
1782009300000,1.14683,1.14683,1.14683,1.14683
1782009360000,1.14683,1.14683,1.14683,1.14683
1782009420000,1.14683,1.14683,1.14683,1.14683
1782009480000,1.14683,1.14683,1.14683,1.14683
1782009540000,1.14683,1.14683,1.14683,1.14683
1782009600000,1.14683,1.14683,1.14683,1.14683
1782009660000,1.14683,1.14683,1.14683,1.14683
1782009720000,1.14683,1.14683,1.14683,1.14683
1782009780000,1.14683,1.14683,1.14683,1.14683
1782009840000,1.14683,1.14683,1.14683,1.14683
1782009900000,1.14683,1.14683,1.14683,1.14683
1782009960000,1.14683,1.14683,1.14683,1.14683
1782010020000,1.14683,1.14683,1.14683,1.14683
1782010080000,1.14683,1.14683,1.14683,1.14683
1782010140000,1.14683,1.14683,1.14683,1.14683
1782010200000,1.14683,1.14683,1.14683,1.14683
1782010260000,1.14683,1.14683,1.14683,1.14683
1782010320000,1.14683,1.14683,1.14683,1.14683
1782010380000,1.14683,1.14683,1.14683,1.14683
1782010440000,1.14683,1.14683,1.14683,1.14683
1782010500000,1.14683,1.14683,1.14683,1.14683
1782010560000,1.14683,1.14683,1.14683,1.14683
1782010620000,1.14683,1.14683,1.14683,1.14683
1782010680000,1.14683,1.14683,1.14683,1.14683
1782010740000,1.14683,1.14683,1.14683,1.14683
1782010800000,1.14683,1.14683,1.14683,1.14683
1782010860000,1.14683,1.14683,1.14683,1.14683
1782010920000,1.14683,1.14683,1.14683,1.14683
1782010980000,1.14683,1.14683,1.14683,1.14683
1782011040000,1.14683,1.14683,1.14683,1.14683
1782011100000,1.14683,1.14683,1.14683,1.14683
1782011160000,1.14683,1.14683,1.14683,1.14683
1782011220000,1.14683,1.14683,1.14683,1.14683
1782011280000,1.14683,1.14683,1.14683,1.14683
1782011340000,1.14683,1.14683,1.14683,1.14683
1782011400000,1.14683,1.14683,1.14683,1.14683
1782011460000,1.14683,1.14683,1.14683,1.14683
1782011520000,1.14683,1.14683,1.14683,1.14683
1782011580000,1.14683,1.14683,1.14683,1.14683
1782011640000,1.14683,1.14683,1.14683,1.14683
1782011700000,1.14683,1.14683,1.14683,1.14683
1782011760000,1.14683,1.14683,1.14683,1.14683
1782011820000,1.14683,1.14683,1.14683,1.14683
1782011880000,1.14683,1.14683,1.14683,1.14683
1782011940000,1.14683,1.14683,1.14683,1.14683
1782012000000,1.14683,1.14683,1.14683,1.14683
1782012060000,1.14683,1.14683,1.14683,1.14683
1782012120000,1.14683,1.14683,1.14683,1.14683
1782012180000,1.14683,1.14683,1.14683,1.14683
1782012240000,1.14683,1.14683,1.14683,1.14683
1782012300000,1.14683,1.14683,1.14683,1.14683
1782012360000,1.14683,1.14683,1.14683,1.14683
1782012420000,1.14683,1.14683,1.14683,1.14683
1782012480000,1.14683,1.14683,1.14683,1.14683
1782012540000,1.14683,1.14683,1.14683,1.14683
1782012600000,1.14683,1.14683,1.14683,1.14683
1782012660000,1.14683,1.14683,1.14683,1.14683
1782012720000,1.14683,1.14683,1.14683,1.14683
1782012780000,1.14683,1.14683,1.14683,1.14683
1782012840000,1.14683,1.14683,1.14683,1.14683
1782012900000,1.14683,1.14683,1.14683,1.14683
1782012960000,1.14683,1.14683,1.14683,1.14683
1782013020000,1.14683,1.14683,1.14683,1.14683
1782013080000,1.14683,1.14683,1.14683,1.14683
1782013140000,1.14683,1.14683,1.14683,1.14683
1782013200000,1.14683,1.14683,1.14683,1.14683
1782013260000,1.14683,1.14683,1.14683,1.14683
1782013320000,1.14683,1.14683,1.14683,1.14683
1782013380000,1.14683,1.14683,1.14683,1.14683
1782013440000,1.14683,1.14683,1.14683,1.14683
1782013500000,1.14683,1.14683,1.14683,1.14683
1782013560000,1.14683,1.14683,1.14683,1.14683
1782013620000,1.14683,1.14683,1.14683,1.14683
1782013680000,1.14683,1.14683,1.14683,1.14683
1782013740000,1.14683,1.14683,1.14683,1.14683
1782013800000,1.14683,1.14683,1.14683,1.14683
1782013860000,1.14683,1.14683,1.14683,1.14683
1782013920000,1.14683,1.14683,1.14683,1.14683
1782013980000,1.14683,1.14683,1.14683,1.14683
1782014040000,1.14683,1.14683,1.14683,1.14683
1782014100000,1.14683,1.14683,1.14683,1.14683
1782014160000,1.14683,1.14683,1.14683,1.14683
1782014220000,1.14683,1.14683,1.14683,1.14683
1782014280000,1.14683,1.14683,1.14683,1.14683
1782014340000,1.14683,1.14683,1.14683,1.14683
1782014400000,1.14683,1.14683,1.14683,1.14683
1782014460000,1.14683,1.14683,1.14683,1.14683
1782014520000,1.14683,1.14683,1.14683,1.14683
1782014580000,1.14683,1.14683,1.14683,1.14683
1782014640000,1.14683,1.14683,1.14683,1.14683
1782014700000,1.14683,1.14683,1.14683,1.14683
1782014760000,1.14683,1.14683,1.14683,1.14683
1782014820000,1.14683,1.14683,1.14683,1.14683
1782014880000,1.14683,1.14683,1.14683,1.14683
1782014940000,1.14683,1.14683,1.14683,1.14683
1782015000000,1.14683,1.14683,1.14683,1.14683
1782015060000,1.14683,1.14683,1.14683,1.14683
1782015120000,1.14683,1.14683,1.14683,1.14683
1782015180000,1.14683,1.14683,1.14683,1.14683
1782015240000,1.14683,1.14683,1.14683,1.14683
1782015300000,1.14683,1.14683,1.14683,1.14683
1782015360000,1.14683,1.14683,1.14683,1.14683
1782015420000,1.14683,1.14683,1.14683,1.14683
1782015480000,1.14683,1.14683,1.14683,1.14683
1782015540000,1.14683,1.14683,1.14683,1.14683
1782015600000,1.14683,1.14683,1.14683,1.14683
1782015660000,1.14683,1.14683,1.14683,1.14683
1782015720000,1.14683,1.14683,1.14683,1.14683
1782015780000,1.14683,1.14683,1.14683,1.14683
1782015840000,1.14683,1.14683,1.14683,1.14683
1782015900000,1.14683,1.14683,1.14683,1.14683
1782015960000,1.14683,1.14683,1.14683,1.14683
1782016020000,1.14683,1.14683,1.14683,1.14683
1782016080000,1.14683,1.14683,1.14683,1.14683
1782016140000,1.14683,1.14683,1.14683,1.14683
1782016200000,1.14683,1.14683,1.14683,1.14683
1782016260000,1.14683,1.14683,1.14683,1.14683
1782016320000,1.14683,1.14683,1.14683,1.14683
1782016380000,1.14683,1.14683,1.14683,1.14683
1782016440000,1.14683,1.14683,1.14683,1.14683
1782016500000,1.14683,1.14683,1.14683,1.14683
1782016560000,1.14683,1.14683,1.14683,1.14683
1782016620000,1.14683,1.14683,1.14683,1.14683
1782016680000,1.14683,1.14683,1.14683,1.14683
1782016740000,1.14683,1.14683,1.14683,1.14683
1782016800000,1.14683,1.14683,1.14683,1.14683
1782016860000,1.14683,1.14683,1.14683,1.14683
1782016920000,1.14683,1.14683,1.14683,1.14683
1782016980000,1.14683,1.14683,1.14683,1.14683
1782017040000,1.14683,1.14683,1.14683,1.14683
1782017100000,1.14683,1.14683,1.14683,1.14683
1782017160000,1.14683,1.14683,1.14683,1.14683
1782017220000,1.14683,1.14683,1.14683,1.14683
1782017280000,1.14683,1.14683,1.14683,1.14683
1782017340000,1.14683,1.14683,1.14683,1.14683
1782017400000,1.14683,1.14683,1.14683,1.14683
1782017460000,1.14683,1.14683,1.14683,1.14683
1782017520000,1.14683,1.14683,1.14683,1.14683
1782017580000,1.14683,1.14683,1.14683,1.14683
1782017640000,1.14683,1.14683,1.14683,1.14683
1782017700000,1.14683,1.14683,1.14683,1.14683
1782017760000,1.14683,1.14683,1.14683,1.14683
1782017820000,1.14683,1.14683,1.14683,1.14683
1782017880000,1.14683,1.14683,1.14683,1.14683
1782017940000,1.14683,1.14683,1.14683,1.14683
1782018000000,1.14683,1.14683,1.14683,1.14683
1782018060000,1.14683,1.14683,1.14683,1.14683
1782018120000,1.14683,1.14683,1.14683,1.14683
1782018180000,1.14683,1.14683,1.14683,1.14683
1782018240000,1.14683,1.14683,1.14683,1.14683
1782018300000,1.14683,1.14683,1.14683,1.14683
1782018360000,1.14683,1.14683,1.14683,1.14683
1782018420000,1.14683,1.14683,1.14683,1.14683
1782018480000,1.14683,1.14683,1.14683,1.14683
1782018540000,1.14683,1.14683,1.14683,1.14683
1782018600000,1.14683,1.14683,1.14683,1.14683
1782018660000,1.14683,1.14683,1.14683,1.14683
1782018720000,1.14683,1.14683,1.14683,1.14683
1782018780000,1.14683,1.14683,1.14683,1.14683
1782018840000,1.14683,1.14683,1.14683,1.14683
1782018900000,1.14683,1.14683,1.14683,1.14683
1782018960000,1.14683,1.14683,1.14683,1.14683
1782019020000,1.14683,1.14683,1.14683,1.14683
1782019080000,1.14683,1.14683,1.14683,1.14683
1782019140000,1.14683,1.14683,1.14683,1.14683
1782019200000,1.14683,1.14683,1.14683,1.14683
1782019260000,1.14683,1.14683,1.14683,1.14683
1782019320000,1.14683,1.14683,1.14683,1.14683
1782019380000,1.14683,1.14683,1.14683,1.14683
1782019440000,1.14683,1.14683,1.14683,1.14683
1782019500000,1.14683,1.14683,1.14683,1.14683
1782019560000,1.14683,1.14683,1.14683,1.14683
1782019620000,1.14683,1.14683,1.14683,1.14683
1782019680000,1.14683,1.14683,1.14683,1.14683
1782019740000,1.14683,1.14683,1.14683,1.14683
1782019800000,1.14683,1.14683,1.14683,1.14683
1782019860000,1.14683,1.14683,1.14683,1.14683
1782019920000,1.14683,1.14683,1.14683,1.14683
1782019980000,1.14683,1.14683,1.14683,1.14683
1782020040000,1.14683,1.14683,1.14683,1.14683
1782020100000,1.14683,1.14683,1.14683,1.14683
1782020160000,1.14683,1.14683,1.14683,1.14683
1782020220000,1.14683,1.14683,1.14683,1.14683
1782020280000,1.14683,1.14683,1.14683,1.14683
1782020340000,1.14683,1.14683,1.14683,1.14683
1782020400000,1.14683,1.14683,1.14683,1.14683
1782020460000,1.14683,1.14683,1.14683,1.14683
1782020520000,1.14683,1.14683,1.14683,1.14683
1782020580000,1.14683,1.14683,1.14683,1.14683
1782020640000,1.14683,1.14683,1.14683,1.14683
1782020700000,1.14683,1.14683,1.14683,1.14683
1782020760000,1.14683,1.14683,1.14683,1.14683
1782020820000,1.14683,1.14683,1.14683,1.14683
1782020880000,1.14683,1.14683,1.14683,1.14683
1782020940000,1.14683,1.14683,1.14683,1.14683
1782021000000,1.14683,1.14683,1.14683,1.14683
1782021060000,1.14683,1.14683,1.14683,1.14683
1782021120000,1.14683,1.14683,1.14683,1.14683
1782021180000,1.14683,1.14683,1.14683,1.14683
1782021240000,1.14683,1.14683,1.14683,1.14683
1782021300000,1.14683,1.14683,1.14683,1.14683
1782021360000,1.14683,1.14683,1.14683,1.14683
1782021420000,1.14683,1.14683,1.14683,1.14683
1782021480000,1.14683,1.14683,1.14683,1.14683
1782021540000,1.14683,1.14683,1.14683,1.14683
1782021600000,1.14683,1.14683,1.14683,1.14683
1782021660000,1.14683,1.14683,1.14683,1.14683
1782021720000,1.14683,1.14683,1.14683,1.14683
1782021780000,1.14683,1.14683,1.14683,1.14683
1782021840000,1.14683,1.14683,1.14683,1.14683
1782021900000,1.14683,1.14683,1.14683,1.14683
1782021960000,1.14683,1.14683,1.14683,1.14683
1782022020000,1.14683,1.14683,1.14683,1.14683
1782022080000,1.14683,1.14683,1.14683,1.14683
1782022140000,1.14683,1.14683,1.14683,1.14683
1782022200000,1.14683,1.14683,1.14683,1.14683
1782022260000,1.14683,1.14683,1.14683,1.14683
1782022320000,1.14683,1.14683,1.14683,1.14683
1782022380000,1.14683,1.14683,1.14683,1.14683
1782022440000,1.14683,1.14683,1.14683,1.14683
1782022500000,1.14683,1.14683,1.14683,1.14683
1782022560000,1.14683,1.14683,1.14683,1.14683
1782022620000,1.14683,1.14683,1.14683,1.14683
1782022680000,1.14683,1.14683,1.14683,1.14683
1782022740000,1.14683,1.14683,1.14683,1.14683
1782022800000,1.14683,1.14683,1.14683,1.14683
1782022860000,1.14683,1.14683,1.14683,1.14683
1782022920000,1.14683,1.14683,1.14683,1.14683
1782022980000,1.14683,1.14683,1.14683,1.14683
1782023040000,1.14683,1.14683,1.14683,1.14683
1782023100000,1.14683,1.14683,1.14683,1.14683
1782023160000,1.14683,1.14683,1.14683,1.14683
1782023220000,1.14683,1.14683,1.14683,1.14683
1782023280000,1.14683,1.14683,1.14683,1.14683
1782023340000,1.14683,1.14683,1.14683,1.14683
1782023400000,1.14683,1.14683,1.14683,1.14683
1782023460000,1.14683,1.14683,1.14683,1.14683
1782023520000,1.14683,1.14683,1.14683,1.14683
1782023580000,1.14683,1.14683,1.14683,1.14683
1782023640000,1.14683,1.14683,1.14683,1.14683
1782023700000,1.14683,1.14683,1.14683,1.14683
1782023760000,1.14683,1.14683,1.14683,1.14683
1782023820000,1.14683,1.14683,1.14683,1.14683
1782023880000,1.14683,1.14683,1.14683,1.14683
1782023940000,1.14683,1.14683,1.14683,1.14683
1782024000000,1.14683,1.14683,1.14683,1.14683
1782024060000,1.14683,1.14683,1.14683,1.14683
1782024120000,1.14683,1.14683,1.14683,1.14683
1782024180000,1.14683,1.14683,1.14683,1.14683
1782024240000,1.14683,1.14683,1.14683,1.14683
1782024300000,1.14683,1.14683,1.14683,1.14683
1782024360000,1.14683,1.14683,1.14683,1.14683
1782024420000,1.14683,1.14683,1.14683,1.14683
1782024480000,1.14683,1.14683,1.14683,1.14683
1782024540000,1.14683,1.14683,1.14683,1.14683
1782024600000,1.14683,1.14683,1.14683,1.14683
1782024660000,1.14683,1.14683,1.14683,1.14683
1782024720000,1.14683,1.14683,1.14683,1.14683
1782024780000,1.14683,1.14683,1.14683,1.14683
1782024840000,1.14683,1.14683,1.14683,1.14683
1782024900000,1.14683,1.14683,1.14683,1.14683
1782024960000,1.14683,1.14683,1.14683,1.14683
1782025020000,1.14683,1.14683,1.14683,1.14683
1782025080000,1.14683,1.14683,1.14683,1.14683
1782025140000,1.14683,1.14683,1.14683,1.14683
1782025200000,1.14683,1.14683,1.14683,1.14683
1782025260000,1.14683,1.14683,1.14683,1.14683
1782025320000,1.14683,1.14683,1.14683,1.14683
1782025380000,1.14683,1.14683,1.14683,1.14683
1782025440000,1.14683,1.14683,1.14683,1.14683
1782025500000,1.14683,1.14683,1.14683,1.14683
1782025560000,1.14683,1.14683,1.14683,1.14683
1782025620000,1.14683,1.14683,1.14683,1.14683
1782025680000,1.14683,1.14683,1.14683,1.14683
1782025740000,1.14683,1.14683,1.14683,1.14683
1782025800000,1.14683,1.14683,1.14683,1.14683
1782025860000,1.14683,1.14683,1.14683,1.14683
1782025920000,1.14683,1.14683,1.14683,1.14683
1782025980000,1.14683,1.14683,1.14683,1.14683
1782026040000,1.14683,1.14683,1.14683,1.14683
1782026100000,1.14683,1.14683,1.14683,1.14683
1782026160000,1.14683,1.14683,1.14683,1.14683
1782026220000,1.14683,1.14683,1.14683,1.14683
1782026280000,1.14683,1.14683,1.14683,1.14683
1782026340000,1.14683,1.14683,1.14683,1.14683
1782026400000,1.14683,1.14683,1.14683,1.14683
1782026460000,1.14683,1.14683,1.14683,1.14683
1782026520000,1.14683,1.14683,1.14683,1.14683
1782026580000,1.14683,1.14683,1.14683,1.14683
1782026640000,1.14683,1.14683,1.14683,1.14683
1782026700000,1.14683,1.14683,1.14683,1.14683
1782026760000,1.14683,1.14683,1.14683,1.14683
1782026820000,1.14683,1.14683,1.14683,1.14683
1782026880000,1.14683,1.14683,1.14683,1.14683
1782026940000,1.14683,1.14683,1.14683,1.14683
1782027000000,1.14683,1.14683,1.14683,1.14683
1782027060000,1.14683,1.14683,1.14683,1.14683
1782027120000,1.14683,1.14683,1.14683,1.14683
1782027180000,1.14683,1.14683,1.14683,1.14683
1782027240000,1.14683,1.14683,1.14683,1.14683
1782027300000,1.14683,1.14683,1.14683,1.14683
1782027360000,1.14683,1.14683,1.14683,1.14683
1782027420000,1.14683,1.14683,1.14683,1.14683
1782027480000,1.14683,1.14683,1.14683,1.14683
1782027540000,1.14683,1.14683,1.14683,1.14683
1782027600000,1.14683,1.14683,1.14683,1.14683
1782027660000,1.14683,1.14683,1.14683,1.14683
1782027720000,1.14683,1.14683,1.14683,1.14683
1782027780000,1.14683,1.14683,1.14683,1.14683
1782027840000,1.14683,1.14683,1.14683,1.14683
1782027900000,1.14683,1.14683,1.14683,1.14683
1782027960000,1.14683,1.14683,1.14683,1.14683
1782028020000,1.14683,1.14683,1.14683,1.14683
1782028080000,1.14683,1.14683,1.14683,1.14683
1782028140000,1.14683,1.14683,1.14683,1.14683
1782028200000,1.14683,1.14683,1.14683,1.14683
1782028260000,1.14683,1.14683,1.14683,1.14683
1782028320000,1.14683,1.14683,1.14683,1.14683
1782028380000,1.14683,1.14683,1.14683,1.14683
1782028440000,1.14683,1.14683,1.14683,1.14683
1782028500000,1.14683,1.14683,1.14683,1.14683
1782028560000,1.14683,1.14683,1.14683,1.14683
1782028620000,1.14683,1.14683,1.14683,1.14683
1782028680000,1.14683,1.14683,1.14683,1.14683
1782028740000,1.14683,1.14683,1.14683,1.14683
1782028800000,1.14683,1.14683,1.14683,1.14683
1782028860000,1.14683,1.14683,1.14683,1.14683
1782028920000,1.14683,1.14683,1.14683,1.14683
1782028980000,1.14683,1.14683,1.14683,1.14683
1782029040000,1.14683,1.14683,1.14683,1.14683
1782029100000,1.14683,1.14683,1.14683,1.14683
1782029160000,1.14683,1.14683,1.14683,1.14683
1782029220000,1.14683,1.14683,1.14683,1.14683
1782029280000,1.14683,1.14683,1.14683,1.14683
1782029340000,1.14683,1.14683,1.14683,1.14683
1782029400000,1.14683,1.14683,1.14683,1.14683
1782029460000,1.14683,1.14683,1.14683,1.14683
1782029520000,1.14683,1.14683,1.14683,1.14683
1782029580000,1.14683,1.14683,1.14683,1.14683
1782029640000,1.14683,1.14683,1.14683,1.14683
1782029700000,1.14683,1.14683,1.14683,1.14683
1782029760000,1.14683,1.14683,1.14683,1.14683
1782029820000,1.14683,1.14683,1.14683,1.14683
1782029880000,1.14683,1.14683,1.14683,1.14683
1782029940000,1.14683,1.14683,1.14683,1.14683
1782030000000,1.14683,1.14683,1.14683,1.14683
1782030060000,1.14683,1.14683,1.14683,1.14683
1782030120000,1.14683,1.14683,1.14683,1.14683
1782030180000,1.14683,1.14683,1.14683,1.14683
1782030240000,1.14683,1.14683,1.14683,1.14683
1782030300000,1.14683,1.14683,1.14683,1.14683
1782030360000,1.14683,1.14683,1.14683,1.14683
1782030420000,1.14683,1.14683,1.14683,1.14683
1782030480000,1.14683,1.14683,1.14683,1.14683
1782030540000,1.14683,1.14683,1.14683,1.14683
1782030600000,1.14683,1.14683,1.14683,1.14683
1782030660000,1.14683,1.14683,1.14683,1.14683
1782030720000,1.14683,1.14683,1.14683,1.14683
1782030780000,1.14683,1.14683,1.14683,1.14683
1782030840000,1.14683,1.14683,1.14683,1.14683
1782030900000,1.14683,1.14683,1.14683,1.14683
1782030960000,1.14683,1.14683,1.14683,1.14683
1782031020000,1.14683,1.14683,1.14683,1.14683
1782031080000,1.14683,1.14683,1.14683,1.14683
1782031140000,1.14683,1.14683,1.14683,1.14683
1782031200000,1.14683,1.14683,1.14683,1.14683
1782031260000,1.14683,1.14683,1.14683,1.14683
1782031320000,1.14683,1.14683,1.14683,1.14683
1782031380000,1.14683,1.14683,1.14683,1.14683
1782031440000,1.14683,1.14683,1.14683,1.14683
1782031500000,1.14683,1.14683,1.14683,1.14683
1782031560000,1.14683,1.14683,1.14683,1.14683
1782031620000,1.14683,1.14683,1.14683,1.14683
1782031680000,1.14683,1.14683,1.14683,1.14683
1782031740000,1.14683,1.14683,1.14683,1.14683
1782031800000,1.14683,1.14683,1.14683,1.14683
1782031860000,1.14683,1.14683,1.14683,1.14683
1782031920000,1.14683,1.14683,1.14683,1.14683
1782031980000,1.14683,1.14683,1.14683,1.14683
1782032040000,1.14683,1.14683,1.14683,1.14683
1782032100000,1.14683,1.14683,1.14683,1.14683
1782032160000,1.14683,1.14683,1.14683,1.14683
1782032220000,1.14683,1.14683,1.14683,1.14683
1782032280000,1.14683,1.14683,1.14683,1.14683
1782032340000,1.14683,1.14683,1.14683,1.14683
1782032400000,1.14683,1.14683,1.14683,1.14683
1782032460000,1.14683,1.14683,1.14683,1.14683
1782032520000,1.14683,1.14683,1.14683,1.14683
1782032580000,1.14683,1.14683,1.14683,1.14683
1782032640000,1.14683,1.14683,1.14683,1.14683
1782032700000,1.14683,1.14683,1.14683,1.14683
1782032760000,1.14683,1.14683,1.14683,1.14683
1782032820000,1.14683,1.14683,1.14683,1.14683
1782032880000,1.14683,1.14683,1.14683,1.14683
1782032940000,1.14683,1.14683,1.14683,1.14683
1782033000000,1.14683,1.14683,1.14683,1.14683
1782033060000,1.14683,1.14683,1.14683,1.14683
1782033120000,1.14683,1.14683,1.14683,1.14683
1782033180000,1.14683,1.14683,1.14683,1.14683
1782033240000,1.14683,1.14683,1.14683,1.14683
1782033300000,1.14683,1.14683,1.14683,1.14683
1782033360000,1.14683,1.14683,1.14683,1.14683
1782033420000,1.14683,1.14683,1.14683,1.14683
1782033480000,1.14683,1.14683,1.14683,1.14683
1782033540000,1.14683,1.14683,1.14683,1.14683
1782033600000,1.14683,1.14683,1.14683,1.14683
1782033660000,1.14683,1.14683,1.14683,1.14683
1782033720000,1.14683,1.14683,1.14683,1.14683
1782033780000,1.14683,1.14683,1.14683,1.14683
1782033840000,1.14683,1.14683,1.14683,1.14683
1782033900000,1.14683,1.14683,1.14683,1.14683
1782033960000,1.14683,1.14683,1.14683,1.14683
1782034020000,1.14683,1.14683,1.14683,1.14683
1782034080000,1.14683,1.14683,1.14683,1.14683
1782034140000,1.14683,1.14683,1.14683,1.14683
1782034200000,1.14683,1.14683,1.14683,1.14683
1782034260000,1.14683,1.14683,1.14683,1.14683
1782034320000,1.14683,1.14683,1.14683,1.14683
1782034380000,1.14683,1.14683,1.14683,1.14683
1782034440000,1.14683,1.14683,1.14683,1.14683
1782034500000,1.14683,1.14683,1.14683,1.14683
1782034560000,1.14683,1.14683,1.14683,1.14683
1782034620000,1.14683,1.14683,1.14683,1.14683
1782034680000,1.14683,1.14683,1.14683,1.14683
1782034740000,1.14683,1.14683,1.14683,1.14683
1782034800000,1.14683,1.14683,1.14683,1.14683
1782034860000,1.14683,1.14683,1.14683,1.14683
1782034920000,1.14683,1.14683,1.14683,1.14683
1782034980000,1.14683,1.14683,1.14683,1.14683
1782035040000,1.14683,1.14683,1.14683,1.14683
1782035100000,1.14683,1.14683,1.14683,1.14683
1782035160000,1.14683,1.14683,1.14683,1.14683
1782035220000,1.14683,1.14683,1.14683,1.14683
1782035280000,1.14683,1.14683,1.14683,1.14683
1782035340000,1.14683,1.14683,1.14683,1.14683
1782035400000,1.14683,1.14683,1.14683,1.14683
1782035460000,1.14683,1.14683,1.14683,1.14683
1782035520000,1.14683,1.14683,1.14683,1.14683
1782035580000,1.14683,1.14683,1.14683,1.14683
1782035640000,1.14683,1.14683,1.14683,1.14683
1782035700000,1.14683,1.14683,1.14683,1.14683
1782035760000,1.14683,1.14683,1.14683,1.14683
1782035820000,1.14683,1.14683,1.14683,1.14683
1782035880000,1.14683,1.14683,1.14683,1.14683
1782035940000,1.14683,1.14683,1.14683,1.14683
1782036000000,1.14683,1.14683,1.14683,1.14683
1782036060000,1.14683,1.14683,1.14683,1.14683
1782036120000,1.14683,1.14683,1.14683,1.14683
1782036180000,1.14683,1.14683,1.14683,1.14683
1782036240000,1.14683,1.14683,1.14683,1.14683
1782036300000,1.14683,1.14683,1.14683,1.14683
1782036360000,1.14683,1.14683,1.14683,1.14683
1782036420000,1.14683,1.14683,1.14683,1.14683
1782036480000,1.14683,1.14683,1.14683,1.14683
1782036540000,1.14683,1.14683,1.14683,1.14683
1782036600000,1.14683,1.14683,1.14683,1.14683
1782036660000,1.14683,1.14683,1.14683,1.14683
1782036720000,1.14683,1.14683,1.14683,1.14683
1782036780000,1.14683,1.14683,1.14683,1.14683
1782036840000,1.14683,1.14683,1.14683,1.14683
1782036900000,1.14683,1.14683,1.14683,1.14683
1782036960000,1.14683,1.14683,1.14683,1.14683
1782037020000,1.14683,1.14683,1.14683,1.14683
1782037080000,1.14683,1.14683,1.14683,1.14683
1782037140000,1.14683,1.14683,1.14683,1.14683
1782037200000,1.14683,1.14683,1.14683,1.14683
1782037260000,1.14683,1.14683,1.14683,1.14683
1782037320000,1.14683,1.14683,1.14683,1.14683
1782037380000,1.14683,1.14683,1.14683,1.14683
1782037440000,1.14683,1.14683,1.14683,1.14683
1782037500000,1.14683,1.14683,1.14683,1.14683
1782037560000,1.14683,1.14683,1.14683,1.14683
1782037620000,1.14683,1.14683,1.14683,1.14683
1782037680000,1.14683,1.14683,1.14683,1.14683
1782037740000,1.14683,1.14683,1.14683,1.14683
1782037800000,1.14683,1.14683,1.14683,1.14683
1782037860000,1.14683,1.14683,1.14683,1.14683
1782037920000,1.14683,1.14683,1.14683,1.14683
1782037980000,1.14683,1.14683,1.14683,1.14683
1782038040000,1.14683,1.14683,1.14683,1.14683
1782038100000,1.14683,1.14683,1.14683,1.14683
1782038160000,1.14683,1.14683,1.14683,1.14683
1782038220000,1.14683,1.14683,1.14683,1.14683
1782038280000,1.14683,1.14683,1.14683,1.14683
1782038340000,1.14683,1.14683,1.14683,1.14683
1782038400000,1.14683,1.14683,1.14683,1.14683
1782038460000,1.14683,1.14683,1.14683,1.14683
1782038520000,1.14683,1.14683,1.14683,1.14683
1782038580000,1.14683,1.14683,1.14683,1.14683
1782038640000,1.14683,1.14683,1.14683,1.14683
1782038700000,1.14683,1.14683,1.14683,1.14683
1782038760000,1.14683,1.14683,1.14683,1.14683
1782038820000,1.14683,1.14683,1.14683,1.14683
1782038880000,1.14683,1.14683,1.14683,1.14683
1782038940000,1.14683,1.14683,1.14683,1.14683
1782039000000,1.14683,1.14683,1.14683,1.14683
1782039060000,1.14683,1.14683,1.14683,1.14683
1782039120000,1.14683,1.14683,1.14683,1.14683
1782039180000,1.14683,1.14683,1.14683,1.14683
1782039240000,1.14683,1.14683,1.14683,1.14683
1782039300000,1.14683,1.14683,1.14683,1.14683
1782039360000,1.14683,1.14683,1.14683,1.14683
1782039420000,1.14683,1.14683,1.14683,1.14683
1782039480000,1.14683,1.14683,1.14683,1.14683
1782039540000,1.14683,1.14683,1.14683,1.14683
1782039600000,1.14683,1.14683,1.14683,1.14683
1782039660000,1.14683,1.14683,1.14683,1.14683
1782039720000,1.14683,1.14683,1.14683,1.14683
1782039780000,1.14683,1.14683,1.14683,1.14683
1782039840000,1.14683,1.14683,1.14683,1.14683
1782039900000,1.14683,1.14683,1.14683,1.14683
1782039960000,1.14683,1.14683,1.14683,1.14683
1782040020000,1.14683,1.14683,1.14683,1.14683
1782040080000,1.14683,1.14683,1.14683,1.14683
1782040140000,1.14683,1.14683,1.14683,1.14683
1782040200000,1.14683,1.14683,1.14683,1.14683
1782040260000,1.14683,1.14683,1.14683,1.14683
1782040320000,1.14683,1.14683,1.14683,1.14683
1782040380000,1.14683,1.14683,1.14683,1.14683
1782040440000,1.14683,1.14683,1.14683,1.14683
1782040500000,1.14683,1.14683,1.14683,1.14683
1782040560000,1.14683,1.14683,1.14683,1.14683
1782040620000,1.14683,1.14683,1.14683,1.14683
1782040680000,1.14683,1.14683,1.14683,1.14683
1782040740000,1.14683,1.14683,1.14683,1.14683
1782040800000,1.14683,1.14683,1.14683,1.14683
1782040860000,1.14683,1.14683,1.14683,1.14683
1782040920000,1.14683,1.14683,1.14683,1.14683
1782040980000,1.14683,1.14683,1.14683,1.14683
1782041040000,1.14683,1.14683,1.14683,1.14683
1782041100000,1.14683,1.14683,1.14683,1.14683
1782041160000,1.14683,1.14683,1.14683,1.14683
1782041220000,1.14683,1.14683,1.14683,1.14683
1782041280000,1.14683,1.14683,1.14683,1.14683
1782041340000,1.14683,1.14683,1.14683,1.14683
1782041400000,1.14683,1.14683,1.14683,1.14683
1782041460000,1.14683,1.14683,1.14683,1.14683
1782041520000,1.14683,1.14683,1.14683,1.14683
1782041580000,1.14683,1.14683,1.14683,1.14683
1782041640000,1.14683,1.14683,1.14683,1.14683
1782041700000,1.14683,1.14683,1.14683,1.14683
1782041760000,1.14683,1.14683,1.14683,1.14683
1782041820000,1.14683,1.14683,1.14683,1.14683
1782041880000,1.14683,1.14683,1.14683,1.14683
1782041940000,1.14683,1.14683,1.14683,1.14683
1782042000000,1.14683,1.14683,1.14683,1.14683
1782042060000,1.14683,1.14683,1.14683,1.14683
1782042120000,1.14683,1.14683,1.14683,1.14683
1782042180000,1.14683,1.14683,1.14683,1.14683
1782042240000,1.14683,1.14683,1.14683,1.14683
1782042300000,1.14683,1.14683,1.14683,1.14683
1782042360000,1.14683,1.14683,1.14683,1.14683
1782042420000,1.14683,1.14683,1.14683,1.14683
1782042480000,1.14683,1.14683,1.14683,1.14683
1782042540000,1.14683,1.14683,1.14683,1.14683
1782042600000,1.14683,1.14683,1.14683,1.14683
1782042660000,1.14683,1.14683,1.14683,1.14683
1782042720000,1.14683,1.14683,1.14683,1.14683
1782042780000,1.14683,1.14683,1.14683,1.14683
1782042840000,1.14683,1.14683,1.14683,1.14683
1782042900000,1.14683,1.14683,1.14683,1.14683
1782042960000,1.14683,1.14683,1.14683,1.14683
1782043020000,1.14683,1.14683,1.14683,1.14683
1782043080000,1.14683,1.14683,1.14683,1.14683
1782043140000,1.14683,1.14683,1.14683,1.14683
1782043200000,1.14683,1.14683,1.14683,1.14683
1782043260000,1.14683,1.14683,1.14683,1.14683
1782043320000,1.14683,1.14683,1.14683,1.14683
1782043380000,1.14683,1.14683,1.14683,1.14683
1782043440000,1.14683,1.14683,1.14683,1.14683
1782043500000,1.14683,1.14683,1.14683,1.14683
1782043560000,1.14683,1.14683,1.14683,1.14683
1782043620000,1.14683,1.14683,1.14683,1.14683
1782043680000,1.14683,1.14683,1.14683,1.14683
1782043740000,1.14683,1.14683,1.14683,1.14683
1782043800000,1.14683,1.14683,1.14683,1.14683
1782043860000,1.14683,1.14683,1.14683,1.14683
1782043920000,1.14683,1.14683,1.14683,1.14683
1782043980000,1.14683,1.14683,1.14683,1.14683
1782044040000,1.14683,1.14683,1.14683,1.14683
1782044100000,1.14683,1.14683,1.14683,1.14683
1782044160000,1.14683,1.14683,1.14683,1.14683
1782044220000,1.14683,1.14683,1.14683,1.14683
1782044280000,1.14683,1.14683,1.14683,1.14683
1782044340000,1.14683,1.14683,1.14683,1.14683
1782044400000,1.14683,1.14683,1.14683,1.14683
1782044460000,1.14683,1.14683,1.14683,1.14683
1782044520000,1.14683,1.14683,1.14683,1.14683
1782044580000,1.14683,1.14683,1.14683,1.14683
1782044640000,1.14683,1.14683,1.14683,1.14683
1782044700000,1.14683,1.14683,1.14683,1.14683
1782044760000,1.14683,1.14683,1.14683,1.14683
1782044820000,1.14683,1.14683,1.14683,1.14683
1782044880000,1.14683,1.14683,1.14683,1.14683
1782044940000,1.14683,1.14683,1.14683,1.14683
1782045000000,1.14683,1.14683,1.14683,1.14683
1782045060000,1.14683,1.14683,1.14683,1.14683
1782045120000,1.14683,1.14683,1.14683,1.14683
1782045180000,1.14683,1.14683,1.14683,1.14683
1782045240000,1.14683,1.14683,1.14683,1.14683
1782045300000,1.14683,1.14683,1.14683,1.14683
1782045360000,1.14683,1.14683,1.14683,1.14683
1782045420000,1.14683,1.14683,1.14683,1.14683
1782045480000,1.14683,1.14683,1.14683,1.14683
1782045540000,1.14683,1.14683,1.14683,1.14683
1782045600000,1.14683,1.14683,1.14683,1.14683
1782045660000,1.14683,1.14683,1.14683,1.14683
1782045720000,1.14683,1.14683,1.14683,1.14683
1782045780000,1.14683,1.14683,1.14683,1.14683
1782045840000,1.14683,1.14683,1.14683,1.14683
1782045900000,1.14683,1.14683,1.14683,1.14683
1782045960000,1.14683,1.14683,1.14683,1.14683
1782046020000,1.14683,1.14683,1.14683,1.14683
1782046080000,1.14683,1.14683,1.14683,1.14683
1782046140000,1.14683,1.14683,1.14683,1.14683
1782046200000,1.14683,1.14683,1.14683,1.14683
1782046260000,1.14683,1.14683,1.14683,1.14683
1782046320000,1.14683,1.14683,1.14683,1.14683
1782046380000,1.14683,1.14683,1.14683,1.14683
1782046440000,1.14683,1.14683,1.14683,1.14683
1782046500000,1.14683,1.14683,1.14683,1.14683
1782046560000,1.14683,1.14683,1.14683,1.14683
1782046620000,1.14683,1.14683,1.14683,1.14683
1782046680000,1.14683,1.14683,1.14683,1.14683
1782046740000,1.14683,1.14683,1.14683,1.14683
1782046800000,1.14683,1.14683,1.14683,1.14683
1782046860000,1.14683,1.14683,1.14683,1.14683
1782046920000,1.14683,1.14683,1.14683,1.14683
1782046980000,1.14683,1.14683,1.14683,1.14683
1782047040000,1.14683,1.14683,1.14683,1.14683
1782047100000,1.14683,1.14683,1.14683,1.14683
1782047160000,1.14683,1.14683,1.14683,1.14683
1782047220000,1.14683,1.14683,1.14683,1.14683
1782047280000,1.14683,1.14683,1.14683,1.14683
1782047340000,1.14683,1.14683,1.14683,1.14683
1782047400000,1.14683,1.14683,1.14683,1.14683
1782047460000,1.14683,1.14683,1.14683,1.14683
1782047520000,1.14683,1.14683,1.14683,1.14683
1782047580000,1.14683,1.14683,1.14683,1.14683
1782047640000,1.14683,1.14683,1.14683,1.14683
1782047700000,1.14683,1.14683,1.14683,1.14683
1782047760000,1.14683,1.14683,1.14683,1.14683
1782047820000,1.14683,1.14683,1.14683,1.14683
1782047880000,1.14683,1.14683,1.14683,1.14683
1782047940000,1.14683,1.14683,1.14683,1.14683
1782048000000,1.14683,1.14683,1.14683,1.14683
1782048060000,1.14683,1.14683,1.14683,1.14683
1782048120000,1.14683,1.14683,1.14683,1.14683
1782048180000,1.14683,1.14683,1.14683,1.14683
1782048240000,1.14683,1.14683,1.14683,1.14683
1782048300000,1.14683,1.14683,1.14683,1.14683
1782048360000,1.14683,1.14683,1.14683,1.14683
1782048420000,1.14683,1.14683,1.14683,1.14683
1782048480000,1.14683,1.14683,1.14683,1.14683
1782048540000,1.14683,1.14683,1.14683,1.14683
1782048600000,1.14683,1.14683,1.14683,1.14683
1782048660000,1.14683,1.14683,1.14683,1.14683
1782048720000,1.14683,1.14683,1.14683,1.14683
1782048780000,1.14683,1.14683,1.14683,1.14683
1782048840000,1.14683,1.14683,1.14683,1.14683
1782048900000,1.14683,1.14683,1.14683,1.14683
1782048960000,1.14683,1.14683,1.14683,1.14683
1782049020000,1.14683,1.14683,1.14683,1.14683
1782049080000,1.14683,1.14683,1.14683,1.14683
1782049140000,1.14683,1.14683,1.14683,1.14683
1782049200000,1.14683,1.14683,1.14683,1.14683
1782049260000,1.14683,1.14683,1.14683,1.14683
1782049320000,1.14683,1.14683,1.14683,1.14683
1782049380000,1.14683,1.14683,1.14683,1.14683
1782049440000,1.14683,1.14683,1.14683,1.14683
1782049500000,1.14683,1.14683,1.14683,1.14683
1782049560000,1.14683,1.14683,1.14683,1.14683
1782049620000,1.14683,1.14683,1.14683,1.14683
1782049680000,1.14683,1.14683,1.14683,1.14683
1782049740000,1.14683,1.14683,1.14683,1.14683
1782049800000,1.14683,1.14683,1.14683,1.14683
1782049860000,1.14683,1.14683,1.14683,1.14683
1782049920000,1.14683,1.14683,1.14683,1.14683
1782049980000,1.14683,1.14683,1.14683,1.14683
1782050040000,1.14683,1.14683,1.14683,1.14683
1782050100000,1.14683,1.14683,1.14683,1.14683
1782050160000,1.14683,1.14683,1.14683,1.14683
1782050220000,1.14683,1.14683,1.14683,1.14683
1782050280000,1.14683,1.14683,1.14683,1.14683
1782050340000,1.14683,1.14683,1.14683,1.14683
1782050400000,1.14683,1.14683,1.14683,1.14683
1782050460000,1.14683,1.14683,1.14683,1.14683
1782050520000,1.14683,1.14683,1.14683,1.14683
1782050580000,1.14683,1.14683,1.14683,1.14683
1782050640000,1.14683,1.14683,1.14683,1.14683
1782050700000,1.14683,1.14683,1.14683,1.14683
1782050760000,1.14683,1.14683,1.14683,1.14683
1782050820000,1.14683,1.14683,1.14683,1.14683
1782050880000,1.14683,1.14683,1.14683,1.14683
1782050940000,1.14683,1.14683,1.14683,1.14683
1782051000000,1.14683,1.14683,1.14683,1.14683
1782051060000,1.14683,1.14683,1.14683,1.14683
1782051120000,1.14683,1.14683,1.14683,1.14683
1782051180000,1.14683,1.14683,1.14683,1.14683
1782051240000,1.14683,1.14683,1.14683,1.14683
1782051300000,1.14683,1.14683,1.14683,1.14683
1782051360000,1.14683,1.14683,1.14683,1.14683
1782051420000,1.14683,1.14683,1.14683,1.14683
1782051480000,1.14683,1.14683,1.14683,1.14683
1782051540000,1.14683,1.14683,1.14683,1.14683
1782051600000,1.14683,1.14683,1.14683,1.14683
1782051660000,1.14683,1.14683,1.14683,1.14683
1782051720000,1.14683,1.14683,1.14683,1.14683
1782051780000,1.14683,1.14683,1.14683,1.14683
1782051840000,1.14683,1.14683,1.14683,1.14683
1782051900000,1.14683,1.14683,1.14683,1.14683
1782051960000,1.14683,1.14683,1.14683,1.14683
1782052020000,1.14683,1.14683,1.14683,1.14683
1782052080000,1.14683,1.14683,1.14683,1.14683
1782052140000,1.14683,1.14683,1.14683,1.14683
1782052200000,1.14683,1.14683,1.14683,1.14683
1782052260000,1.14683,1.14683,1.14683,1.14683
1782052320000,1.14683,1.14683,1.14683,1.14683
1782052380000,1.14683,1.14683,1.14683,1.14683
1782052440000,1.14683,1.14683,1.14683,1.14683
1782052500000,1.14683,1.14683,1.14683,1.14683
1782052560000,1.14683,1.14683,1.14683,1.14683
1782052620000,1.14683,1.14683,1.14683,1.14683
1782052680000,1.14683,1.14683,1.14683,1.14683
1782052740000,1.14683,1.14683,1.14683,1.14683
1782052800000,1.14683,1.14683,1.14683,1.14683
1782052860000,1.14683,1.14683,1.14683,1.14683
1782052920000,1.14683,1.14683,1.14683,1.14683
1782052980000,1.14683,1.14683,1.14683,1.14683
1782053040000,1.14683,1.14683,1.14683,1.14683
1782053100000,1.14683,1.14683,1.14683,1.14683
1782053160000,1.14683,1.14683,1.14683,1.14683
1782053220000,1.14683,1.14683,1.14683,1.14683
1782053280000,1.14683,1.14683,1.14683,1.14683
1782053340000,1.14683,1.14683,1.14683,1.14683
1782053400000,1.14683,1.14683,1.14683,1.14683
1782053460000,1.14683,1.14683,1.14683,1.14683
1782053520000,1.14683,1.14683,1.14683,1.14683
1782053580000,1.14683,1.14683,1.14683,1.14683
1782053640000,1.14683,1.14683,1.14683,1.14683
1782053700000,1.14683,1.14683,1.14683,1.14683
1782053760000,1.14683,1.14683,1.14683,1.14683
1782053820000,1.14683,1.14683,1.14683,1.14683
1782053880000,1.14683,1.14683,1.14683,1.14683
1782053940000,1.14683,1.14683,1.14683,1.14683
1782054000000,1.14683,1.14683,1.14683,1.14683
1782054060000,1.14683,1.14683,1.14683,1.14683
1782054120000,1.14683,1.14683,1.14683,1.14683
1782054180000,1.14683,1.14683,1.14683,1.14683
1782054240000,1.14683,1.14683,1.14683,1.14683
1782054300000,1.14683,1.14683,1.14683,1.14683
1782054360000,1.14683,1.14683,1.14683,1.14683
1782054420000,1.14683,1.14683,1.14683,1.14683
1782054480000,1.14683,1.14683,1.14683,1.14683
1782054540000,1.14683,1.14683,1.14683,1.14683
1782054600000,1.14683,1.14683,1.14683,1.14683
1782054660000,1.14683,1.14683,1.14683,1.14683
1782054720000,1.14683,1.14683,1.14683,1.14683
1782054780000,1.14683,1.14683,1.14683,1.14683
1782054840000,1.14683,1.14683,1.14683,1.14683
1782054900000,1.14683,1.14683,1.14683,1.14683
1782054960000,1.14683,1.14683,1.14683,1.14683
1782055020000,1.14683,1.14683,1.14683,1.14683
1782055080000,1.14683,1.14683,1.14683,1.14683
1782055140000,1.14683,1.14683,1.14683,1.14683
1782055200000,1.14683,1.14683,1.14683,1.14683
1782055260000,1.14683,1.14683,1.14683,1.14683
1782055320000,1.14683,1.14683,1.14683,1.14683
1782055380000,1.14683,1.14683,1.14683,1.14683
1782055440000,1.14683,1.14683,1.14683,1.14683
1782055500000,1.14683,1.14683,1.14683,1.14683
1782055560000,1.14683,1.14683,1.14683,1.14683
1782055620000,1.14683,1.14683,1.14683,1.14683
1782055680000,1.14683,1.14683,1.14683,1.14683
1782055740000,1.14683,1.14683,1.14683,1.14683
1782055800000,1.14683,1.14683,1.14683,1.14683
1782055860000,1.14683,1.14683,1.14683,1.14683
1782055920000,1.14683,1.14683,1.14683,1.14683
1782055980000,1.14683,1.14683,1.14683,1.14683
1782056040000,1.14683,1.14683,1.14683,1.14683
1782056100000,1.14683,1.14683,1.14683,1.14683
1782056160000,1.14683,1.14683,1.14683,1.14683
1782056220000,1.14683,1.14683,1.14683,1.14683
1782056280000,1.14683,1.14683,1.14683,1.14683
1782056340000,1.14683,1.14683,1.14683,1.14683
1782056400000,1.14683,1.14683,1.14683,1.14683
1782056460000,1.14683,1.14683,1.14683,1.14683
1782056520000,1.14683,1.14683,1.14683,1.14683
1782056580000,1.14683,1.14683,1.14683,1.14683
1782056640000,1.14683,1.14683,1.14683,1.14683
1782056700000,1.14683,1.14683,1.14683,1.14683
1782056760000,1.14683,1.14683,1.14683,1.14683
1782056820000,1.14683,1.14683,1.14683,1.14683
1782056880000,1.14683,1.14683,1.14683,1.14683
1782056940000,1.14683,1.14683,1.14683,1.14683
1782057000000,1.14683,1.14683,1.14683,1.14683
1782057060000,1.14683,1.14683,1.14683,1.14683
1782057120000,1.14683,1.14683,1.14683,1.14683
1782057180000,1.14683,1.14683,1.14683,1.14683
1782057240000,1.14683,1.14683,1.14683,1.14683
1782057300000,1.14683,1.14683,1.14683,1.14683
1782057360000,1.14683,1.14683,1.14683,1.14683
1782057420000,1.14683,1.14683,1.14683,1.14683
1782057480000,1.14683,1.14683,1.14683,1.14683
1782057540000,1.14683,1.14683,1.14683,1.14683
1782057600000,1.14683,1.14683,1.14683,1.14683
1782057660000,1.14683,1.14683,1.14683,1.14683
1782057720000,1.14683,1.14683,1.14683,1.14683
1782057780000,1.14683,1.14683,1.14683,1.14683
1782057840000,1.14683,1.14683,1.14683,1.14683
1782057900000,1.14683,1.14683,1.14683,1.14683
1782057960000,1.14683,1.14683,1.14683,1.14683
1782058020000,1.14683,1.14683,1.14683,1.14683
1782058080000,1.14683,1.14683,1.14683,1.14683
1782058140000,1.14683,1.14683,1.14683,1.14683
1782058200000,1.14683,1.14683,1.14683,1.14683
1782058260000,1.14683,1.14683,1.14683,1.14683
1782058320000,1.14683,1.14683,1.14683,1.14683
1782058380000,1.14683,1.14683,1.14683,1.14683
1782058440000,1.14683,1.14683,1.14683,1.14683
1782058500000,1.14683,1.14683,1.14683,1.14683
1782058560000,1.14683,1.14683,1.14683,1.14683
1782058620000,1.14683,1.14683,1.14683,1.14683
1782058680000,1.14683,1.14683,1.14683,1.14683
1782058740000,1.14683,1.14683,1.14683,1.14683
1782058800000,1.14683,1.14683,1.14683,1.14683
1782058860000,1.14683,1.14683,1.14683,1.14683
1782058920000,1.14683,1.14683,1.14683,1.14683
1782058980000,1.14683,1.14683,1.14683,1.14683
1782059040000,1.14683,1.14683,1.14683,1.14683
1782059100000,1.14683,1.14683,1.14683,1.14683
1782059160000,1.14683,1.14683,1.14683,1.14683
1782059220000,1.14683,1.14683,1.14683,1.14683
1782059280000,1.14683,1.14683,1.14683,1.14683
1782059340000,1.14683,1.14683,1.14683,1.14683
1782059400000,1.14683,1.14683,1.14683,1.14683
1782059460000,1.14683,1.14683,1.14683,1.14683
1782059520000,1.14683,1.14683,1.14683,1.14683
1782059580000,1.14683,1.14683,1.14683,1.14683
1782059640000,1.14683,1.14683,1.14683,1.14683
1782059700000,1.14683,1.14683,1.14683,1.14683
1782059760000,1.14683,1.14683,1.14683,1.14683
1782059820000,1.14683,1.14683,1.14683,1.14683
1782059880000,1.14683,1.14683,1.14683,1.14683
1782059940000,1.14683,1.14683,1.14683,1.14683
1782060000000,1.14683,1.14683,1.14683,1.14683
1782060060000,1.14683,1.14683,1.14683,1.14683
1782060120000,1.14683,1.14683,1.14683,1.14683
1782060180000,1.14683,1.14683,1.14683,1.14683
1782060240000,1.14683,1.14683,1.14683,1.14683
1782060300000,1.14683,1.14683,1.14683,1.14683
1782060360000,1.14683,1.14683,1.14683,1.14683
1782060420000,1.14683,1.14683,1.14683,1.14683
1782060480000,1.14683,1.14683,1.14683,1.14683
1782060540000,1.14683,1.14683,1.14683,1.14683
1782060600000,1.14683,1.14683,1.14683,1.14683
1782060660000,1.14683,1.14683,1.14683,1.14683
1782060720000,1.14683,1.14683,1.14683,1.14683
1782060780000,1.14683,1.14683,1.14683,1.14683
1782060840000,1.14683,1.14683,1.14683,1.14683
1782060900000,1.14683,1.14683,1.14683,1.14683
1782060960000,1.14683,1.14683,1.14683,1.14683
1782061020000,1.14683,1.14683,1.14683,1.14683
1782061080000,1.14683,1.14683,1.14683,1.14683
1782061140000,1.14683,1.14683,1.14683,1.14683
1782061200000,1.14683,1.14683,1.14683,1.14683
1782061260000,1.14683,1.14683,1.14683,1.14683
1782061320000,1.14683,1.14683,1.14683,1.14683
1782061380000,1.14683,1.14683,1.14683,1.14683
1782061440000,1.14683,1.14683,1.14683,1.14683
1782061500000,1.14683,1.14683,1.14683,1.14683
1782061560000,1.14683,1.14683,1.14683,1.14683
1782061620000,1.14683,1.14683,1.14683,1.14683
1782061680000,1.14683,1.14683,1.14683,1.14683
1782061740000,1.14683,1.14683,1.14683,1.14683
1782061800000,1.14683,1.14683,1.14683,1.14683
1782061860000,1.14683,1.14683,1.14683,1.14683
1782061920000,1.14683,1.14683,1.14683,1.14683
1782061980000,1.14683,1.14683,1.14683,1.14683
1782062040000,1.14683,1.14683,1.14683,1.14683
1782062100000,1.14683,1.14683,1.14683,1.14683
1782062160000,1.14683,1.14683,1.14683,1.14683
1782062220000,1.14683,1.14683,1.14683,1.14683
1782062280000,1.14683,1.14683,1.14683,1.14683
1782062340000,1.14683,1.14683,1.14683,1.14683
1782062400000,1.14683,1.14683,1.14683,1.14683
1782062460000,1.14683,1.14683,1.14683,1.14683
1782062520000,1.14683,1.14683,1.14683,1.14683
1782062580000,1.14683,1.14683,1.14683,1.14683
1782062640000,1.14683,1.14683,1.14683,1.14683
1782062700000,1.14683,1.14683,1.14683,1.14683
1782062760000,1.14683,1.14683,1.14683,1.14683
1782062820000,1.14683,1.14683,1.14683,1.14683
1782062880000,1.14683,1.14683,1.14683,1.14683
1782062940000,1.14683,1.14683,1.14683,1.14683
1782063000000,1.14683,1.14683,1.14683,1.14683
1782063060000,1.14683,1.14683,1.14683,1.14683
1782063120000,1.14683,1.14683,1.14683,1.14683
1782063180000,1.14683,1.14683,1.14683,1.14683
1782063240000,1.14683,1.14683,1.14683,1.14683
1782063300000,1.14683,1.14683,1.14683,1.14683
1782063360000,1.14683,1.14683,1.14683,1.14683
1782063420000,1.14683,1.14683,1.14683,1.14683
1782063480000,1.14683,1.14683,1.14683,1.14683
1782063540000,1.14683,1.14683,1.14683,1.14683
1782063600000,1.14683,1.14683,1.14683,1.14683
1782063660000,1.14683,1.14683,1.14683,1.14683
1782063720000,1.14683,1.14683,1.14683,1.14683
1782063780000,1.14683,1.14683,1.14683,1.14683
1782063840000,1.14683,1.14683,1.14683,1.14683
1782063900000,1.14683,1.14683,1.14683,1.14683
1782063960000,1.14683,1.14683,1.14683,1.14683
1782064020000,1.14683,1.14683,1.14683,1.14683
1782064080000,1.14683,1.14683,1.14683,1.14683
1782064140000,1.14683,1.14683,1.14683,1.14683
1782064200000,1.14683,1.14683,1.14683,1.14683
1782064260000,1.14683,1.14683,1.14683,1.14683
1782064320000,1.14683,1.14683,1.14683,1.14683
1782064380000,1.14683,1.14683,1.14683,1.14683
1782064440000,1.14683,1.14683,1.14683,1.14683
1782064500000,1.14683,1.14683,1.14683,1.14683
1782064560000,1.14683,1.14683,1.14683,1.14683
1782064620000,1.14683,1.14683,1.14683,1.14683
1782064680000,1.14683,1.14683,1.14683,1.14683
1782064740000,1.14683,1.14683,1.14683,1.14683
1782064800000,1.14683,1.14683,1.14683,1.14683
1782064860000,1.14683,1.14683,1.14683,1.14683
1782064920000,1.14683,1.14683,1.14683,1.14683
1782064980000,1.14683,1.14683,1.14683,1.14683
1782065040000,1.14683,1.14683,1.14683,1.14683
1782065100000,1.14683,1.14683,1.14683,1.14683
1782065160000,1.14683,1.14683,1.14683,1.14683
1782065220000,1.14683,1.14683,1.14683,1.14683
1782065280000,1.14683,1.14683,1.14683,1.14683
1782065340000,1.14683,1.14683,1.14683,1.14683
1782065400000,1.14683,1.14683,1.14683,1.14683
1782065460000,1.14683,1.14683,1.14683,1.14683
1782065520000,1.14683,1.14683,1.14683,1.14683
1782065580000,1.14683,1.14683,1.14683,1.14683
1782065640000,1.14683,1.14683,1.14683,1.14683
1782065700000,1.14683,1.14683,1.14683,1.14683
1782065760000,1.14683,1.14683,1.14683,1.14683
1782065820000,1.14683,1.14683,1.14683,1.14683
1782065880000,1.14683,1.14683,1.14683,1.14683
1782065940000,1.14683,1.14683,1.14683,1.14683
1782066000000,1.14683,1.14683,1.14683,1.14683
1782066060000,1.14683,1.14683,1.14683,1.14683
1782066120000,1.14683,1.14683,1.14683,1.14683
1782066180000,1.14683,1.14683,1.14683,1.14683
1782066240000,1.14683,1.14683,1.14683,1.14683
1782066300000,1.14683,1.14683,1.14683,1.14683
1782066360000,1.14683,1.14683,1.14683,1.14683
1782066420000,1.14683,1.14683,1.14683,1.14683
1782066480000,1.14683,1.14683,1.14683,1.14683
1782066540000,1.14683,1.14683,1.14683,1.14683
1782066600000,1.14683,1.14683,1.14683,1.14683
1782066660000,1.14683,1.14683,1.14683,1.14683
1782066720000,1.14683,1.14683,1.14683,1.14683
1782066780000,1.14683,1.14683,1.14683,1.14683
1782066840000,1.14683,1.14683,1.14683,1.14683
1782066900000,1.14683,1.14683,1.14683,1.14683
1782066960000,1.14683,1.14683,1.14683,1.14683
1782067020000,1.14683,1.14683,1.14683,1.14683
1782067080000,1.14683,1.14683,1.14683,1.14683
1782067140000,1.14683,1.14683,1.14683,1.14683
1782067200000,1.14683,1.14683,1.14683,1.14683
1782067260000,1.14683,1.14683,1.14683,1.14683
1782067320000,1.14683,1.14683,1.14683,1.14683
1782067380000,1.14683,1.14683,1.14683,1.14683
1782067440000,1.14683,1.14683,1.14683,1.14683
1782067500000,1.14683,1.14683,1.14683,1.14683
1782067560000,1.14683,1.14683,1.14683,1.14683
1782067620000,1.14683,1.14683,1.14683,1.14683
1782067680000,1.14683,1.14683,1.14683,1.14683
1782067740000,1.14683,1.14683,1.14683,1.14683
1782067800000,1.14683,1.14683,1.14683,1.14683
1782067860000,1.14683,1.14683,1.14683,1.14683
1782067920000,1.14683,1.14683,1.14683,1.14683
1782067980000,1.14683,1.14683,1.14683,1.14683
1782068040000,1.14683,1.14683,1.14683,1.14683
1782068100000,1.14683,1.14683,1.14683,1.14683
1782068160000,1.14683,1.14683,1.14683,1.14683
1782068220000,1.14683,1.14683,1.14683,1.14683
1782068280000,1.14683,1.14683,1.14683,1.14683
1782068340000,1.14683,1.14683,1.14683,1.14683
1782068400000,1.14683,1.14683,1.14683,1.14683
1782068460000,1.14683,1.14683,1.14683,1.14683
1782068520000,1.14683,1.14683,1.14683,1.14683
1782068580000,1.14683,1.14683,1.14683,1.14683
1782068640000,1.14683,1.14683,1.14683,1.14683
1782068700000,1.14683,1.14683,1.14683,1.14683
1782068760000,1.14683,1.14683,1.14683,1.14683
1782068820000,1.14683,1.14683,1.14683,1.14683
1782068880000,1.14683,1.14683,1.14683,1.14683
1782068940000,1.14683,1.14683,1.14683,1.14683
1782069000000,1.14683,1.14683,1.14683,1.14683
1782069060000,1.14683,1.14683,1.14683,1.14683
1782069120000,1.14683,1.14683,1.14683,1.14683
1782069180000,1.14683,1.14683,1.14683,1.14683
1782069240000,1.14683,1.14683,1.14683,1.14683
1782069300000,1.14683,1.14683,1.14683,1.14683
1782069360000,1.14683,1.14683,1.14683,1.14683
1782069420000,1.14683,1.14683,1.14683,1.14683
1782069480000,1.14683,1.14683,1.14683,1.14683
1782069540000,1.14683,1.14683,1.14683,1.14683
1782069600000,1.14683,1.14683,1.14683,1.14683
1782069660000,1.14683,1.14683,1.14683,1.14683
1782069720000,1.14683,1.14683,1.14683,1.14683
1782069780000,1.14683,1.14683,1.14683,1.14683
1782069840000,1.14683,1.14683,1.14683,1.14683
1782069900000,1.14683,1.14683,1.14683,1.14683
1782069960000,1.14683,1.14683,1.14683,1.14683
1782070020000,1.14683,1.14683,1.14683,1.14683
1782070080000,1.14683,1.14683,1.14683,1.14683
1782070140000,1.14683,1.14683,1.14683,1.14683
1782070200000,1.14683,1.14683,1.14683,1.14683
1782070260000,1.14683,1.14683,1.14683,1.14683
1782070320000,1.14683,1.14683,1.14683,1.14683
1782070380000,1.14683,1.14683,1.14683,1.14683
1782070440000,1.14683,1.14683,1.14683,1.14683
1782070500000,1.14683,1.14683,1.14683,1.14683
1782070560000,1.14683,1.14683,1.14683,1.14683
1782070620000,1.14683,1.14683,1.14683,1.14683
1782070680000,1.14683,1.14683,1.14683,1.14683
1782070740000,1.14683,1.14683,1.14683,1.14683
1782070800000,1.14683,1.14683,1.14683,1.14683
1782070860000,1.14683,1.14683,1.14683,1.14683
1782070920000,1.14683,1.14683,1.14683,1.14683
1782070980000,1.14683,1.14683,1.14683,1.14683
1782071040000,1.14683,1.14683,1.14683,1.14683
1782071100000,1.14683,1.14683,1.14683,1.14683
1782071160000,1.14683,1.14683,1.14683,1.14683
1782071220000,1.14683,1.14683,1.14683,1.14683
1782071280000,1.14683,1.14683,1.14683,1.14683
1782071340000,1.14683,1.14683,1.14683,1.14683
1782071400000,1.14683,1.14683,1.14683,1.14683
1782071460000,1.14683,1.14683,1.14683,1.14683
1782071520000,1.14683,1.14683,1.14683,1.14683
1782071580000,1.14683,1.14683,1.14683,1.14683
1782071640000,1.14683,1.14683,1.14683,1.14683
1782071700000,1.14683,1.14683,1.14683,1.14683
1782071760000,1.14683,1.14683,1.14683,1.14683
1782071820000,1.14683,1.14683,1.14683,1.14683
1782071880000,1.14683,1.14683,1.14683,1.14683
1782071940000,1.14683,1.14683,1.14683,1.14683
1782072000000,1.14683,1.14683,1.14683,1.14683
1782072060000,1.14683,1.14683,1.14683,1.14683
1782072120000,1.14683,1.14683,1.14683,1.14683
1782072180000,1.14683,1.14683,1.14683,1.14683
1782072240000,1.14683,1.14683,1.14683,1.14683
1782072300000,1.14683,1.14683,1.14683,1.14683
1782072360000,1.14683,1.14683,1.14683,1.14683
1782072420000,1.14683,1.14683,1.14683,1.14683
1782072480000,1.14683,1.14683,1.14683,1.14683
1782072540000,1.14683,1.14683,1.14683,1.14683
1782072600000,1.14683,1.14683,1.14683,1.14683
1782072660000,1.14683,1.14683,1.14683,1.14683
1782072720000,1.14683,1.14683,1.14683,1.14683
1782072780000,1.14683,1.14683,1.14683,1.14683
1782072840000,1.14683,1.14683,1.14683,1.14683
1782072900000,1.14683,1.14683,1.14683,1.14683
1782072960000,1.14683,1.14683,1.14683,1.14683
1782073020000,1.14683,1.14683,1.14683,1.14683
1782073080000,1.14683,1.14683,1.14683,1.14683
1782073140000,1.14683,1.14683,1.14683,1.14683
1782073200000,1.14683,1.14683,1.14683,1.14683
1782073260000,1.14683,1.14683,1.14683,1.14683
1782073320000,1.14683,1.14683,1.14683,1.14683
1782073380000,1.14683,1.14683,1.14683,1.14683
1782073440000,1.14683,1.14683,1.14683,1.14683
1782073500000,1.14683,1.14683,1.14683,1.14683
1782073560000,1.14683,1.14683,1.14683,1.14683
1782073620000,1.14683,1.14683,1.14683,1.14683
1782073680000,1.14683,1.14683,1.14683,1.14683
1782073740000,1.14683,1.14683,1.14683,1.14683
1782073800000,1.14683,1.14683,1.14683,1.14683
1782073860000,1.14683,1.14683,1.14683,1.14683
1782073920000,1.14683,1.14683,1.14683,1.14683
1782073980000,1.14683,1.14683,1.14683,1.14683
1782074040000,1.14683,1.14683,1.14683,1.14683
1782074100000,1.14683,1.14683,1.14683,1.14683
1782074160000,1.14683,1.14683,1.14683,1.14683
1782074220000,1.14683,1.14683,1.14683,1.14683
1782074280000,1.14683,1.14683,1.14683,1.14683
1782074340000,1.14683,1.14683,1.14683,1.14683
1782074400000,1.14683,1.14683,1.14683,1.14683
1782074460000,1.14683,1.14683,1.14683,1.14683
1782074520000,1.14683,1.14683,1.14683,1.14683
1782074580000,1.14683,1.14683,1.14683,1.14683
1782074640000,1.14683,1.14683,1.14683,1.14683
1782074700000,1.14683,1.14683,1.14683,1.14683
1782074760000,1.14683,1.14683,1.14683,1.14683
1782074820000,1.14683,1.14683,1.14683,1.14683
1782074880000,1.14683,1.14683,1.14683,1.14683
1782074940000,1.14683,1.14683,1.14683,1.14683
1782075000000,1.14683,1.14683,1.14683,1.14683
1782075060000,1.14683,1.14683,1.14683,1.14683
1782075120000,1.14683,1.14683,1.14683,1.14683
1782075180000,1.14683,1.14683,1.14683,1.14683
1782075240000,1.14683,1.14683,1.14683,1.14683
1782075300000,1.14683,1.14683,1.14683,1.14683
1782075360000,1.14683,1.14683,1.14683,1.14683
1782075420000,1.14683,1.14683,1.14683,1.14683
1782075480000,1.14683,1.14683,1.14683,1.14683
1782075540000,1.14683,1.14683,1.14683,1.14683
1782075600000,1.14603,1.14603,1.14603,1.14603
1782075660000,1.14608,1.14608,1.14608,1.14608
1782075720000,1.14608,1.14608,1.14608,1.14608
1782075780000,1.14616,1.14616,1.14607,1.14607
1782075840000,1.14618,1.14618,1.14618,1.14618
1782075900000,1.14618,1.14619,1.14615,1.14619
1782075960000,1.14617,1.14617,1.14615,1.14615
1782076020000,1.14602,1.14617,1.146,1.14617
1782076080000,1.14616,1.14616,1.1459,1.1459
1782076140000,1.14586,1.14586,1.14544,1.14578
1782076200000,1.14579,1.14579,1.14555,1.14558
1782076260000,1.14562,1.14579,1.14557,1.14579
1782076320000,1.14579,1.14589,1.14578,1.14589
1782076380000,1.14588,1.14588,1.14553,1.14553
1782076440000,1.14553,1.14553,1.14553,1.14553
1782076500000,1.14588,1.14588,1.14588,1.14588
1782076560000,1.14589,1.14589,1.14556,1.14588
1782076620000,1.14588,1.14588,1.14588,1.14588
1782076680000,1.14556,1.14556,1.14556,1.14556
1782076740000,1.14578,1.14578,1.14578,1.14578
1782076800000,1.14556,1.14556,1.14555,1.14555
1782076860000,1.14555,1.14555,1.14555,1.14555
1782076920000,1.14555,1.14555,1.14555,1.14555
1782076980000,1.14578,1.14578,1.14578,1.14578
1782077040000,1.14554,1.14554,1.14543,1.14543
1782077100000,1.14545,1.14545,1.14545,1.14545
1782077160000,1.14545,1.14578,1.14545,1.14578
1782077220000,1.14549,1.14553,1.14548,1.14548
1782077280000,1.14552,1.14588,1.14548,1.14588
1782077340000,1.1455,1.1455,1.14549,1.14549
1782077400000,1.14548,1.14578,1.14548,1.14578
1782077460000,1.14547,1.14547,1.14546,1.14546
1782077520000,1.14547,1.14569,1.14546,1.1456
1782077580000,1.14565,1.14566,1.1456,1.1456
1782077640000,1.14555,1.14555,1.14547,1.14547
1782077700000,1.14547,1.14547,1.14547,1.14547
1782077760000,1.1455,1.14568,1.1455,1.14568
1782077820000,1.14591,1.14591,1.1459,1.14591
1782077880000,1.14593,1.14612,1.14591,1.14608
1782077940000,1.14608,1.14639,1.146,1.14626
1782078000000,1.14627,1.14627,1.14616,1.14619
1782078060000,1.14619,1.14619,1.14616,1.14616
1782078120000,1.14618,1.14649,1.14613,1.14649
1782078180000,1.14656,1.14659,1.14656,1.14657
1782078240000,1.14656,1.14656,1.146,1.14637
1782078300000,1.14639,1.14659,1.14639,1.14659
1782078360000,1.14658,1.14658,1.14647,1.14647
1782078420000,1.14645,1.14668,1.14641,1.14658
1782078480000,1.14645,1.14646,1.14645,1.14646
1782078540000,1.14644,1.14658,1.14644,1.14658
1782078600000,1.14658,1.14658,1.14658,1.14658
1782078660000,1.14637,1.14658,1.14637,1.14658
1782078720000,1.14658,1.14658,1.14658,1.14658
1782078780000,1.14659,1.14659,1.14642,1.14642
1782078840000,1.14635,1.14635,1.14635,1.14635
1782078900000,1.14645,1.14659,1.14631,1.14659
1782078960000,1.14659,1.14665,1.14616,1.14664
1782079020000,1.14664,1.14665,1.14608,1.14608
1782079080000,1.14606,1.14648,1.14594,1.14594
1782079140000,1.14594,1.14595,1.14587,1.14587
1782079200000,1.14587,1.14588,1.14547,1.14564
1782079260000,1.14562,1.14612,1.14562,1.14611
1782079320000,1.14611,1.14639,1.14611,1.14638
1782079380000,1.14633,1.14646,1.14632,1.14646
1782079440000,1.14647,1.14647,1.14631,1.14637
1782079500000,1.14641,1.14662,1.14641,1.14652
1782079560000,1.14651,1.14653,1.14644,1.14648
1782079620000,1.14646,1.14648,1.14624,1.14638
1782079680000,1.14637,1.1464,1.14621,1.14622
1782079740000,1.14621,1.14624,1.14608,1.14624
1782079800000,1.14623,1.14631,1.14621,1.14631
1782079860000,1.14631,1.14632,1.14625,1.14625
1782079920000,1.14627,1.14629,1.14618,1.14627
1782079980000,1.14627,1.14631,1.14625,1.14626
1782080040000,1.14625,1.14636,1.14623,1.14632
1782080100000,1.14634,1.14641,1.14632,1.14634
1782080160000,1.14633,1.14636,1.1463,1.14634
1782080220000,1.14635,1.14641,1.14626,1.14637
1782080280000,1.14643,1.14654,1.14639,1.14653
1782080340000,1.14653,1.14655,1.14649,1.14655
1782080400000,1.14652,1.14667,1.14652,1.1466
1782080460000,1.14659,1.14661,1.14653,1.14661
1782080520000,1.14659,1.14659,1.14658,1.14658
1782080580000,1.14659,1.14659,1.14658,1.14658
1782080640000,1.14659,1.14659,1.14656,1.14658
1782080700000,1.14657,1.1466,1.14657,1.14658
1782080760000,1.14659,1.14659,1.14658,1.14658
1782080820000,1.14659,1.14659,1.14651,1.14651
1782080880000,1.14651,1.14652,1.14643,1.14643
1782080940000,1.14644,1.14644,1.14635,1.1464
1782081000000,1.14638,1.14642,1.14633,1.14633
1782081060000,1.14633,1.14635,1.14628,1.14633
1782081120000,1.14634,1.14635,1.14632,1.14633
1782081180000,1.14629,1.14629,1.14622,1.14623
1782081240000,1.14622,1.14629,1.1461,1.1461
1782081300000,1.14611,1.14616,1.1461,1.1461
1782081360000,1.14607,1.14619,1.14607,1.14616
1782081420000,1.14614,1.14621,1.14614,1.14621
1782081480000,1.14621,1.14625,1.1462,1.14624
1782081540000,1.1462,1.14622,1.14615,1.1462
1782081600000,1.14615,1.14617,1.1461,1.14616
1782081660000,1.14613,1.14616,1.14613,1.14615
1782081720000,1.14613,1.14615,1.14613,1.14615
1782081780000,1.1462,1.14625,1.14615,1.14621
1782081840000,1.14621,1.14621,1.14619,1.14619
1782081900000,1.14621,1.14623,1.14619,1.14619
1782081960000,1.14619,1.14625,1.14619,1.14625
1782082020000,1.14626,1.14627,1.14616,1.14619
1782082080000,1.1462,1.1462,1.14616,1.14616
1782082140000,1.14617,1.14621,1.14615,1.1462
1782082200000,1.14618,1.14632,1.14618,1.14622
1782082260000,1.14628,1.14631,1.14622,1.14625
1782082320000,1.14623,1.14623,1.14618,1.14618
1782082380000,1.14618,1.14624,1.14618,1.14623
1782082440000,1.14622,1.14624,1.14618,1.14622
1782082500000,1.14625,1.14629,1.14623,1.14625
1782082560000,1.14626,1.14627,1.14617,1.14617
1782082620000,1.14616,1.14623,1.14613,1.1462
1782082680000,1.14621,1.14621,1.14618,1.14621
1782082740000,1.1462,1.14621,1.1462,1.14621
1782082800000,1.1462,1.14636,1.1462,1.14636
1782082860000,1.14635,1.14638,1.14629,1.14635
1782082920000,1.14636,1.14636,1.1463,1.14636
1782082980000,1.14634,1.14641,1.14631,1.14639
1782083040000,1.1464,1.1464,1.14633,1.14638
1782083100000,1.14637,1.14637,1.14637,1.14637
1782083160000,1.14637,1.14638,1.14633,1.14638
1782083220000,1.14639,1.14644,1.14639,1.14642
1782083280000,1.14642,1.14642,1.14642,1.14642
1782083340000,1.14642,1.14661,1.14642,1.14655
1782083400000,1.14653,1.14656,1.14646,1.14646
1782083460000,1.14647,1.14655,1.14647,1.14653
1782083520000,1.1465,1.14652,1.1465,1.1465
1782083580000,1.14651,1.14651,1.14642,1.14642
1782083640000,1.14641,1.14647,1.14634,1.14646
1782083700000,1.14645,1.14646,1.14631,1.14634
1782083760000,1.14633,1.14635,1.14617,1.1463
1782083820000,1.14629,1.1463,1.14626,1.14629
1782083880000,1.14628,1.14631,1.14626,1.14629
1782083940000,1.14626,1.14628,1.14626,1.14627
1782084000000,1.14626,1.14636,1.14626,1.14633
1782084060000,1.14631,1.14641,1.1463,1.14636
1782084120000,1.14634,1.14636,1.14634,1.14635
1782084180000,1.14635,1.14645,1.14633,1.14643
1782084240000,1.14641,1.14642,1.14635,1.14635
1782084300000,1.14634,1.14636,1.14631,1.14632
1782084360000,1.1463,1.14632,1.1463,1.14632
1782084420000,1.14631,1.14631,1.14626,1.14627
1782084480000,1.14627,1.14627,1.14625,1.14627
1782084540000,1.14627,1.14632,1.14627,1.14632
1782084600000,1.14632,1.14632,1.14621,1.14627
1782084660000,1.14627,1.14632,1.14627,1.14631
1782084720000,1.14631,1.14632,1.14626,1.14631
1782084780000,1.14631,1.14632,1.14631,1.14632
1782084840000,1.14631,1.14637,1.14631,1.14632
1782084900000,1.14629,1.14629,1.14618,1.14619
1782084960000,1.14621,1.14621,1.14605,1.14611
1782085020000,1.14614,1.14614,1.14609,1.14609
1782085080000,1.14608,1.14611,1.14607,1.14607
1782085140000,1.14607,1.14611,1.14602,1.14603
1782085200000,1.14604,1.14606,1.14598,1.14602
1782085260000,1.14602,1.14602,1.14596,1.14596
1782085320000,1.14593,1.14593,1.14584,1.14586
1782085380000,1.14589,1.14592,1.14588,1.14591
1782085440000,1.14591,1.14594,1.14589,1.14589
1782085500000,1.14589,1.14593,1.14586,1.14587
1782085560000,1.14588,1.14593,1.14583,1.14592
1782085620000,1.14591,1.14592,1.14585,1.14586
1782085680000,1.14586,1.14587,1.14582,1.14582
1782085740000,1.14582,1.14588,1.14581,1.14581
1782085800000,1.14581,1.14582,1.14581,1.14582
1782085860000,1.14582,1.14588,1.14581,1.14588
1782085920000,1.14587,1.14592,1.14579,1.14588
1782085980000,1.14588,1.14589,1.14583,1.14587
1782086040000,1.14587,1.14587,1.14581,1.14581
1782086100000,1.14585,1.14587,1.14582,1.14587
1782086160000,1.1459,1.14593,1.14589,1.14592
1782086220000,1.14597,1.14613,1.14596,1.14612
1782086280000,1.14613,1.14623,1.14612,1.14612
1782086340000,1.14613,1.14623,1.14613,1.14623
1782172800000,1.14266,1.14266,1.1424,1.14248
1782172860000,1.14248,1.14259,1.14247,1.14251
1782172920000,1.14252,1.14259,1.14248,1.14252
1782172980000,1.14252,1.14255,1.14247,1.1425
1782173040000,1.14252,1.14255,1.14248,1.14255
1782173100000,1.14254,1.14261,1.14254,1.14261
1782173160000,1.1426,1.1426,1.14248,1.1425
1782173220000,1.14253,1.14258,1.1425,1.14252
1782173280000,1.14252,1.14254,1.14247,1.14253
1782173340000,1.14254,1.14254,1.14238,1.14238
1782173400000,1.14238,1.14238,1.14225,1.1423
1782173460000,1.14228,1.14238,1.14228,1.14236
1782173520000,1.14237,1.14237,1.14233,1.14237
1782173580000,1.14238,1.14239,1.14232,1.14232
1782173640000,1.14231,1.14233,1.14223,1.14223
1782173700000,1.14226,1.14239,1.14226,1.1423
1782173760000,1.1423,1.14233,1.14226,1.14229
1782173820000,1.14229,1.14237,1.14229,1.14236
1782173880000,1.14236,1.14239,1.1423,1.14238
1782173940000,1.14238,1.14238,1.14234,1.14238
1782174000000,1.14239,1.14247,1.14237,1.14242
1782174060000,1.14243,1.14243,1.14241,1.14242
1782174120000,1.14243,1.14244,1.1423,1.1423
1782174180000,1.14231,1.14238,1.14226,1.14229
1782174240000,1.14231,1.14234,1.14231,1.14234
1782174300000,1.14233,1.14236,1.14227,1.14232
1782174360000,1.14233,1.14237,1.14232,1.14237
1782174420000,1.14239,1.14245,1.14237,1.14238
1782174480000,1.14236,1.14239,1.14234,1.14238
1782174540000,1.14239,1.14253,1.14238,1.14252
1782174600000,1.14253,1.14258,1.14252,1.14258
1782174660000,1.14258,1.14275,1.14258,1.14275
1782174720000,1.14273,1.14275,1.14268,1.14269
1782174780000,1.1427,1.14272,1.14257,1.14258
1782174840000,1.14259,1.14259,1.14248,1.14248
1782174900000,1.14249,1.14252,1.14246,1.14247
1782174960000,1.14249,1.14252,1.14247,1.14247
1782175020000,1.14249,1.14252,1.14247,1.1425
1782175080000,1.14248,1.1425,1.14246,1.14247
1782175140000,1.14248,1.14252,1.14248,1.14251
1782175200000,1.14252,1.14252,1.14245,1.14245
1782175260000,1.14243,1.14248,1.14242,1.14248
1782175320000,1.14249,1.14249,1.14243,1.14244
1782175380000,1.14244,1.14255,1.14244,1.14255
1782175440000,1.14254,1.14262,1.14253,1.14259
1782175500000,1.14258,1.14273,1.14257,1.14271
1782175560000,1.14269,1.14269,1.14257,1.14258
1782175620000,1.14256,1.14267,1.14254,1.14267
1782175680000,1.14268,1.14269,1.1426,1.1426
1782175740000,1.14261,1.14264,1.14259,1.1426
1782175800000,1.1426,1.14263,1.14256,1.14259
1782175860000,1.14259,1.14266,1.14259,1.14259
1782175920000,1.14258,1.14265,1.14257,1.14262
1782175980000,1.14263,1.1427,1.14258,1.14263
1782176040000,1.14262,1.14277,1.14262,1.14277
1782176100000,1.14276,1.14276,1.14264,1.14268
1782176160000,1.14268,1.1427,1.14268,1.1427
1782176220000,1.14269,1.14273,1.14262,1.14264
1782176280000,1.14264,1.14268,1.14263,1.14265
1782176340000,1.14264,1.14269,1.14264,1.14269
1782176400000,1.1427,1.14277,1.14262,1.14263
1782176460000,1.14264,1.14268,1.14256,1.14259
1782176520000,1.14257,1.14259,1.14241,1.14247
1782176580000,1.14247,1.1426,1.14246,1.14257
1782176640000,1.14257,1.14264,1.14256,1.14258
1782176700000,1.14257,1.14259,1.14249,1.14252
1782176760000,1.14253,1.14254,1.14238,1.14241
1782176820000,1.1424,1.14251,1.14239,1.14251
1782176880000,1.14253,1.1426,1.14249,1.1425
1782176940000,1.1425,1.14254,1.14248,1.14249
1782177000000,1.14248,1.14248,1.14238,1.14239
1782177060000,1.1424,1.1424,1.14234,1.14239
1782177120000,1.14238,1.14243,1.14237,1.14237
1782177180000,1.14238,1.14238,1.14233,1.14234
1782177240000,1.14236,1.14238,1.14232,1.14233
1782177300000,1.14233,1.14237,1.14227,1.14229
1782177360000,1.14229,1.14232,1.14225,1.14231
1782177420000,1.1423,1.1423,1.14224,1.14224
1782177480000,1.14226,1.14234,1.14226,1.14228
1782177540000,1.14229,1.14235,1.14224,1.1423
1782177600000,1.1423,1.14237,1.1423,1.14233
1782177660000,1.14233,1.1424,1.14232,1.14239
1782177720000,1.1424,1.1424,1.14227,1.14229
1782177780000,1.1423,1.14236,1.14227,1.14236
1782177840000,1.14237,1.1425,1.14237,1.14241
1782177900000,1.14241,1.14249,1.14241,1.14244
1782177960000,1.14244,1.14245,1.14242,1.14245
1782178020000,1.14247,1.1425,1.14238,1.14238
1782178080000,1.14238,1.14239,1.14232,1.14234
1782178140000,1.14235,1.14238,1.14233,1.14238
1782178200000,1.14237,1.14239,1.14228,1.14232
1782178260000,1.14233,1.14236,1.14228,1.14231
1782178320000,1.14232,1.14235,1.14225,1.14229
1782178380000,1.1423,1.14242,1.14223,1.14241
1782178440000,1.14239,1.14243,1.14235,1.14237
1782178500000,1.14239,1.1424,1.14235,1.14237
1782178560000,1.14239,1.1424,1.14239,1.14239
1782178620000,1.14237,1.1424,1.14234,1.14234
1782178680000,1.14235,1.14245,1.14234,1.14243
1782178740000,1.14244,1.14247,1.14242,1.14245
1782178800000,1.14245,1.14253,1.14245,1.14249
1782178860000,1.1425,1.14254,1.14248,1.14253
1782178920000,1.14252,1.14254,1.14248,1.14252
1782178980000,1.14252,1.14252,1.14247,1.14248
1782179040000,1.14248,1.14252,1.14245,1.14252
1782179100000,1.1425,1.1425,1.14233,1.14245
1782179160000,1.14246,1.14249,1.14241,1.14244
1782179220000,1.14245,1.14246,1.14236,1.14238
1782179280000,1.14239,1.14244,1.14235,1.14243
1782179340000,1.14241,1.14248,1.14241,1.14243
1782179400000,1.1424,1.14245,1.14239,1.14242
1782179460000,1.14241,1.14258,1.14241,1.14257
1782179520000,1.14259,1.1428,1.14255,1.1428
1782179580000,1.14281,1.14283,1.14272,1.14274
1782179640000,1.14273,1.14274,1.14269,1.14274
1782179700000,1.14274,1.14274,1.14262,1.14264
1782179760000,1.14264,1.1427,1.14264,1.14268
1782179820000,1.14267,1.14274,1.14264,1.14273
1782179880000,1.14274,1.14275,1.14264,1.14266
1782179940000,1.14265,1.1427,1.14265,1.14266
1782180000000,1.14268,1.14279,1.14263,1.14273
1782180060000,1.14274,1.14278,1.1427,1.14277
1782180120000,1.14277,1.1428,1.14273,1.14279
1782180180000,1.14277,1.14286,1.14277,1.14282
1782180240000,1.14284,1.14295,1.1428,1.1429
1782180300000,1.14289,1.14292,1.14282,1.14289
1782180360000,1.14289,1.1429,1.14285,1.14285
1782180420000,1.14286,1.14291,1.14284,1.14289
1782180480000,1.14291,1.14291,1.14284,1.14284
1782180540000,1.14284,1.1429,1.14284,1.14287
1782180600000,1.14287,1.14289,1.14282,1.14282
1782180660000,1.14284,1.14284,1.14279,1.14282
1782180720000,1.14282,1.14289,1.14279,1.14287
1782180780000,1.14289,1.14299,1.14286,1.14296
1782180840000,1.14298,1.14307,1.14298,1.14306
1782180900000,1.14307,1.14315,1.14304,1.14314
1782180960000,1.14314,1.14314,1.14308,1.14309
1782181020000,1.14311,1.14314,1.14307,1.14313
1782181080000,1.14314,1.14317,1.14314,1.14314
1782181140000,1.14314,1.14319,1.1431,1.14311
1782181200000,1.14312,1.14312,1.14308,1.14308
1782181260000,1.14307,1.14315,1.14304,1.14315
1782181320000,1.14316,1.14316,1.14307,1.14309
1782181380000,1.14308,1.14309,1.14305,1.14307
1782181440000,1.14306,1.14306,1.14302,1.14305
1782181500000,1.14305,1.14309,1.14303,1.14305
1782181560000,1.14304,1.14306,1.14302,1.14306
1782181620000,1.14305,1.14307,1.14296,1.14298
1782181680000,1.14299,1.143,1.14295,1.14298
1782181740000,1.14299,1.14301,1.14298,1.14299
1782181800000,1.14299,1.14305,1.14299,1.143
1782181860000,1.143,1.14303,1.14295,1.14295
1782181920000,1.14296,1.143,1.14293,1.143
1782181980000,1.14299,1.14299,1.14294,1.14296
1782182040000,1.14294,1.14296,1.14285,1.14286
1782182100000,1.14285,1.14296,1.14285,1.14294
1782182160000,1.14293,1.14295,1.14291,1.14292
1782182220000,1.14291,1.14295,1.1429,1.14295
1782182280000,1.14294,1.14295,1.14291,1.14291
1782182340000,1.14294,1.14294,1.1429,1.1429
1782182400000,1.14291,1.14292,1.14286,1.14289
1782182460000,1.14288,1.14295,1.14286,1.14295
1782182520000,1.14295,1.143,1.14295,1.14297
1782182580000,1.14295,1.14296,1.14293,1.14295
1782182640000,1.14295,1.14297,1.14292,1.14292
1782182700000,1.14291,1.14291,1.14286,1.14288
1782182760000,1.14288,1.14289,1.14283,1.14284
1782182820000,1.14284,1.14285,1.14277,1.14279
1782182880000,1.14277,1.14283,1.14277,1.14283
1782182940000,1.14282,1.14282,1.14279,1.1428
1782183000000,1.1428,1.14285,1.14278,1.14284
1782183060000,1.14285,1.14285,1.14283,1.14283
1782183120000,1.14282,1.14286,1.14282,1.14286
1782183180000,1.14286,1.14287,1.14285,1.14285
1782183240000,1.14287,1.14287,1.14265,1.14267
1782183300000,1.14266,1.1427,1.14264,1.1427
1782183360000,1.14271,1.14274,1.14264,1.14264
1782183420000,1.14263,1.14264,1.14254,1.14256
1782183480000,1.14256,1.1426,1.14254,1.1426
1782183540000,1.1426,1.1426,1.14254,1.14256
1782183600000,1.14257,1.14269,1.14256,1.14264
1782183660000,1.14264,1.14269,1.14262,1.14262
1782183720000,1.14261,1.14262,1.14254,1.14256
1782183780000,1.14258,1.14264,1.14254,1.1426
1782183840000,1.14261,1.14265,1.14259,1.14263
1782183900000,1.14263,1.14263,1.1426,1.1426
1782183960000,1.14261,1.14262,1.14255,1.14256
1782184020000,1.14252,1.14252,1.14246,1.14248
1782184080000,1.14247,1.1425,1.14237,1.1424
1782184140000,1.14239,1.1424,1.14227,1.14229
1782184200000,1.14232,1.14235,1.14231,1.14231
1782184260000,1.1423,1.14231,1.14223,1.14223
1782184320000,1.14222,1.1423,1.14222,1.14228
1782184380000,1.14228,1.14249,1.14228,1.14249
1782184440000,1.14247,1.1425,1.14243,1.14244
1782184500000,1.14244,1.14246,1.14238,1.14242
1782184560000,1.14243,1.14243,1.14206,1.14208
1782184620000,1.14208,1.14208,1.14194,1.142
1782184680000,1.142,1.14206,1.14186,1.14204
1782184740000,1.14205,1.14206,1.14198,1.14201
1782184800000,1.14199,1.14214,1.14197,1.14214
1782184860000,1.14214,1.1422,1.14208,1.14218
1782184920000,1.14219,1.14231,1.14219,1.14231
1782184980000,1.14229,1.14232,1.14226,1.14231
1782185040000,1.14231,1.14235,1.14226,1.14233
1782185100000,1.14233,1.14244,1.1423,1.14244
1782185160000,1.14242,1.14252,1.14242,1.14251
1782185220000,1.14251,1.14252,1.14245,1.14247
1782185280000,1.14246,1.14261,1.14245,1.14259
1782185340000,1.14258,1.14259,1.14253,1.14253
1782185400000,1.14255,1.14255,1.14247,1.14253
1782185460000,1.14252,1.14252,1.14245,1.14246
1782185520000,1.14246,1.14247,1.14243,1.14243
1782185580000,1.14246,1.14252,1.14245,1.14245
1782185640000,1.14244,1.14245,1.1424,1.14245
1782185700000,1.14245,1.14254,1.14242,1.14253
1782185760000,1.14251,1.14251,1.14243,1.14247
1782185820000,1.14246,1.14246,1.14239,1.14239
1782185880000,1.1424,1.14246,1.14237,1.14243
1782185940000,1.14242,1.14249,1.1424,1.14249
1782186000000,1.14249,1.14252,1.14246,1.14252
1782186060000,1.14252,1.14261,1.14252,1.14256
1782186120000,1.14257,1.14259,1.14254,1.14258
1782186180000,1.14257,1.14264,1.14256,1.14264
1782186240000,1.14265,1.14269,1.14263,1.14267
1782186300000,1.14266,1.14271,1.14266,1.14267
1782186360000,1.14266,1.14266,1.1426,1.14261
1782186420000,1.1426,1.14261,1.14258,1.1426
1782186480000,1.14262,1.14262,1.14259,1.14261
1782186540000,1.14262,1.1427,1.14262,1.14267
1782186600000,1.14268,1.14274,1.14268,1.14274
1782186660000,1.14275,1.14275,1.14269,1.14269
1782186720000,1.1427,1.14279,1.1427,1.14278
1782186780000,1.14277,1.1428,1.14269,1.1427
1782186840000,1.14271,1.14273,1.14271,1.14273
1782186900000,1.14275,1.14279,1.14275,1.14277
1782186960000,1.14279,1.14284,1.14276,1.14278
1782187020000,1.14278,1.1429,1.14278,1.14288
1782187080000,1.14288,1.14296,1.14288,1.14296
1782187140000,1.14297,1.14297,1.14294,1.14294
1782187200000,1.14295,1.143,1.14295,1.14296
1782187260000,1.14296,1.14296,1.14288,1.14289
1782187320000,1.14287,1.14292,1.14287,1.1429
1782187380000,1.14291,1.14291,1.14286,1.14287
1782187440000,1.14288,1.143,1.14288,1.143
1782187500000,1.14298,1.14299,1.14296,1.14296
1782187560000,1.14297,1.14298,1.1429,1.14295
1782187620000,1.14296,1.14298,1.14292,1.14293
1782187680000,1.14294,1.14297,1.14289,1.14289
1782187740000,1.1429,1.14294,1.14289,1.14294
1782187800000,1.14293,1.14293,1.14287,1.14289
1782187860000,1.14287,1.14287,1.14283,1.14284
1782187920000,1.14284,1.14287,1.14282,1.14283
1782187980000,1.14284,1.14284,1.14278,1.1428
1782188040000,1.14279,1.14279,1.14273,1.14273
1782188100000,1.14273,1.14276,1.14269,1.14274
1782188160000,1.14274,1.14275,1.14268,1.14274
1782188220000,1.14273,1.14276,1.14273,1.14274
1782188280000,1.14273,1.14274,1.14271,1.14272
1782188340000,1.14271,1.14273,1.14269,1.14269
1782188400000,1.14271,1.14271,1.14267,1.14269
1782188460000,1.14269,1.14269,1.14259,1.14259
1782188520000,1.14259,1.14259,1.14248,1.14248
1782188580000,1.1425,1.1425,1.14247,1.14249
1782188640000,1.1425,1.14253,1.14244,1.14247
1782188700000,1.14249,1.14251,1.14248,1.14249
1782188760000,1.14251,1.14256,1.14251,1.14256
1782188820000,1.14256,1.14256,1.14251,1.14254
1782188880000,1.14253,1.14254,1.14248,1.14254
1782188940000,1.14256,1.14259,1.14254,1.14254
1782189000000,1.14254,1.14254,1.14237,1.14238
1782189060000,1.14237,1.1424,1.14237,1.14238
1782189120000,1.14238,1.14249,1.14234,1.14248
1782189180000,1.14248,1.14249,1.14247,1.14248
1782189240000,1.14249,1.14258,1.14249,1.14252
1782189300000,1.14253,1.14255,1.14251,1.14254
1782189360000,1.14254,1.14258,1.14252,1.14258
1782189420000,1.14259,1.14259,1.14249,1.14255
1782189480000,1.14254,1.14257,1.14245,1.14246
1782189540000,1.14246,1.14246,1.14242,1.14242
1782189600000,1.14244,1.14244,1.1424,1.14243
1782189660000,1.14241,1.14243,1.14239,1.14239
1782189720000,1.14239,1.14244,1.14239,1.14244
1782189780000,1.14243,1.14248,1.14238,1.14248
1782189840000,1.14246,1.14249,1.14246,1.14249
1782189900000,1.14252,1.14253,1.14245,1.14245
1782189960000,1.14245,1.1425,1.14243,1.14249
1782190020000,1.14248,1.14249,1.14248,1.14249
1782190080000,1.14251,1.14255,1.1425,1.14251
1782190140000,1.14249,1.14249,1.14248,1.14248
1782190200000,1.14249,1.14254,1.14248,1.14254
1782190260000,1.14252,1.14253,1.14251,1.14253
1782190320000,1.14252,1.14252,1.14244,1.14244
1782190380000,1.14243,1.14249,1.14243,1.14246
1782190440000,1.14248,1.14248,1.14243,1.14243
1782190500000,1.14244,1.14249,1.14239,1.14239
1782190560000,1.14238,1.14239,1.14224,1.14224
1782190620000,1.14225,1.14225,1.14207,1.14207
1782190680000,1.14207,1.14213,1.14197,1.14207
1782190740000,1.14206,1.14209,1.14195,1.14208
1782190800000,1.14208,1.14208,1.14187,1.14199
1782190860000,1.14198,1.14205,1.14193,1.14194
1782190920000,1.14197,1.14203,1.14188,1.14203
1782190980000,1.14204,1.14217,1.14204,1.14215
1782191040000,1.14215,1.14224,1.14215,1.14224
1782191100000,1.14224,1.14229,1.14223,1.14227
1782191160000,1.1423,1.14232,1.14225,1.14228
1782191220000,1.14227,1.14228,1.14223,1.14223
1782191280000,1.14223,1.14226,1.14218,1.14218
1782191340000,1.14216,1.14221,1.1421,1.14213
1782191400000,1.14213,1.14224,1.14213,1.14214
1782191460000,1.14214,1.14217,1.14209,1.14214
1782191520000,1.14213,1.14213,1.14209,1.14209
1782191580000,1.1421,1.1421,1.14208,1.1421
1782191640000,1.14209,1.1421,1.14207,1.14209
1782191700000,1.1421,1.14224,1.1421,1.14224
1782191760000,1.14225,1.14229,1.14222,1.14228
1782191820000,1.14228,1.14245,1.14228,1.14245
1782191880000,1.14244,1.14245,1.14242,1.14244
1782191940000,1.14244,1.14245,1.14241,1.14244
1782192000000,1.14244,1.1425,1.14239,1.14241
1782192060000,1.1424,1.14244,1.14239,1.14242
1782192120000,1.14243,1.14244,1.14228,1.14233
1782192180000,1.14232,1.14238,1.14232,1.14237
1782192240000,1.14237,1.14238,1.14229,1.14229
1782192300000,1.14229,1.14238,1.14229,1.14238
1782192360000,1.14238,1.14243,1.14233,1.14233
1782192420000,1.14234,1.14235,1.1423,1.14232
1782192480000,1.14231,1.14235,1.14229,1.14229
1782192540000,1.14229,1.14242,1.14228,1.14241
1782192600000,1.14243,1.14243,1.14235,1.14243
1782192660000,1.14245,1.14245,1.14238,1.14242
1782192720000,1.14241,1.14243,1.14233,1.14237
1782192780000,1.14238,1.14243,1.14235,1.14243
1782192840000,1.14244,1.1425,1.14243,1.14248
1782192900000,1.14248,1.14251,1.14243,1.1425
1782192960000,1.1425,1.14254,1.14248,1.14248
1782193020000,1.14248,1.14256,1.14242,1.14243
1782193080000,1.14241,1.14244,1.14238,1.14239
1782193140000,1.14239,1.14245,1.14237,1.14238
1782193200000,1.14239,1.14239,1.14214,1.14219
1782193260000,1.14219,1.14219,1.14213,1.14217
1782193320000,1.14217,1.1422,1.14211,1.14219
1782193380000,1.14219,1.14225,1.14217,1.14217
1782193440000,1.14218,1.14233,1.14217,1.14231
1782193500000,1.14229,1.14229,1.14213,1.14213
1782193560000,1.14214,1.14216,1.1421,1.14214
1782193620000,1.14215,1.14215,1.14206,1.14206
1782193680000,1.14206,1.14209,1.14192,1.14199
1782193740000,1.14198,1.14209,1.14197,1.14209
1782193800000,1.14207,1.14208,1.14204,1.14207
1782193860000,1.14206,1.14207,1.14202,1.14207
1782193920000,1.14207,1.14208,1.14198,1.142
1782193980000,1.14199,1.14227,1.14199,1.14224
1782194040000,1.14223,1.1423,1.14223,1.14229
1782194100000,1.14229,1.14229,1.14215,1.14217
1782194160000,1.14218,1.14218,1.14211,1.14214
1782194220000,1.14214,1.1422,1.14207,1.14219
1782194280000,1.1422,1.14228,1.14217,1.14228
1782194340000,1.1423,1.14232,1.14228,1.14229
1782194400000,1.14228,1.1423,1.14217,1.14228
1782194460000,1.14227,1.14236,1.14225,1.14229
1782194520000,1.14228,1.14238,1.14227,1.14238
1782194580000,1.14239,1.14242,1.14229,1.14241
1782194640000,1.14241,1.14249,1.14228,1.14229
1782194700000,1.1423,1.14254,1.1423,1.14248
1782194760000,1.14247,1.14262,1.14245,1.14256
1782194820000,1.14256,1.14259,1.14244,1.14256
1782194880000,1.14255,1.14261,1.14242,1.14244
1782194940000,1.14245,1.1425,1.14233,1.14233
1782195000000,1.14234,1.14243,1.14234,1.14239
1782195060000,1.14239,1.14245,1.14228,1.14245
1782195120000,1.14244,1.14247,1.14239,1.1424
1782195180000,1.14238,1.14258,1.14238,1.14255
1782195240000,1.14254,1.14258,1.14254,1.14254
1782195300000,1.14254,1.14254,1.14233,1.14239
1782195360000,1.14239,1.14258,1.14239,1.14257
1782195420000,1.14256,1.1427,1.14256,1.14265
1782195480000,1.14264,1.1427,1.14258,1.14269
1782195540000,1.1427,1.14276,1.14264,1.14276
1782195600000,1.14274,1.1429,1.14274,1.14289
1782195660000,1.14288,1.14291,1.14281,1.14289
1782195720000,1.14292,1.143,1.14291,1.14297
1782195780000,1.14297,1.14298,1.1429,1.1429
1782195840000,1.1429,1.143,1.14286,1.14299
1782195900000,1.14298,1.14298,1.14269,1.14293
1782195960000,1.14292,1.14292,1.14262,1.14262
1782196020000,1.14262,1.14262,1.14252,1.1426
1782196080000,1.14261,1.14266,1.14257,1.14264
1782196140000,1.14264,1.1427,1.14259,1.14265
1782196200000,1.14265,1.1427,1.14251,1.14254
1782196260000,1.14254,1.14258,1.14242,1.14254
1782196320000,1.14252,1.14275,1.14252,1.14273
1782196380000,1.14274,1.14278,1.14271,1.14272
1782196440000,1.14271,1.14287,1.14267,1.14284
1782196500000,1.14285,1.14285,1.14273,1.14273
1782196560000,1.14271,1.14271,1.14242,1.14253
1782196620000,1.14255,1.14257,1.14248,1.14248
1782196680000,1.14248,1.14252,1.14246,1.14249
1782196740000,1.14249,1.1425,1.14238,1.14244
1782196800000,1.14245,1.14253,1.14238,1.14239
1782196860000,1.14238,1.1424,1.14234,1.14236
1782196920000,1.14233,1.14235,1.14222,1.1423
1782196980000,1.14228,1.14233,1.14223,1.14228
1782197040000,1.14229,1.14229,1.14218,1.1422
1782197100000,1.14218,1.14222,1.14212,1.14213
1782197160000,1.14213,1.14229,1.14212,1.14224
1782197220000,1.14223,1.14227,1.14213,1.14219
1782197280000,1.1422,1.1422,1.14194,1.14195
1782197340000,1.14195,1.14213,1.14195,1.14209
1782197400000,1.14209,1.1424,1.14209,1.14235
1782197460000,1.14235,1.14238,1.14226,1.14238
1782197520000,1.1424,1.14241,1.14214,1.14219
1782197580000,1.14219,1.14231,1.14214,1.14231
1782197640000,1.1423,1.14246,1.1423,1.14245
1782197700000,1.14242,1.14242,1.14232,1.14234
1782197760000,1.14233,1.14237,1.14229,1.14236
1782197820000,1.14236,1.14245,1.14228,1.14229
1782197880000,1.14227,1.14231,1.14224,1.14229
1782197940000,1.14228,1.1424,1.14227,1.14229
1782198000000,1.14228,1.14251,1.14223,1.1425
1782198060000,1.14251,1.14277,1.14242,1.14273
1782198120000,1.14273,1.14284,1.14255,1.14273
1782198180000,1.14272,1.1429,1.14271,1.14284
1782198240000,1.14285,1.1431,1.1428,1.1431
1782198300000,1.14308,1.14308,1.14278,1.14278
1782198360000,1.14277,1.14289,1.14273,1.14289
1782198420000,1.14289,1.14306,1.14287,1.14304
1782198480000,1.14303,1.14315,1.14299,1.14314
1782198540000,1.14315,1.14356,1.14312,1.1434
1782198600000,1.14341,1.14344,1.1432,1.1432
1782198660000,1.1432,1.14331,1.14319,1.14321
1782198720000,1.14321,1.14336,1.14319,1.14328
1782198780000,1.14329,1.1433,1.14319,1.14323
1782198840000,1.14323,1.14326,1.14302,1.14302
1782198900000,1.14306,1.14346,1.14301,1.14325
1782198960000,1.14325,1.14334,1.14322,1.1433
1782199020000,1.14331,1.1434,1.14329,1.14334
1782199080000,1.14336,1.14341,1.14329,1.14337
1782199140000,1.14337,1.14345,1.14312,1.14345
1782199200000,1.14345,1.1439,1.14344,1.14374
1782199260000,1.14375,1.14385,1.14373,1.14374
1782199320000,1.14374,1.14386,1.14357,1.14384
1782199380000,1.14383,1.14385,1.1436,1.14369
1782199440000,1.14367,1.1437,1.14354,1.1436
1782199500000,1.14358,1.14364,1.14353,1.14353
1782199560000,1.14354,1.14355,1.14344,1.14354
1782199620000,1.14356,1.14379,1.14354,1.14377
1782199680000,1.14377,1.1438,1.14369,1.14378
1782199740000,1.14377,1.1438,1.14372,1.14374
1782199800000,1.14373,1.14373,1.14321,1.1433
1782199860000,1.14332,1.14332,1.14291,1.143
1782199920000,1.14298,1.14304,1.14257,1.14259
1782199980000,1.1426,1.14262,1.14245,1.14247
1782200040000,1.14247,1.14272,1.1424,1.14265
1782200100000,1.14265,1.14272,1.14254,1.14264
1782200160000,1.14263,1.14265,1.14254,1.14256
1782200220000,1.14258,1.14261,1.1423,1.1423
1782200280000,1.14229,1.14231,1.14216,1.14226
1782200340000,1.14227,1.14227,1.1421,1.14218
1782200400000,1.14217,1.14221,1.14198,1.142
1782200460000,1.14201,1.14209,1.14182,1.14182
1782200520000,1.14181,1.14181,1.1413,1.14146
1782200580000,1.14144,1.14152,1.14121,1.14144
1782200640000,1.14142,1.14159,1.14141,1.14157
1782200700000,1.14158,1.14164,1.14136,1.14138
1782200760000,1.14136,1.14181,1.14136,1.1418
1782200820000,1.14181,1.14181,1.14162,1.14172
1782200880000,1.14171,1.14175,1.14166,1.14173
1782200940000,1.14173,1.14174,1.14156,1.14174
1782201000000,1.14173,1.14173,1.14142,1.14142
1782201060000,1.14144,1.14145,1.14118,1.14129
1782201120000,1.14127,1.14128,1.14096,1.14099
1782201180000,1.141,1.14114,1.14096,1.14112
1782201240000,1.14111,1.14129,1.14111,1.14128
1782201300000,1.14128,1.14128,1.14104,1.14107
1782201360000,1.14104,1.14109,1.14099,1.14102
1782201420000,1.14102,1.14115,1.14096,1.14115
1782201480000,1.14117,1.1412,1.14106,1.14119
1782201540000,1.14119,1.14125,1.14112,1.14117
1782201600000,1.14118,1.14124,1.14098,1.14118
1782201660000,1.14117,1.14132,1.14112,1.14123
1782201720000,1.14126,1.1417,1.14121,1.14153
1782201780000,1.14155,1.14174,1.14153,1.14168
1782201840000,1.14167,1.1417,1.14134,1.14136
1782201900000,1.14135,1.14159,1.14135,1.14153
1782201960000,1.14152,1.14158,1.14147,1.14156
1782202020000,1.14157,1.14162,1.14144,1.14154
1782202080000,1.14153,1.14155,1.14134,1.1414
1782202140000,1.14141,1.14149,1.14135,1.1414
1782202200000,1.1414,1.14153,1.14137,1.14149
1782202260000,1.14149,1.14158,1.14141,1.14156
1782202320000,1.14157,1.14158,1.14132,1.14132
1782202380000,1.14132,1.14155,1.14131,1.1415
1782202440000,1.14152,1.14154,1.14135,1.14135
1782202500000,1.14134,1.1414,1.14128,1.14132
1782202560000,1.14133,1.14134,1.14106,1.14112
1782202620000,1.14112,1.14115,1.14087,1.14088
1782202680000,1.14087,1.14097,1.14072,1.14082
1782202740000,1.14083,1.14083,1.14072,1.14082
1782202800000,1.14081,1.14095,1.1408,1.14087
1782202860000,1.14088,1.14094,1.1408,1.14092
1782202920000,1.14093,1.14099,1.14083,1.14083
1782202980000,1.14083,1.14087,1.14066,1.14068
1782203040000,1.14067,1.14069,1.14061,1.14066
1782203100000,1.14065,1.14069,1.1405,1.14061
1782203160000,1.14061,1.1407,1.14049,1.14049
1782203220000,1.14051,1.14054,1.14047,1.14048
1782203280000,1.14051,1.14054,1.14047,1.14049
1782203340000,1.14051,1.14082,1.14048,1.14075
1782203400000,1.14075,1.14085,1.14065,1.14085
1782203460000,1.14083,1.14087,1.14068,1.14069
1782203520000,1.14067,1.14067,1.14053,1.14053
1782203580000,1.14055,1.14062,1.14048,1.14052
1782203640000,1.14051,1.14065,1.14046,1.14064
1782203700000,1.14065,1.14065,1.14047,1.14053
1782203760000,1.14051,1.14063,1.14047,1.14049
1782203820000,1.1405,1.14064,1.14048,1.14055
1782203880000,1.14054,1.14073,1.1405,1.1405
1782203940000,1.14051,1.14066,1.14051,1.14061
1782204000000,1.14061,1.14066,1.14051,1.14066
1782204060000,1.14068,1.14069,1.14058,1.1406
1782204120000,1.14061,1.14073,1.14061,1.14073
1782204180000,1.14073,1.14084,1.14063,1.14063
1782204240000,1.14063,1.14068,1.14062,1.14065
1782204300000,1.14066,1.14077,1.14058,1.14076
1782204360000,1.14076,1.14077,1.14063,1.14069
1782204420000,1.1407,1.14076,1.14069,1.1407
1782204480000,1.14071,1.14078,1.14061,1.14061
1782204540000,1.1406,1.1408,1.1406,1.14075
1782204600000,1.14074,1.14076,1.14064,1.14072
1782204660000,1.1407,1.1407,1.14058,1.14066
1782204720000,1.14065,1.14071,1.1406,1.14061
1782204780000,1.14062,1.14078,1.14059,1.14076
1782204840000,1.14075,1.14089,1.14072,1.14077
1782204900000,1.14079,1.1409,1.14078,1.14084
1782204960000,1.14085,1.14091,1.14084,1.14086
1782205020000,1.14086,1.14092,1.14082,1.14086
1782205080000,1.14086,1.14089,1.14072,1.14074
1782205140000,1.14074,1.14084,1.14074,1.14082
1782205200000,1.14082,1.14082,1.14059,1.1408
1782205260000,1.14079,1.14095,1.14069,1.14069
1782205320000,1.14068,1.14099,1.14066,1.14088
1782205380000,1.14089,1.14096,1.14063,1.14068
1782205440000,1.14069,1.14071,1.14063,1.14065
1782205500000,1.14064,1.14075,1.1406,1.1407
1782205560000,1.14069,1.14075,1.14065,1.1407
1782205620000,1.14071,1.1408,1.14071,1.14075
1782205680000,1.14074,1.14078,1.14071,1.14071
1782205740000,1.14071,1.14073,1.14066,1.14072
1782205800000,1.14071,1.14074,1.14065,1.14074
1782205860000,1.14074,1.14088,1.14074,1.14088
1782205920000,1.14088,1.14089,1.14081,1.14084
1782205980000,1.14086,1.14098,1.14083,1.14093
1782206040000,1.14094,1.14103,1.14093,1.14094
1782206100000,1.14094,1.14094,1.14083,1.14085
1782206160000,1.14084,1.1409,1.14081,1.14089
1782206220000,1.14089,1.14089,1.14078,1.1408
1782206280000,1.14081,1.14087,1.14075,1.14085
1782206340000,1.14085,1.14086,1.14079,1.14084
1782206400000,1.14083,1.14084,1.14064,1.14077
1782206460000,1.14077,1.1408,1.14074,1.14078
1782206520000,1.14079,1.141,1.14079,1.14096
1782206580000,1.14095,1.14105,1.14093,1.141
1782206640000,1.141,1.1411,1.141,1.14103
1782206700000,1.14102,1.14102,1.14091,1.14091
1782206760000,1.14091,1.14096,1.14082,1.14096
1782206820000,1.14097,1.14101,1.14095,1.14096
1782206880000,1.14092,1.14097,1.14089,1.14095
1782206940000,1.14094,1.14097,1.14091,1.14095
1782207000000,1.14094,1.141,1.14089,1.14089
1782207060000,1.14089,1.14096,1.14088,1.14096
1782207120000,1.14098,1.1411,1.14095,1.1411
1782207180000,1.14108,1.14109,1.14099,1.14104
1782207240000,1.14103,1.14105,1.14093,1.14093
1782207300000,1.14097,1.14107,1.14097,1.14099
1782207360000,1.14099,1.1411,1.14097,1.14108
1782207420000,1.14107,1.14108,1.14092,1.14092
1782207480000,1.14094,1.14102,1.14093,1.14097
1782207540000,1.14098,1.14098,1.14084,1.14087
1782207600000,1.14086,1.14086,1.14066,1.14076
1782207660000,1.14077,1.14082,1.14075,1.14079
1782207720000,1.14081,1.14088,1.14079,1.14084
1782207780000,1.14086,1.14092,1.1408,1.1408
1782207840000,1.14081,1.14081,1.14076,1.1408
1782207900000,1.1408,1.14094,1.14078,1.14094
1782207960000,1.14093,1.14093,1.14078,1.1408
1782208020000,1.14081,1.14085,1.14077,1.14077
1782208080000,1.14077,1.14085,1.14077,1.14083
1782208140000,1.14082,1.14094,1.1408,1.14091
1782208200000,1.14089,1.14091,1.14083,1.1409
1782208260000,1.14089,1.14094,1.14084,1.14094
1782208320000,1.14095,1.141,1.14091,1.14097
1782208380000,1.14097,1.14101,1.14094,1.14096
1782208440000,1.14096,1.14102,1.14093,1.14093
1782208500000,1.14096,1.14106,1.14092,1.14106
1782208560000,1.14103,1.14104,1.14099,1.14101
1782208620000,1.141,1.1411,1.141,1.14107
1782208680000,1.14107,1.14112,1.14103,1.14104
1782208740000,1.14104,1.14112,1.14104,1.14109
1782208800000,1.1411,1.14123,1.14109,1.14118
1782208860000,1.14118,1.14123,1.14113,1.14114
1782208920000,1.14115,1.14122,1.1411,1.14119
1782208980000,1.14118,1.14121,1.14116,1.14118
1782209040000,1.1412,1.14126,1.14117,1.14119
1782209100000,1.14117,1.14117,1.14101,1.14111
1782209160000,1.14111,1.14116,1.14109,1.14114
1782209220000,1.14116,1.14117,1.14101,1.14111
1782209280000,1.14109,1.14113,1.14101,1.14103
1782209340000,1.14102,1.14106,1.14091,1.14106
1782209400000,1.14106,1.14106,1.14091,1.14093
1782209460000,1.14084,1.14088,1.1408,1.14082
1782209520000,1.14081,1.14089,1.1408,1.14081
1782209580000,1.14078,1.14078,1.1406,1.14075
1782209640000,1.14075,1.14077,1.14072,1.14076
1782209700000,1.14076,1.14095,1.14075,1.14095
1782209760000,1.14097,1.14102,1.14095,1.14099
1782209820000,1.14099,1.14101,1.14099,1.14101
1782209880000,1.141,1.14104,1.14092,1.14092
1782209940000,1.14092,1.14092,1.14073,1.14073
1782210000000,1.14073,1.14073,1.14055,1.14055
1782210060000,1.14056,1.14062,1.14047,1.14061
1782210120000,1.1406,1.14074,1.1406,1.14073
1782210180000,1.14073,1.14088,1.14073,1.14087
1782210240000,1.14084,1.14084,1.14076,1.14079
1782210300000,1.14079,1.14081,1.1407,1.14074
1782210360000,1.14074,1.14079,1.14067,1.14068
1782210420000,1.14068,1.14071,1.1406,1.1406
1782210480000,1.1406,1.14062,1.14055,1.1406
1782210540000,1.1406,1.1406,1.14049,1.14049
1782210600000,1.14048,1.1405,1.14043,1.14049
1782210660000,1.14049,1.1405,1.14043,1.14049
1782210720000,1.14047,1.14058,1.14047,1.14049
1782210780000,1.14052,1.14069,1.14052,1.14067
1782210840000,1.14065,1.14071,1.14062,1.14068
1782210900000,1.14069,1.14069,1.14063,1.14064
1782210960000,1.14065,1.14071,1.14057,1.14058
1782211020000,1.14059,1.14065,1.14053,1.14058
1782211080000,1.14056,1.14066,1.14056,1.14066
1782211140000,1.14065,1.14066,1.1406,1.14065
1782211200000,1.14063,1.14069,1.1406,1.14065
1782211260000,1.14067,1.14069,1.14061,1.14062
1782211320000,1.14062,1.14062,1.14055,1.14057
1782211380000,1.14057,1.14059,1.14054,1.14056
1782211440000,1.14055,1.14055,1.14047,1.14047
1782211500000,1.14045,1.14056,1.14045,1.14051
1782211560000,1.1405,1.1405,1.14038,1.1404
1782211620000,1.14039,1.14039,1.14028,1.14029
1782211680000,1.14028,1.1403,1.14012,1.14014
1782211740000,1.14017,1.1402,1.14002,1.14009
1782211800000,1.14009,1.1401,1.14003,1.1401
1782211860000,1.14007,1.14007,1.13981,1.13999
1782211920000,1.13999,1.14002,1.13983,1.13983
1782211980000,1.13982,1.13982,1.13955,1.13979
1782212040000,1.13979,1.13981,1.13962,1.13962
1782212100000,1.13962,1.13981,1.13962,1.13975
1782212160000,1.13973,1.1399,1.13973,1.13985
1782212220000,1.13986,1.13997,1.13986,1.13996
1782212280000,1.13998,1.14004,1.13997,1.14004
1782212340000,1.14005,1.14014,1.14004,1.14005
1782212400000,1.14006,1.14016,1.14004,1.1401
1782212460000,1.14011,1.14022,1.14004,1.1401
1782212520000,1.14012,1.14017,1.14001,1.14011
1782212580000,1.1401,1.14013,1.14001,1.14001
1782212640000,1.14003,1.14005,1.13983,1.13986
1782212700000,1.13985,1.13993,1.13982,1.13989
1782212760000,1.13989,1.13999,1.13985,1.13996
1782212820000,1.13997,1.14,1.13989,1.13994
1782212880000,1.13992,1.14006,1.13992,1.13999
1782212940000,1.14001,1.14006,1.13994,1.14
1782213000000,1.14,1.14003,1.13994,1.13998
1782213060000,1.13998,1.14007,1.13997,1.14007
1782213120000,1.14009,1.14017,1.14007,1.14016
1782213180000,1.14018,1.14023,1.14015,1.14015
1782213240000,1.14014,1.1402,1.1401,1.1402
1782213300000,1.14021,1.14022,1.14008,1.14009
1782213360000,1.14008,1.14014,1.14004,1.14007
1782213420000,1.14007,1.14009,1.13998,1.14
1782213480000,1.14001,1.14006,1.13993,1.13997
1782213540000,1.13997,1.14001,1.13994,1.13999
1782213600000,1.13995,1.14026,1.13991,1.14021
1782213660000,1.14019,1.14028,1.14003,1.14005
1782213720000,1.14004,1.14004,1.1399,1.13998
1782213780000,1.14,1.14005,1.13994,1.13994
1782213840000,1.13993,1.13993,1.13978,1.13984
1782213900000,1.13985,1.13985,1.13971,1.1398
1782213960000,1.1398,1.13989,1.1398,1.13982
1782214020000,1.13982,1.13987,1.13975,1.13978
1782214080000,1.1398,1.13985,1.13962,1.13962
1782214140000,1.13964,1.13968,1.13951,1.13954
1782214200000,1.13955,1.1396,1.13944,1.13948
1782214260000,1.13949,1.13949,1.13923,1.1394
1782214320000,1.13939,1.13945,1.13932,1.13938
1782214380000,1.13939,1.13944,1.13936,1.1394
1782214440000,1.1394,1.13942,1.1393,1.13936
1782214500000,1.13938,1.13939,1.13924,1.1393
1782214560000,1.13931,1.13931,1.13924,1.13925
1782214620000,1.13923,1.13925,1.13913,1.13915
1782214680000,1.13913,1.1393,1.13908,1.13915
1782214740000,1.13916,1.13931,1.13916,1.1393
1782214800000,1.13929,1.13929,1.13922,1.13926
1782214860000,1.13926,1.1393,1.13913,1.1393
1782214920000,1.1393,1.13941,1.13926,1.13941
1782214980000,1.1394,1.1394,1.13932,1.13934
1782215040000,1.13934,1.13935,1.13925,1.13934
1782215100000,1.13935,1.13941,1.13926,1.13941
1782215160000,1.13939,1.13939,1.13927,1.13929
1782215220000,1.13929,1.13929,1.13915,1.13916
1782215280000,1.13917,1.1392,1.13915,1.1392
1782215340000,1.1392,1.13931,1.13916,1.13931
1782215400000,1.13931,1.13935,1.13928,1.13934
1782215460000,1.13933,1.13939,1.13878,1.13884
1782215520000,1.13883,1.139,1.13882,1.13886
1782215580000,1.13886,1.13893,1.13885,1.13889
1782215640000,1.1389,1.139,1.13888,1.13894
1782215700000,1.13894,1.13896,1.1388,1.13884
1782215760000,1.13885,1.13885,1.13863,1.13863
1782215820000,1.13862,1.13863,1.13843,1.13843
1782215880000,1.13843,1.13856,1.13842,1.1385
1782215940000,1.1385,1.13858,1.13844,1.13855
1782216000000,1.13856,1.13872,1.13853,1.13861
1782216060000,1.13862,1.13907,1.13861,1.13907
1782216120000,1.13906,1.13912,1.13898,1.13901
1782216180000,1.13904,1.13913,1.13893,1.13905
1782216240000,1.13905,1.13917,1.13903,1.1391
1782216300000,1.1391,1.13919,1.1391,1.13916
1782216360000,1.13915,1.13925,1.13913,1.13919
1782216420000,1.13922,1.13932,1.13919,1.1393
1782216480000,1.13931,1.13945,1.13931,1.13942
1782216540000,1.13942,1.13942,1.13917,1.13918
1782216600000,1.13918,1.13926,1.13918,1.13924
1782216660000,1.13924,1.13924,1.13892,1.13899
1782216720000,1.13899,1.13903,1.1389,1.13898
1782216780000,1.139,1.139,1.13869,1.13872
1782216840000,1.13873,1.13879,1.13871,1.13873
1782216900000,1.13874,1.13883,1.13864,1.13881
1782216960000,1.1388,1.13896,1.13876,1.13895
1782217020000,1.13895,1.13898,1.13886,1.13898
1782217080000,1.13898,1.13898,1.13885,1.13886
1782217140000,1.13889,1.13889,1.13877,1.13877
1782217200000,1.13879,1.13884,1.13871,1.13875
1782217260000,1.13874,1.13874,1.1385,1.13851
1782217320000,1.13853,1.13855,1.13831,1.13854
1782217380000,1.13853,1.13853,1.13841,1.13851
1782217440000,1.13851,1.1387,1.13848,1.13863
1782217500000,1.13864,1.13864,1.13826,1.13828
1782217560000,1.13829,1.13859,1.13828,1.13853
1782217620000,1.13854,1.13855,1.1384,1.13849
1782217680000,1.1385,1.13858,1.13841,1.13848
1782217740000,1.1385,1.1385,1.13839,1.1384
1782217800000,1.13843,1.13867,1.13839,1.13864
1782217860000,1.13864,1.13897,1.13863,1.1389
1782217920000,1.13891,1.13905,1.1389,1.13899
1782217980000,1.13901,1.13916,1.13896,1.13915
1782218040000,1.13915,1.13917,1.13889,1.13892
1782218100000,1.13891,1.13901,1.13887,1.13899
1782218160000,1.139,1.139,1.13886,1.13897
1782218220000,1.13899,1.13906,1.13896,1.13899
1782218280000,1.13899,1.139,1.13891,1.13899
1782218340000,1.13899,1.13905,1.13895,1.13902
1782218400000,1.13902,1.13908,1.13897,1.13902
1782218460000,1.13903,1.13907,1.13888,1.1389
1782218520000,1.1389,1.13893,1.13882,1.13885
1782218580000,1.13885,1.13899,1.13883,1.13885
1782218640000,1.13886,1.13886,1.13866,1.13866
1782218700000,1.13865,1.13899,1.13864,1.13876
1782218760000,1.13877,1.13892,1.13875,1.13891
1782218820000,1.13892,1.13899,1.13879,1.13885
1782218880000,1.13886,1.13888,1.13881,1.13887
1782218940000,1.13887,1.13905,1.13881,1.13894
1782219000000,1.13892,1.139,1.1389,1.13896
1782219060000,1.13896,1.13908,1.13886,1.139
1782219120000,1.13898,1.13899,1.13886,1.1389
1782219180000,1.13889,1.13897,1.13878,1.13892
1782219240000,1.1389,1.13902,1.13888,1.13896
1782219300000,1.13897,1.13907,1.13897,1.13905
1782219360000,1.13906,1.13906,1.13901,1.13904
1782219420000,1.13903,1.13903,1.13884,1.13887
1782219480000,1.13888,1.13888,1.13864,1.13872
1782219540000,1.1387,1.13892,1.1387,1.13889
1782219600000,1.13889,1.13905,1.13885,1.13895
1782219660000,1.13896,1.13902,1.13875,1.13883
1782219720000,1.13882,1.13898,1.13882,1.13892
1782219780000,1.13894,1.13909,1.13889,1.13905
1782219840000,1.13907,1.13931,1.13905,1.13925
1782219900000,1.13926,1.13944,1.1392,1.13942
1782219960000,1.1394,1.13946,1.13933,1.13941
1782220020000,1.1394,1.1394,1.13925,1.13935
1782220080000,1.13936,1.13947,1.13925,1.13931
1782220140000,1.13931,1.13931,1.1391,1.1392
1782220200000,1.1392,1.1392,1.13895,1.139
1782220260000,1.13899,1.13902,1.13881,1.13882
1782220320000,1.1388,1.13888,1.1388,1.13881
1782220380000,1.13881,1.13885,1.13873,1.13877
1782220440000,1.13876,1.13876,1.13855,1.13862
1782220500000,1.13863,1.13866,1.13851,1.13865
1782220560000,1.13864,1.13864,1.13849,1.13854
1782220620000,1.13855,1.13866,1.13855,1.13865
1782220680000,1.13867,1.1389,1.13867,1.13885
1782220740000,1.13885,1.13886,1.13869,1.13886
1782220800000,1.13886,1.13901,1.13876,1.139
1782220860000,1.13899,1.13907,1.13893,1.13903
1782220920000,1.13905,1.13922,1.13902,1.1391
1782220980000,1.1391,1.13921,1.13906,1.13914
1782221040000,1.13915,1.13937,1.13911,1.13931
1782221100000,1.13929,1.13937,1.13905,1.13907
1782221160000,1.13906,1.13924,1.13903,1.13907
1782221220000,1.13905,1.1391,1.13889,1.13896
1782221280000,1.13894,1.13913,1.1389,1.1391
1782221340000,1.13911,1.13911,1.13894,1.13909
1782221400000,1.13911,1.13929,1.139,1.13924
1782221460000,1.13923,1.13932,1.13917,1.13932
1782221520000,1.13932,1.1395,1.13931,1.13934
1782221580000,1.13935,1.13952,1.13927,1.13942
1782221640000,1.13941,1.13966,1.1394,1.13966
1782221700000,1.13967,1.13972,1.13956,1.1397
1782221760000,1.13969,1.13986,1.13961,1.13975
1782221820000,1.13978,1.13978,1.13948,1.13955
1782221880000,1.13955,1.13967,1.13946,1.13967
1782221940000,1.13966,1.13984,1.13965,1.13975
1782222000000,1.13973,1.13986,1.13972,1.13985
1782222060000,1.13985,1.14,1.13979,1.13996
1782222120000,1.13994,1.13995,1.13979,1.13992
1782222180000,1.13991,1.13994,1.13981,1.13981
1782222240000,1.13982,1.13987,1.13967,1.13968
1782222300000,1.13969,1.1399,1.13968,1.13974
1782222360000,1.13973,1.13984,1.13971,1.13975
1782222420000,1.13976,1.13996,1.13976,1.13978
1782222480000,1.13979,1.13987,1.13974,1.13985
1782222540000,1.13986,1.13987,1.13972,1.13972
1782222600000,1.13974,1.13975,1.13953,1.13962
1782222660000,1.13963,1.13968,1.13959,1.13965
1782222720000,1.13964,1.13965,1.13944,1.1395
1782222780000,1.13953,1.13956,1.1394,1.13944
1782222840000,1.13944,1.13951,1.13932,1.13936
1782222900000,1.13934,1.13935,1.13911,1.13913
1782222960000,1.13911,1.13913,1.13897,1.13898
1782223020000,1.13898,1.13902,1.1389,1.13896
1782223080000,1.13892,1.13902,1.13887,1.13894
1782223140000,1.13894,1.13897,1.13887,1.13895
1782223200000,1.13896,1.1391,1.13882,1.13886
1782223260000,1.13887,1.13901,1.1388,1.13882
1782223320000,1.13884,1.13901,1.13881,1.139
1782223380000,1.139,1.13909,1.1389,1.13892
1782223440000,1.1389,1.13898,1.13867,1.13876
1782223500000,1.13877,1.13893,1.13864,1.13866
1782223560000,1.13866,1.13878,1.13854,1.13861
1782223620000,1.13861,1.13875,1.13854,1.13875
1782223680000,1.13875,1.13882,1.13855,1.13862
1782223740000,1.13864,1.13875,1.13857,1.13868
1782223800000,1.13868,1.13879,1.13858,1.1386
1782223860000,1.13861,1.13864,1.13848,1.13849
1782223920000,1.13847,1.13871,1.13847,1.13869
1782223980000,1.13867,1.13875,1.13863,1.13874
1782224040000,1.13872,1.13882,1.13844,1.13844
1782224100000,1.13844,1.13846,1.13825,1.13828
1782224160000,1.1383,1.13858,1.1383,1.13848
1782224220000,1.1385,1.13854,1.13833,1.13833
1782224280000,1.13835,1.13835,1.13801,1.1381
1782224340000,1.13809,1.13823,1.13808,1.13817
1782224400000,1.13816,1.13832,1.13816,1.13825
1782224460000,1.13826,1.13827,1.13805,1.13805
1782224520000,1.13805,1.13805,1.13759,1.1377
1782224580000,1.13769,1.13796,1.13768,1.13788
1782224640000,1.13788,1.13798,1.13777,1.13796
1782224700000,1.13796,1.13799,1.13788,1.13795
1782224760000,1.13795,1.13807,1.13795,1.13805
1782224820000,1.13806,1.13811,1.13795,1.13795
1782224880000,1.13794,1.13801,1.13785,1.13799
1782224940000,1.13799,1.13807,1.13792,1.13795
1782225000000,1.13796,1.13802,1.13783,1.1379
1782225060000,1.13792,1.138,1.13788,1.1379
1782225120000,1.13791,1.13792,1.13783,1.13791
1782225180000,1.13793,1.13809,1.13779,1.13779
1782225240000,1.13779,1.13792,1.13775,1.13785
1782225300000,1.13784,1.13799,1.13784,1.13795
1782225360000,1.13794,1.13796,1.13768,1.1377
1782225420000,1.13771,1.13781,1.13769,1.13769
1782225480000,1.1377,1.1378,1.13769,1.13774
1782225540000,1.13775,1.13781,1.13755,1.13772
1782225600000,1.13774,1.1378,1.13767,1.13776
1782225660000,1.13774,1.13775,1.13768,1.13768
1782225720000,1.13769,1.13777,1.13767,1.13774
1782225780000,1.13774,1.138,1.13774,1.13797
1782225840000,1.13799,1.138,1.13792,1.13799
1782225900000,1.138,1.13831,1.13799,1.13831
1782225960000,1.13829,1.13848,1.13829,1.13842
1782226020000,1.13844,1.13847,1.13821,1.13821
1782226080000,1.13821,1.13828,1.13805,1.1382
1782226140000,1.1382,1.13836,1.1382,1.1383
1782226200000,1.13827,1.13828,1.13803,1.13809
1782226260000,1.13809,1.1382,1.13804,1.13807
1782226320000,1.13809,1.13816,1.13803,1.13815
1782226380000,1.13815,1.13824,1.13809,1.13819
1782226440000,1.13818,1.13832,1.13814,1.13827
1782226500000,1.13824,1.13824,1.13787,1.13795
1782226560000,1.13795,1.13804,1.13788,1.13788
1782226620000,1.1379,1.13824,1.13785,1.13819
1782226680000,1.1382,1.13835,1.13818,1.13828
1782226740000,1.13829,1.13829,1.13816,1.13819
1782226800000,1.13819,1.13824,1.13818,1.13823
1782226860000,1.13823,1.13825,1.13814,1.1382
1782226920000,1.13822,1.13823,1.138,1.13822
1782226980000,1.13821,1.13821,1.13808,1.13814
1782227040000,1.13815,1.13829,1.13814,1.13815
1782227100000,1.13815,1.13816,1.13784,1.13784
1782227160000,1.13786,1.1379,1.13776,1.13776
1782227220000,1.13777,1.1379,1.1377,1.13787
1782227280000,1.13784,1.13787,1.13772,1.13773
1782227340000,1.1377,1.13771,1.13757,1.13763
1782227400000,1.13764,1.13778,1.13764,1.13778
1782227460000,1.1378,1.13799,1.13772,1.13799
1782227520000,1.13798,1.13799,1.13795,1.13798
1782227580000,1.13797,1.13825,1.13794,1.13824
1782227640000,1.13824,1.13839,1.13818,1.13826
1782227700000,1.13828,1.13849,1.13828,1.13849
1782227760000,1.13853,1.13853,1.1383,1.13834
1782227820000,1.13834,1.13839,1.13833,1.13837
1782227880000,1.13835,1.13839,1.1382,1.1382
1782227940000,1.13823,1.13825,1.13812,1.13814
1782228000000,1.13813,1.13824,1.13813,1.13817
1782228060000,1.13817,1.13821,1.13805,1.13805
1782228120000,1.13808,1.13821,1.13808,1.13815
1782228180000,1.13813,1.13813,1.13802,1.1381
1782228240000,1.13809,1.1383,1.13809,1.13824
1782228300000,1.13827,1.13838,1.13827,1.1383
1782228360000,1.13831,1.13834,1.13824,1.1383
1782228420000,1.13829,1.13834,1.13818,1.13834
1782228480000,1.13833,1.13836,1.13823,1.13824
1782228540000,1.13823,1.13831,1.13809,1.13809
1782228600000,1.13808,1.13827,1.13808,1.13827
1782228660000,1.13826,1.13836,1.13826,1.13826
1782228720000,1.13825,1.13844,1.13822,1.13844
1782228780000,1.13846,1.13849,1.13835,1.13841
1782228840000,1.13842,1.13842,1.1382,1.13822
1782228900000,1.1382,1.13831,1.13819,1.13819
1782228960000,1.13817,1.13829,1.13815,1.13816
1782229020000,1.13813,1.1382,1.13808,1.13812
1782229080000,1.13812,1.13812,1.13799,1.13806
1782229140000,1.13805,1.13805,1.13784,1.13784
1782229200000,1.13786,1.13788,1.1378,1.13783
1782229260000,1.13786,1.13788,1.13776,1.13779
1782229320000,1.1378,1.13786,1.13777,1.13781
1782229380000,1.13782,1.13791,1.13777,1.13789
1782229440000,1.13787,1.13792,1.1378,1.13788
1782229500000,1.1379,1.13793,1.13781,1.13784
1782229560000,1.13784,1.13787,1.13781,1.13784
1782229620000,1.13785,1.13793,1.13783,1.13789
1782229680000,1.13787,1.13789,1.1378,1.13783
1782229740000,1.13782,1.13782,1.13777,1.1378
1782229800000,1.13781,1.1379,1.13779,1.13781
1782229860000,1.13782,1.13789,1.1378,1.13789
1782229920000,1.13789,1.13799,1.13787,1.13799
1782229980000,1.13796,1.138,1.13789,1.1379
1782230040000,1.1379,1.13811,1.13789,1.1381
1782230100000,1.13809,1.13817,1.13806,1.13813
1782230160000,1.13813,1.13816,1.13799,1.138
1782230220000,1.13799,1.13823,1.13796,1.13818
1782230280000,1.13819,1.13826,1.13816,1.13816
1782230340000,1.13817,1.13828,1.13814,1.13828
1782230400000,1.13831,1.13835,1.13822,1.13824
1782230460000,1.13822,1.13822,1.13802,1.13817
1782230520000,1.13816,1.13816,1.13807,1.13808
1782230580000,1.1381,1.13823,1.13807,1.13818
1782230640000,1.13817,1.13819,1.13811,1.13818
1782230700000,1.13818,1.13828,1.13816,1.13822
1782230760000,1.13821,1.13824,1.13818,1.13821
1782230820000,1.13819,1.13822,1.13787,1.13788
1782230880000,1.1379,1.13806,1.13789,1.13804
1782230940000,1.13803,1.13809,1.13803,1.13803
1782231000000,1.13805,1.13806,1.13789,1.13799
1782231060000,1.13797,1.138,1.13794,1.13796
1782231120000,1.13797,1.138,1.13792,1.13799
1782231180000,1.13801,1.13809,1.13792,1.13793
1782231240000,1.13794,1.13837,1.13792,1.13829
1782231300000,1.13829,1.13836,1.13813,1.13819
1782231360000,1.13821,1.13824,1.13809,1.13812
1782231420000,1.13813,1.13826,1.13811,1.13824
1782231480000,1.13824,1.13832,1.13821,1.13828
1782231540000,1.13828,1.1383,1.13822,1.13823
1782231600000,1.13825,1.13837,1.13825,1.13833
1782231660000,1.13834,1.13834,1.13824,1.13828
1782231720000,1.13828,1.13834,1.13822,1.13826
1782231780000,1.13824,1.13828,1.13819,1.13822
1782231840000,1.13822,1.13832,1.13821,1.13825
1782231900000,1.13824,1.13828,1.13822,1.13822
1782231960000,1.13821,1.13827,1.13806,1.13806
1782232020000,1.13806,1.13814,1.13805,1.13814
1782232080000,1.13812,1.13812,1.13798,1.138
1782232140000,1.138,1.13807,1.13798,1.13799
1782232200000,1.13797,1.13797,1.13788,1.13789
1782232260000,1.13791,1.13798,1.13788,1.13794
1782232320000,1.13796,1.13802,1.13794,1.138
1782232380000,1.13799,1.13803,1.13795,1.13795
1782232440000,1.13796,1.13799,1.13788,1.13798
1782232500000,1.13799,1.13802,1.13798,1.138
1782232560000,1.138,1.13817,1.13799,1.13817
1782232620000,1.13814,1.13821,1.13814,1.13815
1782232680000,1.13815,1.13815,1.13808,1.13814
1782232740000,1.13815,1.13836,1.13815,1.13835
1782232800000,1.13834,1.13836,1.13831,1.13835
1782232860000,1.13834,1.13835,1.13831,1.13834
1782232920000,1.13831,1.13831,1.13827,1.13828
1782232980000,1.1383,1.13833,1.13827,1.13829
1782233040000,1.1383,1.13837,1.13828,1.13836
1782233100000,1.13836,1.13836,1.13827,1.13834
1782233160000,1.13834,1.13838,1.13832,1.13832
1782233220000,1.13831,1.13833,1.1382,1.13829
1782233280000,1.13829,1.13835,1.13829,1.13832
1782233340000,1.13833,1.13835,1.1382,1.13825
1782233400000,1.13825,1.13827,1.13823,1.13826
1782233460000,1.13827,1.13827,1.13814,1.13814
1782233520000,1.13812,1.13819,1.13812,1.13813
1782233580000,1.13813,1.13813,1.13798,1.13811
1782233640000,1.13811,1.13811,1.13805,1.13807
1782233700000,1.13809,1.13814,1.13802,1.13803
1782233760000,1.13802,1.13806,1.13794,1.13797
1782233820000,1.13797,1.13799,1.13785,1.1379
1782233880000,1.13788,1.13796,1.13788,1.13794
1782233940000,1.13793,1.13798,1.13792,1.13794
1782234000000,1.13794,1.13796,1.13779,1.13782
1782234060000,1.13782,1.13784,1.13777,1.13779
1782234120000,1.1378,1.13789,1.1378,1.13789
1782234180000,1.13789,1.13789,1.1378,1.13782
1782234240000,1.13783,1.13783,1.13772,1.13773
1782234300000,1.13773,1.1378,1.13769,1.13769
1782234360000,1.13769,1.13774,1.13764,1.13773
1782234420000,1.13773,1.13791,1.13773,1.13788
1782234480000,1.13789,1.13793,1.13781,1.13782
1782234540000,1.13783,1.13791,1.13778,1.13791
1782234600000,1.13791,1.138,1.13787,1.13788
1782234660000,1.13789,1.13795,1.13789,1.13793
1782234720000,1.13794,1.13802,1.13794,1.138
1782234780000,1.13797,1.13802,1.13791,1.13793
1782234840000,1.13794,1.13808,1.13793,1.13797
1782234900000,1.13798,1.13804,1.13798,1.13802
1782234960000,1.13802,1.13803,1.13796,1.13803
1782235020000,1.13803,1.13803,1.13794,1.13794
1782235080000,1.13797,1.13799,1.13794,1.13794
1782235140000,1.13795,1.13795,1.13788,1.1379
1782235200000,1.13792,1.13794,1.1379,1.1379
1782235260000,1.13792,1.138,1.13787,1.13798
1782235320000,1.13797,1.138,1.13797,1.138
1782235380000,1.13801,1.13806,1.13796,1.13801
1782235440000,1.13801,1.13801,1.13794,1.13795
1782235500000,1.13794,1.13795,1.13782,1.13785
1782235560000,1.13784,1.13793,1.13784,1.13793
1782235620000,1.13792,1.13792,1.13787,1.1379
1782235680000,1.1379,1.13797,1.1379,1.13795
1782235740000,1.13795,1.13795,1.13784,1.13784
1782235800000,1.13786,1.13788,1.13785,1.13787
1782235860000,1.13786,1.13795,1.13786,1.13786
1782235920000,1.13784,1.13792,1.13784,1.13792
1782235980000,1.13794,1.138,1.13793,1.13799
1782236040000,1.13798,1.13804,1.13798,1.13803
1782236100000,1.13801,1.13807,1.13785,1.13785
1782236160000,1.13787,1.13795,1.13786,1.13793
1782236220000,1.13794,1.13801,1.13794,1.13801
1782236280000,1.13799,1.138,1.1379,1.1379
1782236340000,1.13789,1.138,1.13789,1.138
1782236400000,1.13799,1.13804,1.13796,1.13799
1782236460000,1.13801,1.13809,1.13797,1.13808
1782236520000,1.1381,1.13816,1.13808,1.13816
1782236580000,1.13815,1.13815,1.13805,1.13811
1782236640000,1.13808,1.13811,1.13806,1.1381
1782236700000,1.1381,1.13811,1.13806,1.1381
1782236760000,1.1381,1.1381,1.13803,1.13804
1782236820000,1.13805,1.13806,1.13797,1.138
1782236880000,1.138,1.13804,1.13799,1.13804
1782236940000,1.13805,1.13805,1.13798,1.13798
1782237000000,1.13799,1.13801,1.13795,1.13801
1782237060000,1.13799,1.138,1.13798,1.138
1782237120000,1.13799,1.13805,1.13799,1.138
1782237180000,1.13799,1.13799,1.13789,1.13793
1782237240000,1.13794,1.13804,1.13794,1.13803
1782237300000,1.13802,1.13804,1.13793,1.13797
1782237360000,1.13798,1.138,1.13789,1.13794
1782237420000,1.13794,1.13795,1.13785,1.1379
1782237480000,1.1379,1.138,1.1379,1.13796
1782237540000,1.13795,1.13795,1.13791,1.13793
1782237600000,1.13795,1.13805,1.13795,1.13803
1782237660000,1.13802,1.13804,1.13793,1.13799
1782237720000,1.138,1.13806,1.13799,1.138
1782237780000,1.13799,1.138,1.13795,1.138
1782237840000,1.138,1.138,1.13786,1.1379
1782237900000,1.13792,1.13801,1.13792,1.138
1782237960000,1.13799,1.13799,1.1379,1.1379
1782238020000,1.13789,1.13789,1.13787,1.13789
1782238080000,1.1379,1.13798,1.13785,1.13798
1782238140000,1.13796,1.13798,1.13792,1.13798
1782238200000,1.138,1.13804,1.13798,1.13803
1782238260000,1.13803,1.13804,1.13801,1.13802
1782238320000,1.13801,1.13801,1.13794,1.13794
1782238380000,1.13796,1.13799,1.13794,1.13794
1782238440000,1.13795,1.13804,1.13795,1.13799
1782238500000,1.13798,1.13802,1.13798,1.13799
1782238560000,1.13802,1.13803,1.138,1.138
1782238620000,1.13802,1.13802,1.13796,1.13797
1782238680000,1.13799,1.138,1.13794,1.13794
1782238740000,1.13795,1.13798,1.13795,1.13795
1782238800000,1.13794,1.13794,1.13789,1.13794
1782238860000,1.13795,1.13797,1.13794,1.13794
1782238920000,1.13795,1.13805,1.13791,1.13804
1782238980000,1.13804,1.13804,1.13789,1.13794
1782239040000,1.13794,1.13799,1.13794,1.13799
1782239100000,1.13797,1.13799,1.13792,1.13798
1782239160000,1.13799,1.13799,1.13792,1.13794
1782239220000,1.13795,1.13795,1.13789,1.13789
1782239280000,1.13791,1.13796,1.13791,1.13793
1782239340000,1.13792,1.13792,1.13787,1.13787
1782239400000,1.13787,1.13787,1.13783,1.13784
1782239460000,1.13784,1.13791,1.13783,1.13787
1782239520000,1.13786,1.13787,1.13784,1.13784
1782239580000,1.13784,1.13792,1.13784,1.13792
1782239640000,1.13792,1.13794,1.1379,1.13792
1782239700000,1.13794,1.13794,1.13789,1.1379
1782239760000,1.1379,1.13793,1.13786,1.13786
1782239820000,1.13786,1.13797,1.13786,1.13791
1782239880000,1.13789,1.13789,1.13767,1.13774
1782239940000,1.13775,1.13775,1.13768,1.13768
1782240000000,1.13768,1.13771,1.1376,1.13766
1782240060000,1.13766,1.13767,1.13762,1.13767
1782240120000,1.13767,1.13769,1.13764,1.13764
1782240180000,1.13763,1.13767,1.13762,1.13763
1782240240000,1.13763,1.13766,1.1376,1.13761
1782240300000,1.13762,1.13769,1.13761,1.13765
1782240360000,1.13765,1.13768,1.13762,1.13762
1782240420000,1.13763,1.13767,1.13763,1.13764
1782240480000,1.13764,1.13767,1.13764,1.13766
1782240540000,1.13765,1.13765,1.13765,1.13765
1782240600000,1.13765,1.13778,1.13765,1.13778
1782240660000,1.1378,1.13783,1.13774,1.13775
1782240720000,1.13775,1.1378,1.13773,1.1378
1782240780000,1.1378,1.13783,1.13772,1.1378
1782240840000,1.13778,1.13781,1.13778,1.13781
1782240900000,1.1378,1.1378,1.13773,1.13773
1782240960000,1.13775,1.1378,1.13775,1.13777
1782241020000,1.13778,1.1378,1.1377,1.13771
1782241080000,1.13773,1.13781,1.13769,1.13781
1782241140000,1.13783,1.13788,1.13778,1.13785
1782241200000,1.13786,1.13791,1.13785,1.13789
1782241260000,1.13788,1.13798,1.13786,1.13798
1782241320000,1.13797,1.138,1.13793,1.138
1782241380000,1.13799,1.13803,1.13798,1.138
1782241440000,1.13801,1.13817,1.13801,1.13808
1782241500000,1.13808,1.13819,1.13808,1.13812
1782241560000,1.1381,1.13823,1.13808,1.13813
1782241620000,1.13815,1.13815,1.13799,1.13803
1782241680000,1.13803,1.13812,1.13803,1.13811
1782241740000,1.13811,1.1382,1.13811,1.1382
1782241800000,1.13817,1.13827,1.13817,1.13822
1782241860000,1.13824,1.13825,1.13813,1.13819
1782241920000,1.13818,1.13823,1.13818,1.13823
1782241980000,1.13821,1.13822,1.13816,1.13817
1782242040000,1.13817,1.1382,1.13815,1.1382
1782242100000,1.1382,1.13823,1.13814,1.13815
1782242160000,1.13815,1.13815,1.13811,1.13813
1782242220000,1.13812,1.13813,1.13806,1.13806
1782242280000,1.13807,1.13807,1.13801,1.13805
1782242340000,1.13804,1.13805,1.13803,1.13804
1782242400000,1.13804,1.13804,1.13801,1.13803
1782242460000,1.13802,1.13807,1.13802,1.13807
1782242520000,1.13807,1.13808,1.13804,1.13806
1782242580000,1.13805,1.13816,1.13805,1.13815
1782242640000,1.13814,1.13815,1.13811,1.13814
1782242700000,1.13818,1.13818,1.13814,1.13815
1782242760000,1.13817,1.13818,1.13813,1.13814
1782242820000,1.13815,1.13815,1.13811,1.13812
1782242880000,1.13812,1.13814,1.1381,1.13811
1782242940000,1.13812,1.13815,1.13811,1.13812
1782243000000,1.13813,1.13819,1.13812,1.13815
1782243060000,1.13816,1.13817,1.13812,1.13812
1782243120000,1.13811,1.13816,1.13806,1.13815
1782243180000,1.13816,1.13819,1.13815,1.13818
1782243240000,1.13817,1.13817,1.13813,1.13813
1782243300000,1.13815,1.13815,1.13809,1.13812
1782243360000,1.13814,1.13814,1.13811,1.13812
1782243420000,1.13812,1.13812,1.13803,1.13803
1782243480000,1.13803,1.13807,1.13799,1.138
1782243540000,1.138,1.13805,1.138,1.13802
1782243600000,1.13803,1.13805,1.13803,1.13804
1782243660000,1.13803,1.13808,1.13803,1.13808
1782243720000,1.13809,1.13809,1.13799,1.138
1782243780000,1.13802,1.13807,1.13802,1.13807
1782243840000,1.13807,1.1381,1.13805,1.13805
1782243900000,1.13804,1.13813,1.13803,1.13813
1782243960000,1.13811,1.13812,1.13806,1.1381
1782244020000,1.13808,1.13811,1.13806,1.13806
1782244080000,1.13805,1.13809,1.13805,1.13805
1782244140000,1.13806,1.13808,1.13803,1.13804
1782244200000,1.13806,1.13808,1.13796,1.13799
1782244260000,1.13799,1.13805,1.13799,1.13802
1782244320000,1.13801,1.13802,1.13796,1.13799
1782244380000,1.138,1.13805,1.13797,1.13805
1782244440000,1.13806,1.13808,1.13803,1.13804
1782244500000,1.13802,1.13806,1.13799,1.13804
1782244560000,1.13805,1.13811,1.13804,1.13811
1782244620000,1.13809,1.13812,1.13807,1.13807
1782244680000,1.13806,1.13812,1.13805,1.13805
1782244740000,1.13803,1.13804,1.13789,1.13789
1782244800000,1.1379,1.13793,1.13778,1.13785
1782244860000,1.13784,1.1379,1.13783,1.13786
1782244920000,1.13785,1.13792,1.13779,1.13791
1782244980000,1.13791,1.13793,1.13791,1.13792
1782245040000,1.13792,1.13792,1.13789,1.13791
1782245100000,1.13793,1.13803,1.13793,1.13802
1782245160000,1.13804,1.13804,1.13802,1.13802
1782245220000,1.138,1.13801,1.13799,1.138
1782245280000,1.13801,1.13803,1.13797,1.13797
1782245340000,1.13795,1.13795,1.13792,1.13794
1782245400000,1.13795,1.13795,1.13787,1.13787
1782245460000,1.13785,1.13798,1.13785,1.13797
1782245520000,1.13795,1.13795,1.13791,1.13793
1782245580000,1.13795,1.13797,1.13793,1.13794
1782245640000,1.13794,1.13798,1.13794,1.13795
1782245700000,1.13796,1.13799,1.13794,1.13798
1782245760000,1.13796,1.13796,1.13791,1.13793
1782245820000,1.13793,1.13794,1.13791,1.13791
1782245880000,1.13791,1.13793,1.13791,1.13791
1782245940000,1.13793,1.13796,1.13793,1.13796
1782246000000,1.13796,1.13796,1.1379,1.13792
1782246060000,1.13794,1.13794,1.13793,1.13794
1782246120000,1.13794,1.13794,1.13793,1.13794
1782246180000,1.13791,1.13791,1.13783,1.13783
1782246240000,1.13784,1.13791,1.13784,1.13791
1782246300000,1.13792,1.13792,1.13788,1.1379
1782246360000,1.13791,1.13799,1.13791,1.13798
1782246420000,1.13797,1.13797,1.13791,1.13793
1782246480000,1.13793,1.13798,1.13793,1.13798
1782246540000,1.13796,1.13798,1.1379,1.13795
1782246600000,1.13795,1.13795,1.13792,1.13793
1782246660000,1.13795,1.13798,1.13794,1.13794
1782246720000,1.13795,1.13802,1.13795,1.138
1782246780000,1.13802,1.13802,1.13798,1.13798
1782246840000,1.138,1.13803,1.138,1.13803
1782246900000,1.13801,1.13801,1.13797,1.13797
1782246960000,1.13796,1.13797,1.13792,1.13793
1782247020000,1.13794,1.13794,1.13793,1.13794
1782247080000,1.13794,1.13795,1.1379,1.13793
1782247140000,1.13792,1.13792,1.13788,1.13788
1782247200000,1.1379,1.13795,1.1379,1.13794
1782247260000,1.13794,1.13794,1.13794,1.13794
1782247320000,1.13794,1.13795,1.13793,1.13793
1782247380000,1.13795,1.13798,1.13794,1.13798
1782247440000,1.13798,1.13802,1.13796,1.13801
1782247500000,1.138,1.13803,1.138,1.13802
1782247560000,1.13802,1.13804,1.13799,1.13804
1782247620000,1.13804,1.13805,1.13802,1.13803
1782247680000,1.13804,1.13804,1.13799,1.13801
1782247740000,1.13801,1.13805,1.138,1.13804
1782247800000,1.13803,1.13811,1.13803,1.13807
1782247860000,1.13809,1.13809,1.13804,1.13805
1782247920000,1.13808,1.13814,1.13808,1.13812
1782247980000,1.13813,1.13813,1.13806,1.13809
1782248040000,1.13811,1.13812,1.13809,1.1381
1782248100000,1.1381,1.13813,1.1381,1.13812
1782248160000,1.13811,1.13815,1.13811,1.13813
1782248220000,1.13812,1.13815,1.13812,1.13814
1782248280000,1.13814,1.13814,1.13813,1.13813
1782248340000,1.13814,1.13819,1.13794,1.13812
1782248400000,1.13812,1.13821,1.13791,1.1382
1782248460000,1.13824,1.13825,1.13824,1.13825
1782248520000,1.13824,1.13824,1.13824,1.13824
1782248580000,1.13824,1.13824,1.13822,1.13822
1782248640000,1.13824,1.13824,1.13823,1.13823
1782248700000,1.1382,1.13823,1.1382,1.13823
1782248760000,1.13823,1.13823,1.13823,1.13823
1782248820000,1.13824,1.13824,1.13822,1.13822
1782248880000,1.13823,1.13824,1.13823,1.13823
1782248940000,1.13823,1.13825,1.13823,1.13825
1782249000000,1.13824,1.13825,1.13824,1.13824
1782249060000,1.13825,1.13825,1.13822,1.13822
1782249120000,1.13821,1.13828,1.13821,1.13828
1782249180000,1.13828,1.13828,1.13827,1.13827
1782249240000,1.13828,1.13828,1.13827,1.13827
1782249300000,1.1383,1.1383,1.13828,1.13828
1782249360000,1.13829,1.1383,1.13828,1.13828
1782249420000,1.13829,1.1383,1.13828,1.1383
1782249480000,1.1383,1.13832,1.13827,1.13832
1782249540000,1.13831,1.13832,1.13827,1.13831
1782249600000,1.13831,1.13831,1.13827,1.1383
1782249660000,1.13828,1.1383,1.13826,1.13827
1782249720000,1.13827,1.13827,1.13826,1.13827
1782249780000,1.13826,1.13828,1.13826,1.13826
1782249840000,1.13826,1.13828,1.13826,1.13826
1782249900000,1.13827,1.13827,1.13827,1.13827
1782249960000,1.13826,1.13827,1.13826,1.13827
1782250020000,1.13826,1.1383,1.13826,1.1383
1782250080000,1.13828,1.13831,1.13827,1.13829
1782250140000,1.13828,1.13829,1.13826,1.13828
1782250200000,1.13826,1.13828,1.13826,1.13827
1782250260000,1.13827,1.13828,1.13827,1.13828
1782250320000,1.13827,1.13829,1.13827,1.13829
1782250380000,1.13827,1.13828,1.13827,1.13828
1782250440000,1.13828,1.13829,1.13826,1.13827
1782250500000,1.13826,1.13829,1.13826,1.13829
1782250560000,1.1383,1.1383,1.13827,1.13829
1782250620000,1.13829,1.13829,1.13826,1.13826
1782250680000,1.13826,1.13826,1.13826,1.13826
1782250740000,1.13826,1.13829,1.13826,1.13827
1782250800000,1.13827,1.13827,1.13827,1.13827
1782250860000,1.13829,1.13829,1.13826,1.13826
1782250920000,1.13828,1.13828,1.13826,1.13827
1782250980000,1.13827,1.13827,1.13827,1.13827
1782251040000,1.13827,1.13836,1.13827,1.13836
1782251100000,1.13835,1.13835,1.13826,1.13828
1782251160000,1.13834,1.13835,1.1383,1.1383
1782251220000,1.13833,1.13833,1.13828,1.13829
1782251280000,1.13835,1.13835,1.13827,1.13828
1782251340000,1.13827,1.13835,1.13827,1.13831
1782251400000,1.1383,1.13835,1.1383,1.13835
1782251460000,1.13835,1.13836,1.1383,1.1383
1782251520000,1.1383,1.1383,1.13827,1.13829
1782251580000,1.13829,1.13829,1.13829,1.13829
1782251640000,1.1383,1.1383,1.1383,1.1383
1782251700000,1.13829,1.13829,1.13829,1.13829
1782251760000,1.13829,1.1383,1.13829,1.1383
1782251820000,1.13829,1.1383,1.13829,1.13829
1782251880000,1.1383,1.1383,1.1383,1.1383
1782251940000,1.1383,1.1383,1.1383,1.1383
1782252000000,1.1383,1.1383,1.13817,1.13818
1782252060000,1.13819,1.13827,1.13806,1.13811
1782252120000,1.13805,1.13807,1.13784,1.13788
1782252180000,1.1379,1.13792,1.1379,1.13792
1782252240000,1.13791,1.13794,1.13791,1.13794
1782252300000,1.13794,1.13802,1.13794,1.13799
1782252360000,1.138,1.138,1.13798,1.13799
1782252420000,1.13799,1.13801,1.13799,1.138
1782252480000,1.13799,1.13799,1.13792,1.13799
1782252540000,1.13799,1.13799,1.13799,1.13799
1782252600000,1.138,1.138,1.138,1.138
1782252660000,1.13799,1.13799,1.13798,1.13798
1782252720000,1.13797,1.13802,1.13797,1.13802
1782252780000,1.13802,1.13805,1.13801,1.13804
1782252840000,1.13803,1.13803,1.13802,1.13803
1782252900000,1.13804,1.13805,1.13796,1.13797
1782252960000,1.13797,1.13797,1.13797,1.13797
1782253020000,1.13797,1.13801,1.13795,1.13798
1782253080000,1.13798,1.138,1.13798,1.138
1782253140000,1.138,1.138,1.13798,1.13799
1782253200000,1.138,1.138,1.13797,1.13797
1782253260000,1.13797,1.13798,1.13795,1.13798
1782253320000,1.13799,1.13799,1.13793,1.13793
1782253380000,1.13795,1.13797,1.13794,1.13794
1782253440000,1.13794,1.13796,1.13793,1.13793
1782253500000,1.13793,1.13796,1.13793,1.13794
1782253560000,1.13795,1.138,1.13794,1.13798
1782253620000,1.13798,1.13802,1.13798,1.138
1782253680000,1.138,1.13802,1.13798,1.13798
1782253740000,1.13799,1.13799,1.13792,1.13792
1782253800000,1.13793,1.13803,1.13793,1.13803
1782253860000,1.13802,1.13802,1.138,1.138
1782253920000,1.13802,1.13805,1.138,1.13802
1782253980000,1.13801,1.13801,1.13797,1.13797
1782254040000,1.13798,1.13798,1.13793,1.13795
1782254100000,1.13795,1.13801,1.13795,1.138
1782254160000,1.13802,1.13803,1.13798,1.13802
1782254220000,1.138,1.13803,1.13798,1.13798
1782254280000,1.13799,1.13804,1.13799,1.13804
1782254340000,1.13802,1.13803,1.13802,1.13803
1782254400000,1.13806,1.13809,1.13805,1.13805
1782254460000,1.13805,1.13809,1.13804,1.13807
1782254520000,1.13805,1.13809,1.13805,1.13809
1782254580000,1.13807,1.13809,1.13806,1.13807
1782254640000,1.13807,1.13808,1.13807,1.13808
1782254700000,1.1381,1.13815,1.13808,1.13815
1782254760000,1.13815,1.13815,1.13811,1.13814
1782254820000,1.13814,1.13814,1.13812,1.13812
1782254880000,1.13812,1.13814,1.13812,1.13813
1782254940000,1.13814,1.13814,1.13813,1.13813
1782255000000,1.13813,1.13819,1.13812,1.13818
1782255060000,1.13819,1.13819,1.13812,1.13813
1782255120000,1.13813,1.13817,1.13812,1.13817
1782255180000,1.13819,1.13821,1.13818,1.13821
1782255240000,1.13819,1.13819,1.13814,1.13816
1782255300000,1.13814,1.13815,1.13812,1.13812
1782255360000,1.13812,1.13812,1.13812,1.13812
1782255420000,1.13813,1.13813,1.13811,1.13813
1782255480000,1.13813,1.13813,1.13812,1.13812
1782255540000,1.13812,1.13812,1.13812,1.13812
1782255600000,1.13814,1.13814,1.13808,1.13809
1782255660000,1.13808,1.13813,1.13808,1.13813
1782255720000,1.13813,1.1382,1.13813,1.13818
1782255780000,1.13819,1.13819,1.13818,1.13819
1782255840000,1.13819,1.13819,1.13819,1.13819
1782255900000,1.13818,1.13823,1.13816,1.13823
1782255960000,1.1382,1.13823,1.13818,1.13819
1782256020000,1.13819,1.13822,1.13816,1.13817
1782256080000,1.13815,1.13816,1.13811,1.13815
1782256140000,1.13813,1.13819,1.13813,1.13818
1782256200000,1.13815,1.13815,1.13814,1.13814
1782256260000,1.13812,1.13814,1.13809,1.13814
1782256320000,1.13813,1.13813,1.13813,1.13813
1782256380000,1.13814,1.13814,1.13814,1.13814
1782256440000,1.13814,1.13814,1.13814,1.13814
1782256500000,1.13815,1.1382,1.13815,1.1382
1782256560000,1.1382,1.1382,1.13819,1.13819
1782256620000,1.13818,1.13818,1.13814,1.13815
1782256680000,1.13812,1.13814,1.13812,1.13814
1782256740000,1.13814,1.13814,1.13813,1.13814
1782256800000,1.13813,1.13814,1.13813,1.13814
1782256860000,1.13815,1.13817,1.13814,1.13814
1782256920000,1.13817,1.13819,1.13817,1.13819
1782256980000,1.13819,1.13819,1.13819,1.13819
1782257040000,1.1382,1.1382,1.1382,1.1382
1782257100000,1.13818,1.13818,1.13818,1.13818
1782257160000,1.13818,1.13818,1.13804,1.13805
1782257220000,1.13804,1.13809,1.13804,1.13806
1782257280000,1.13805,1.13805,1.13802,1.13802
1782257340000,1.13802,1.13803,1.13801,1.13802
1782257400000,1.138,1.13801,1.13799,1.13799
1782257460000,1.138,1.138,1.13788,1.13791
1782257520000,1.13792,1.13798,1.13788,1.13796
1782257580000,1.13796,1.13796,1.13793,1.13795
1782257640000,1.13791,1.13794,1.13791,1.13794
1782257700000,1.13794,1.13801,1.13794,1.138
1782257760000,1.13803,1.13804,1.13802,1.13804
1782257820000,1.13804,1.13804,1.13802,1.13803
1782257880000,1.13804,1.13804,1.138,1.13802
1782257940000,1.13803,1.13804,1.13794,1.13797
1782258000000,1.13797,1.138,1.13795,1.13799
1782258060000,1.13799,1.13799,1.13795,1.13797
1782258120000,1.13798,1.13803,1.13798,1.13802
1782258180000,1.13803,1.13803,1.13801,1.13803
1782258240000,1.13801,1.1382,1.13801,1.1382
1782258300000,1.13821,1.13823,1.13816,1.13822
1782258360000,1.13823,1.13829,1.13822,1.13824
1782258420000,1.13823,1.13828,1.13822,1.13827
1782258480000,1.13826,1.1383,1.13826,1.13829
1782258540000,1.13828,1.13829,1.13828,1.13829
1782258600000,1.13828,1.13835,1.13826,1.13829
1782258660000,1.13829,1.13829,1.13827,1.13828
1782258720000,1.13828,1.13829,1.13825,1.13828
1782258780000,1.13829,1.13829,1.13823,1.13823
1782258840000,1.13823,1.13823,1.13814,1.13814
1782258900000,1.13813,1.13813,1.13803,1.13804
1782258960000,1.13806,1.13809,1.13804,1.13807
1782259020000,1.13805,1.13805,1.13792,1.13792
1782259080000,1.13789,1.13798,1.13787,1.13797
1782259140000,1.13796,1.13796,1.13788,1.13789
1782432000000,1.13613,1.13637,1.13608,1.13636
1782432060000,1.13635,1.13637,1.13612,1.13615
1782432120000,1.13615,1.13619,1.13611,1.13619
1782432180000,1.13618,1.1363,1.13614,1.13616
1782432240000,1.13617,1.13623,1.13614,1.13619
1782432300000,1.13619,1.13622,1.13615,1.13622
1782432360000,1.1362,1.1363,1.1362,1.13629
1782432420000,1.13629,1.13629,1.1362,1.13621
1782432480000,1.1362,1.13627,1.13618,1.13625
1782432540000,1.13626,1.13631,1.13626,1.13631
1782432600000,1.13629,1.13629,1.13617,1.13624
1782432660000,1.13623,1.13626,1.13616,1.13617
1782432720000,1.13617,1.13622,1.13615,1.13615
1782432780000,1.13616,1.13622,1.13616,1.13619
1782432840000,1.13621,1.13636,1.13621,1.13636
1782432900000,1.13634,1.13637,1.13626,1.13634
1782432960000,1.13632,1.13632,1.13623,1.13623
1782433020000,1.13623,1.13633,1.13623,1.13631
1782433080000,1.13633,1.13635,1.13621,1.13626
1782433140000,1.13626,1.13628,1.13622,1.13625
1782433200000,1.13624,1.13627,1.13621,1.13627
1782433260000,1.13627,1.13632,1.13627,1.13632
1782433320000,1.13631,1.13641,1.1363,1.13641
1782433380000,1.13642,1.13643,1.13639,1.13642
1782433440000,1.13643,1.13646,1.13642,1.13643
1782433500000,1.13643,1.13643,1.13636,1.13636
1782433560000,1.13634,1.13634,1.13627,1.13632
1782433620000,1.1363,1.13636,1.13627,1.13629
1782433680000,1.1363,1.13642,1.13626,1.1364
1782433740000,1.13642,1.13647,1.13637,1.13647
1782433800000,1.13647,1.13651,1.1364,1.13642
1782433860000,1.13644,1.13656,1.13644,1.1365
1782433920000,1.13651,1.13657,1.13644,1.13644
1782433980000,1.13643,1.13646,1.1364,1.13644
1782434040000,1.13645,1.13647,1.13642,1.13647
1782434100000,1.13647,1.13651,1.13646,1.13647
1782434160000,1.13648,1.1366,1.13647,1.13655
1782434220000,1.13656,1.13656,1.13646,1.13651
1782434280000,1.1365,1.1365,1.13642,1.13642
1782434340000,1.1364,1.13642,1.13633,1.13633
1782434400000,1.13633,1.13641,1.13631,1.13641
1782434460000,1.1364,1.1364,1.13633,1.13637
1782434520000,1.13637,1.13645,1.13637,1.13642
1782434580000,1.13644,1.13653,1.13643,1.13651
1782434640000,1.13651,1.13651,1.13645,1.13647
1782434700000,1.13648,1.13653,1.13647,1.13651
1782434760000,1.13653,1.13667,1.13653,1.13667
1782434820000,1.13666,1.13667,1.1366,1.13666
1782434880000,1.13664,1.13666,1.13651,1.13655
1782434940000,1.13656,1.13657,1.13655,1.13657
1782435000000,1.13656,1.13657,1.13653,1.13657
1782435060000,1.1366,1.13669,1.1366,1.13666
1782435120000,1.13667,1.13669,1.13661,1.13662
1782435180000,1.13662,1.13662,1.13644,1.13644
1782435240000,1.13643,1.13643,1.13629,1.13637
1782435300000,1.13635,1.13649,1.13635,1.13645
1782435360000,1.13648,1.13648,1.13641,1.13646
1782435420000,1.13648,1.13654,1.13647,1.13652
1782435480000,1.13652,1.13655,1.13649,1.13654
1782435540000,1.13653,1.13654,1.13648,1.13648
1782435600000,1.13646,1.13666,1.13645,1.13666
1782435660000,1.13666,1.1367,1.13664,1.13665
1782435720000,1.13667,1.13669,1.1366,1.13666
1782435780000,1.13665,1.1367,1.13664,1.13667
1782435840000,1.13666,1.1367,1.1366,1.13665
1782435900000,1.13667,1.13667,1.13654,1.13655
1782435960000,1.13657,1.13668,1.13655,1.13665
1782436020000,1.13666,1.1367,1.1366,1.13665
1782436080000,1.13665,1.13672,1.13665,1.13672
1782436140000,1.13671,1.13671,1.13665,1.13671
1782436200000,1.13672,1.13687,1.13672,1.13687
1782436260000,1.13685,1.13691,1.1368,1.13686
1782436320000,1.13685,1.13686,1.13681,1.13681
1782436380000,1.1368,1.13682,1.13679,1.1368
1782436440000,1.1368,1.1368,1.13664,1.13672
1782436500000,1.13672,1.13676,1.13655,1.13674
1782436560000,1.13672,1.13682,1.13666,1.13682
1782436620000,1.13681,1.13681,1.13674,1.13674
1782436680000,1.13673,1.13675,1.1367,1.13672
1782436740000,1.13671,1.13673,1.13665,1.13671
1782436800000,1.13671,1.13674,1.13666,1.1367
1782436860000,1.13668,1.13669,1.13656,1.13657
1782436920000,1.13656,1.13662,1.13655,1.13657
1782436980000,1.13655,1.13655,1.1365,1.13651
1782437040000,1.13651,1.13651,1.13647,1.1365
1782437100000,1.13649,1.13649,1.13643,1.13645
1782437160000,1.13645,1.13651,1.13643,1.13651
1782437220000,1.13647,1.1365,1.13646,1.1365
1782437280000,1.13649,1.13655,1.13648,1.13655
1782437340000,1.13653,1.13656,1.13653,1.13656
1782437400000,1.13658,1.13662,1.1365,1.13656
1782437460000,1.13657,1.13661,1.13654,1.13654
1782437520000,1.13654,1.13654,1.13636,1.13636
1782437580000,1.13636,1.13644,1.13627,1.13627
1782437640000,1.13626,1.13626,1.13611,1.13613
1782437700000,1.1361,1.1361,1.13587,1.1359
1782437760000,1.13588,1.13592,1.13577,1.13578
1782437820000,1.13579,1.13585,1.13577,1.13581
1782437880000,1.1358,1.13586,1.13577,1.13581
1782437940000,1.13582,1.13592,1.13581,1.13592
1782438000000,1.13588,1.13591,1.13584,1.13591
1782438060000,1.13591,1.13591,1.13581,1.13582
1782438120000,1.13583,1.13589,1.13581,1.13586
1782438180000,1.13587,1.13589,1.13584,1.13589
1782438240000,1.13588,1.13596,1.13587,1.13588
1782438300000,1.13589,1.13597,1.13584,1.13584
1782438360000,1.13584,1.13586,1.13578,1.13584
1782438420000,1.13584,1.13587,1.1358,1.1358
1782438480000,1.13579,1.13584,1.13579,1.13584
1782438540000,1.13584,1.13585,1.13579,1.13579
1782438600000,1.13581,1.13584,1.13578,1.1358
1782438660000,1.13579,1.13581,1.13577,1.1358
1782438720000,1.13578,1.13584,1.13576,1.13581
1782438780000,1.1358,1.13584,1.1358,1.13583
1782438840000,1.13583,1.13585,1.13578,1.13581
1782438900000,1.13583,1.13583,1.13578,1.13582
1782438960000,1.13582,1.13586,1.13578,1.13579
1782439020000,1.13579,1.13579,1.13564,1.13567
1782439080000,1.13567,1.13588,1.13567,1.13579
1782439140000,1.13579,1.13597,1.13578,1.13596
1782439200000,1.13596,1.13598,1.13591,1.13595
1782439260000,1.13594,1.136,1.13591,1.13592
1782439320000,1.13593,1.13605,1.13593,1.13603
1782439380000,1.13604,1.13612,1.13604,1.13607
1782439440000,1.13608,1.13621,1.13608,1.13615
1782439500000,1.13615,1.13627,1.13615,1.13621
1782439560000,1.1362,1.13623,1.13614,1.1362
1782439620000,1.1362,1.13626,1.13618,1.1362
1782439680000,1.13622,1.13622,1.13618,1.13622
1782439740000,1.13622,1.13625,1.13616,1.13616
1782439800000,1.13616,1.13617,1.13611,1.13611
1782439860000,1.13611,1.13611,1.1359,1.13591
1782439920000,1.13593,1.13603,1.13592,1.13603
1782439980000,1.13602,1.13602,1.13593,1.13599
1782440040000,1.13597,1.13598,1.13584,1.13585
1782440100000,1.13584,1.13586,1.13567,1.1357
1782440160000,1.13568,1.13581,1.13568,1.1358
1782440220000,1.1358,1.13589,1.13579,1.13589
1782440280000,1.13587,1.13589,1.13579,1.1358
1782440340000,1.1358,1.1358,1.13563,1.13565
1782440400000,1.13569,1.13574,1.13563,1.13568
1782440460000,1.13569,1.13572,1.13558,1.13558
1782440520000,1.13558,1.1356,1.13556,1.13559
1782440580000,1.13561,1.13565,1.13561,1.13562
1782440640000,1.13562,1.13564,1.13542,1.13549
1782440700000,1.1355,1.1356,1.13548,1.13554
1782440760000,1.13555,1.13564,1.13555,1.1356
1782440820000,1.13561,1.13564,1.1354,1.13542
1782440880000,1.13544,1.13553,1.13544,1.13553
1782440940000,1.13555,1.13556,1.13552,1.13553
1782441000000,1.13557,1.13557,1.13552,1.13553
1782441060000,1.13554,1.13562,1.13554,1.1356
1782441120000,1.1356,1.1356,1.13552,1.13559
1782441180000,1.13558,1.13562,1.13553,1.13561
1782441240000,1.13562,1.13565,1.13558,1.1356
1782441300000,1.13558,1.1356,1.13558,1.1356
1782441360000,1.13559,1.13564,1.13559,1.13559
1782441420000,1.1356,1.1356,1.13554,1.13554
1782441480000,1.13555,1.13555,1.1355,1.13555
1782441540000,1.13555,1.1357,1.13555,1.13564
1782441600000,1.13564,1.13564,1.13558,1.1356
1782441660000,1.13564,1.13575,1.13558,1.13574
1782441720000,1.13576,1.13601,1.13576,1.13601
1782441780000,1.136,1.136,1.1359,1.13591
1782441840000,1.13591,1.13591,1.13582,1.13589
1782441900000,1.13589,1.13591,1.13585,1.13587
1782441960000,1.13588,1.1359,1.13583,1.13584
1782442020000,1.13586,1.1359,1.13585,1.13589
1782442080000,1.13591,1.13592,1.13587,1.13591
1782442140000,1.13591,1.13591,1.13582,1.13586
1782442200000,1.13587,1.13598,1.13584,1.1359
1782442260000,1.13589,1.13592,1.13584,1.13586
1782442320000,1.13585,1.13586,1.13579,1.1358
1782442380000,1.1358,1.13582,1.13574,1.13581
1782442440000,1.13582,1.13586,1.13579,1.1358
1782442500000,1.13581,1.13581,1.1357,1.1357
1782442560000,1.13571,1.13583,1.1357,1.13583
1782442620000,1.13584,1.13587,1.13574,1.13577
1782442680000,1.13578,1.13588,1.13576,1.13584
1782442740000,1.13585,1.13592,1.13585,1.1359
1782442800000,1.1359,1.13597,1.13584,1.13592
1782442860000,1.1359,1.13592,1.13584,1.13585
1782442920000,1.13587,1.13605,1.13587,1.13601
1782442980000,1.13601,1.13608,1.13599,1.13603
1782443040000,1.13603,1.13611,1.13601,1.13608
1782443100000,1.13609,1.13609,1.13599,1.13607
1782443160000,1.13605,1.1361,1.13605,1.13608
1782443220000,1.1361,1.13611,1.13607,1.13608
1782443280000,1.13608,1.13608,1.13603,1.13603
1782443340000,1.13604,1.13612,1.13604,1.13611
1782443400000,1.13613,1.13632,1.13612,1.13632
1782443460000,1.1363,1.13647,1.1363,1.13645
1782443520000,1.13644,1.13644,1.13638,1.13644
1782443580000,1.13643,1.13644,1.1363,1.13632
1782443640000,1.13632,1.13633,1.13628,1.13629
1782443700000,1.13631,1.13635,1.13625,1.13625
1782443760000,1.13625,1.13632,1.13623,1.1363
1782443820000,1.1363,1.13636,1.1363,1.13634
1782443880000,1.13634,1.13635,1.13629,1.13634
1782443940000,1.13635,1.13644,1.13634,1.13642
1782444000000,1.13642,1.13642,1.13637,1.13638
1782444060000,1.13636,1.13637,1.1363,1.13635
1782444120000,1.13636,1.13636,1.13631,1.13631
1782444180000,1.13632,1.13632,1.13628,1.13629
1782444240000,1.13629,1.1363,1.13624,1.13627
1782444300000,1.13629,1.13636,1.13628,1.13635
1782444360000,1.13637,1.1364,1.13636,1.13638
1782444420000,1.13636,1.13636,1.1363,1.13634
1782444480000,1.13634,1.13636,1.13632,1.13634
1782444540000,1.13636,1.1364,1.13634,1.1364
1782444600000,1.1364,1.1364,1.13628,1.13633
1782444660000,1.13634,1.13635,1.1363,1.13634
1782444720000,1.13634,1.13636,1.13629,1.1363
1782444780000,1.13629,1.13634,1.13627,1.13628
1782444840000,1.13629,1.13629,1.1362,1.13622
1782444900000,1.13623,1.13632,1.13623,1.1363
1782444960000,1.13632,1.13644,1.13631,1.13642
1782445020000,1.13642,1.13657,1.13642,1.1365
1782445080000,1.13652,1.13657,1.13649,1.13657
1782445140000,1.13657,1.13657,1.13639,1.13639
1782445200000,1.13639,1.1366,1.13635,1.13646
1782445260000,1.13645,1.13652,1.13645,1.13649
1782445320000,1.13647,1.13651,1.13642,1.13651
1782445380000,1.13651,1.13675,1.13651,1.13668
1782445440000,1.13667,1.13674,1.13663,1.13674
1782445500000,1.13675,1.13675,1.13664,1.13665
1782445560000,1.13666,1.13672,1.13664,1.1367
1782445620000,1.13669,1.13676,1.13669,1.13674
1782445680000,1.13674,1.13675,1.13664,1.13665
1782445740000,1.13666,1.13666,1.13659,1.1366
1782445800000,1.13659,1.13666,1.13659,1.13665
1782445860000,1.13665,1.13666,1.13659,1.13665
1782445920000,1.13666,1.13678,1.13665,1.13676
1782445980000,1.13677,1.13697,1.13675,1.13696
1782446040000,1.13697,1.13713,1.13697,1.13703
1782446100000,1.13703,1.13715,1.13701,1.13707
1782446160000,1.13706,1.13713,1.13704,1.13704
1782446220000,1.13703,1.13707,1.13696,1.13701
1782446280000,1.13702,1.1371,1.13702,1.13709
1782446340000,1.13709,1.13715,1.13705,1.13714
1782446400000,1.13715,1.13717,1.13702,1.13702
1782446460000,1.13701,1.13719,1.13695,1.13716
1782446520000,1.13715,1.13721,1.13715,1.13717
1782446580000,1.13717,1.13729,1.13717,1.13725
1782446640000,1.13724,1.13728,1.13716,1.13716
1782446700000,1.13714,1.1372,1.13711,1.13718
1782446760000,1.13718,1.13719,1.13703,1.13705
1782446820000,1.13706,1.1371,1.13701,1.13704
1782446880000,1.13706,1.13706,1.13694,1.13701
1782446940000,1.13699,1.13706,1.13698,1.13702
1782447000000,1.13701,1.1372,1.13701,1.13719
1782447060000,1.1372,1.1372,1.13717,1.1372
1782447120000,1.13718,1.1372,1.13715,1.13715
1782447180000,1.13717,1.13721,1.13711,1.13713
1782447240000,1.13714,1.13716,1.13708,1.13716
1782447300000,1.13714,1.1372,1.13713,1.13716
1782447360000,1.13719,1.13727,1.13719,1.13723
1782447420000,1.13725,1.13731,1.13724,1.13731
1782447480000,1.13731,1.13731,1.13725,1.13726
1782447540000,1.13726,1.13732,1.13725,1.13732
1782447600000,1.13731,1.13731,1.13725,1.13726
1782447660000,1.13725,1.13732,1.13725,1.13731
1782447720000,1.13733,1.13735,1.13729,1.13732
1782447780000,1.1373,1.13734,1.1373,1.13731
1782447840000,1.13731,1.13731,1.13722,1.13724
1782447900000,1.13724,1.13736,1.13724,1.13728
1782447960000,1.13727,1.13731,1.13727,1.13731
1782448020000,1.13731,1.13744,1.13731,1.13744
1782448080000,1.13743,1.13747,1.13743,1.13746
1782448140000,1.13745,1.13745,1.13736,1.13738
1782448200000,1.13738,1.13739,1.13731,1.13735
1782448260000,1.13735,1.13736,1.13726,1.13736
1782448320000,1.13734,1.13734,1.13721,1.13722
1782448380000,1.13722,1.13727,1.13719,1.1372
1782448440000,1.1372,1.13721,1.13715,1.13717
1782448500000,1.13716,1.13728,1.13716,1.13728
1782448560000,1.13726,1.13731,1.13716,1.13716
1782448620000,1.13718,1.1372,1.13709,1.1371
1782448680000,1.1371,1.13717,1.13709,1.1371
1782448740000,1.13712,1.13712,1.13708,1.13709
1782448800000,1.13709,1.13711,1.13698,1.13698
1782448860000,1.13699,1.13699,1.13684,1.13685
1782448920000,1.13684,1.137,1.13684,1.13697
1782448980000,1.13698,1.1372,1.13697,1.1372
1782449040000,1.1372,1.13729,1.1372,1.13724
1782449100000,1.13723,1.1373,1.13723,1.13725
1782449160000,1.13726,1.13738,1.13724,1.13738
1782449220000,1.13737,1.13738,1.13729,1.13729
1782449280000,1.1373,1.13741,1.13729,1.13741
1782449340000,1.13739,1.13739,1.13733,1.13736
1782449400000,1.13738,1.13742,1.13736,1.13738
1782449460000,1.13736,1.13746,1.13736,1.13746
1782449520000,1.13746,1.13746,1.13742,1.13742
1782449580000,1.13741,1.13746,1.1374,1.13746
1782449640000,1.13745,1.13761,1.13745,1.13757
1782449700000,1.13757,1.13766,1.13755,1.13761
1782449760000,1.13762,1.13765,1.13758,1.13758
1782449820000,1.13756,1.13762,1.13756,1.13761
1782449880000,1.13761,1.13762,1.13758,1.13758
1782449940000,1.13759,1.13771,1.13755,1.13768
1782450000000,1.13771,1.13772,1.13756,1.13772
1782450060000,1.1377,1.13777,1.1377,1.13775
1782450120000,1.13775,1.13778,1.13771,1.13776
1782450180000,1.13774,1.13774,1.13765,1.13765
1782450240000,1.13765,1.13765,1.13755,1.13759
1782450300000,1.1376,1.13763,1.13754,1.13761
1782450360000,1.13762,1.13762,1.13755,1.13762
1782450420000,1.13762,1.13765,1.13755,1.13765
1782450480000,1.13765,1.13767,1.13764,1.13766
1782450540000,1.13767,1.13772,1.13767,1.13767
1782450600000,1.13768,1.13769,1.13764,1.13765
1782450660000,1.13766,1.13766,1.13758,1.13766
1782450720000,1.13765,1.13771,1.13761,1.13769
1782450780000,1.13771,1.13771,1.13759,1.13761
1782450840000,1.1376,1.13765,1.13759,1.13759
1782450900000,1.1376,1.13776,1.1376,1.13775
1782450960000,1.13775,1.13776,1.13764,1.13764
1782451020000,1.13763,1.13766,1.1375,1.13754
1782451080000,1.13755,1.13769,1.13751,1.13767
1782451140000,1.13768,1.1377,1.1376,1.13763
1782451200000,1.13762,1.13767,1.1376,1.1376
1782451260000,1.1376,1.13764,1.1376,1.13761
1782451320000,1.13763,1.13763,1.13751,1.13756
1782451380000,1.13755,1.13757,1.13754,1.13756
1782451440000,1.13757,1.13757,1.13754,1.13756
1782451500000,1.13755,1.13767,1.13755,1.13767
1782451560000,1.13767,1.13777,1.13767,1.13776
1782451620000,1.13776,1.13777,1.13774,1.13775
1782451680000,1.13773,1.13781,1.13769,1.1378
1782451740000,1.13781,1.13785,1.13776,1.13777
1782451800000,1.13776,1.13784,1.13776,1.13782
1782451860000,1.1378,1.13784,1.13776,1.13778
1782451920000,1.1378,1.13782,1.13777,1.13782
1782451980000,1.1378,1.13781,1.13776,1.13777
1782452040000,1.13777,1.13778,1.13773,1.13775
1782452100000,1.13777,1.13777,1.1377,1.1377
1782452160000,1.13772,1.13773,1.13766,1.13766
1782452220000,1.13767,1.13777,1.13766,1.13776
1782452280000,1.13776,1.13776,1.13771,1.13772
1782452340000,1.1377,1.1377,1.13768,1.1377
1782452400000,1.13769,1.13783,1.13767,1.13783
1782452460000,1.13781,1.13783,1.13776,1.1378
1782452520000,1.13782,1.13792,1.1378,1.13792
1782452580000,1.13792,1.13799,1.13792,1.13797
1782452640000,1.13796,1.13797,1.1379,1.13791
1782452700000,1.1379,1.1379,1.13775,1.13777
1782452760000,1.13778,1.13787,1.13778,1.13785
1782452820000,1.13786,1.13787,1.13781,1.13783
1782452880000,1.13783,1.13786,1.13781,1.13785
1782452940000,1.13784,1.13793,1.13779,1.1379
1782453000000,1.13792,1.13799,1.13789,1.13798
1782453060000,1.13796,1.13801,1.13787,1.1379
1782453120000,1.13787,1.13788,1.13781,1.13785
1782453180000,1.13786,1.13802,1.1378,1.13802
1782453240000,1.13803,1.13821,1.138,1.13814
1782453300000,1.13812,1.13812,1.13802,1.13806
1782453360000,1.13808,1.13808,1.13796,1.138
1782453420000,1.13798,1.138,1.13792,1.13794
1782453480000,1.13794,1.138,1.13794,1.13795
1782453540000,1.13793,1.13793,1.13781,1.13781
1782453600000,1.13783,1.13795,1.13775,1.13777
1782453660000,1.13775,1.13776,1.13768,1.13774
1782453720000,1.13773,1.13773,1.13759,1.1376
1782453780000,1.13757,1.1376,1.13753,1.1376
1782453840000,1.13761,1.13762,1.13754,1.13755
1782453900000,1.13755,1.1376,1.13748,1.13748
1782453960000,1.13747,1.1376,1.13744,1.13759
1782454020000,1.1376,1.13765,1.13751,1.13751
1782454080000,1.13751,1.13755,1.13745,1.1375
1782454140000,1.13748,1.13748,1.13741,1.13742
1782454200000,1.13741,1.13744,1.1373,1.1373
1782454260000,1.13729,1.13734,1.13728,1.13733
1782454320000,1.13733,1.13749,1.13728,1.13749
1782454380000,1.13749,1.13754,1.13743,1.13748
1782454440000,1.13748,1.13751,1.13742,1.13749
1782454500000,1.1375,1.13764,1.13743,1.13748
1782454560000,1.13749,1.13751,1.13742,1.13747
1782454620000,1.13748,1.13753,1.13744,1.13751
1782454680000,1.13751,1.13751,1.13739,1.13741
1782454740000,1.1374,1.1376,1.13739,1.13754
1782454800000,1.13756,1.13762,1.13754,1.13761
1782454860000,1.13762,1.13776,1.13762,1.13774
1782454920000,1.13775,1.13775,1.13765,1.13767
1782454980000,1.13765,1.13771,1.13759,1.1376
1782455040000,1.1376,1.13769,1.13759,1.13765
1782455100000,1.13765,1.13765,1.13758,1.13762
1782455160000,1.13761,1.13762,1.13748,1.13755
1782455220000,1.13754,1.13772,1.13752,1.13771
1782455280000,1.13769,1.13774,1.13766,1.13774
1782455340000,1.13775,1.1379,1.13775,1.13787
1782455400000,1.13788,1.13806,1.13784,1.13804
1782455460000,1.13804,1.13824,1.13802,1.13823
1782455520000,1.13821,1.13821,1.13803,1.13805
1782455580000,1.13804,1.13815,1.13803,1.13804
1782455640000,1.13806,1.13806,1.13798,1.13803
1782455700000,1.13804,1.13805,1.13797,1.13801
1782455760000,1.13801,1.13802,1.13795,1.13801
1782455820000,1.13801,1.1381,1.13796,1.13796
1782455880000,1.13797,1.13797,1.13789,1.13796
1782455940000,1.13794,1.13794,1.13785,1.13789
1782456000000,1.13787,1.13807,1.13781,1.13803
1782456060000,1.13805,1.13806,1.13792,1.13797
1782456120000,1.13796,1.13796,1.13774,1.13777
1782456180000,1.13776,1.13781,1.13767,1.13781
1782456240000,1.13782,1.13783,1.13766,1.13766
1782456300000,1.13764,1.13771,1.13762,1.13771
1782456360000,1.1377,1.13779,1.13768,1.13773
1782456420000,1.13772,1.13778,1.13769,1.13776
1782456480000,1.13776,1.13776,1.13756,1.13759
1782456540000,1.13759,1.13762,1.1372,1.1372
1782456600000,1.1372,1.13736,1.13713,1.13731
1782456660000,1.13732,1.13737,1.13726,1.13736
1782456720000,1.13738,1.13748,1.13738,1.13742
1782456780000,1.13745,1.13759,1.13745,1.13756
1782456840000,1.13759,1.13773,1.13752,1.13763
1782456900000,1.13762,1.13765,1.13745,1.13758
1782456960000,1.13758,1.13764,1.13757,1.13762
1782457020000,1.13762,1.1377,1.13759,1.13769
1782457080000,1.13767,1.13776,1.13755,1.13756
1782457140000,1.13754,1.13757,1.13745,1.13751
1782457200000,1.1375,1.13753,1.13734,1.13735
1782457260000,1.13734,1.13772,1.13729,1.1376
1782457320000,1.13761,1.13774,1.1375,1.1375
1782457380000,1.13749,1.13749,1.1373,1.1374
1782457440000,1.13739,1.13745,1.13735,1.13736
1782457500000,1.13738,1.13746,1.13736,1.13742
1782457560000,1.13741,1.1376,1.13734,1.1376
1782457620000,1.13761,1.13783,1.13761,1.13776
1782457680000,1.13776,1.13784,1.13772,1.13777
1782457740000,1.13777,1.13779,1.13769,1.13771
1782457800000,1.13773,1.13775,1.13768,1.13768
1782457860000,1.13769,1.13782,1.13765,1.13765
1782457920000,1.13765,1.13772,1.13765,1.13766
1782457980000,1.13767,1.13767,1.13754,1.13763
1782458040000,1.13763,1.13778,1.13762,1.13767
1782458100000,1.13766,1.13778,1.1376,1.13764
1782458160000,1.13765,1.13778,1.13764,1.13769
1782458220000,1.13768,1.13773,1.13768,1.13772
1782458280000,1.13772,1.13774,1.13763,1.13764
1782458340000,1.13764,1.13775,1.13758,1.13773
1782458400000,1.13773,1.13775,1.13753,1.13753
1782458460000,1.13753,1.1377,1.1375,1.13764
1782458520000,1.13764,1.13765,1.1375,1.13755
1782458580000,1.13754,1.13761,1.13748,1.13761
1782458640000,1.13763,1.1377,1.13757,1.13764
1782458700000,1.13766,1.13766,1.13753,1.13753
1782458760000,1.13758,1.1377,1.13757,1.1376
1782458820000,1.13758,1.13765,1.13743,1.13764
1782458880000,1.13766,1.13766,1.13749,1.13749
1782458940000,1.13749,1.13753,1.13748,1.13751
1782459000000,1.1375,1.13767,1.13747,1.13767
1782459060000,1.13766,1.13773,1.13763,1.13773
1782459120000,1.13773,1.13804,1.13767,1.13796
1782459180000,1.13796,1.13814,1.13794,1.1381
1782459240000,1.13809,1.13811,1.13805,1.13805
1782459300000,1.13802,1.13817,1.138,1.13809
1782459360000,1.13807,1.13819,1.13801,1.13819
1782459420000,1.13818,1.13852,1.13818,1.13852
1782459480000,1.13853,1.13856,1.13846,1.13851
1782459540000,1.13851,1.13883,1.13851,1.13883
1782459600000,1.13883,1.13884,1.1387,1.1388
1782459660000,1.13881,1.13885,1.13877,1.13882
1782459720000,1.13879,1.13881,1.13859,1.13861
1782459780000,1.1386,1.13872,1.1386,1.1387
1782459840000,1.1387,1.13882,1.1385,1.13856
1782459900000,1.13855,1.13862,1.13849,1.13856
1782459960000,1.13856,1.13862,1.13851,1.1386
1782460020000,1.13861,1.13861,1.13843,1.13851
1782460080000,1.1385,1.13856,1.13849,1.13851
1782460140000,1.13848,1.13861,1.13846,1.13859
1782460200000,1.1386,1.13872,1.13856,1.1387
1782460260000,1.13871,1.13886,1.13865,1.13865
1782460320000,1.13867,1.13872,1.13857,1.13858
1782460380000,1.13857,1.13857,1.13849,1.13856
1782460440000,1.13855,1.1387,1.13854,1.13867
1782460500000,1.13865,1.13878,1.13857,1.13863
1782460560000,1.13862,1.13867,1.13858,1.13859
1782460620000,1.13857,1.13862,1.13849,1.13862
1782460680000,1.13862,1.13871,1.13861,1.13867
1782460740000,1.13866,1.13874,1.13861,1.13866
1782460800000,1.13864,1.13881,1.13852,1.1386
1782460860000,1.1386,1.13865,1.13847,1.13849
1782460920000,1.1385,1.13852,1.13834,1.13846
1782460980000,1.13844,1.13845,1.13829,1.13834
1782461040000,1.13835,1.13852,1.13832,1.13847
1782461100000,1.13849,1.13851,1.13832,1.13843
1782461160000,1.13843,1.1387,1.13833,1.1387
1782461220000,1.1387,1.13881,1.1387,1.13875
1782461280000,1.13872,1.1393,1.13865,1.1393
1782461340000,1.13929,1.13975,1.13929,1.13963
1782461400000,1.13962,1.1397,1.13937,1.13937
1782461460000,1.13936,1.13962,1.13907,1.1396
1782461520000,1.13961,1.13978,1.13955,1.13959
1782461580000,1.13961,1.13976,1.13953,1.13968
1782461640000,1.13966,1.13977,1.13951,1.13977
1782461700000,1.13977,1.1399,1.1395,1.13979
1782461760000,1.13978,1.13981,1.13965,1.1397
1782461820000,1.13973,1.13975,1.13965,1.13974
1782461880000,1.13976,1.14,1.13974,1.13986
1782461940000,1.13985,1.13986,1.13959,1.13974
1782462000000,1.13972,1.13976,1.1395,1.13966
1782462060000,1.13966,1.13972,1.13958,1.13967
1782462120000,1.13966,1.13966,1.13958,1.13963
1782462180000,1.13961,1.13969,1.1396,1.13969
1782462240000,1.13968,1.13969,1.13949,1.13953
1782462300000,1.13955,1.13964,1.13943,1.13946
1782462360000,1.13944,1.13981,1.13943,1.13975
1782462420000,1.13974,1.13981,1.1397,1.1398
1782462480000,1.13979,1.13981,1.13972,1.13975
1782462540000,1.13978,1.14025,1.13973,1.14022
1782462600000,1.1402,1.14024,1.13962,1.13965
1782462660000,1.13965,1.13983,1.13963,1.13979
1782462720000,1.1398,1.1398,1.13969,1.13969
1782462780000,1.13968,1.13969,1.13959,1.1396
1782462840000,1.13959,1.13986,1.13954,1.13979
1782462900000,1.1398,1.13981,1.13966,1.13973
1782462960000,1.13976,1.13989,1.13976,1.13976
1782463020000,1.13977,1.13986,1.13975,1.13986
1782463080000,1.13986,1.1399,1.13977,1.13989
1782463140000,1.13989,1.13993,1.13977,1.13983
1782463200000,1.13984,1.13992,1.13978,1.13984
1782463260000,1.13981,1.1399,1.13976,1.13979
1782463320000,1.13979,1.13993,1.13979,1.1399
1782463380000,1.13992,1.14007,1.13989,1.14
1782463440000,1.13998,1.14033,1.13998,1.14031
1782463500000,1.14029,1.14074,1.14029,1.14056
1782463560000,1.14055,1.14062,1.14042,1.14061
1782463620000,1.1406,1.1406,1.1401,1.1401
1782463680000,1.1401,1.14022,1.14002,1.14019
1782463740000,1.14018,1.14024,1.14013,1.14024
1782463800000,1.14025,1.14034,1.14017,1.14032
1782463860000,1.1403,1.14047,1.14024,1.14046
1782463920000,1.14046,1.14051,1.14035,1.14041
1782463980000,1.14044,1.14073,1.14044,1.14066
1782464040000,1.14065,1.14065,1.14049,1.14062
1782464100000,1.14062,1.14062,1.14036,1.14039
1782464160000,1.14041,1.14042,1.14013,1.14015
1782464220000,1.14017,1.14019,1.14004,1.14014
1782464280000,1.14013,1.1402,1.14012,1.14019
1782464340000,1.14019,1.14019,1.14012,1.14012
1782464400000,1.14013,1.14013,1.13985,1.13987
1782464460000,1.13987,1.14003,1.13987,1.13989
1782464520000,1.13988,1.13997,1.1398,1.13984
1782464580000,1.13983,1.1399,1.13976,1.13988
1782464640000,1.13986,1.13986,1.13965,1.13968
1782464700000,1.13968,1.13972,1.13962,1.13969
1782464760000,1.13969,1.13982,1.1396,1.1396
1782464820000,1.13957,1.1398,1.13953,1.13978
1782464880000,1.13978,1.13999,1.13977,1.13998
1782464940000,1.13996,1.13998,1.13989,1.13991
1782465000000,1.1399,1.1399,1.1398,1.13981
1782465060000,1.13983,1.13983,1.13976,1.13983
1782465120000,1.13981,1.13981,1.13967,1.13973
1782465180000,1.13973,1.13985,1.13973,1.13983
1782465240000,1.13983,1.13983,1.13963,1.13972
1782465300000,1.13971,1.13981,1.1397,1.13976
1782465360000,1.13974,1.14001,1.13972,1.13997
1782465420000,1.13995,1.13995,1.13981,1.13988
1782465480000,1.13988,1.13989,1.13961,1.1398
1782465540000,1.13979,1.13984,1.13956,1.13983
1782465600000,1.13984,1.13993,1.13979,1.13988
1782465660000,1.13984,1.13993,1.13982,1.13992
1782465720000,1.13994,1.13998,1.13981,1.13982
1782465780000,1.13982,1.13998,1.13976,1.13995
1782465840000,1.13992,1.13993,1.13982,1.13986
1782465900000,1.13986,1.13998,1.13985,1.13993
1782465960000,1.13994,1.14018,1.13992,1.14018
1782466020000,1.14017,1.1402,1.14006,1.14007
1782466080000,1.14008,1.14026,1.13999,1.1402
1782466140000,1.14023,1.14037,1.14022,1.14032
1782466200000,1.14032,1.1404,1.1403,1.14039
1782466260000,1.14039,1.14039,1.14003,1.14014
1782466320000,1.14014,1.14032,1.14014,1.14032
1782466380000,1.14031,1.14044,1.14029,1.14039
1782466440000,1.14038,1.14045,1.14036,1.14045
1782466500000,1.14045,1.14054,1.14045,1.14051
1782466560000,1.1405,1.14056,1.14044,1.14047
1782466620000,1.14048,1.14059,1.14048,1.14057
1782466680000,1.14057,1.14057,1.14038,1.14046
1782466740000,1.14047,1.14054,1.14046,1.1405
1782466800000,1.14052,1.14073,1.14052,1.1407
1782466860000,1.1407,1.14071,1.14053,1.14065
1782466920000,1.14066,1.14068,1.14054,1.14054
1782466980000,1.14056,1.14056,1.14048,1.14049
1782467040000,1.14051,1.14061,1.14051,1.14053
1782467100000,1.14057,1.1406,1.1405,1.14054
1782467160000,1.14055,1.14071,1.14054,1.14071
1782467220000,1.14071,1.1409,1.14071,1.1409
1782467280000,1.14089,1.14106,1.14088,1.14106
1782467340000,1.14104,1.1412,1.14093,1.14094
1782467400000,1.14096,1.1411,1.1409,1.14101
1782467460000,1.14103,1.14115,1.14093,1.14095
1782467520000,1.14094,1.14105,1.14094,1.14102
1782467580000,1.14104,1.1411,1.14102,1.14108
1782467640000,1.14107,1.14107,1.14091,1.14094
1782467700000,1.14095,1.14095,1.14077,1.14092
1782467760000,1.14092,1.14094,1.14085,1.14085
1782467820000,1.14084,1.14089,1.14066,1.14066
1782467880000,1.14063,1.14078,1.14062,1.14073
1782467940000,1.14073,1.14077,1.14064,1.14067
1782468000000,1.14068,1.14082,1.14055,1.14064
1782468060000,1.14065,1.14081,1.14054,1.14054
1782468120000,1.14054,1.14058,1.14048,1.14049
1782468180000,1.14048,1.14049,1.14035,1.14043
1782468240000,1.14043,1.14059,1.14043,1.14053
1782468300000,1.14055,1.14058,1.14039,1.14044
1782468360000,1.14046,1.14071,1.14046,1.14069
1782468420000,1.14068,1.14071,1.14067,1.14071
1782468480000,1.14071,1.14071,1.14062,1.14062
1782468540000,1.14059,1.14063,1.14054,1.14059
1782468600000,1.14059,1.1406,1.14043,1.14043
1782468660000,1.14044,1.14053,1.1404,1.14048
1782468720000,1.14049,1.14053,1.14042,1.14048
1782468780000,1.14048,1.14053,1.14041,1.14044
1782468840000,1.14044,1.1405,1.14039,1.14049
1782468900000,1.14047,1.14053,1.14043,1.14049
1782468960000,1.14049,1.14063,1.14047,1.14058
1782469020000,1.14059,1.14068,1.14058,1.14061
1782469080000,1.1406,1.1406,1.14039,1.14042
1782469140000,1.14042,1.14042,1.14024,1.14024
1782469200000,1.14026,1.1403,1.14012,1.14015
1782469260000,1.14015,1.14018,1.14008,1.14017
1782469320000,1.14015,1.14016,1.14008,1.14008
1782469380000,1.14009,1.1402,1.14001,1.14018
1782469440000,1.14019,1.1402,1.14009,1.14012
1782469500000,1.14011,1.14011,1.14002,1.14008
1782469560000,1.14007,1.14033,1.14007,1.14028
1782469620000,1.14028,1.14033,1.1402,1.14026
1782469680000,1.14027,1.14028,1.14021,1.14025
1782469740000,1.14027,1.14034,1.14025,1.14032
1782469800000,1.14032,1.14037,1.14029,1.14033
1782469860000,1.14032,1.14042,1.14032,1.14038
1782469920000,1.14039,1.14044,1.14037,1.14037
1782469980000,1.14038,1.14045,1.1403,1.14037
1782470040000,1.14036,1.14053,1.14036,1.14052
1782470100000,1.14052,1.14059,1.14042,1.14042
1782470160000,1.1404,1.14051,1.14039,1.14051
1782470220000,1.14052,1.14054,1.14046,1.14048
1782470280000,1.1405,1.1406,1.14048,1.14056
1782470340000,1.14057,1.14059,1.14051,1.14055
1782470400000,1.14057,1.14066,1.14052,1.14054
1782470460000,1.14054,1.14054,1.1403,1.14031
1782470520000,1.14031,1.14033,1.14022,1.14028
1782470580000,1.14028,1.14039,1.14021,1.14035
1782470640000,1.14035,1.14035,1.14023,1.14028
1782470700000,1.14028,1.14029,1.14015,1.14028
1782470760000,1.14027,1.14039,1.14027,1.14033
1782470820000,1.14034,1.14035,1.14025,1.14032
1782470880000,1.1403,1.14032,1.14015,1.14022
1782470940000,1.14022,1.14034,1.14022,1.14033
1782471000000,1.14033,1.1404,1.14032,1.14033
1782471060000,1.14031,1.14037,1.14028,1.1403
1782471120000,1.14032,1.14053,1.14032,1.14051
1782471180000,1.14052,1.14054,1.14044,1.14048
1782471240000,1.14047,1.14052,1.14043,1.14047
1782471300000,1.14048,1.14051,1.14035,1.14042
1782471360000,1.14042,1.14044,1.14039,1.14042
1782471420000,1.14043,1.14051,1.14032,1.14048
1782471480000,1.14046,1.14047,1.14028,1.1403
1782471540000,1.14032,1.14048,1.14031,1.14047
1782471600000,1.14049,1.14058,1.14044,1.14047
1782471660000,1.14047,1.1405,1.1404,1.1404
1782471720000,1.14042,1.14048,1.14042,1.14046
1782471780000,1.14044,1.1405,1.14033,1.14047
1782471840000,1.14046,1.14046,1.14025,1.14035
1782471900000,1.14037,1.14037,1.14026,1.14026
1782471960000,1.14026,1.14033,1.14019,1.14033
1782472020000,1.14032,1.14033,1.14019,1.14032
1782472080000,1.14032,1.14038,1.1403,1.14036
1782472140000,1.14033,1.14039,1.14031,1.14039
1782472200000,1.14037,1.14041,1.14034,1.14037
1782472260000,1.14038,1.14056,1.14035,1.14047
1782472320000,1.14045,1.14046,1.14022,1.14025
1782472380000,1.14025,1.14026,1.1402,1.14022
1782472440000,1.1402,1.14021,1.14006,1.14019
1782472500000,1.14018,1.14025,1.14012,1.14022
1782472560000,1.14022,1.14022,1.14002,1.14002
1782472620000,1.14002,1.14005,1.13998,1.14
1782472680000,1.14001,1.14018,1.14001,1.14016
1782472740000,1.14017,1.14044,1.14017,1.14041
1782472800000,1.14039,1.14043,1.14031,1.14043
1782472860000,1.14042,1.14051,1.14036,1.14047
1782472920000,1.14048,1.14061,1.1404,1.14056
1782472980000,1.14054,1.14057,1.14044,1.14047
1782473040000,1.14046,1.14046,1.14035,1.14038
1782473100000,1.14036,1.14037,1.14022,1.14023
1782473160000,1.14024,1.14049,1.14023,1.14047
1782473220000,1.14049,1.14053,1.14041,1.14053
1782473280000,1.14052,1.14056,1.14048,1.14048
1782473340000,1.14048,1.1406,1.14043,1.14058
1782473400000,1.14056,1.14059,1.14051,1.14053
1782473460000,1.14052,1.14052,1.14038,1.14043
1782473520000,1.14042,1.14042,1.14027,1.14027
1782473580000,1.14028,1.14034,1.14021,1.14021
1782473640000,1.14021,1.14023,1.14012,1.14016
1782473700000,1.14016,1.14016,1.13995,1.13995
1782473760000,1.13994,1.14003,1.1399,1.13996
1782473820000,1.13995,1.14003,1.13989,1.13996
1782473880000,1.13996,1.14008,1.13995,1.13996
1782473940000,1.13998,1.1401,1.13997,1.14008
1782474000000,1.14009,1.14009,1.14001,1.14006
1782474060000,1.14007,1.14017,1.14007,1.14011
1782474120000,1.1401,1.14017,1.14006,1.14016
1782474180000,1.14015,1.14015,1.13996,1.13996
1782474240000,1.13995,1.13999,1.13989,1.13996
1782474300000,1.13995,1.13997,1.1399,1.13997
1782474360000,1.13997,1.14001,1.1398,1.13988
1782474420000,1.13988,1.13992,1.13978,1.13979
1782474480000,1.1398,1.13995,1.1398,1.13986
1782474540000,1.13985,1.13988,1.13976,1.13976
1782474600000,1.13978,1.13978,1.13964,1.13967
1782474660000,1.13967,1.13974,1.13966,1.13967
1782474720000,1.13966,1.13967,1.1394,1.1394
1782474780000,1.13939,1.13954,1.13936,1.13953
1782474840000,1.13954,1.1396,1.13954,1.13958
1782474900000,1.13958,1.13979,1.13958,1.1397
1782474960000,1.13971,1.13992,1.13971,1.1398
1782475020000,1.13982,1.13982,1.1396,1.13962
1782475080000,1.13962,1.13988,1.13962,1.13981
1782475140000,1.1398,1.13988,1.13978,1.13983
1782475200000,1.13983,1.13987,1.13975,1.13985
1782475260000,1.13984,1.13995,1.13981,1.13992
1782475320000,1.13994,1.13998,1.13992,1.13993
1782475380000,1.13992,1.14004,1.13989,1.14004
1782475440000,1.14006,1.14012,1.14002,1.14009
1782475500000,1.1401,1.14017,1.14006,1.14014
1782475560000,1.14015,1.14024,1.14014,1.14016
1782475620000,1.14016,1.14016,1.14005,1.14005
1782475680000,1.14004,1.1401,1.14,1.14007
1782475740000,1.14006,1.14017,1.14002,1.14011
1782475800000,1.14011,1.14014,1.14007,1.14014
1782475860000,1.14013,1.14025,1.14011,1.14014
1782475920000,1.14015,1.14019,1.1401,1.14016
1782475980000,1.14014,1.14014,1.14005,1.14007
1782476040000,1.14007,1.14011,1.14007,1.14009
1782476100000,1.1401,1.14024,1.14008,1.14023
1782476160000,1.14023,1.14032,1.14021,1.14031
1782476220000,1.14032,1.14037,1.14024,1.14037
1782476280000,1.14036,1.14038,1.14024,1.14024
1782476340000,1.14024,1.1403,1.14016,1.1403
1782476400000,1.14028,1.14029,1.14002,1.14004
1782476460000,1.14005,1.14014,1.13997,1.14008
1782476520000,1.14007,1.14024,1.14003,1.14018
1782476580000,1.14016,1.14026,1.14008,1.1402
1782476640000,1.14021,1.14023,1.14012,1.14015
1782476700000,1.14017,1.1404,1.14017,1.14028
1782476760000,1.14029,1.14041,1.14027,1.14037
1782476820000,1.14039,1.14063,1.14039,1.14061
1782476880000,1.1406,1.1406,1.14049,1.1405
1782476940000,1.14051,1.14051,1.14038,1.14043
1782477000000,1.14041,1.14044,1.14028,1.14042
1782477060000,1.14044,1.14063,1.14042,1.14059
1782477120000,1.14061,1.14062,1.14043,1.14043
1782477180000,1.14041,1.14041,1.14014,1.14028
1782477240000,1.14029,1.14042,1.14021,1.14026
1782477300000,1.14027,1.14033,1.14019,1.14032
1782477360000,1.14033,1.14055,1.14029,1.14054
1782477420000,1.14054,1.14056,1.14047,1.14054
1782477480000,1.14054,1.14064,1.14046,1.14058
1782477540000,1.14059,1.14074,1.14045,1.14052
1782477600000,1.14052,1.14079,1.14052,1.14078
1782477660000,1.1408,1.14095,1.14075,1.14095
1782477720000,1.14094,1.14094,1.14073,1.14075
1782477780000,1.14076,1.14078,1.14068,1.14073
1782477840000,1.14075,1.14081,1.14071,1.14078
1782477900000,1.14077,1.14077,1.14063,1.14068
1782477960000,1.14066,1.14112,1.14061,1.14107
1782478020000,1.14106,1.14109,1.14085,1.14085
1782478080000,1.14084,1.14091,1.14078,1.14089
1782478140000,1.14089,1.14103,1.14078,1.1409
1782478200000,1.14091,1.14107,1.14086,1.14107
1782478260000,1.14106,1.14127,1.14105,1.14127
1782478320000,1.14126,1.14131,1.14112,1.14118
1782478380000,1.14119,1.14144,1.14119,1.14143
1782478440000,1.14143,1.14144,1.14124,1.1413
1782478500000,1.1413,1.14161,1.1413,1.14149
1782478560000,1.14149,1.14181,1.14148,1.1418
1782478620000,1.14182,1.14294,1.1418,1.14277
1782478680000,1.14276,1.14338,1.14253,1.14338
1782478740000,1.14336,1.14336,1.14263,1.1427
1782478800000,1.14271,1.14299,1.1426,1.14263
1782478860000,1.14264,1.14267,1.14236,1.14256
1782478920000,1.14256,1.14283,1.14233,1.14244
1782478980000,1.14242,1.14244,1.14221,1.14221
1782479040000,1.14221,1.14252,1.14218,1.14242
1782479100000,1.14243,1.14243,1.1422,1.14228
1782479160000,1.14228,1.14251,1.14217,1.14249
1782479220000,1.14248,1.1427,1.14242,1.14249
1782479280000,1.14248,1.14249,1.14232,1.14234
1782479340000,1.14236,1.14237,1.1418,1.14184
1782479400000,1.14184,1.14209,1.1418,1.14186
1782479460000,1.14185,1.14211,1.14178,1.14209
1782479520000,1.14212,1.14212,1.14197,1.14202
1782479580000,1.14201,1.14209,1.14192,1.142
1782479640000,1.14201,1.14204,1.14187,1.14197
1782479700000,1.14198,1.14198,1.14173,1.14183
1782479760000,1.14181,1.14194,1.14176,1.14193
1782479820000,1.14193,1.14202,1.14192,1.14202
1782479880000,1.14202,1.14202,1.14133,1.14141
1782479940000,1.14141,1.14169,1.14116,1.14168
1782480000000,1.14168,1.14196,1.14157,1.14176
1782480060000,1.14176,1.14223,1.14176,1.14221
1782480120000,1.14221,1.14233,1.14217,1.14227
1782480180000,1.14228,1.14228,1.14211,1.14217
1782480240000,1.14219,1.14219,1.14201,1.14205
1782480300000,1.14206,1.1422,1.14196,1.14216
1782480360000,1.14217,1.14231,1.14212,1.14227
1782480420000,1.14226,1.14234,1.14221,1.14226
1782480480000,1.14226,1.14226,1.14206,1.14214
1782480540000,1.14215,1.14227,1.14212,1.14216
1782480600000,1.14214,1.14239,1.14204,1.14229
1782480660000,1.14228,1.14228,1.14196,1.14221
1782480720000,1.1422,1.1422,1.14203,1.14205
1782480780000,1.14208,1.14226,1.14208,1.14212
1782480840000,1.14215,1.14236,1.14211,1.14232
1782480900000,1.14232,1.14237,1.14215,1.1423
1782480960000,1.14229,1.14244,1.14227,1.14232
1782481020000,1.14233,1.14234,1.14218,1.14219
1782481080000,1.14221,1.14227,1.14216,1.1422
1782481140000,1.14219,1.1423,1.14219,1.14227
1782481200000,1.14227,1.14233,1.14221,1.14229
1782481260000,1.14228,1.1423,1.14216,1.14222
1782481320000,1.14222,1.14247,1.14222,1.14238
1782481380000,1.14237,1.14237,1.14212,1.14215
1782481440000,1.14215,1.14235,1.14214,1.14231
1782481500000,1.14233,1.14233,1.1419,1.14192
1782481560000,1.14193,1.14195,1.14181,1.14181
1782481620000,1.14185,1.14194,1.14173,1.14177
1782481680000,1.14177,1.14189,1.14173,1.14182
1782481740000,1.14184,1.14188,1.14176,1.14182
1782481800000,1.14183,1.14187,1.14171,1.14171
1782481860000,1.1417,1.14192,1.14165,1.1418
1782481920000,1.14182,1.14185,1.14171,1.14178
1782481980000,1.1418,1.14187,1.14175,1.14175
1782482040000,1.14175,1.142,1.14173,1.14196
1782482100000,1.14197,1.14198,1.14179,1.14183
1782482160000,1.14181,1.14196,1.14177,1.14196
1782482220000,1.14196,1.14215,1.14194,1.14214
1782482280000,1.14215,1.14232,1.14215,1.1423
1782482340000,1.1423,1.14249,1.14228,1.14247
1782482400000,1.14249,1.14282,1.14226,1.1423
1782482460000,1.14229,1.14246,1.14229,1.14243
1782482520000,1.14242,1.14245,1.14217,1.14236
1782482580000,1.14237,1.14242,1.14206,1.14207
1782482640000,1.14207,1.14212,1.14197,1.14208
1782482700000,1.14208,1.14208,1.14187,1.14197
1782482760000,1.14197,1.14223,1.14197,1.14222
1782482820000,1.14221,1.14226,1.14209,1.14214
1782482880000,1.14214,1.14214,1.14202,1.14202
1782482940000,1.14202,1.14215,1.14196,1.14212
1782483000000,1.14212,1.14237,1.14208,1.14212
1782483060000,1.14213,1.14213,1.14197,1.14203
1782483120000,1.14203,1.14208,1.14196,1.14199
1782483180000,1.14197,1.14218,1.14197,1.14218
1782483240000,1.14218,1.14218,1.1421,1.14217
1782483300000,1.14218,1.14225,1.14212,1.1422
1782483360000,1.14221,1.14259,1.1422,1.14242
1782483420000,1.1424,1.1424,1.14206,1.14206
1782483480000,1.14205,1.14216,1.14205,1.14213
1782483540000,1.14214,1.14221,1.14199,1.14203
1782483600000,1.14206,1.14239,1.14205,1.14237
1782483660000,1.14238,1.14265,1.14238,1.14249
1782483720000,1.14248,1.14249,1.14239,1.14242
1782483780000,1.14241,1.14244,1.14227,1.14238
1782483840000,1.14237,1.14247,1.14228,1.14231
1782483900000,1.14231,1.14242,1.14222,1.14228
1782483960000,1.14228,1.14229,1.14198,1.14201
1782484020000,1.14203,1.14213,1.14192,1.14198
1782484080000,1.142,1.14204,1.14189,1.14192
1782484140000,1.14192,1.14197,1.14171,1.14177
1782484200000,1.14176,1.14182,1.14163,1.14181
1782484260000,1.14181,1.14192,1.1418,1.14186
1782484320000,1.14186,1.1419,1.14177,1.14188
1782484380000,1.14189,1.14189,1.1417,1.14176
1782484440000,1.14177,1.14178,1.14147,1.14152
1782484500000,1.14154,1.14173,1.14153,1.14171
1782484560000,1.14173,1.14173,1.14156,1.14159
1782484620000,1.1416,1.14165,1.14156,1.14163
1782484680000,1.14166,1.14166,1.14151,1.14152
1782484740000,1.14153,1.14158,1.14148,1.14156
1782484800000,1.14157,1.14158,1.14137,1.14141
1782484860000,1.14142,1.14145,1.14112,1.14126
1782484920000,1.14123,1.14149,1.14116,1.14146
1782484980000,1.14147,1.14164,1.14142,1.1416
1782485040000,1.14162,1.14167,1.14156,1.14157
1782485100000,1.14158,1.1416,1.14147,1.14153
1782485160000,1.14154,1.14164,1.1415,1.14162
1782485220000,1.14162,1.14178,1.14161,1.14173
1782485280000,1.14172,1.14175,1.14155,1.14167
1782485340000,1.14167,1.14202,1.14146,1.14168
1782485400000,1.14168,1.14171,1.14124,1.14148
1782485460000,1.14146,1.14148,1.14131,1.14134
1782485520000,1.14133,1.14133,1.14093,1.14094
1782485580000,1.14093,1.14093,1.14063,1.14063
1782485640000,1.14059,1.1406,1.14036,1.14042
1782485700000,1.14043,1.14045,1.14024,1.14028
1782485760000,1.14028,1.14029,1.13981,1.13987
1782485820000,1.13987,1.13998,1.13935,1.13939
1782485880000,1.13942,1.13983,1.13935,1.13952
1782485940000,1.13951,1.13962,1.13934,1.13939
1782486000000,1.13939,1.13946,1.13926,1.13932
1782486060000,1.13932,1.13958,1.1392,1.13948
1782486120000,1.13947,1.13979,1.13944,1.13979
1782486180000,1.13978,1.13985,1.13968,1.13984
1782486240000,1.13983,1.13983,1.13963,1.13968
1782486300000,1.13966,1.13978,1.1396,1.13977
1782486360000,1.13977,1.13982,1.13966,1.13979
1782486420000,1.13981,1.13999,1.1398,1.13997
1782486480000,1.13995,1.14008,1.13992,1.14008
1782486540000,1.14008,1.1402,1.14006,1.14018
1782486600000,1.14017,1.14025,1.14009,1.14023
1782486660000,1.14022,1.14022,1.14011,1.14013
1782486720000,1.14016,1.14018,1.14004,1.14018
1782486780000,1.14018,1.14034,1.14018,1.14028
1782486840000,1.14029,1.14036,1.14022,1.14029
1782486900000,1.14028,1.14033,1.14018,1.14033
1782486960000,1.14031,1.14035,1.14024,1.14035
1782487020000,1.14035,1.14038,1.14029,1.14034
1782487080000,1.14034,1.14035,1.14015,1.14015
1782487140000,1.14015,1.14018,1.14011,1.14017
1782487200000,1.14021,1.14029,1.14021,1.14029
1782487260000,1.14028,1.14038,1.14028,1.14037
1782487320000,1.14037,1.1406,1.14037,1.14058
1782487380000,1.14058,1.14058,1.14034,1.14035
1782487440000,1.14035,1.14054,1.14035,1.14052
1782487500000,1.14051,1.14055,1.14046,1.14053
1782487560000,1.14052,1.14054,1.14039,1.14039
1782487620000,1.14039,1.14049,1.14035,1.14038
1782487680000,1.14038,1.14046,1.14035,1.14046
1782487740000,1.14047,1.14054,1.14046,1.14046
1782487800000,1.14047,1.14067,1.14047,1.14067
1782487860000,1.14065,1.14065,1.1405,1.1405
1782487920000,1.1405,1.1405,1.14024,1.14029
1782487980000,1.14031,1.14031,1.14013,1.14025
1782488040000,1.14025,1.14027,1.14022,1.14022
1782488100000,1.14023,1.1404,1.14018,1.14024
1782488160000,1.14023,1.14028,1.14022,1.14027
1782488220000,1.14025,1.14035,1.14022,1.14033
1782488280000,1.14033,1.14036,1.14026,1.14034
1782488340000,1.14034,1.14058,1.14034,1.14052
1782488400000,1.14051,1.14051,1.14038,1.14038
1782488460000,1.14038,1.14054,1.14038,1.14049
1782488520000,1.14049,1.1405,1.14029,1.14033
1782488580000,1.14036,1.14052,1.14036,1.14052
1782488640000,1.14052,1.14058,1.14048,1.1405
1782488700000,1.1405,1.14056,1.14047,1.14049
1782488760000,1.14048,1.14059,1.14048,1.14055
1782488820000,1.14055,1.14071,1.14055,1.14071
1782488880000,1.1407,1.14075,1.14066,1.14075
1782488940000,1.14074,1.14079,1.14062,1.14062
1782489000000,1.14064,1.14064,1.14029,1.14029
1782489060000,1.14029,1.14031,1.13949,1.13968
1782489120000,1.13969,1.13988,1.13955,1.13964
1782489180000,1.13966,1.13998,1.13958,1.1399
1782489240000,1.13988,1.1399,1.13974,1.13977
1782489300000,1.1398,1.14001,1.13978,1.13997
1782489360000,1.13998,1.14024,1.13998,1.1402
1782489420000,1.14019,1.1403,1.14013,1.14026
1782489480000,1.14027,1.14028,1.14013,1.14018
1782489540000,1.14018,1.14029,1.14015,1.14028
1782489600000,1.1403,1.14032,1.14006,1.14008
1782489660000,1.14008,1.14018,1.13997,1.14014
1782489720000,1.14015,1.14021,1.14011,1.14012
1782489780000,1.14016,1.14024,1.14012,1.14017
1782489840000,1.14016,1.14025,1.14015,1.14017
1782489900000,1.14016,1.14017,1.14006,1.14006
1782489960000,1.14007,1.14032,1.14007,1.1403
1782490020000,1.14029,1.14031,1.1402,1.1402
1782490080000,1.1402,1.1402,1.14012,1.14012
1782490140000,1.1401,1.14011,1.13989,1.13995
1782490200000,1.13995,1.13995,1.13975,1.13984
1782490260000,1.13982,1.13994,1.13976,1.13993
1782490320000,1.13993,1.14002,1.13993,1.13998
1782490380000,1.14,1.14001,1.13991,1.13993
1782490440000,1.13994,1.13998,1.13992,1.13992
1782490500000,1.13993,1.13996,1.13989,1.13996
1782490560000,1.13998,1.14,1.13993,1.13993
1782490620000,1.13993,1.13995,1.13984,1.13992
1782490680000,1.13993,1.13993,1.13981,1.13989
1782490740000,1.13991,1.13991,1.13988,1.13988
1782490800000,1.13989,1.13989,1.13965,1.13972
1782490860000,1.13971,1.13977,1.13931,1.13943
1782490920000,1.13943,1.13957,1.13931,1.13931
1782490980000,1.13929,1.13932,1.13916,1.13928
1782491040000,1.13926,1.13928,1.13911,1.13912
1782491100000,1.13911,1.13918,1.13903,1.13907
1782491160000,1.1391,1.13927,1.1391,1.13916
1782491220000,1.13917,1.13922,1.13911,1.13912
1782491280000,1.1391,1.1392,1.13907,1.13912
1782491340000,1.1391,1.13912,1.13905,1.13912
1782491400000,1.13912,1.13941,1.13912,1.13941
1782491460000,1.13941,1.13944,1.13931,1.13938
1782491520000,1.13938,1.13945,1.13926,1.13928
1782491580000,1.13929,1.13929,1.13899,1.13905
1782491640000,1.13906,1.13907,1.13885,1.13885
1782491700000,1.13887,1.13892,1.13874,1.13877
1782491760000,1.13874,1.13874,1.13833,1.13835
1782491820000,1.13835,1.13862,1.13831,1.13831
1782491880000,1.1383,1.1385,1.13829,1.13842
1782491940000,1.13842,1.13863,1.13841,1.13863
1782492000000,1.13862,1.13881,1.13861,1.13872
1782492060000,1.1387,1.13878,1.13867,1.13877
1782492120000,1.13878,1.13883,1.13875,1.13883
1782492180000,1.13883,1.13899,1.13882,1.1389
1782492240000,1.13889,1.13903,1.13882,1.1389
1782492300000,1.13889,1.13898,1.13888,1.13896
1782492360000,1.13895,1.13898,1.13892,1.13896
1782492420000,1.13896,1.139,1.13891,1.13893
1782492480000,1.13893,1.13902,1.13887,1.13889
1782492540000,1.13889,1.13894,1.13889,1.13892
1782492600000,1.1389,1.13892,1.13884,1.13891
1782492660000,1.13893,1.13894,1.13886,1.13889
1782492720000,1.13887,1.13894,1.13886,1.13894
1782492780000,1.13894,1.139,1.13894,1.13898
1782492840000,1.139,1.13904,1.1389,1.13897
1782492900000,1.13899,1.139,1.1389,1.13896
1782492960000,1.13897,1.13914,1.13897,1.13914
1782493020000,1.13913,1.13913,1.13904,1.13905
1782493080000,1.13905,1.13905,1.13896,1.13901
1782493140000,1.139,1.13902,1.13897,1.13898
1782493200000,1.13899,1.13899,1.13886,1.13896
1782493260000,1.13898,1.13908,1.13895,1.13895
1782493320000,1.13897,1.13903,1.13896,1.13903
1782493380000,1.13902,1.13912,1.13902,1.13911
1782493440000,1.1391,1.13916,1.13906,1.13909
1782493500000,1.1391,1.13913,1.13908,1.13908
1782493560000,1.13909,1.13916,1.13909,1.13913
1782493620000,1.13911,1.13918,1.13909,1.13918
1782493680000,1.13916,1.13927,1.13916,1.13924
1782493740000,1.13924,1.13924,1.13916,1.1392
1782493800000,1.1392,1.1393,1.13917,1.13929
1782493860000,1.13929,1.13929,1.1392,1.13923
1782493920000,1.13926,1.13927,1.13919,1.13926
1782493980000,1.13928,1.13928,1.13921,1.13921
1782494040000,1.13922,1.13923,1.13912,1.13913
1782494100000,1.13914,1.13915,1.13911,1.13912
1782494160000,1.13914,1.13921,1.13912,1.13921
1782494220000,1.13922,1.13922,1.13904,1.13908
1782494280000,1.13908,1.1391,1.13904,1.13904
1782494340000,1.13904,1.13908,1.13903,1.13903
1782494400000,1.13903,1.13906,1.13903,1.13904
1782494460000,1.13901,1.13908,1.13896,1.13905
1782494520000,1.13904,1.13911,1.13896,1.13896
1782494580000,1.13897,1.13898,1.13896,1.13898
1782494640000,1.13898,1.13903,1.13897,1.13901
1782494700000,1.13902,1.13904,1.13891,1.13899
1782494760000,1.13898,1.13906,1.13895,1.13898
1782494820000,1.13899,1.13906,1.1389,1.13897
1782494880000,1.13897,1.139,1.13892,1.13895
1782494940000,1.13894,1.13894,1.13885,1.13886
1782495000000,1.13888,1.13898,1.13888,1.13889
1782495060000,1.13887,1.13889,1.13858,1.13858
1782495120000,1.13858,1.13866,1.13858,1.13864
1782495180000,1.13863,1.13873,1.13861,1.13867
1782495240000,1.13868,1.13868,1.13851,1.13856
1782495300000,1.13856,1.13867,1.13856,1.13862
1782495360000,1.13861,1.13863,1.13851,1.13853
1782495420000,1.13853,1.13858,1.1385,1.1385
1782495480000,1.1385,1.13856,1.13845,1.13852
1782495540000,1.1385,1.13857,1.1385,1.13856
1782495600000,1.13856,1.13858,1.13847,1.13854
1782495660000,1.13857,1.13864,1.13855,1.13861
1782495720000,1.13862,1.13878,1.13862,1.13878
1782495780000,1.13876,1.13891,1.13873,1.13887
1782495840000,1.13887,1.13892,1.13887,1.13887
1782495900000,1.13889,1.13893,1.13886,1.13889
1782495960000,1.13888,1.13888,1.13873,1.13874
1782496020000,1.13873,1.13879,1.13873,1.13879
1782496080000,1.1388,1.13882,1.13876,1.13876
1782496140000,1.13878,1.13883,1.13876,1.13879
1782496200000,1.13881,1.13886,1.13878,1.13886
1782496260000,1.13885,1.13895,1.13883,1.13893
1782496320000,1.13892,1.13896,1.13892,1.13893
1782496380000,1.13893,1.13893,1.13886,1.13886
1782496440000,1.13887,1.13889,1.13882,1.13884
1782496500000,1.13885,1.13886,1.13882,1.13882
1782496560000,1.13882,1.13882,1.13878,1.1388
1782496620000,1.1388,1.13883,1.13868,1.1387
1782496680000,1.13869,1.13871,1.13853,1.13856
1782496740000,1.13857,1.13868,1.13856,1.13862
1782496800000,1.13865,1.13866,1.13855,1.13861
1782496860000,1.1386,1.13862,1.13854,1.13854
1782496920000,1.13856,1.13873,1.13852,1.13871
1782496980000,1.1387,1.13898,1.1387,1.13898
1782497040000,1.13898,1.13907,1.13897,1.13905
1782497100000,1.13904,1.13907,1.1389,1.13896
1782497160000,1.13898,1.13907,1.13898,1.13906
1782497220000,1.13909,1.13909,1.13905,1.13905
1782497280000,1.13903,1.13903,1.13892,1.13896
1782497340000,1.13896,1.13899,1.13892,1.13893
1782497400000,1.13894,1.13895,1.13889,1.13889
1782497460000,1.13891,1.13893,1.13888,1.13891
1782497520000,1.1389,1.13899,1.13888,1.13897
1782497580000,1.13898,1.13904,1.13895,1.13895
1782497640000,1.13894,1.13898,1.13893,1.13897
1782497700000,1.13898,1.13902,1.13892,1.13898
1782497760000,1.13898,1.13903,1.13896,1.13896
1782497820000,1.13895,1.13895,1.13889,1.13891
1782497880000,1.13891,1.13893,1.13883,1.13883
1782497940000,1.13883,1.13887,1.13879,1.13887
1782498000000,1.13888,1.13891,1.13883,1.13885
1782498060000,1.13883,1.13885,1.13881,1.13882
1782498120000,1.13882,1.13893,1.13881,1.13884
1782498180000,1.13883,1.13885,1.13882,1.13884
1782498240000,1.13884,1.13887,1.13877,1.13882
1782498300000,1.13879,1.13888,1.13879,1.13887
1782498360000,1.1389,1.13893,1.1389,1.13891
1782498420000,1.13892,1.13892,1.13889,1.13891
1782498480000,1.13891,1.13895,1.13879,1.13879
1782498540000,1.1388,1.13896,1.13878,1.13893
1782498600000,1.13893,1.13903,1.13893,1.13898
1782498660000,1.13899,1.13903,1.13898,1.13903
1782498720000,1.13902,1.13903,1.13901,1.13903
1782498780000,1.13902,1.13909,1.13901,1.13907
1782498840000,1.13907,1.13907,1.13905,1.13906
1782498900000,1.13906,1.13912,1.13903,1.13903
1782498960000,1.13903,1.13903,1.13896,1.13897
1782499020000,1.13896,1.139,1.13896,1.13897
1782499080000,1.13896,1.13902,1.13896,1.13899
1782499140000,1.13901,1.13903,1.139,1.13902
1782499200000,1.13903,1.13903,1.13891,1.13892
1782499260000,1.13892,1.13892,1.13886,1.13892
1782499320000,1.13893,1.13903,1.13893,1.13902
1782499380000,1.13902,1.13902,1.13896,1.13897
1782499440000,1.13898,1.13898,1.13896,1.13896
1782499500000,1.13896,1.13896,1.13884,1.13887
1782499560000,1.13886,1.13887,1.13866,1.1387
1782499620000,1.13871,1.13875,1.13867,1.13867
1782499680000,1.13869,1.13877,1.13868,1.13874
1782499740000,1.13874,1.13883,1.13874,1.13883
1782499800000,1.13882,1.13884,1.13882,1.13884
1782499860000,1.13885,1.13887,1.13883,1.13885
1782499920000,1.13884,1.13893,1.13884,1.13892
1782499980000,1.13893,1.13894,1.13892,1.13892
1782500040000,1.13894,1.13897,1.13886,1.13887
1782500100000,1.13887,1.13893,1.13887,1.13891
1782500160000,1.13892,1.13898,1.13892,1.13898
1782500220000,1.13899,1.13903,1.13863,1.1387
1782500280000,1.13872,1.13875,1.13869,1.13871
1782500340000,1.13871,1.13874,1.13856,1.13858
1782500400000,1.13858,1.13868,1.13846,1.13867
1782500460000,1.13866,1.13867,1.13857,1.13863
1782500520000,1.13862,1.13862,1.13855,1.13859
1782500580000,1.1386,1.1386,1.1386,1.1386
1782500640000,1.13861,1.13861,1.13857,1.13857
1782500700000,1.13858,1.1386,1.13855,1.13858
1782500760000,1.13859,1.13862,1.13854,1.13862
1782500820000,1.13861,1.13862,1.13856,1.13858
1782500880000,1.1386,1.1387,1.1386,1.13868
1782500940000,1.13866,1.13871,1.13864,1.13868
1782501000000,1.13869,1.1387,1.13863,1.13868
1782501060000,1.13869,1.13869,1.13863,1.13868
1782501120000,1.13867,1.13867,1.13863,1.13864
1782501180000,1.13863,1.13864,1.13858,1.13858
1782501240000,1.13861,1.13865,1.13861,1.13862
1782501300000,1.13861,1.13861,1.1384,1.13844
1782501360000,1.13842,1.13843,1.13837,1.13838
1782501420000,1.13838,1.13841,1.13837,1.1384
1782501480000,1.13841,1.13849,1.1384,1.13848
1782501540000,1.13846,1.1385,1.13837,1.13838
1782501600000,1.13837,1.13837,1.13832,1.13836
1782501660000,1.13837,1.13839,1.13827,1.13828
1782501720000,1.13828,1.13829,1.13821,1.13821
1782501780000,1.13821,1.13825,1.13817,1.1382
1782501840000,1.13822,1.13822,1.1381,1.13811
1782501900000,1.13812,1.13822,1.13812,1.13822
1782501960000,1.1382,1.13822,1.13815,1.13817
1782502020000,1.13819,1.13821,1.13816,1.13817
1782502080000,1.13817,1.13817,1.13813,1.13816
1782502140000,1.13813,1.1382,1.13813,1.13816
1782502200000,1.13818,1.13818,1.13813,1.13815
1782502260000,1.13814,1.13815,1.13808,1.13812
1782502320000,1.13812,1.13822,1.13812,1.13822
1782502380000,1.13823,1.13831,1.13822,1.13829
1782502440000,1.1383,1.13839,1.13828,1.13839
1782502500000,1.13838,1.13839,1.13834,1.13834
1782502560000,1.13836,1.13839,1.13833,1.13833
1782502620000,1.13833,1.13834,1.13831,1.13833
1782502680000,1.13832,1.13833,1.13828,1.13832
1782502740000,1.13834,1.13834,1.13823,1.13825
1782502800000,1.13824,1.13829,1.13817,1.13819
1782502860000,1.1382,1.1382,1.13816,1.13817
1782502920000,1.13816,1.13821,1.13815,1.13818
1782502980000,1.1382,1.13821,1.13818,1.13819
1782503040000,1.13818,1.13822,1.13816,1.13821
1782503100000,1.13821,1.13821,1.13819,1.1382
1782503160000,1.13819,1.13834,1.13816,1.13832
1782503220000,1.13834,1.13846,1.13834,1.13843
1782503280000,1.13842,1.13849,1.13842,1.13848
1782503340000,1.13848,1.13851,1.13844,1.1385
1782503400000,1.13849,1.13865,1.13849,1.13861
1782503460000,1.1386,1.13869,1.13854,1.13869
1782503520000,1.13869,1.13881,1.13869,1.13879
1782503580000,1.13879,1.13891,1.13879,1.1389
1782503640000,1.1389,1.1389,1.13881,1.13883
1782503700000,1.13883,1.13884,1.13869,1.13878
1782503760000,1.13878,1.13888,1.13877,1.13888
1782503820000,1.13888,1.13893,1.13883,1.13885
1782503880000,1.13885,1.13886,1.13877,1.1388
1782503940000,1.13878,1.1388,1.13868,1.13868
1782504000000,1.1387,1.13886,1.13868,1.13885
1782504060000,1.13883,1.13884,1.13875,1.13879
1782504120000,1.13879,1.13883,1.13873,1.13879
1782504180000,1.1388,1.1388,1.13874,1.13874
1782504240000,1.13874,1.13875,1.13871,1.13873
1782504300000,1.13873,1.13877,1.13852,1.13871
1782504360000,1.13871,1.13877,1.13868,1.13871
1782504420000,1.13872,1.13873,1.13863,1.13868
1782504480000,1.13868,1.1388,1.13868,1.13878
1782504540000,1.13878,1.13879,1.13876,1.13879
1782504600000,1.13878,1.13884,1.13877,1.13883
1782504660000,1.13884,1.13885,1.13881,1.13881
1782504720000,1.13883,1.13886,1.13883,1.13883
1782504780000,1.13883,1.13886,1.13882,1.13885
1782504840000,1.13886,1.13887,1.13883,1.13883
1782504900000,1.13883,1.13889,1.13882,1.13888
1782504960000,1.13889,1.13897,1.13887,1.13896
1782505020000,1.13896,1.13897,1.13889,1.13889
1782505080000,1.13891,1.13903,1.13891,1.139
1782505140000,1.13901,1.13902,1.13898,1.139
1782505200000,1.139,1.13902,1.13899,1.13902
1782505260000,1.13902,1.13904,1.13898,1.13901
1782505320000,1.13903,1.13908,1.13903,1.13908
1782505380000,1.13907,1.13912,1.13905,1.13907
1782505440000,1.13908,1.13913,1.13907,1.13913
1782505500000,1.13913,1.13915,1.13897,1.13897
1782505560000,1.13901,1.13914,1.13901,1.13905
1782505620000,1.13908,1.13909,1.13897,1.139
1782505680000,1.13899,1.13904,1.13897,1.13904
1782505740000,1.13903,1.13903,1.13895,1.13898
1782505800000,1.13896,1.13919,1.13896,1.13915
1782505860000,1.13916,1.13917,1.13883,1.13892
1782505920000,1.1389,1.13894,1.13888,1.13892
1782505980000,1.13894,1.13894,1.13878,1.13885
1782506040000,1.13886,1.13894,1.13885,1.13886
1782506100000,1.13885,1.13889,1.13874,1.13878
1782506160000,1.13877,1.13877,1.13836,1.13842
1782506220000,1.13841,1.13851,1.13837,1.13849
1782506280000,1.13849,1.13864,1.13849,1.13864
1782506340000,1.13864,1.13868,1.13852,1.13855
1782506400000,1.13854,1.13856,1.13852,1.13855
1782506460000,1.13853,1.13861,1.13846,1.13847
1782506520000,1.13846,1.13849,1.1384,1.13844
1782506580000,1.13845,1.13859,1.1383,1.13859
1782506640000,1.13859,1.13869,1.13858,1.13864
1782506700000,1.13863,1.13865,1.13853,1.13855
1782506760000,1.13855,1.1387,1.13851,1.13865
1782506820000,1.13865,1.13868,1.13864,1.13866
1782506880000,1.13865,1.13866,1.13851,1.13852
1782506940000,1.13851,1.13872,1.13843,1.13867
1782507000000,1.13864,1.13867,1.13855,1.13857
1782507060000,1.1386,1.1386,1.13853,1.13853
1782507120000,1.13853,1.13853,1.13837,1.13842
1782507180000,1.1384,1.13842,1.1383,1.13835
1782507240000,1.13838,1.13838,1.13816,1.13816
1782507300000,1.13816,1.1383,1.13811,1.13822
1782507360000,1.13821,1.1384,1.13821,1.1384
1782507420000,1.13835,1.13848,1.13835,1.13848
1782507480000,1.13849,1.13863,1.13847,1.13854
1782507540000,1.13853,1.13857,1.13819,1.13827
1782507600000,1.13827,1.13827,1.13827,1.13827
1782507660000,1.13827,1.13827,1.13827,1.13827
1782507720000,1.13827,1.13827,1.13827,1.13827
1782507780000,1.13827,1.13827,1.13827,1.13827
1782507840000,1.13827,1.13827,1.13827,1.13827
1782507900000,1.13827,1.13827,1.13827,1.13827
1782507960000,1.13827,1.13827,1.13827,1.13827
1782508020000,1.13827,1.13827,1.13827,1.13827
1782508080000,1.13827,1.13827,1.13827,1.13827
1782508140000,1.13827,1.13827,1.13827,1.13827
1782508200000,1.13827,1.13827,1.13827,1.13827
1782508260000,1.13827,1.13827,1.13827,1.13827
1782508320000,1.13827,1.13827,1.13827,1.13827
1782508380000,1.13827,1.13827,1.13827,1.13827
1782508440000,1.13827,1.13827,1.13827,1.13827
1782508500000,1.13827,1.13827,1.13827,1.13827
1782508560000,1.13827,1.13827,1.13827,1.13827
1782508620000,1.13827,1.13827,1.13827,1.13827
1782508680000,1.13827,1.13827,1.13827,1.13827
1782508740000,1.13827,1.13827,1.13827,1.13827
1782508800000,1.13827,1.13827,1.13827,1.13827
1782508860000,1.13827,1.13827,1.13827,1.13827
1782508920000,1.13827,1.13827,1.13827,1.13827
1782508980000,1.13827,1.13827,1.13827,1.13827
1782509040000,1.13827,1.13827,1.13827,1.13827
1782509100000,1.13827,1.13827,1.13827,1.13827
1782509160000,1.13827,1.13827,1.13827,1.13827
1782509220000,1.13827,1.13827,1.13827,1.13827
1782509280000,1.13827,1.13827,1.13827,1.13827
1782509340000,1.13827,1.13827,1.13827,1.13827
1782509400000,1.13827,1.13827,1.13827,1.13827
1782509460000,1.13827,1.13827,1.13827,1.13827
1782509520000,1.13827,1.13827,1.13827,1.13827
1782509580000,1.13827,1.13827,1.13827,1.13827
1782509640000,1.13827,1.13827,1.13827,1.13827
1782509700000,1.13827,1.13827,1.13827,1.13827
1782509760000,1.13827,1.13827,1.13827,1.13827
1782509820000,1.13827,1.13827,1.13827,1.13827
1782509880000,1.13827,1.13827,1.13827,1.13827
1782509940000,1.13827,1.13827,1.13827,1.13827
1782510000000,1.13827,1.13827,1.13827,1.13827
1782510060000,1.13827,1.13827,1.13827,1.13827
1782510120000,1.13827,1.13827,1.13827,1.13827
1782510180000,1.13827,1.13827,1.13827,1.13827
1782510240000,1.13827,1.13827,1.13827,1.13827
1782510300000,1.13827,1.13827,1.13827,1.13827
1782510360000,1.13827,1.13827,1.13827,1.13827
1782510420000,1.13827,1.13827,1.13827,1.13827
1782510480000,1.13827,1.13827,1.13827,1.13827
1782510540000,1.13827,1.13827,1.13827,1.13827
1782510600000,1.13827,1.13827,1.13827,1.13827
1782510660000,1.13827,1.13827,1.13827,1.13827
1782510720000,1.13827,1.13827,1.13827,1.13827
1782510780000,1.13827,1.13827,1.13827,1.13827
1782510840000,1.13827,1.13827,1.13827,1.13827
1782510900000,1.13827,1.13827,1.13827,1.13827
1782510960000,1.13827,1.13827,1.13827,1.13827
1782511020000,1.13827,1.13827,1.13827,1.13827
1782511080000,1.13827,1.13827,1.13827,1.13827
1782511140000,1.13827,1.13827,1.13827,1.13827
1782511200000,1.13827,1.13827,1.13827,1.13827
1782511260000,1.13827,1.13827,1.13827,1.13827
1782511320000,1.13827,1.13827,1.13827,1.13827
1782511380000,1.13827,1.13827,1.13827,1.13827
1782511440000,1.13827,1.13827,1.13827,1.13827
1782511500000,1.13827,1.13827,1.13827,1.13827
1782511560000,1.13827,1.13827,1.13827,1.13827
1782511620000,1.13827,1.13827,1.13827,1.13827
1782511680000,1.13827,1.13827,1.13827,1.13827
1782511740000,1.13827,1.13827,1.13827,1.13827
1782511800000,1.13827,1.13827,1.13827,1.13827
1782511860000,1.13827,1.13827,1.13827,1.13827
1782511920000,1.13827,1.13827,1.13827,1.13827
1782511980000,1.13827,1.13827,1.13827,1.13827
1782512040000,1.13827,1.13827,1.13827,1.13827
1782512100000,1.13827,1.13827,1.13827,1.13827
1782512160000,1.13827,1.13827,1.13827,1.13827
1782512220000,1.13827,1.13827,1.13827,1.13827
1782512280000,1.13827,1.13827,1.13827,1.13827
1782512340000,1.13827,1.13827,1.13827,1.13827
1782512400000,1.13827,1.13827,1.13827,1.13827
1782512460000,1.13827,1.13827,1.13827,1.13827
1782512520000,1.13827,1.13827,1.13827,1.13827
1782512580000,1.13827,1.13827,1.13827,1.13827
1782512640000,1.13827,1.13827,1.13827,1.13827
1782512700000,1.13827,1.13827,1.13827,1.13827
1782512760000,1.13827,1.13827,1.13827,1.13827
1782512820000,1.13827,1.13827,1.13827,1.13827
1782512880000,1.13827,1.13827,1.13827,1.13827
1782512940000,1.13827,1.13827,1.13827,1.13827
1782513000000,1.13827,1.13827,1.13827,1.13827
1782513060000,1.13827,1.13827,1.13827,1.13827
1782513120000,1.13827,1.13827,1.13827,1.13827
1782513180000,1.13827,1.13827,1.13827,1.13827
1782513240000,1.13827,1.13827,1.13827,1.13827
1782513300000,1.13827,1.13827,1.13827,1.13827
1782513360000,1.13827,1.13827,1.13827,1.13827
1782513420000,1.13827,1.13827,1.13827,1.13827
1782513480000,1.13827,1.13827,1.13827,1.13827
1782513540000,1.13827,1.13827,1.13827,1.13827
1782513600000,1.13827,1.13827,1.13827,1.13827
1782513660000,1.13827,1.13827,1.13827,1.13827
1782513720000,1.13827,1.13827,1.13827,1.13827
1782513780000,1.13827,1.13827,1.13827,1.13827
1782513840000,1.13827,1.13827,1.13827,1.13827
1782513900000,1.13827,1.13827,1.13827,1.13827
1782513960000,1.13827,1.13827,1.13827,1.13827
1782514020000,1.13827,1.13827,1.13827,1.13827
1782514080000,1.13827,1.13827,1.13827,1.13827
1782514140000,1.13827,1.13827,1.13827,1.13827
1782514200000,1.13827,1.13827,1.13827,1.13827
1782514260000,1.13827,1.13827,1.13827,1.13827
1782514320000,1.13827,1.13827,1.13827,1.13827
1782514380000,1.13827,1.13827,1.13827,1.13827
1782514440000,1.13827,1.13827,1.13827,1.13827
1782514500000,1.13827,1.13827,1.13827,1.13827
1782514560000,1.13827,1.13827,1.13827,1.13827
1782514620000,1.13827,1.13827,1.13827,1.13827
1782514680000,1.13827,1.13827,1.13827,1.13827
1782514740000,1.13827,1.13827,1.13827,1.13827
1782514800000,1.13827,1.13827,1.13827,1.13827
1782514860000,1.13827,1.13827,1.13827,1.13827
1782514920000,1.13827,1.13827,1.13827,1.13827
1782514980000,1.13827,1.13827,1.13827,1.13827
1782515040000,1.13827,1.13827,1.13827,1.13827
1782515100000,1.13827,1.13827,1.13827,1.13827
1782515160000,1.13827,1.13827,1.13827,1.13827
1782515220000,1.13827,1.13827,1.13827,1.13827
1782515280000,1.13827,1.13827,1.13827,1.13827
1782515340000,1.13827,1.13827,1.13827,1.13827
1782515400000,1.13827,1.13827,1.13827,1.13827
1782515460000,1.13827,1.13827,1.13827,1.13827
1782515520000,1.13827,1.13827,1.13827,1.13827
1782515580000,1.13827,1.13827,1.13827,1.13827
1782515640000,1.13827,1.13827,1.13827,1.13827
1782515700000,1.13827,1.13827,1.13827,1.13827
1782515760000,1.13827,1.13827,1.13827,1.13827
1782515820000,1.13827,1.13827,1.13827,1.13827
1782515880000,1.13827,1.13827,1.13827,1.13827
1782515940000,1.13827,1.13827,1.13827,1.13827
1782516000000,1.13827,1.13827,1.13827,1.13827
1782516060000,1.13827,1.13827,1.13827,1.13827
1782516120000,1.13827,1.13827,1.13827,1.13827
1782516180000,1.13827,1.13827,1.13827,1.13827
1782516240000,1.13827,1.13827,1.13827,1.13827
1782516300000,1.13827,1.13827,1.13827,1.13827
1782516360000,1.13827,1.13827,1.13827,1.13827
1782516420000,1.13827,1.13827,1.13827,1.13827
1782516480000,1.13827,1.13827,1.13827,1.13827
1782516540000,1.13827,1.13827,1.13827,1.13827
1782516600000,1.13827,1.13827,1.13827,1.13827
1782516660000,1.13827,1.13827,1.13827,1.13827
1782516720000,1.13827,1.13827,1.13827,1.13827
1782516780000,1.13827,1.13827,1.13827,1.13827
1782516840000,1.13827,1.13827,1.13827,1.13827
1782516900000,1.13827,1.13827,1.13827,1.13827
1782516960000,1.13827,1.13827,1.13827,1.13827
1782517020000,1.13827,1.13827,1.13827,1.13827
1782517080000,1.13827,1.13827,1.13827,1.13827
1782517140000,1.13827,1.13827,1.13827,1.13827
1782517200000,1.13827,1.13827,1.13827,1.13827
1782517260000,1.13827,1.13827,1.13827,1.13827
1782517320000,1.13827,1.13827,1.13827,1.13827
1782517380000,1.13827,1.13827,1.13827,1.13827
1782517440000,1.13827,1.13827,1.13827,1.13827
1782517500000,1.13827,1.13827,1.13827,1.13827
1782517560000,1.13827,1.13827,1.13827,1.13827
1782517620000,1.13827,1.13827,1.13827,1.13827
1782517680000,1.13827,1.13827,1.13827,1.13827
1782517740000,1.13827,1.13827,1.13827,1.13827
1782517800000,1.13827,1.13827,1.13827,1.13827
1782517860000,1.13827,1.13827,1.13827,1.13827
1782517920000,1.13827,1.13827,1.13827,1.13827
1782517980000,1.13827,1.13827,1.13827,1.13827
1782518040000,1.13827,1.13827,1.13827,1.13827
1782518100000,1.13827,1.13827,1.13827,1.13827
1782518160000,1.13827,1.13827,1.13827,1.13827
1782518220000,1.13827,1.13827,1.13827,1.13827
1782518280000,1.13827,1.13827,1.13827,1.13827
1782518340000,1.13827,1.13827,1.13827,1.13827
1782604800000,1.13827,1.13827,1.13827,1.13827
1782604860000,1.13827,1.13827,1.13827,1.13827
1782604920000,1.13827,1.13827,1.13827,1.13827
1782604980000,1.13827,1.13827,1.13827,1.13827
1782605040000,1.13827,1.13827,1.13827,1.13827
1782605100000,1.13827,1.13827,1.13827,1.13827
1782605160000,1.13827,1.13827,1.13827,1.13827
1782605220000,1.13827,1.13827,1.13827,1.13827
1782605280000,1.13827,1.13827,1.13827,1.13827
1782605340000,1.13827,1.13827,1.13827,1.13827
1782605400000,1.13827,1.13827,1.13827,1.13827
1782605460000,1.13827,1.13827,1.13827,1.13827
1782605520000,1.13827,1.13827,1.13827,1.13827
1782605580000,1.13827,1.13827,1.13827,1.13827
1782605640000,1.13827,1.13827,1.13827,1.13827
1782605700000,1.13827,1.13827,1.13827,1.13827
1782605760000,1.13827,1.13827,1.13827,1.13827
1782605820000,1.13827,1.13827,1.13827,1.13827
1782605880000,1.13827,1.13827,1.13827,1.13827
1782605940000,1.13827,1.13827,1.13827,1.13827
1782606000000,1.13827,1.13827,1.13827,1.13827
1782606060000,1.13827,1.13827,1.13827,1.13827
1782606120000,1.13827,1.13827,1.13827,1.13827
1782606180000,1.13827,1.13827,1.13827,1.13827
1782606240000,1.13827,1.13827,1.13827,1.13827
1782606300000,1.13827,1.13827,1.13827,1.13827
1782606360000,1.13827,1.13827,1.13827,1.13827
1782606420000,1.13827,1.13827,1.13827,1.13827
1782606480000,1.13827,1.13827,1.13827,1.13827
1782606540000,1.13827,1.13827,1.13827,1.13827
1782606600000,1.13827,1.13827,1.13827,1.13827
1782606660000,1.13827,1.13827,1.13827,1.13827
1782606720000,1.13827,1.13827,1.13827,1.13827
1782606780000,1.13827,1.13827,1.13827,1.13827
1782606840000,1.13827,1.13827,1.13827,1.13827
1782606900000,1.13827,1.13827,1.13827,1.13827
1782606960000,1.13827,1.13827,1.13827,1.13827
1782607020000,1.13827,1.13827,1.13827,1.13827
1782607080000,1.13827,1.13827,1.13827,1.13827
1782607140000,1.13827,1.13827,1.13827,1.13827
1782607200000,1.13827,1.13827,1.13827,1.13827
1782607260000,1.13827,1.13827,1.13827,1.13827
1782607320000,1.13827,1.13827,1.13827,1.13827
1782607380000,1.13827,1.13827,1.13827,1.13827
1782607440000,1.13827,1.13827,1.13827,1.13827
1782607500000,1.13827,1.13827,1.13827,1.13827
1782607560000,1.13827,1.13827,1.13827,1.13827
1782607620000,1.13827,1.13827,1.13827,1.13827
1782607680000,1.13827,1.13827,1.13827,1.13827
1782607740000,1.13827,1.13827,1.13827,1.13827
1782607800000,1.13827,1.13827,1.13827,1.13827
1782607860000,1.13827,1.13827,1.13827,1.13827
1782607920000,1.13827,1.13827,1.13827,1.13827
1782607980000,1.13827,1.13827,1.13827,1.13827
1782608040000,1.13827,1.13827,1.13827,1.13827
1782608100000,1.13827,1.13827,1.13827,1.13827
1782608160000,1.13827,1.13827,1.13827,1.13827
1782608220000,1.13827,1.13827,1.13827,1.13827
1782608280000,1.13827,1.13827,1.13827,1.13827
1782608340000,1.13827,1.13827,1.13827,1.13827
1782608400000,1.13827,1.13827,1.13827,1.13827
1782608460000,1.13827,1.13827,1.13827,1.13827
1782608520000,1.13827,1.13827,1.13827,1.13827
1782608580000,1.13827,1.13827,1.13827,1.13827
1782608640000,1.13827,1.13827,1.13827,1.13827
1782608700000,1.13827,1.13827,1.13827,1.13827
1782608760000,1.13827,1.13827,1.13827,1.13827
1782608820000,1.13827,1.13827,1.13827,1.13827
1782608880000,1.13827,1.13827,1.13827,1.13827
1782608940000,1.13827,1.13827,1.13827,1.13827
1782609000000,1.13827,1.13827,1.13827,1.13827
1782609060000,1.13827,1.13827,1.13827,1.13827
1782609120000,1.13827,1.13827,1.13827,1.13827
1782609180000,1.13827,1.13827,1.13827,1.13827
1782609240000,1.13827,1.13827,1.13827,1.13827
1782609300000,1.13827,1.13827,1.13827,1.13827
1782609360000,1.13827,1.13827,1.13827,1.13827
1782609420000,1.13827,1.13827,1.13827,1.13827
1782609480000,1.13827,1.13827,1.13827,1.13827
1782609540000,1.13827,1.13827,1.13827,1.13827
1782609600000,1.13827,1.13827,1.13827,1.13827
1782609660000,1.13827,1.13827,1.13827,1.13827
1782609720000,1.13827,1.13827,1.13827,1.13827
1782609780000,1.13827,1.13827,1.13827,1.13827
1782609840000,1.13827,1.13827,1.13827,1.13827
1782609900000,1.13827,1.13827,1.13827,1.13827
1782609960000,1.13827,1.13827,1.13827,1.13827
1782610020000,1.13827,1.13827,1.13827,1.13827
1782610080000,1.13827,1.13827,1.13827,1.13827
1782610140000,1.13827,1.13827,1.13827,1.13827
1782610200000,1.13827,1.13827,1.13827,1.13827
1782610260000,1.13827,1.13827,1.13827,1.13827
1782610320000,1.13827,1.13827,1.13827,1.13827
1782610380000,1.13827,1.13827,1.13827,1.13827
1782610440000,1.13827,1.13827,1.13827,1.13827
1782610500000,1.13827,1.13827,1.13827,1.13827
1782610560000,1.13827,1.13827,1.13827,1.13827
1782610620000,1.13827,1.13827,1.13827,1.13827
1782610680000,1.13827,1.13827,1.13827,1.13827
1782610740000,1.13827,1.13827,1.13827,1.13827
1782610800000,1.13827,1.13827,1.13827,1.13827
1782610860000,1.13827,1.13827,1.13827,1.13827
1782610920000,1.13827,1.13827,1.13827,1.13827
1782610980000,1.13827,1.13827,1.13827,1.13827
1782611040000,1.13827,1.13827,1.13827,1.13827
1782611100000,1.13827,1.13827,1.13827,1.13827
1782611160000,1.13827,1.13827,1.13827,1.13827
1782611220000,1.13827,1.13827,1.13827,1.13827
1782611280000,1.13827,1.13827,1.13827,1.13827
1782611340000,1.13827,1.13827,1.13827,1.13827
1782611400000,1.13827,1.13827,1.13827,1.13827
1782611460000,1.13827,1.13827,1.13827,1.13827
1782611520000,1.13827,1.13827,1.13827,1.13827
1782611580000,1.13827,1.13827,1.13827,1.13827
1782611640000,1.13827,1.13827,1.13827,1.13827
1782611700000,1.13827,1.13827,1.13827,1.13827
1782611760000,1.13827,1.13827,1.13827,1.13827
1782611820000,1.13827,1.13827,1.13827,1.13827
1782611880000,1.13827,1.13827,1.13827,1.13827
1782611940000,1.13827,1.13827,1.13827,1.13827
1782612000000,1.13827,1.13827,1.13827,1.13827
1782612060000,1.13827,1.13827,1.13827,1.13827
1782612120000,1.13827,1.13827,1.13827,1.13827
1782612180000,1.13827,1.13827,1.13827,1.13827
1782612240000,1.13827,1.13827,1.13827,1.13827
1782612300000,1.13827,1.13827,1.13827,1.13827
1782612360000,1.13827,1.13827,1.13827,1.13827
1782612420000,1.13827,1.13827,1.13827,1.13827
1782612480000,1.13827,1.13827,1.13827,1.13827
1782612540000,1.13827,1.13827,1.13827,1.13827
1782612600000,1.13827,1.13827,1.13827,1.13827
1782612660000,1.13827,1.13827,1.13827,1.13827
1782612720000,1.13827,1.13827,1.13827,1.13827
1782612780000,1.13827,1.13827,1.13827,1.13827
1782612840000,1.13827,1.13827,1.13827,1.13827
1782612900000,1.13827,1.13827,1.13827,1.13827
1782612960000,1.13827,1.13827,1.13827,1.13827
1782613020000,1.13827,1.13827,1.13827,1.13827
1782613080000,1.13827,1.13827,1.13827,1.13827
1782613140000,1.13827,1.13827,1.13827,1.13827
1782613200000,1.13827,1.13827,1.13827,1.13827
1782613260000,1.13827,1.13827,1.13827,1.13827
1782613320000,1.13827,1.13827,1.13827,1.13827
1782613380000,1.13827,1.13827,1.13827,1.13827
1782613440000,1.13827,1.13827,1.13827,1.13827
1782613500000,1.13827,1.13827,1.13827,1.13827
1782613560000,1.13827,1.13827,1.13827,1.13827
1782613620000,1.13827,1.13827,1.13827,1.13827
1782613680000,1.13827,1.13827,1.13827,1.13827
1782613740000,1.13827,1.13827,1.13827,1.13827
1782613800000,1.13827,1.13827,1.13827,1.13827
1782613860000,1.13827,1.13827,1.13827,1.13827
1782613920000,1.13827,1.13827,1.13827,1.13827
1782613980000,1.13827,1.13827,1.13827,1.13827
1782614040000,1.13827,1.13827,1.13827,1.13827
1782614100000,1.13827,1.13827,1.13827,1.13827
1782614160000,1.13827,1.13827,1.13827,1.13827
1782614220000,1.13827,1.13827,1.13827,1.13827
1782614280000,1.13827,1.13827,1.13827,1.13827
1782614340000,1.13827,1.13827,1.13827,1.13827
1782614400000,1.13827,1.13827,1.13827,1.13827
1782614460000,1.13827,1.13827,1.13827,1.13827
1782614520000,1.13827,1.13827,1.13827,1.13827
1782614580000,1.13827,1.13827,1.13827,1.13827
1782614640000,1.13827,1.13827,1.13827,1.13827
1782614700000,1.13827,1.13827,1.13827,1.13827
1782614760000,1.13827,1.13827,1.13827,1.13827
1782614820000,1.13827,1.13827,1.13827,1.13827
1782614880000,1.13827,1.13827,1.13827,1.13827
1782614940000,1.13827,1.13827,1.13827,1.13827
1782615000000,1.13827,1.13827,1.13827,1.13827
1782615060000,1.13827,1.13827,1.13827,1.13827
1782615120000,1.13827,1.13827,1.13827,1.13827
1782615180000,1.13827,1.13827,1.13827,1.13827
1782615240000,1.13827,1.13827,1.13827,1.13827
1782615300000,1.13827,1.13827,1.13827,1.13827
1782615360000,1.13827,1.13827,1.13827,1.13827
1782615420000,1.13827,1.13827,1.13827,1.13827
1782615480000,1.13827,1.13827,1.13827,1.13827
1782615540000,1.13827,1.13827,1.13827,1.13827
1782615600000,1.13827,1.13827,1.13827,1.13827
1782615660000,1.13827,1.13827,1.13827,1.13827
1782615720000,1.13827,1.13827,1.13827,1.13827
1782615780000,1.13827,1.13827,1.13827,1.13827
1782615840000,1.13827,1.13827,1.13827,1.13827
1782615900000,1.13827,1.13827,1.13827,1.13827
1782615960000,1.13827,1.13827,1.13827,1.13827
1782616020000,1.13827,1.13827,1.13827,1.13827
1782616080000,1.13827,1.13827,1.13827,1.13827
1782616140000,1.13827,1.13827,1.13827,1.13827
1782616200000,1.13827,1.13827,1.13827,1.13827
1782616260000,1.13827,1.13827,1.13827,1.13827
1782616320000,1.13827,1.13827,1.13827,1.13827
1782616380000,1.13827,1.13827,1.13827,1.13827
1782616440000,1.13827,1.13827,1.13827,1.13827
1782616500000,1.13827,1.13827,1.13827,1.13827
1782616560000,1.13827,1.13827,1.13827,1.13827
1782616620000,1.13827,1.13827,1.13827,1.13827
1782616680000,1.13827,1.13827,1.13827,1.13827
1782616740000,1.13827,1.13827,1.13827,1.13827
1782616800000,1.13827,1.13827,1.13827,1.13827
1782616860000,1.13827,1.13827,1.13827,1.13827
1782616920000,1.13827,1.13827,1.13827,1.13827
1782616980000,1.13827,1.13827,1.13827,1.13827
1782617040000,1.13827,1.13827,1.13827,1.13827
1782617100000,1.13827,1.13827,1.13827,1.13827
1782617160000,1.13827,1.13827,1.13827,1.13827
1782617220000,1.13827,1.13827,1.13827,1.13827
1782617280000,1.13827,1.13827,1.13827,1.13827
1782617340000,1.13827,1.13827,1.13827,1.13827
1782617400000,1.13827,1.13827,1.13827,1.13827
1782617460000,1.13827,1.13827,1.13827,1.13827
1782617520000,1.13827,1.13827,1.13827,1.13827
1782617580000,1.13827,1.13827,1.13827,1.13827
1782617640000,1.13827,1.13827,1.13827,1.13827
1782617700000,1.13827,1.13827,1.13827,1.13827
1782617760000,1.13827,1.13827,1.13827,1.13827
1782617820000,1.13827,1.13827,1.13827,1.13827
1782617880000,1.13827,1.13827,1.13827,1.13827
1782617940000,1.13827,1.13827,1.13827,1.13827
1782618000000,1.13827,1.13827,1.13827,1.13827
1782618060000,1.13827,1.13827,1.13827,1.13827
1782618120000,1.13827,1.13827,1.13827,1.13827
1782618180000,1.13827,1.13827,1.13827,1.13827
1782618240000,1.13827,1.13827,1.13827,1.13827
1782618300000,1.13827,1.13827,1.13827,1.13827
1782618360000,1.13827,1.13827,1.13827,1.13827
1782618420000,1.13827,1.13827,1.13827,1.13827
1782618480000,1.13827,1.13827,1.13827,1.13827
1782618540000,1.13827,1.13827,1.13827,1.13827
1782618600000,1.13827,1.13827,1.13827,1.13827
1782618660000,1.13827,1.13827,1.13827,1.13827
1782618720000,1.13827,1.13827,1.13827,1.13827
1782618780000,1.13827,1.13827,1.13827,1.13827
1782618840000,1.13827,1.13827,1.13827,1.13827
1782618900000,1.13827,1.13827,1.13827,1.13827
1782618960000,1.13827,1.13827,1.13827,1.13827
1782619020000,1.13827,1.13827,1.13827,1.13827
1782619080000,1.13827,1.13827,1.13827,1.13827
1782619140000,1.13827,1.13827,1.13827,1.13827
1782619200000,1.13827,1.13827,1.13827,1.13827
1782619260000,1.13827,1.13827,1.13827,1.13827
1782619320000,1.13827,1.13827,1.13827,1.13827
1782619380000,1.13827,1.13827,1.13827,1.13827
1782619440000,1.13827,1.13827,1.13827,1.13827
1782619500000,1.13827,1.13827,1.13827,1.13827
1782619560000,1.13827,1.13827,1.13827,1.13827
1782619620000,1.13827,1.13827,1.13827,1.13827
1782619680000,1.13827,1.13827,1.13827,1.13827
1782619740000,1.13827,1.13827,1.13827,1.13827
1782619800000,1.13827,1.13827,1.13827,1.13827
1782619860000,1.13827,1.13827,1.13827,1.13827
1782619920000,1.13827,1.13827,1.13827,1.13827
1782619980000,1.13827,1.13827,1.13827,1.13827
1782620040000,1.13827,1.13827,1.13827,1.13827
1782620100000,1.13827,1.13827,1.13827,1.13827
1782620160000,1.13827,1.13827,1.13827,1.13827
1782620220000,1.13827,1.13827,1.13827,1.13827
1782620280000,1.13827,1.13827,1.13827,1.13827
1782620340000,1.13827,1.13827,1.13827,1.13827
1782620400000,1.13827,1.13827,1.13827,1.13827
1782620460000,1.13827,1.13827,1.13827,1.13827
1782620520000,1.13827,1.13827,1.13827,1.13827
1782620580000,1.13827,1.13827,1.13827,1.13827
1782620640000,1.13827,1.13827,1.13827,1.13827
1782620700000,1.13827,1.13827,1.13827,1.13827
1782620760000,1.13827,1.13827,1.13827,1.13827
1782620820000,1.13827,1.13827,1.13827,1.13827
1782620880000,1.13827,1.13827,1.13827,1.13827
1782620940000,1.13827,1.13827,1.13827,1.13827
1782621000000,1.13827,1.13827,1.13827,1.13827
1782621060000,1.13827,1.13827,1.13827,1.13827
1782621120000,1.13827,1.13827,1.13827,1.13827
1782621180000,1.13827,1.13827,1.13827,1.13827
1782621240000,1.13827,1.13827,1.13827,1.13827
1782621300000,1.13827,1.13827,1.13827,1.13827
1782621360000,1.13827,1.13827,1.13827,1.13827
1782621420000,1.13827,1.13827,1.13827,1.13827
1782621480000,1.13827,1.13827,1.13827,1.13827
1782621540000,1.13827,1.13827,1.13827,1.13827
1782621600000,1.13827,1.13827,1.13827,1.13827
1782621660000,1.13827,1.13827,1.13827,1.13827
1782621720000,1.13827,1.13827,1.13827,1.13827
1782621780000,1.13827,1.13827,1.13827,1.13827
1782621840000,1.13827,1.13827,1.13827,1.13827
1782621900000,1.13827,1.13827,1.13827,1.13827
1782621960000,1.13827,1.13827,1.13827,1.13827
1782622020000,1.13827,1.13827,1.13827,1.13827
1782622080000,1.13827,1.13827,1.13827,1.13827
1782622140000,1.13827,1.13827,1.13827,1.13827
1782622200000,1.13827,1.13827,1.13827,1.13827
1782622260000,1.13827,1.13827,1.13827,1.13827
1782622320000,1.13827,1.13827,1.13827,1.13827
1782622380000,1.13827,1.13827,1.13827,1.13827
1782622440000,1.13827,1.13827,1.13827,1.13827
1782622500000,1.13827,1.13827,1.13827,1.13827
1782622560000,1.13827,1.13827,1.13827,1.13827
1782622620000,1.13827,1.13827,1.13827,1.13827
1782622680000,1.13827,1.13827,1.13827,1.13827
1782622740000,1.13827,1.13827,1.13827,1.13827
1782622800000,1.13827,1.13827,1.13827,1.13827
1782622860000,1.13827,1.13827,1.13827,1.13827
1782622920000,1.13827,1.13827,1.13827,1.13827
1782622980000,1.13827,1.13827,1.13827,1.13827
1782623040000,1.13827,1.13827,1.13827,1.13827
1782623100000,1.13827,1.13827,1.13827,1.13827
1782623160000,1.13827,1.13827,1.13827,1.13827
1782623220000,1.13827,1.13827,1.13827,1.13827
1782623280000,1.13827,1.13827,1.13827,1.13827
1782623340000,1.13827,1.13827,1.13827,1.13827
1782623400000,1.13827,1.13827,1.13827,1.13827
1782623460000,1.13827,1.13827,1.13827,1.13827
1782623520000,1.13827,1.13827,1.13827,1.13827
1782623580000,1.13827,1.13827,1.13827,1.13827
1782623640000,1.13827,1.13827,1.13827,1.13827
1782623700000,1.13827,1.13827,1.13827,1.13827
1782623760000,1.13827,1.13827,1.13827,1.13827
1782623820000,1.13827,1.13827,1.13827,1.13827
1782623880000,1.13827,1.13827,1.13827,1.13827
1782623940000,1.13827,1.13827,1.13827,1.13827
1782624000000,1.13827,1.13827,1.13827,1.13827
1782624060000,1.13827,1.13827,1.13827,1.13827
1782624120000,1.13827,1.13827,1.13827,1.13827
1782624180000,1.13827,1.13827,1.13827,1.13827
1782624240000,1.13827,1.13827,1.13827,1.13827
1782624300000,1.13827,1.13827,1.13827,1.13827
1782624360000,1.13827,1.13827,1.13827,1.13827
1782624420000,1.13827,1.13827,1.13827,1.13827
1782624480000,1.13827,1.13827,1.13827,1.13827
1782624540000,1.13827,1.13827,1.13827,1.13827
1782624600000,1.13827,1.13827,1.13827,1.13827
1782624660000,1.13827,1.13827,1.13827,1.13827
1782624720000,1.13827,1.13827,1.13827,1.13827
1782624780000,1.13827,1.13827,1.13827,1.13827
1782624840000,1.13827,1.13827,1.13827,1.13827
1782624900000,1.13827,1.13827,1.13827,1.13827
1782624960000,1.13827,1.13827,1.13827,1.13827
1782625020000,1.13827,1.13827,1.13827,1.13827
1782625080000,1.13827,1.13827,1.13827,1.13827
1782625140000,1.13827,1.13827,1.13827,1.13827
1782625200000,1.13827,1.13827,1.13827,1.13827
1782625260000,1.13827,1.13827,1.13827,1.13827
1782625320000,1.13827,1.13827,1.13827,1.13827
1782625380000,1.13827,1.13827,1.13827,1.13827
1782625440000,1.13827,1.13827,1.13827,1.13827
1782625500000,1.13827,1.13827,1.13827,1.13827
1782625560000,1.13827,1.13827,1.13827,1.13827
1782625620000,1.13827,1.13827,1.13827,1.13827
1782625680000,1.13827,1.13827,1.13827,1.13827
1782625740000,1.13827,1.13827,1.13827,1.13827
1782625800000,1.13827,1.13827,1.13827,1.13827
1782625860000,1.13827,1.13827,1.13827,1.13827
1782625920000,1.13827,1.13827,1.13827,1.13827
1782625980000,1.13827,1.13827,1.13827,1.13827
1782626040000,1.13827,1.13827,1.13827,1.13827
1782626100000,1.13827,1.13827,1.13827,1.13827
1782626160000,1.13827,1.13827,1.13827,1.13827
1782626220000,1.13827,1.13827,1.13827,1.13827
1782626280000,1.13827,1.13827,1.13827,1.13827
1782626340000,1.13827,1.13827,1.13827,1.13827
1782626400000,1.13827,1.13827,1.13827,1.13827
1782626460000,1.13827,1.13827,1.13827,1.13827
1782626520000,1.13827,1.13827,1.13827,1.13827
1782626580000,1.13827,1.13827,1.13827,1.13827
1782626640000,1.13827,1.13827,1.13827,1.13827
1782626700000,1.13827,1.13827,1.13827,1.13827
1782626760000,1.13827,1.13827,1.13827,1.13827
1782626820000,1.13827,1.13827,1.13827,1.13827
1782626880000,1.13827,1.13827,1.13827,1.13827
1782626940000,1.13827,1.13827,1.13827,1.13827
1782627000000,1.13827,1.13827,1.13827,1.13827
1782627060000,1.13827,1.13827,1.13827,1.13827
1782627120000,1.13827,1.13827,1.13827,1.13827
1782627180000,1.13827,1.13827,1.13827,1.13827
1782627240000,1.13827,1.13827,1.13827,1.13827
1782627300000,1.13827,1.13827,1.13827,1.13827
1782627360000,1.13827,1.13827,1.13827,1.13827
1782627420000,1.13827,1.13827,1.13827,1.13827
1782627480000,1.13827,1.13827,1.13827,1.13827
1782627540000,1.13827,1.13827,1.13827,1.13827
1782627600000,1.13827,1.13827,1.13827,1.13827
1782627660000,1.13827,1.13827,1.13827,1.13827
1782627720000,1.13827,1.13827,1.13827,1.13827
1782627780000,1.13827,1.13827,1.13827,1.13827
1782627840000,1.13827,1.13827,1.13827,1.13827
1782627900000,1.13827,1.13827,1.13827,1.13827
1782627960000,1.13827,1.13827,1.13827,1.13827
1782628020000,1.13827,1.13827,1.13827,1.13827
1782628080000,1.13827,1.13827,1.13827,1.13827
1782628140000,1.13827,1.13827,1.13827,1.13827
1782628200000,1.13827,1.13827,1.13827,1.13827
1782628260000,1.13827,1.13827,1.13827,1.13827
1782628320000,1.13827,1.13827,1.13827,1.13827
1782628380000,1.13827,1.13827,1.13827,1.13827
1782628440000,1.13827,1.13827,1.13827,1.13827
1782628500000,1.13827,1.13827,1.13827,1.13827
1782628560000,1.13827,1.13827,1.13827,1.13827
1782628620000,1.13827,1.13827,1.13827,1.13827
1782628680000,1.13827,1.13827,1.13827,1.13827
1782628740000,1.13827,1.13827,1.13827,1.13827
1782628800000,1.13827,1.13827,1.13827,1.13827
1782628860000,1.13827,1.13827,1.13827,1.13827
1782628920000,1.13827,1.13827,1.13827,1.13827
1782628980000,1.13827,1.13827,1.13827,1.13827
1782629040000,1.13827,1.13827,1.13827,1.13827
1782629100000,1.13827,1.13827,1.13827,1.13827
1782629160000,1.13827,1.13827,1.13827,1.13827
1782629220000,1.13827,1.13827,1.13827,1.13827
1782629280000,1.13827,1.13827,1.13827,1.13827
1782629340000,1.13827,1.13827,1.13827,1.13827
1782629400000,1.13827,1.13827,1.13827,1.13827
1782629460000,1.13827,1.13827,1.13827,1.13827
1782629520000,1.13827,1.13827,1.13827,1.13827
1782629580000,1.13827,1.13827,1.13827,1.13827
1782629640000,1.13827,1.13827,1.13827,1.13827
1782629700000,1.13827,1.13827,1.13827,1.13827
1782629760000,1.13827,1.13827,1.13827,1.13827
1782629820000,1.13827,1.13827,1.13827,1.13827
1782629880000,1.13827,1.13827,1.13827,1.13827
1782629940000,1.13827,1.13827,1.13827,1.13827
1782630000000,1.13827,1.13827,1.13827,1.13827
1782630060000,1.13827,1.13827,1.13827,1.13827
1782630120000,1.13827,1.13827,1.13827,1.13827
1782630180000,1.13827,1.13827,1.13827,1.13827
1782630240000,1.13827,1.13827,1.13827,1.13827
1782630300000,1.13827,1.13827,1.13827,1.13827
1782630360000,1.13827,1.13827,1.13827,1.13827
1782630420000,1.13827,1.13827,1.13827,1.13827
1782630480000,1.13827,1.13827,1.13827,1.13827
1782630540000,1.13827,1.13827,1.13827,1.13827
1782630600000,1.13827,1.13827,1.13827,1.13827
1782630660000,1.13827,1.13827,1.13827,1.13827
1782630720000,1.13827,1.13827,1.13827,1.13827
1782630780000,1.13827,1.13827,1.13827,1.13827
1782630840000,1.13827,1.13827,1.13827,1.13827
1782630900000,1.13827,1.13827,1.13827,1.13827
1782630960000,1.13827,1.13827,1.13827,1.13827
1782631020000,1.13827,1.13827,1.13827,1.13827
1782631080000,1.13827,1.13827,1.13827,1.13827
1782631140000,1.13827,1.13827,1.13827,1.13827
1782631200000,1.13827,1.13827,1.13827,1.13827
1782631260000,1.13827,1.13827,1.13827,1.13827
1782631320000,1.13827,1.13827,1.13827,1.13827
1782631380000,1.13827,1.13827,1.13827,1.13827
1782631440000,1.13827,1.13827,1.13827,1.13827
1782631500000,1.13827,1.13827,1.13827,1.13827
1782631560000,1.13827,1.13827,1.13827,1.13827
1782631620000,1.13827,1.13827,1.13827,1.13827
1782631680000,1.13827,1.13827,1.13827,1.13827
1782631740000,1.13827,1.13827,1.13827,1.13827
1782631800000,1.13827,1.13827,1.13827,1.13827
1782631860000,1.13827,1.13827,1.13827,1.13827
1782631920000,1.13827,1.13827,1.13827,1.13827
1782631980000,1.13827,1.13827,1.13827,1.13827
1782632040000,1.13827,1.13827,1.13827,1.13827
1782632100000,1.13827,1.13827,1.13827,1.13827
1782632160000,1.13827,1.13827,1.13827,1.13827
1782632220000,1.13827,1.13827,1.13827,1.13827
1782632280000,1.13827,1.13827,1.13827,1.13827
1782632340000,1.13827,1.13827,1.13827,1.13827
1782632400000,1.13827,1.13827,1.13827,1.13827
1782632460000,1.13827,1.13827,1.13827,1.13827
1782632520000,1.13827,1.13827,1.13827,1.13827
1782632580000,1.13827,1.13827,1.13827,1.13827
1782632640000,1.13827,1.13827,1.13827,1.13827
1782632700000,1.13827,1.13827,1.13827,1.13827
1782632760000,1.13827,1.13827,1.13827,1.13827
1782632820000,1.13827,1.13827,1.13827,1.13827
1782632880000,1.13827,1.13827,1.13827,1.13827
1782632940000,1.13827,1.13827,1.13827,1.13827
1782633000000,1.13827,1.13827,1.13827,1.13827
1782633060000,1.13827,1.13827,1.13827,1.13827
1782633120000,1.13827,1.13827,1.13827,1.13827
1782633180000,1.13827,1.13827,1.13827,1.13827
1782633240000,1.13827,1.13827,1.13827,1.13827
1782633300000,1.13827,1.13827,1.13827,1.13827
1782633360000,1.13827,1.13827,1.13827,1.13827
1782633420000,1.13827,1.13827,1.13827,1.13827
1782633480000,1.13827,1.13827,1.13827,1.13827
1782633540000,1.13827,1.13827,1.13827,1.13827
1782633600000,1.13827,1.13827,1.13827,1.13827
1782633660000,1.13827,1.13827,1.13827,1.13827
1782633720000,1.13827,1.13827,1.13827,1.13827
1782633780000,1.13827,1.13827,1.13827,1.13827
1782633840000,1.13827,1.13827,1.13827,1.13827
1782633900000,1.13827,1.13827,1.13827,1.13827
1782633960000,1.13827,1.13827,1.13827,1.13827
1782634020000,1.13827,1.13827,1.13827,1.13827
1782634080000,1.13827,1.13827,1.13827,1.13827
1782634140000,1.13827,1.13827,1.13827,1.13827
1782634200000,1.13827,1.13827,1.13827,1.13827
1782634260000,1.13827,1.13827,1.13827,1.13827
1782634320000,1.13827,1.13827,1.13827,1.13827
1782634380000,1.13827,1.13827,1.13827,1.13827
1782634440000,1.13827,1.13827,1.13827,1.13827
1782634500000,1.13827,1.13827,1.13827,1.13827
1782634560000,1.13827,1.13827,1.13827,1.13827
1782634620000,1.13827,1.13827,1.13827,1.13827
1782634680000,1.13827,1.13827,1.13827,1.13827
1782634740000,1.13827,1.13827,1.13827,1.13827
1782634800000,1.13827,1.13827,1.13827,1.13827
1782634860000,1.13827,1.13827,1.13827,1.13827
1782634920000,1.13827,1.13827,1.13827,1.13827
1782634980000,1.13827,1.13827,1.13827,1.13827
1782635040000,1.13827,1.13827,1.13827,1.13827
1782635100000,1.13827,1.13827,1.13827,1.13827
1782635160000,1.13827,1.13827,1.13827,1.13827
1782635220000,1.13827,1.13827,1.13827,1.13827
1782635280000,1.13827,1.13827,1.13827,1.13827
1782635340000,1.13827,1.13827,1.13827,1.13827
1782635400000,1.13827,1.13827,1.13827,1.13827
1782635460000,1.13827,1.13827,1.13827,1.13827
1782635520000,1.13827,1.13827,1.13827,1.13827
1782635580000,1.13827,1.13827,1.13827,1.13827
1782635640000,1.13827,1.13827,1.13827,1.13827
1782635700000,1.13827,1.13827,1.13827,1.13827
1782635760000,1.13827,1.13827,1.13827,1.13827
1782635820000,1.13827,1.13827,1.13827,1.13827
1782635880000,1.13827,1.13827,1.13827,1.13827
1782635940000,1.13827,1.13827,1.13827,1.13827
1782636000000,1.13827,1.13827,1.13827,1.13827
1782636060000,1.13827,1.13827,1.13827,1.13827
1782636120000,1.13827,1.13827,1.13827,1.13827
1782636180000,1.13827,1.13827,1.13827,1.13827
1782636240000,1.13827,1.13827,1.13827,1.13827
1782636300000,1.13827,1.13827,1.13827,1.13827
1782636360000,1.13827,1.13827,1.13827,1.13827
1782636420000,1.13827,1.13827,1.13827,1.13827
1782636480000,1.13827,1.13827,1.13827,1.13827
1782636540000,1.13827,1.13827,1.13827,1.13827
1782636600000,1.13827,1.13827,1.13827,1.13827
1782636660000,1.13827,1.13827,1.13827,1.13827
1782636720000,1.13827,1.13827,1.13827,1.13827
1782636780000,1.13827,1.13827,1.13827,1.13827
1782636840000,1.13827,1.13827,1.13827,1.13827
1782636900000,1.13827,1.13827,1.13827,1.13827
1782636960000,1.13827,1.13827,1.13827,1.13827
1782637020000,1.13827,1.13827,1.13827,1.13827
1782637080000,1.13827,1.13827,1.13827,1.13827
1782637140000,1.13827,1.13827,1.13827,1.13827
1782637200000,1.13827,1.13827,1.13827,1.13827
1782637260000,1.13827,1.13827,1.13827,1.13827
1782637320000,1.13827,1.13827,1.13827,1.13827
1782637380000,1.13827,1.13827,1.13827,1.13827
1782637440000,1.13827,1.13827,1.13827,1.13827
1782637500000,1.13827,1.13827,1.13827,1.13827
1782637560000,1.13827,1.13827,1.13827,1.13827
1782637620000,1.13827,1.13827,1.13827,1.13827
1782637680000,1.13827,1.13827,1.13827,1.13827
1782637740000,1.13827,1.13827,1.13827,1.13827
1782637800000,1.13827,1.13827,1.13827,1.13827
1782637860000,1.13827,1.13827,1.13827,1.13827
1782637920000,1.13827,1.13827,1.13827,1.13827
1782637980000,1.13827,1.13827,1.13827,1.13827
1782638040000,1.13827,1.13827,1.13827,1.13827
1782638100000,1.13827,1.13827,1.13827,1.13827
1782638160000,1.13827,1.13827,1.13827,1.13827
1782638220000,1.13827,1.13827,1.13827,1.13827
1782638280000,1.13827,1.13827,1.13827,1.13827
1782638340000,1.13827,1.13827,1.13827,1.13827
1782638400000,1.13827,1.13827,1.13827,1.13827
1782638460000,1.13827,1.13827,1.13827,1.13827
1782638520000,1.13827,1.13827,1.13827,1.13827
1782638580000,1.13827,1.13827,1.13827,1.13827
1782638640000,1.13827,1.13827,1.13827,1.13827
1782638700000,1.13827,1.13827,1.13827,1.13827
1782638760000,1.13827,1.13827,1.13827,1.13827
1782638820000,1.13827,1.13827,1.13827,1.13827
1782638880000,1.13827,1.13827,1.13827,1.13827
1782638940000,1.13827,1.13827,1.13827,1.13827
1782639000000,1.13827,1.13827,1.13827,1.13827
1782639060000,1.13827,1.13827,1.13827,1.13827
1782639120000,1.13827,1.13827,1.13827,1.13827
1782639180000,1.13827,1.13827,1.13827,1.13827
1782639240000,1.13827,1.13827,1.13827,1.13827
1782639300000,1.13827,1.13827,1.13827,1.13827
1782639360000,1.13827,1.13827,1.13827,1.13827
1782639420000,1.13827,1.13827,1.13827,1.13827
1782639480000,1.13827,1.13827,1.13827,1.13827
1782639540000,1.13827,1.13827,1.13827,1.13827
1782639600000,1.13827,1.13827,1.13827,1.13827
1782639660000,1.13827,1.13827,1.13827,1.13827
1782639720000,1.13827,1.13827,1.13827,1.13827
1782639780000,1.13827,1.13827,1.13827,1.13827
1782639840000,1.13827,1.13827,1.13827,1.13827
1782639900000,1.13827,1.13827,1.13827,1.13827
1782639960000,1.13827,1.13827,1.13827,1.13827
1782640020000,1.13827,1.13827,1.13827,1.13827
1782640080000,1.13827,1.13827,1.13827,1.13827
1782640140000,1.13827,1.13827,1.13827,1.13827
1782640200000,1.13827,1.13827,1.13827,1.13827
1782640260000,1.13827,1.13827,1.13827,1.13827
1782640320000,1.13827,1.13827,1.13827,1.13827
1782640380000,1.13827,1.13827,1.13827,1.13827
1782640440000,1.13827,1.13827,1.13827,1.13827
1782640500000,1.13827,1.13827,1.13827,1.13827
1782640560000,1.13827,1.13827,1.13827,1.13827
1782640620000,1.13827,1.13827,1.13827,1.13827
1782640680000,1.13827,1.13827,1.13827,1.13827
1782640740000,1.13827,1.13827,1.13827,1.13827
1782640800000,1.13827,1.13827,1.13827,1.13827
1782640860000,1.13827,1.13827,1.13827,1.13827
1782640920000,1.13827,1.13827,1.13827,1.13827
1782640980000,1.13827,1.13827,1.13827,1.13827
1782641040000,1.13827,1.13827,1.13827,1.13827
1782641100000,1.13827,1.13827,1.13827,1.13827
1782641160000,1.13827,1.13827,1.13827,1.13827
1782641220000,1.13827,1.13827,1.13827,1.13827
1782641280000,1.13827,1.13827,1.13827,1.13827
1782641340000,1.13827,1.13827,1.13827,1.13827
1782641400000,1.13827,1.13827,1.13827,1.13827
1782641460000,1.13827,1.13827,1.13827,1.13827
1782641520000,1.13827,1.13827,1.13827,1.13827
1782641580000,1.13827,1.13827,1.13827,1.13827
1782641640000,1.13827,1.13827,1.13827,1.13827
1782641700000,1.13827,1.13827,1.13827,1.13827
1782641760000,1.13827,1.13827,1.13827,1.13827
1782641820000,1.13827,1.13827,1.13827,1.13827
1782641880000,1.13827,1.13827,1.13827,1.13827
1782641940000,1.13827,1.13827,1.13827,1.13827
1782642000000,1.13827,1.13827,1.13827,1.13827
1782642060000,1.13827,1.13827,1.13827,1.13827
1782642120000,1.13827,1.13827,1.13827,1.13827
1782642180000,1.13827,1.13827,1.13827,1.13827
1782642240000,1.13827,1.13827,1.13827,1.13827
1782642300000,1.13827,1.13827,1.13827,1.13827
1782642360000,1.13827,1.13827,1.13827,1.13827
1782642420000,1.13827,1.13827,1.13827,1.13827
1782642480000,1.13827,1.13827,1.13827,1.13827
1782642540000,1.13827,1.13827,1.13827,1.13827
1782642600000,1.13827,1.13827,1.13827,1.13827
1782642660000,1.13827,1.13827,1.13827,1.13827
1782642720000,1.13827,1.13827,1.13827,1.13827
1782642780000,1.13827,1.13827,1.13827,1.13827
1782642840000,1.13827,1.13827,1.13827,1.13827
1782642900000,1.13827,1.13827,1.13827,1.13827
1782642960000,1.13827,1.13827,1.13827,1.13827
1782643020000,1.13827,1.13827,1.13827,1.13827
1782643080000,1.13827,1.13827,1.13827,1.13827
1782643140000,1.13827,1.13827,1.13827,1.13827
1782643200000,1.13827,1.13827,1.13827,1.13827
1782643260000,1.13827,1.13827,1.13827,1.13827
1782643320000,1.13827,1.13827,1.13827,1.13827
1782643380000,1.13827,1.13827,1.13827,1.13827
1782643440000,1.13827,1.13827,1.13827,1.13827
1782643500000,1.13827,1.13827,1.13827,1.13827
1782643560000,1.13827,1.13827,1.13827,1.13827
1782643620000,1.13827,1.13827,1.13827,1.13827
1782643680000,1.13827,1.13827,1.13827,1.13827
1782643740000,1.13827,1.13827,1.13827,1.13827
1782643800000,1.13827,1.13827,1.13827,1.13827
1782643860000,1.13827,1.13827,1.13827,1.13827
1782643920000,1.13827,1.13827,1.13827,1.13827
1782643980000,1.13827,1.13827,1.13827,1.13827
1782644040000,1.13827,1.13827,1.13827,1.13827
1782644100000,1.13827,1.13827,1.13827,1.13827
1782644160000,1.13827,1.13827,1.13827,1.13827
1782644220000,1.13827,1.13827,1.13827,1.13827
1782644280000,1.13827,1.13827,1.13827,1.13827
1782644340000,1.13827,1.13827,1.13827,1.13827
1782644400000,1.13827,1.13827,1.13827,1.13827
1782644460000,1.13827,1.13827,1.13827,1.13827
1782644520000,1.13827,1.13827,1.13827,1.13827
1782644580000,1.13827,1.13827,1.13827,1.13827
1782644640000,1.13827,1.13827,1.13827,1.13827
1782644700000,1.13827,1.13827,1.13827,1.13827
1782644760000,1.13827,1.13827,1.13827,1.13827
1782644820000,1.13827,1.13827,1.13827,1.13827
1782644880000,1.13827,1.13827,1.13827,1.13827
1782644940000,1.13827,1.13827,1.13827,1.13827
1782645000000,1.13827,1.13827,1.13827,1.13827
1782645060000,1.13827,1.13827,1.13827,1.13827
1782645120000,1.13827,1.13827,1.13827,1.13827
1782645180000,1.13827,1.13827,1.13827,1.13827
1782645240000,1.13827,1.13827,1.13827,1.13827
1782645300000,1.13827,1.13827,1.13827,1.13827
1782645360000,1.13827,1.13827,1.13827,1.13827
1782645420000,1.13827,1.13827,1.13827,1.13827
1782645480000,1.13827,1.13827,1.13827,1.13827
1782645540000,1.13827,1.13827,1.13827,1.13827
1782645600000,1.13827,1.13827,1.13827,1.13827
1782645660000,1.13827,1.13827,1.13827,1.13827
1782645720000,1.13827,1.13827,1.13827,1.13827
1782645780000,1.13827,1.13827,1.13827,1.13827
1782645840000,1.13827,1.13827,1.13827,1.13827
1782645900000,1.13827,1.13827,1.13827,1.13827
1782645960000,1.13827,1.13827,1.13827,1.13827
1782646020000,1.13827,1.13827,1.13827,1.13827
1782646080000,1.13827,1.13827,1.13827,1.13827
1782646140000,1.13827,1.13827,1.13827,1.13827
1782646200000,1.13827,1.13827,1.13827,1.13827
1782646260000,1.13827,1.13827,1.13827,1.13827
1782646320000,1.13827,1.13827,1.13827,1.13827
1782646380000,1.13827,1.13827,1.13827,1.13827
1782646440000,1.13827,1.13827,1.13827,1.13827
1782646500000,1.13827,1.13827,1.13827,1.13827
1782646560000,1.13827,1.13827,1.13827,1.13827
1782646620000,1.13827,1.13827,1.13827,1.13827
1782646680000,1.13827,1.13827,1.13827,1.13827
1782646740000,1.13827,1.13827,1.13827,1.13827
1782646800000,1.13827,1.13827,1.13827,1.13827
1782646860000,1.13827,1.13827,1.13827,1.13827
1782646920000,1.13827,1.13827,1.13827,1.13827
1782646980000,1.13827,1.13827,1.13827,1.13827
1782647040000,1.13827,1.13827,1.13827,1.13827
1782647100000,1.13827,1.13827,1.13827,1.13827
1782647160000,1.13827,1.13827,1.13827,1.13827
1782647220000,1.13827,1.13827,1.13827,1.13827
1782647280000,1.13827,1.13827,1.13827,1.13827
1782647340000,1.13827,1.13827,1.13827,1.13827
1782647400000,1.13827,1.13827,1.13827,1.13827
1782647460000,1.13827,1.13827,1.13827,1.13827
1782647520000,1.13827,1.13827,1.13827,1.13827
1782647580000,1.13827,1.13827,1.13827,1.13827
1782647640000,1.13827,1.13827,1.13827,1.13827
1782647700000,1.13827,1.13827,1.13827,1.13827
1782647760000,1.13827,1.13827,1.13827,1.13827
1782647820000,1.13827,1.13827,1.13827,1.13827
1782647880000,1.13827,1.13827,1.13827,1.13827
1782647940000,1.13827,1.13827,1.13827,1.13827
1782648000000,1.13827,1.13827,1.13827,1.13827
1782648060000,1.13827,1.13827,1.13827,1.13827
1782648120000,1.13827,1.13827,1.13827,1.13827
1782648180000,1.13827,1.13827,1.13827,1.13827
1782648240000,1.13827,1.13827,1.13827,1.13827
1782648300000,1.13827,1.13827,1.13827,1.13827
1782648360000,1.13827,1.13827,1.13827,1.13827
1782648420000,1.13827,1.13827,1.13827,1.13827
1782648480000,1.13827,1.13827,1.13827,1.13827
1782648540000,1.13827,1.13827,1.13827,1.13827
1782648600000,1.13827,1.13827,1.13827,1.13827
1782648660000,1.13827,1.13827,1.13827,1.13827
1782648720000,1.13827,1.13827,1.13827,1.13827
1782648780000,1.13827,1.13827,1.13827,1.13827
1782648840000,1.13827,1.13827,1.13827,1.13827
1782648900000,1.13827,1.13827,1.13827,1.13827
1782648960000,1.13827,1.13827,1.13827,1.13827
1782649020000,1.13827,1.13827,1.13827,1.13827
1782649080000,1.13827,1.13827,1.13827,1.13827
1782649140000,1.13827,1.13827,1.13827,1.13827
1782649200000,1.13827,1.13827,1.13827,1.13827
1782649260000,1.13827,1.13827,1.13827,1.13827
1782649320000,1.13827,1.13827,1.13827,1.13827
1782649380000,1.13827,1.13827,1.13827,1.13827
1782649440000,1.13827,1.13827,1.13827,1.13827
1782649500000,1.13827,1.13827,1.13827,1.13827
1782649560000,1.13827,1.13827,1.13827,1.13827
1782649620000,1.13827,1.13827,1.13827,1.13827
1782649680000,1.13827,1.13827,1.13827,1.13827
1782649740000,1.13827,1.13827,1.13827,1.13827
1782649800000,1.13827,1.13827,1.13827,1.13827
1782649860000,1.13827,1.13827,1.13827,1.13827
1782649920000,1.13827,1.13827,1.13827,1.13827
1782649980000,1.13827,1.13827,1.13827,1.13827
1782650040000,1.13827,1.13827,1.13827,1.13827
1782650100000,1.13827,1.13827,1.13827,1.13827
1782650160000,1.13827,1.13827,1.13827,1.13827
1782650220000,1.13827,1.13827,1.13827,1.13827
1782650280000,1.13827,1.13827,1.13827,1.13827
1782650340000,1.13827,1.13827,1.13827,1.13827
1782650400000,1.13827,1.13827,1.13827,1.13827
1782650460000,1.13827,1.13827,1.13827,1.13827
1782650520000,1.13827,1.13827,1.13827,1.13827
1782650580000,1.13827,1.13827,1.13827,1.13827
1782650640000,1.13827,1.13827,1.13827,1.13827
1782650700000,1.13827,1.13827,1.13827,1.13827
1782650760000,1.13827,1.13827,1.13827,1.13827
1782650820000,1.13827,1.13827,1.13827,1.13827
1782650880000,1.13827,1.13827,1.13827,1.13827
1782650940000,1.13827,1.13827,1.13827,1.13827
1782651000000,1.13827,1.13827,1.13827,1.13827
1782651060000,1.13827,1.13827,1.13827,1.13827
1782651120000,1.13827,1.13827,1.13827,1.13827
1782651180000,1.13827,1.13827,1.13827,1.13827
1782651240000,1.13827,1.13827,1.13827,1.13827
1782651300000,1.13827,1.13827,1.13827,1.13827
1782651360000,1.13827,1.13827,1.13827,1.13827
1782651420000,1.13827,1.13827,1.13827,1.13827
1782651480000,1.13827,1.13827,1.13827,1.13827
1782651540000,1.13827,1.13827,1.13827,1.13827
1782651600000,1.13827,1.13827,1.13827,1.13827
1782651660000,1.13827,1.13827,1.13827,1.13827
1782651720000,1.13827,1.13827,1.13827,1.13827
1782651780000,1.13827,1.13827,1.13827,1.13827
1782651840000,1.13827,1.13827,1.13827,1.13827
1782651900000,1.13827,1.13827,1.13827,1.13827
1782651960000,1.13827,1.13827,1.13827,1.13827
1782652020000,1.13827,1.13827,1.13827,1.13827
1782652080000,1.13827,1.13827,1.13827,1.13827
1782652140000,1.13827,1.13827,1.13827,1.13827
1782652200000,1.13827,1.13827,1.13827,1.13827
1782652260000,1.13827,1.13827,1.13827,1.13827
1782652320000,1.13827,1.13827,1.13827,1.13827
1782652380000,1.13827,1.13827,1.13827,1.13827
1782652440000,1.13827,1.13827,1.13827,1.13827
1782652500000,1.13827,1.13827,1.13827,1.13827
1782652560000,1.13827,1.13827,1.13827,1.13827
1782652620000,1.13827,1.13827,1.13827,1.13827
1782652680000,1.13827,1.13827,1.13827,1.13827
1782652740000,1.13827,1.13827,1.13827,1.13827
1782652800000,1.13827,1.13827,1.13827,1.13827
1782652860000,1.13827,1.13827,1.13827,1.13827
1782652920000,1.13827,1.13827,1.13827,1.13827
1782652980000,1.13827,1.13827,1.13827,1.13827
1782653040000,1.13827,1.13827,1.13827,1.13827
1782653100000,1.13827,1.13827,1.13827,1.13827
1782653160000,1.13827,1.13827,1.13827,1.13827
1782653220000,1.13827,1.13827,1.13827,1.13827
1782653280000,1.13827,1.13827,1.13827,1.13827
1782653340000,1.13827,1.13827,1.13827,1.13827
1782653400000,1.13827,1.13827,1.13827,1.13827
1782653460000,1.13827,1.13827,1.13827,1.13827
1782653520000,1.13827,1.13827,1.13827,1.13827
1782653580000,1.13827,1.13827,1.13827,1.13827
1782653640000,1.13827,1.13827,1.13827,1.13827
1782653700000,1.13827,1.13827,1.13827,1.13827
1782653760000,1.13827,1.13827,1.13827,1.13827
1782653820000,1.13827,1.13827,1.13827,1.13827
1782653880000,1.13827,1.13827,1.13827,1.13827
1782653940000,1.13827,1.13827,1.13827,1.13827
1782654000000,1.13827,1.13827,1.13827,1.13827
1782654060000,1.13827,1.13827,1.13827,1.13827
1782654120000,1.13827,1.13827,1.13827,1.13827
1782654180000,1.13827,1.13827,1.13827,1.13827
1782654240000,1.13827,1.13827,1.13827,1.13827
1782654300000,1.13827,1.13827,1.13827,1.13827
1782654360000,1.13827,1.13827,1.13827,1.13827
1782654420000,1.13827,1.13827,1.13827,1.13827
1782654480000,1.13827,1.13827,1.13827,1.13827
1782654540000,1.13827,1.13827,1.13827,1.13827
1782654600000,1.13827,1.13827,1.13827,1.13827
1782654660000,1.13827,1.13827,1.13827,1.13827
1782654720000,1.13827,1.13827,1.13827,1.13827
1782654780000,1.13827,1.13827,1.13827,1.13827
1782654840000,1.13827,1.13827,1.13827,1.13827
1782654900000,1.13827,1.13827,1.13827,1.13827
1782654960000,1.13827,1.13827,1.13827,1.13827
1782655020000,1.13827,1.13827,1.13827,1.13827
1782655080000,1.13827,1.13827,1.13827,1.13827
1782655140000,1.13827,1.13827,1.13827,1.13827
1782655200000,1.13827,1.13827,1.13827,1.13827
1782655260000,1.13827,1.13827,1.13827,1.13827
1782655320000,1.13827,1.13827,1.13827,1.13827
1782655380000,1.13827,1.13827,1.13827,1.13827
1782655440000,1.13827,1.13827,1.13827,1.13827
1782655500000,1.13827,1.13827,1.13827,1.13827
1782655560000,1.13827,1.13827,1.13827,1.13827
1782655620000,1.13827,1.13827,1.13827,1.13827
1782655680000,1.13827,1.13827,1.13827,1.13827
1782655740000,1.13827,1.13827,1.13827,1.13827
1782655800000,1.13827,1.13827,1.13827,1.13827
1782655860000,1.13827,1.13827,1.13827,1.13827
1782655920000,1.13827,1.13827,1.13827,1.13827
1782655980000,1.13827,1.13827,1.13827,1.13827
1782656040000,1.13827,1.13827,1.13827,1.13827
1782656100000,1.13827,1.13827,1.13827,1.13827
1782656160000,1.13827,1.13827,1.13827,1.13827
1782656220000,1.13827,1.13827,1.13827,1.13827
1782656280000,1.13827,1.13827,1.13827,1.13827
1782656340000,1.13827,1.13827,1.13827,1.13827
1782656400000,1.13827,1.13827,1.13827,1.13827
1782656460000,1.13827,1.13827,1.13827,1.13827
1782656520000,1.13827,1.13827,1.13827,1.13827
1782656580000,1.13827,1.13827,1.13827,1.13827
1782656640000,1.13827,1.13827,1.13827,1.13827
1782656700000,1.13827,1.13827,1.13827,1.13827
1782656760000,1.13827,1.13827,1.13827,1.13827
1782656820000,1.13827,1.13827,1.13827,1.13827
1782656880000,1.13827,1.13827,1.13827,1.13827
1782656940000,1.13827,1.13827,1.13827,1.13827
1782657000000,1.13827,1.13827,1.13827,1.13827
1782657060000,1.13827,1.13827,1.13827,1.13827
1782657120000,1.13827,1.13827,1.13827,1.13827
1782657180000,1.13827,1.13827,1.13827,1.13827
1782657240000,1.13827,1.13827,1.13827,1.13827
1782657300000,1.13827,1.13827,1.13827,1.13827
1782657360000,1.13827,1.13827,1.13827,1.13827
1782657420000,1.13827,1.13827,1.13827,1.13827
1782657480000,1.13827,1.13827,1.13827,1.13827
1782657540000,1.13827,1.13827,1.13827,1.13827
1782657600000,1.13827,1.13827,1.13827,1.13827
1782657660000,1.13827,1.13827,1.13827,1.13827
1782657720000,1.13827,1.13827,1.13827,1.13827
1782657780000,1.13827,1.13827,1.13827,1.13827
1782657840000,1.13827,1.13827,1.13827,1.13827
1782657900000,1.13827,1.13827,1.13827,1.13827
1782657960000,1.13827,1.13827,1.13827,1.13827
1782658020000,1.13827,1.13827,1.13827,1.13827
1782658080000,1.13827,1.13827,1.13827,1.13827
1782658140000,1.13827,1.13827,1.13827,1.13827
1782658200000,1.13827,1.13827,1.13827,1.13827
1782658260000,1.13827,1.13827,1.13827,1.13827
1782658320000,1.13827,1.13827,1.13827,1.13827
1782658380000,1.13827,1.13827,1.13827,1.13827
1782658440000,1.13827,1.13827,1.13827,1.13827
1782658500000,1.13827,1.13827,1.13827,1.13827
1782658560000,1.13827,1.13827,1.13827,1.13827
1782658620000,1.13827,1.13827,1.13827,1.13827
1782658680000,1.13827,1.13827,1.13827,1.13827
1782658740000,1.13827,1.13827,1.13827,1.13827
1782658800000,1.13827,1.13827,1.13827,1.13827
1782658860000,1.13827,1.13827,1.13827,1.13827
1782658920000,1.13827,1.13827,1.13827,1.13827
1782658980000,1.13827,1.13827,1.13827,1.13827
1782659040000,1.13827,1.13827,1.13827,1.13827
1782659100000,1.13827,1.13827,1.13827,1.13827
1782659160000,1.13827,1.13827,1.13827,1.13827
1782659220000,1.13827,1.13827,1.13827,1.13827
1782659280000,1.13827,1.13827,1.13827,1.13827
1782659340000,1.13827,1.13827,1.13827,1.13827
1782659400000,1.13827,1.13827,1.13827,1.13827
1782659460000,1.13827,1.13827,1.13827,1.13827
1782659520000,1.13827,1.13827,1.13827,1.13827
1782659580000,1.13827,1.13827,1.13827,1.13827
1782659640000,1.13827,1.13827,1.13827,1.13827
1782659700000,1.13827,1.13827,1.13827,1.13827
1782659760000,1.13827,1.13827,1.13827,1.13827
1782659820000,1.13827,1.13827,1.13827,1.13827
1782659880000,1.13827,1.13827,1.13827,1.13827
1782659940000,1.13827,1.13827,1.13827,1.13827
1782660000000,1.13827,1.13827,1.13827,1.13827
1782660060000,1.13827,1.13827,1.13827,1.13827
1782660120000,1.13827,1.13827,1.13827,1.13827
1782660180000,1.13827,1.13827,1.13827,1.13827
1782660240000,1.13827,1.13827,1.13827,1.13827
1782660300000,1.13827,1.13827,1.13827,1.13827
1782660360000,1.13827,1.13827,1.13827,1.13827
1782660420000,1.13827,1.13827,1.13827,1.13827
1782660480000,1.13827,1.13827,1.13827,1.13827
1782660540000,1.13827,1.13827,1.13827,1.13827
1782660600000,1.13827,1.13827,1.13827,1.13827
1782660660000,1.13827,1.13827,1.13827,1.13827
1782660720000,1.13827,1.13827,1.13827,1.13827
1782660780000,1.13827,1.13827,1.13827,1.13827
1782660840000,1.13827,1.13827,1.13827,1.13827
1782660900000,1.13827,1.13827,1.13827,1.13827
1782660960000,1.13827,1.13827,1.13827,1.13827
1782661020000,1.13827,1.13827,1.13827,1.13827
1782661080000,1.13827,1.13827,1.13827,1.13827
1782661140000,1.13827,1.13827,1.13827,1.13827
1782661200000,1.13827,1.13827,1.13827,1.13827
1782661260000,1.13827,1.13827,1.13827,1.13827
1782661320000,1.13827,1.13827,1.13827,1.13827
1782661380000,1.13827,1.13827,1.13827,1.13827
1782661440000,1.13827,1.13827,1.13827,1.13827
1782661500000,1.13827,1.13827,1.13827,1.13827
1782661560000,1.13827,1.13827,1.13827,1.13827
1782661620000,1.13827,1.13827,1.13827,1.13827
1782661680000,1.13827,1.13827,1.13827,1.13827
1782661740000,1.13827,1.13827,1.13827,1.13827
1782661800000,1.13827,1.13827,1.13827,1.13827
1782661860000,1.13827,1.13827,1.13827,1.13827
1782661920000,1.13827,1.13827,1.13827,1.13827
1782661980000,1.13827,1.13827,1.13827,1.13827
1782662040000,1.13827,1.13827,1.13827,1.13827
1782662100000,1.13827,1.13827,1.13827,1.13827
1782662160000,1.13827,1.13827,1.13827,1.13827
1782662220000,1.13827,1.13827,1.13827,1.13827
1782662280000,1.13827,1.13827,1.13827,1.13827
1782662340000,1.13827,1.13827,1.13827,1.13827
1782662400000,1.13827,1.13827,1.13827,1.13827
1782662460000,1.13827,1.13827,1.13827,1.13827
1782662520000,1.13827,1.13827,1.13827,1.13827
1782662580000,1.13827,1.13827,1.13827,1.13827
1782662640000,1.13827,1.13827,1.13827,1.13827
1782662700000,1.13827,1.13827,1.13827,1.13827
1782662760000,1.13827,1.13827,1.13827,1.13827
1782662820000,1.13827,1.13827,1.13827,1.13827
1782662880000,1.13827,1.13827,1.13827,1.13827
1782662940000,1.13827,1.13827,1.13827,1.13827
1782663000000,1.13827,1.13827,1.13827,1.13827
1782663060000,1.13827,1.13827,1.13827,1.13827
1782663120000,1.13827,1.13827,1.13827,1.13827
1782663180000,1.13827,1.13827,1.13827,1.13827
1782663240000,1.13827,1.13827,1.13827,1.13827
1782663300000,1.13827,1.13827,1.13827,1.13827
1782663360000,1.13827,1.13827,1.13827,1.13827
1782663420000,1.13827,1.13827,1.13827,1.13827
1782663480000,1.13827,1.13827,1.13827,1.13827
1782663540000,1.13827,1.13827,1.13827,1.13827
1782663600000,1.13827,1.13827,1.13827,1.13827
1782663660000,1.13827,1.13827,1.13827,1.13827
1782663720000,1.13827,1.13827,1.13827,1.13827
1782663780000,1.13827,1.13827,1.13827,1.13827
1782663840000,1.13827,1.13827,1.13827,1.13827
1782663900000,1.13827,1.13827,1.13827,1.13827
1782663960000,1.13827,1.13827,1.13827,1.13827
1782664020000,1.13827,1.13827,1.13827,1.13827
1782664080000,1.13827,1.13827,1.13827,1.13827
1782664140000,1.13827,1.13827,1.13827,1.13827
1782664200000,1.13827,1.13827,1.13827,1.13827
1782664260000,1.13827,1.13827,1.13827,1.13827
1782664320000,1.13827,1.13827,1.13827,1.13827
1782664380000,1.13827,1.13827,1.13827,1.13827
1782664440000,1.13827,1.13827,1.13827,1.13827
1782664500000,1.13827,1.13827,1.13827,1.13827
1782664560000,1.13827,1.13827,1.13827,1.13827
1782664620000,1.13827,1.13827,1.13827,1.13827
1782664680000,1.13827,1.13827,1.13827,1.13827
1782664740000,1.13827,1.13827,1.13827,1.13827
1782664800000,1.13827,1.13827,1.13827,1.13827
1782664860000,1.13827,1.13827,1.13827,1.13827
1782664920000,1.13827,1.13827,1.13827,1.13827
1782664980000,1.13827,1.13827,1.13827,1.13827
1782665040000,1.13827,1.13827,1.13827,1.13827
1782665100000,1.13827,1.13827,1.13827,1.13827
1782665160000,1.13827,1.13827,1.13827,1.13827
1782665220000,1.13827,1.13827,1.13827,1.13827
1782665280000,1.13827,1.13827,1.13827,1.13827
1782665340000,1.13827,1.13827,1.13827,1.13827
1782665400000,1.13827,1.13827,1.13827,1.13827
1782665460000,1.13827,1.13827,1.13827,1.13827
1782665520000,1.13827,1.13827,1.13827,1.13827
1782665580000,1.13827,1.13827,1.13827,1.13827
1782665640000,1.13827,1.13827,1.13827,1.13827
1782665700000,1.13827,1.13827,1.13827,1.13827
1782665760000,1.13827,1.13827,1.13827,1.13827
1782665820000,1.13827,1.13827,1.13827,1.13827
1782665880000,1.13827,1.13827,1.13827,1.13827
1782665940000,1.13827,1.13827,1.13827,1.13827
1782666000000,1.13827,1.13827,1.13827,1.13827
1782666060000,1.13827,1.13827,1.13827,1.13827
1782666120000,1.13827,1.13827,1.13827,1.13827
1782666180000,1.13827,1.13827,1.13827,1.13827
1782666240000,1.13827,1.13827,1.13827,1.13827
1782666300000,1.13827,1.13827,1.13827,1.13827
1782666360000,1.13827,1.13827,1.13827,1.13827
1782666420000,1.13827,1.13827,1.13827,1.13827
1782666480000,1.13827,1.13827,1.13827,1.13827
1782666540000,1.13827,1.13827,1.13827,1.13827
1782666600000,1.13827,1.13827,1.13827,1.13827
1782666660000,1.13827,1.13827,1.13827,1.13827
1782666720000,1.13827,1.13827,1.13827,1.13827
1782666780000,1.13827,1.13827,1.13827,1.13827
1782666840000,1.13827,1.13827,1.13827,1.13827
1782666900000,1.13827,1.13827,1.13827,1.13827
1782666960000,1.13827,1.13827,1.13827,1.13827
1782667020000,1.13827,1.13827,1.13827,1.13827
1782667080000,1.13827,1.13827,1.13827,1.13827
1782667140000,1.13827,1.13827,1.13827,1.13827
1782667200000,1.13827,1.13827,1.13827,1.13827
1782667260000,1.13827,1.13827,1.13827,1.13827
1782667320000,1.13827,1.13827,1.13827,1.13827
1782667380000,1.13827,1.13827,1.13827,1.13827
1782667440000,1.13827,1.13827,1.13827,1.13827
1782667500000,1.13827,1.13827,1.13827,1.13827
1782667560000,1.13827,1.13827,1.13827,1.13827
1782667620000,1.13827,1.13827,1.13827,1.13827
1782667680000,1.13827,1.13827,1.13827,1.13827
1782667740000,1.13827,1.13827,1.13827,1.13827
1782667800000,1.13827,1.13827,1.13827,1.13827
1782667860000,1.13827,1.13827,1.13827,1.13827
1782667920000,1.13827,1.13827,1.13827,1.13827
1782667980000,1.13827,1.13827,1.13827,1.13827
1782668040000,1.13827,1.13827,1.13827,1.13827
1782668100000,1.13827,1.13827,1.13827,1.13827
1782668160000,1.13827,1.13827,1.13827,1.13827
1782668220000,1.13827,1.13827,1.13827,1.13827
1782668280000,1.13827,1.13827,1.13827,1.13827
1782668340000,1.13827,1.13827,1.13827,1.13827
1782668400000,1.13827,1.13827,1.13827,1.13827
1782668460000,1.13827,1.13827,1.13827,1.13827
1782668520000,1.13827,1.13827,1.13827,1.13827
1782668580000,1.13827,1.13827,1.13827,1.13827
1782668640000,1.13827,1.13827,1.13827,1.13827
1782668700000,1.13827,1.13827,1.13827,1.13827
1782668760000,1.13827,1.13827,1.13827,1.13827
1782668820000,1.13827,1.13827,1.13827,1.13827
1782668880000,1.13827,1.13827,1.13827,1.13827
1782668940000,1.13827,1.13827,1.13827,1.13827
1782669000000,1.13827,1.13827,1.13827,1.13827
1782669060000,1.13827,1.13827,1.13827,1.13827
1782669120000,1.13827,1.13827,1.13827,1.13827
1782669180000,1.13827,1.13827,1.13827,1.13827
1782669240000,1.13827,1.13827,1.13827,1.13827
1782669300000,1.13827,1.13827,1.13827,1.13827
1782669360000,1.13827,1.13827,1.13827,1.13827
1782669420000,1.13827,1.13827,1.13827,1.13827
1782669480000,1.13827,1.13827,1.13827,1.13827
1782669540000,1.13827,1.13827,1.13827,1.13827
1782669600000,1.13827,1.13827,1.13827,1.13827
1782669660000,1.13827,1.13827,1.13827,1.13827
1782669720000,1.13827,1.13827,1.13827,1.13827
1782669780000,1.13827,1.13827,1.13827,1.13827
1782669840000,1.13827,1.13827,1.13827,1.13827
1782669900000,1.13827,1.13827,1.13827,1.13827
1782669960000,1.13827,1.13827,1.13827,1.13827
1782670020000,1.13827,1.13827,1.13827,1.13827
1782670080000,1.13827,1.13827,1.13827,1.13827
1782670140000,1.13827,1.13827,1.13827,1.13827
1782670200000,1.13827,1.13827,1.13827,1.13827
1782670260000,1.13827,1.13827,1.13827,1.13827
1782670320000,1.13827,1.13827,1.13827,1.13827
1782670380000,1.13827,1.13827,1.13827,1.13827
1782670440000,1.13827,1.13827,1.13827,1.13827
1782670500000,1.13827,1.13827,1.13827,1.13827
1782670560000,1.13827,1.13827,1.13827,1.13827
1782670620000,1.13827,1.13827,1.13827,1.13827
1782670680000,1.13827,1.13827,1.13827,1.13827
1782670740000,1.13827,1.13827,1.13827,1.13827
1782670800000,1.13827,1.13827,1.13827,1.13827
1782670860000,1.13827,1.13827,1.13827,1.13827
1782670920000,1.13827,1.13827,1.13827,1.13827
1782670980000,1.13827,1.13827,1.13827,1.13827
1782671040000,1.13827,1.13827,1.13827,1.13827
1782671100000,1.13827,1.13827,1.13827,1.13827
1782671160000,1.13827,1.13827,1.13827,1.13827
1782671220000,1.13827,1.13827,1.13827,1.13827
1782671280000,1.13827,1.13827,1.13827,1.13827
1782671340000,1.13827,1.13827,1.13827,1.13827
1782671400000,1.13827,1.13827,1.13827,1.13827
1782671460000,1.13827,1.13827,1.13827,1.13827
1782671520000,1.13827,1.13827,1.13827,1.13827
1782671580000,1.13827,1.13827,1.13827,1.13827
1782671640000,1.13827,1.13827,1.13827,1.13827
1782671700000,1.13827,1.13827,1.13827,1.13827
1782671760000,1.13827,1.13827,1.13827,1.13827
1782671820000,1.13827,1.13827,1.13827,1.13827
1782671880000,1.13827,1.13827,1.13827,1.13827
1782671940000,1.13827,1.13827,1.13827,1.13827
1782672000000,1.13827,1.13827,1.13827,1.13827
1782672060000,1.13827,1.13827,1.13827,1.13827
1782672120000,1.13827,1.13827,1.13827,1.13827
1782672180000,1.13827,1.13827,1.13827,1.13827
1782672240000,1.13827,1.13827,1.13827,1.13827
1782672300000,1.13827,1.13827,1.13827,1.13827
1782672360000,1.13827,1.13827,1.13827,1.13827
1782672420000,1.13827,1.13827,1.13827,1.13827
1782672480000,1.13827,1.13827,1.13827,1.13827
1782672540000,1.13827,1.13827,1.13827,1.13827
1782672600000,1.13827,1.13827,1.13827,1.13827
1782672660000,1.13827,1.13827,1.13827,1.13827
1782672720000,1.13827,1.13827,1.13827,1.13827
1782672780000,1.13827,1.13827,1.13827,1.13827
1782672840000,1.13827,1.13827,1.13827,1.13827
1782672900000,1.13827,1.13827,1.13827,1.13827
1782672960000,1.13827,1.13827,1.13827,1.13827
1782673020000,1.13827,1.13827,1.13827,1.13827
1782673080000,1.13827,1.13827,1.13827,1.13827
1782673140000,1.13827,1.13827,1.13827,1.13827
1782673200000,1.13827,1.13827,1.13827,1.13827
1782673260000,1.13827,1.13827,1.13827,1.13827
1782673320000,1.13827,1.13827,1.13827,1.13827
1782673380000,1.13827,1.13827,1.13827,1.13827
1782673440000,1.13827,1.13827,1.13827,1.13827
1782673500000,1.13827,1.13827,1.13827,1.13827
1782673560000,1.13827,1.13827,1.13827,1.13827
1782673620000,1.13827,1.13827,1.13827,1.13827
1782673680000,1.13827,1.13827,1.13827,1.13827
1782673740000,1.13827,1.13827,1.13827,1.13827
1782673800000,1.13827,1.13827,1.13827,1.13827
1782673860000,1.13827,1.13827,1.13827,1.13827
1782673920000,1.13827,1.13827,1.13827,1.13827
1782673980000,1.13827,1.13827,1.13827,1.13827
1782674040000,1.13827,1.13827,1.13827,1.13827
1782674100000,1.13827,1.13827,1.13827,1.13827
1782674160000,1.13827,1.13827,1.13827,1.13827
1782674220000,1.13827,1.13827,1.13827,1.13827
1782674280000,1.13827,1.13827,1.13827,1.13827
1782674340000,1.13827,1.13827,1.13827,1.13827
1782674400000,1.13827,1.13827,1.13827,1.13827
1782674460000,1.13827,1.13827,1.13827,1.13827
1782674520000,1.13827,1.13827,1.13827,1.13827
1782674580000,1.13827,1.13827,1.13827,1.13827
1782674640000,1.13827,1.13827,1.13827,1.13827
1782674700000,1.13827,1.13827,1.13827,1.13827
1782674760000,1.13827,1.13827,1.13827,1.13827
1782674820000,1.13827,1.13827,1.13827,1.13827
1782674880000,1.13827,1.13827,1.13827,1.13827
1782674940000,1.13827,1.13827,1.13827,1.13827
1782675000000,1.13827,1.13827,1.13827,1.13827
1782675060000,1.13827,1.13827,1.13827,1.13827
1782675120000,1.13827,1.13827,1.13827,1.13827
1782675180000,1.13827,1.13827,1.13827,1.13827
1782675240000,1.13827,1.13827,1.13827,1.13827
1782675300000,1.13827,1.13827,1.13827,1.13827
1782675360000,1.13827,1.13827,1.13827,1.13827
1782675420000,1.13827,1.13827,1.13827,1.13827
1782675480000,1.13827,1.13827,1.13827,1.13827
1782675540000,1.13827,1.13827,1.13827,1.13827
1782675600000,1.13827,1.13827,1.13827,1.13827
1782675660000,1.13827,1.13827,1.13827,1.13827
1782675720000,1.13827,1.13827,1.13827,1.13827
1782675780000,1.13827,1.13827,1.13827,1.13827
1782675840000,1.13827,1.13827,1.13827,1.13827
1782675900000,1.13827,1.13827,1.13827,1.13827
1782675960000,1.13827,1.13827,1.13827,1.13827
1782676020000,1.13827,1.13827,1.13827,1.13827
1782676080000,1.13827,1.13827,1.13827,1.13827
1782676140000,1.13827,1.13827,1.13827,1.13827
1782676200000,1.13827,1.13827,1.13827,1.13827
1782676260000,1.13827,1.13827,1.13827,1.13827
1782676320000,1.13827,1.13827,1.13827,1.13827
1782676380000,1.13827,1.13827,1.13827,1.13827
1782676440000,1.13827,1.13827,1.13827,1.13827
1782676500000,1.13827,1.13827,1.13827,1.13827
1782676560000,1.13827,1.13827,1.13827,1.13827
1782676620000,1.13827,1.13827,1.13827,1.13827
1782676680000,1.13827,1.13827,1.13827,1.13827
1782676740000,1.13827,1.13827,1.13827,1.13827
1782676800000,1.13827,1.13827,1.13827,1.13827
1782676860000,1.13827,1.13827,1.13827,1.13827
1782676920000,1.13827,1.13827,1.13827,1.13827
1782676980000,1.13827,1.13827,1.13827,1.13827
1782677040000,1.13827,1.13827,1.13827,1.13827
1782677100000,1.13827,1.13827,1.13827,1.13827
1782677160000,1.13827,1.13827,1.13827,1.13827
1782677220000,1.13827,1.13827,1.13827,1.13827
1782677280000,1.13827,1.13827,1.13827,1.13827
1782677340000,1.13827,1.13827,1.13827,1.13827
1782677400000,1.13827,1.13827,1.13827,1.13827
1782677460000,1.13827,1.13827,1.13827,1.13827
1782677520000,1.13827,1.13827,1.13827,1.13827
1782677580000,1.13827,1.13827,1.13827,1.13827
1782677640000,1.13827,1.13827,1.13827,1.13827
1782677700000,1.13827,1.13827,1.13827,1.13827
1782677760000,1.13827,1.13827,1.13827,1.13827
1782677820000,1.13827,1.13827,1.13827,1.13827
1782677880000,1.13827,1.13827,1.13827,1.13827
1782677940000,1.13827,1.13827,1.13827,1.13827
1782678000000,1.13827,1.13827,1.13827,1.13827
1782678060000,1.13827,1.13827,1.13827,1.13827
1782678120000,1.13827,1.13827,1.13827,1.13827
1782678180000,1.13827,1.13827,1.13827,1.13827
1782678240000,1.13827,1.13827,1.13827,1.13827
1782678300000,1.13827,1.13827,1.13827,1.13827
1782678360000,1.13827,1.13827,1.13827,1.13827
1782678420000,1.13827,1.13827,1.13827,1.13827
1782678480000,1.13827,1.13827,1.13827,1.13827
1782678540000,1.13827,1.13827,1.13827,1.13827
1782678600000,1.13827,1.13827,1.13827,1.13827
1782678660000,1.13827,1.13827,1.13827,1.13827
1782678720000,1.13827,1.13827,1.13827,1.13827
1782678780000,1.13827,1.13827,1.13827,1.13827
1782678840000,1.13827,1.13827,1.13827,1.13827
1782678900000,1.13827,1.13827,1.13827,1.13827
1782678960000,1.13827,1.13827,1.13827,1.13827
1782679020000,1.13827,1.13827,1.13827,1.13827
1782679080000,1.13827,1.13827,1.13827,1.13827
1782679140000,1.13827,1.13827,1.13827,1.13827
1782679200000,1.13827,1.13827,1.13827,1.13827
1782679260000,1.13827,1.13827,1.13827,1.13827
1782679320000,1.13827,1.13827,1.13827,1.13827
1782679380000,1.13827,1.13827,1.13827,1.13827
1782679440000,1.13827,1.13827,1.13827,1.13827
1782679500000,1.13827,1.13827,1.13827,1.13827
1782679560000,1.13827,1.13827,1.13827,1.13827
1782679620000,1.13827,1.13827,1.13827,1.13827
1782679680000,1.13827,1.13827,1.13827,1.13827
1782679740000,1.13827,1.13827,1.13827,1.13827
1782679800000,1.13827,1.13827,1.13827,1.13827
1782679860000,1.13827,1.13827,1.13827,1.13827
1782679920000,1.13827,1.13827,1.13827,1.13827
1782679980000,1.13827,1.13827,1.13827,1.13827
1782680040000,1.13827,1.13827,1.13827,1.13827
1782680100000,1.13827,1.13827,1.13827,1.13827
1782680160000,1.13827,1.13827,1.13827,1.13827
1782680220000,1.13827,1.13827,1.13827,1.13827
1782680280000,1.13827,1.13827,1.13827,1.13827
1782680340000,1.13827,1.13827,1.13827,1.13827
1782680400000,1.13827,1.13827,1.13827,1.13827
1782680460000,1.13827,1.13827,1.13827,1.13827
1782680520000,1.13827,1.13827,1.13827,1.13827
1782680580000,1.13827,1.13827,1.13827,1.13827
1782680640000,1.13809,1.13826,1.13808,1.13826
1782680700000,1.1384,1.13842,1.13832,1.13838
1782680760000,1.13843,1.13843,1.13843,1.13843
1782680820000,1.13843,1.13843,1.13843,1.13843
1782680880000,1.13838,1.13839,1.13828,1.13828
1782680940000,1.13828,1.13829,1.13822,1.13822
1782681000000,1.13822,1.13822,1.13809,1.13814
1782681060000,1.13814,1.13814,1.13808,1.13808
1782681120000,1.13808,1.13821,1.13804,1.1382
1782681180000,1.13821,1.13828,1.1382,1.13828
1782681240000,1.1383,1.1383,1.13818,1.13818
1782681300000,1.13824,1.13824,1.13813,1.13817
1782681360000,1.13817,1.13826,1.13817,1.13826
1782681420000,1.13827,1.13827,1.13826,1.13826
1782681480000,1.13826,1.13826,1.13826,1.13826
1782681540000,1.13824,1.13824,1.13824,1.13824
1782681600000,1.13824,1.13825,1.13824,1.13825
1782681660000,1.13825,1.13825,1.13825,1.13825
1782681720000,1.13825,1.13825,1.13825,1.13825
1782681780000,1.13825,1.13825,1.13825,1.13825
1782681840000,1.13825,1.13825,1.13825,1.13825
1782681900000,1.13825,1.13825,1.13825,1.13825
1782681960000,1.13825,1.13825,1.13825,1.13825
1782682020000,1.13825,1.13825,1.13825,1.13825
1782682080000,1.13829,1.1383,1.13828,1.1383
1782682140000,1.1383,1.1383,1.1383,1.1383
1782682200000,1.13836,1.13837,1.13836,1.13837
1782682260000,1.13837,1.13849,1.13836,1.13849
1782682320000,1.13849,1.13861,1.13849,1.13858
1782682380000,1.13861,1.13879,1.13859,1.1387
1782682440000,1.13867,1.13867,1.13864,1.13864
1782682500000,1.13864,1.13865,1.13864,1.13865
1782682560000,1.13865,1.13865,1.13863,1.13865
1782682620000,1.13862,1.13862,1.13859,1.13859
1782682680000,1.13849,1.13849,1.13848,1.13848
1782682740000,1.13848,1.13859,1.13841,1.13841
1782682800000,1.13835,1.13835,1.13812,1.13824
1782682860000,1.13813,1.13813,1.13807,1.1381
1782682920000,1.1381,1.1381,1.1381,1.1381
1782682980000,1.13809,1.13809,1.13809,1.13809
1782683040000,1.13809,1.13809,1.13809,1.13809
1782683100000,1.1381,1.1381,1.13809,1.1381
1782683160000,1.1381,1.1381,1.13809,1.1381
1782683220000,1.1381,1.1381,1.1381,1.1381
1782683280000,1.13812,1.13812,1.13799,1.13799
1782683340000,1.13801,1.13802,1.13801,1.13802
1782683400000,1.138,1.13802,1.13799,1.13799
1782683460000,1.13799,1.13799,1.13799,1.13799
1782683520000,1.13799,1.13799,1.13799,1.13799
1782683580000,1.13798,1.13798,1.13798,1.13798
1782683640000,1.13798,1.13805,1.13798,1.13802
1782683700000,1.13802,1.13814,1.13801,1.13814
1782683760000,1.1381,1.13814,1.13804,1.13804
1782683820000,1.13804,1.13805,1.13804,1.13805
1782683880000,1.13805,1.13806,1.13804,1.13805
1782683940000,1.13805,1.13806,1.13804,1.13805
1782684000000,1.13809,1.13833,1.13808,1.13818
1782684060000,1.13818,1.13835,1.13818,1.13835
1782684120000,1.13837,1.13854,1.13836,1.13854
1782684180000,1.13855,1.13865,1.13855,1.13858
1782684240000,1.13859,1.1386,1.13848,1.13851
1782684300000,1.1385,1.13856,1.13844,1.13849
1782684360000,1.1385,1.13851,1.13844,1.13851
1782684420000,1.13849,1.1385,1.13844,1.13847
1782684480000,1.13847,1.13851,1.13842,1.13848
1782684540000,1.13847,1.13851,1.13846,1.13849
1782684600000,1.13847,1.13851,1.13845,1.13846
1782684660000,1.13844,1.13847,1.13843,1.13843
1782684720000,1.13844,1.13844,1.13842,1.13842
1782684780000,1.13842,1.13843,1.13828,1.13828
1782684840000,1.13831,1.13837,1.13831,1.13834
1782684900000,1.13834,1.13835,1.13827,1.13828
1782684960000,1.1383,1.13832,1.1383,1.13832
1782685020000,1.13834,1.13838,1.13834,1.13835
1782685080000,1.13836,1.13836,1.13827,1.13827
1782685140000,1.13827,1.13827,1.13822,1.13822
1782685200000,1.13824,1.13827,1.13822,1.13823
1782685260000,1.13824,1.13825,1.13823,1.13823
1782685320000,1.13825,1.13828,1.13825,1.13828
1782685380000,1.13827,1.13829,1.13825,1.13825
1782685440000,1.13826,1.13826,1.13824,1.13826
1782685500000,1.13826,1.13832,1.13822,1.13832
1782685560000,1.13833,1.13833,1.13833,1.13833
1782685620000,1.13834,1.13834,1.13834,1.13834
1782685680000,1.13833,1.13842,1.13833,1.13838
1782685740000,1.13838,1.13839,1.13832,1.13832
1782685800000,1.13833,1.13841,1.13832,1.13837
1782685860000,1.13838,1.13841,1.13838,1.13839
1782685920000,1.1384,1.13843,1.1384,1.13842
1782685980000,1.13842,1.13842,1.13842,1.13842
1782686040000,1.13841,1.13842,1.13841,1.13842
1782686100000,1.13842,1.13842,1.13837,1.13841
1782686160000,1.13841,1.13844,1.1384,1.13842
1782686220000,1.13844,1.13844,1.13842,1.13843
1782686280000,1.13843,1.13843,1.13843,1.13843
1782686340000,1.13843,1.13843,1.13843,1.13843
1782686400000,1.13846,1.13852,1.13846,1.13852
1782686460000,1.13849,1.13852,1.13848,1.13852
1782686520000,1.13851,1.13853,1.13849,1.13852
1782686580000,1.13852,1.13854,1.13851,1.13854
1782686640000,1.13853,1.13857,1.13853,1.13854
1782686700000,1.13854,1.13854,1.13851,1.13852
1782686760000,1.13852,1.13853,1.13851,1.13853
1782686820000,1.13852,1.13854,1.13852,1.13853
1782686880000,1.13854,1.13854,1.13853,1.13854
1782686940000,1.13857,1.13861,1.13857,1.13861
1782687000000,1.1386,1.1386,1.13857,1.13857
1782687060000,1.13856,1.1386,1.13856,1.13859
1782687120000,1.13858,1.13859,1.13848,1.13849
1782687180000,1.13852,1.13854,1.13851,1.13854
1782687240000,1.13852,1.13857,1.13852,1.13855
1782687300000,1.13855,1.13861,1.13855,1.13861
1782687360000,1.13859,1.13862,1.13857,1.13858
1782687420000,1.13858,1.13858,1.13852,1.13852
1782687480000,1.13853,1.13853,1.13853,1.13853
1782687540000,1.13853,1.13853,1.13853,1.13853
1782687600000,1.13852,1.13867,1.13852,1.1386
1782687660000,1.13861,1.1387,1.13861,1.13868
1782687720000,1.1387,1.1387,1.1386,1.13863
1782687780000,1.13863,1.13866,1.13857,1.13866
1782687840000,1.13866,1.13867,1.13864,1.13864
1782687900000,1.13864,1.13865,1.13863,1.13865
1782687960000,1.13864,1.13864,1.13858,1.13863
1782688020000,1.13863,1.13866,1.13863,1.13865
1782688080000,1.13866,1.13869,1.13864,1.13866
1782688140000,1.13867,1.13869,1.13867,1.13869
1782688200000,1.13868,1.13868,1.13864,1.13864
1782688260000,1.13864,1.13864,1.13858,1.13863
1782688320000,1.13864,1.13864,1.13861,1.13862
1782688380000,1.13863,1.13863,1.13862,1.13862
1782688440000,1.13862,1.13862,1.13856,1.13857
1782688500000,1.13856,1.13857,1.13853,1.13856
1782688560000,1.13857,1.13857,1.13857,1.13857
1782688620000,1.13856,1.13858,1.13856,1.13857
1782688680000,1.13857,1.13857,1.13857,1.13857
1782688740000,1.13857,1.13857,1.13852,1.13852
1782688800000,1.13852,1.13852,1.13852,1.13852
1782688860000,1.13851,1.13852,1.13851,1.13852
1782688920000,1.13852,1.13852,1.13848,1.13851
1782688980000,1.13851,1.13852,1.1385,1.13852
1782689040000,1.13849,1.13853,1.13846,1.13852
1782689100000,1.13853,1.13857,1.13853,1.13857
1782689160000,1.13856,1.13857,1.13852,1.13857
1782689220000,1.13856,1.13856,1.13853,1.13853
1782689280000,1.13851,1.13851,1.13851,1.13851
1782689340000,1.13849,1.13852,1.13849,1.13852
1782689400000,1.1385,1.1385,1.13835,1.13835
1782689460000,1.13832,1.13832,1.13825,1.13827
1782689520000,1.13827,1.13831,1.13827,1.1383
1782689580000,1.1383,1.13831,1.13825,1.13825
1782689640000,1.13824,1.13826,1.13821,1.13826
1782689700000,1.13826,1.13828,1.13826,1.13828
1782689760000,1.13827,1.13831,1.13827,1.1383
1782689820000,1.13831,1.13831,1.13828,1.1383
1782689880000,1.13829,1.13833,1.13829,1.13833
1782689940000,1.13831,1.13835,1.13829,1.13834
1782690000000,1.13834,1.13834,1.13832,1.13833
1782690060000,1.13833,1.13834,1.13832,1.13832
1782690120000,1.13831,1.13835,1.13831,1.13831
1782690180000,1.13833,1.13833,1.1383,1.13831
1782690240000,1.13833,1.13841,1.13833,1.13841
1782690300000,1.13841,1.13846,1.1384,1.1384
1782690360000,1.1384,1.13846,1.1384,1.13845
1782690420000,1.13845,1.13847,1.13839,1.13847
1782690480000,1.13845,1.13846,1.13845,1.13846
1782690540000,1.13845,1.13846,1.13841,1.13841
1782690600000,1.13841,1.13842,1.13838,1.13841
1782690660000,1.13843,1.13849,1.13843,1.13849
1782690720000,1.1385,1.13855,1.1385,1.1385
1782690780000,1.1385,1.13851,1.13846,1.13849
1782690840000,1.13849,1.1385,1.13844,1.13847
1782690900000,1.13848,1.13854,1.13845,1.13851
1782690960000,1.13853,1.13861,1.13853,1.1386
1782691020000,1.1386,1.13862,1.13856,1.1386
1782691080000,1.1386,1.13864,1.13857,1.1386
1782691140000,1.1386,1.13861,1.13852,1.13852
1782864000000,1.14128,1.1413,1.14118,1.1412
1782864060000,1.14118,1.14134,1.14118,1.14132
1782864120000,1.14132,1.14135,1.14124,1.14134
1782864180000,1.14132,1.14139,1.14132,1.14139
1782864240000,1.14139,1.14139,1.14134,1.14134
1782864300000,1.14136,1.14138,1.14134,1.14134
1782864360000,1.14134,1.14136,1.14134,1.14136
1782864420000,1.14134,1.14135,1.14128,1.14128
1782864480000,1.14129,1.1413,1.14123,1.14129
1782864540000,1.14129,1.14133,1.14128,1.14129
1782864600000,1.1413,1.14131,1.14128,1.14129
1782864660000,1.14129,1.14131,1.14128,1.1413
1782864720000,1.14129,1.14135,1.14129,1.14135
1782864780000,1.14134,1.14134,1.14128,1.14129
1782864840000,1.14129,1.1413,1.14126,1.14129
1782864900000,1.14128,1.14128,1.14104,1.14104
1782864960000,1.14104,1.14115,1.14104,1.14107
1782865020000,1.14108,1.14116,1.14104,1.14108
1782865080000,1.14108,1.14112,1.14104,1.14109
1782865140000,1.14112,1.14113,1.14101,1.14103
1782865200000,1.14103,1.14107,1.14099,1.14107
1782865260000,1.14108,1.14111,1.14104,1.14104
1782865320000,1.14104,1.14105,1.14098,1.14099
1782865380000,1.14099,1.14109,1.14099,1.14109
1782865440000,1.14107,1.14123,1.14107,1.14123
1782865500000,1.14128,1.14134,1.14125,1.1413
1782865560000,1.14131,1.14135,1.14125,1.14125
1782865620000,1.14125,1.14133,1.14125,1.14132
1782865680000,1.14133,1.14133,1.14127,1.14131
1782865740000,1.14132,1.14135,1.14127,1.14127
1782865800000,1.14125,1.14129,1.14118,1.14121
1782865860000,1.14122,1.14126,1.14121,1.14123
1782865920000,1.14124,1.14126,1.14121,1.14124
1782865980000,1.14125,1.14126,1.14121,1.14121
1782866040000,1.1412,1.14124,1.1412,1.14122
1782866100000,1.14123,1.14123,1.1411,1.14111
1782866160000,1.1411,1.14118,1.1411,1.14112
1782866220000,1.14111,1.14113,1.14106,1.14113
1782866280000,1.14113,1.14125,1.14113,1.14124
1782866340000,1.14126,1.1413,1.14124,1.14124
1782866400000,1.14124,1.14126,1.14119,1.14121
1782866460000,1.14121,1.14121,1.14108,1.14108
1782866520000,1.14106,1.14107,1.14098,1.141
1782866580000,1.14101,1.14101,1.14094,1.14094
1782866640000,1.14096,1.14097,1.14093,1.14094
1782866700000,1.14094,1.14097,1.14094,1.14094
1782866760000,1.14096,1.14103,1.14094,1.14098
1782866820000,1.14099,1.14105,1.14091,1.14102
1782866880000,1.14101,1.14102,1.14094,1.14095
1782866940000,1.14096,1.14096,1.14087,1.14089
1782867000000,1.14089,1.14093,1.14084,1.1409
1782867060000,1.14089,1.14095,1.14089,1.14089
1782867120000,1.14089,1.14096,1.14088,1.14096
1782867180000,1.14095,1.14106,1.14091,1.14091
1782867240000,1.1409,1.14094,1.14085,1.1409
1782867300000,1.14089,1.14095,1.14086,1.14092
1782867360000,1.14092,1.14102,1.14092,1.14102
1782867420000,1.141,1.14103,1.14094,1.14095
1782867480000,1.14096,1.14103,1.14094,1.14101
1782867540000,1.14101,1.14105,1.14093,1.14093
1782867600000,1.14093,1.14094,1.14089,1.1409
1782867660000,1.14089,1.14094,1.14089,1.14092
1782867720000,1.14093,1.14093,1.14072,1.1408
1782867780000,1.1408,1.14084,1.14077,1.14081
1782867840000,1.14079,1.14083,1.14076,1.14077
1782867900000,1.14076,1.14077,1.14067,1.14068
1782867960000,1.14071,1.14071,1.14052,1.14055
1782868020000,1.14058,1.14061,1.14055,1.1406
1782868080000,1.14059,1.14062,1.14054,1.14057
1782868140000,1.14057,1.1406,1.1405,1.1405
1782868200000,1.14049,1.14055,1.14047,1.14052
1782868260000,1.14055,1.14059,1.14054,1.14055
1782868320000,1.14056,1.14059,1.1405,1.1405
1782868380000,1.14051,1.14053,1.14044,1.14051
1782868440000,1.14052,1.14052,1.14049,1.1405
1782868500000,1.14051,1.14076,1.1405,1.14065
1782868560000,1.14066,1.14067,1.14051,1.14055
1782868620000,1.14056,1.14058,1.1405,1.14054
1782868680000,1.14054,1.1407,1.14054,1.14068
1782868740000,1.1407,1.1408,1.1407,1.14078
1782868800000,1.14079,1.14082,1.1407,1.14071
1782868860000,1.14071,1.14077,1.14071,1.14075
1782868920000,1.14074,1.14076,1.1407,1.14072
1782868980000,1.14072,1.14078,1.1407,1.14075
1782869040000,1.14075,1.14075,1.14063,1.14063
1782869100000,1.14062,1.14067,1.14059,1.14059
1782869160000,1.14058,1.14074,1.14056,1.14068
1782869220000,1.14066,1.14068,1.14064,1.14066
1782869280000,1.14066,1.14067,1.14062,1.14067
1782869340000,1.14065,1.14068,1.14063,1.14065
1782869400000,1.14065,1.14067,1.14058,1.1406
1782869460000,1.14061,1.14067,1.14053,1.14054
1782869520000,1.14053,1.14063,1.14053,1.14057
1782869580000,1.14057,1.14058,1.1405,1.1405
1782869640000,1.14051,1.14056,1.14049,1.14052
1782869700000,1.14054,1.14054,1.14049,1.14051
1782869760000,1.14052,1.14054,1.14051,1.14052
1782869820000,1.14051,1.14051,1.14045,1.14049
1782869880000,1.14049,1.14061,1.14047,1.14057
1782869940000,1.14058,1.1406,1.14056,1.14056
1782870000000,1.14057,1.14057,1.14049,1.14053
1782870060000,1.14055,1.1406,1.14052,1.14057
1782870120000,1.14057,1.1406,1.14054,1.14054
1782870180000,1.14054,1.1406,1.14054,1.14057
1782870240000,1.14057,1.1406,1.14055,1.14059
1782870300000,1.14058,1.14063,1.14058,1.14062
1782870360000,1.14062,1.14071,1.14062,1.14067
1782870420000,1.14067,1.14069,1.1406,1.1406
1782870480000,1.14061,1.14061,1.14036,1.14043
1782870540000,1.14042,1.14049,1.14042,1.14045
1782870600000,1.14043,1.14046,1.14043,1.14043
1782870660000,1.14043,1.14043,1.14034,1.14034
1782870720000,1.14036,1.14036,1.14029,1.1403
1782870780000,1.14031,1.14038,1.14029,1.14038
1782870840000,1.14038,1.14038,1.14029,1.1403
1782870900000,1.14031,1.14041,1.14026,1.14036
1782870960000,1.14036,1.14044,1.14036,1.14042
1782871020000,1.1404,1.14047,1.14036,1.14043
1782871080000,1.14041,1.14043,1.14039,1.14042
1782871140000,1.14042,1.14043,1.14038,1.14042
1782871200000,1.14045,1.14046,1.14041,1.14043
1782871260000,1.14045,1.14045,1.1404,1.14043
1782871320000,1.14044,1.14057,1.14042,1.14054
1782871380000,1.14055,1.14057,1.14049,1.14049
1782871440000,1.14052,1.14053,1.14041,1.14041
1782871500000,1.14042,1.14045,1.14035,1.14035
1782871560000,1.14035,1.14042,1.14035,1.14042
1782871620000,1.14045,1.1405,1.14043,1.14045
1782871680000,1.14043,1.14046,1.1404,1.14045
1782871740000,1.14042,1.14051,1.1404,1.1404
1782871800000,1.14041,1.14048,1.1404,1.14047
1782871860000,1.14047,1.1405,1.14036,1.14038
1782871920000,1.14037,1.14044,1.14035,1.14044
1782871980000,1.14044,1.14047,1.14043,1.14046
1782872040000,1.14048,1.14067,1.14048,1.14067
1782872100000,1.14067,1.14073,1.14066,1.14066
1782872160000,1.14066,1.14066,1.14063,1.14065
1782872220000,1.14064,1.14074,1.14064,1.14073
1782872280000,1.14073,1.14075,1.14071,1.14074
1782872340000,1.14073,1.14073,1.14066,1.14069
1782872400000,1.1407,1.1408,1.14066,1.14077
1782872460000,1.14077,1.14079,1.14072,1.14072
1782872520000,1.14072,1.14074,1.14069,1.1407
1782872580000,1.14071,1.14072,1.14068,1.14071
1782872640000,1.14071,1.14075,1.1407,1.1407
1782872700000,1.14072,1.14072,1.14045,1.14045
1782872760000,1.1405,1.14061,1.14049,1.14057
1782872820000,1.14056,1.14056,1.14049,1.14051
1782872880000,1.14052,1.14056,1.14052,1.14053
1782872940000,1.14053,1.14053,1.14037,1.14041
1782873000000,1.1404,1.14051,1.14039,1.14051
1782873060000,1.14049,1.14052,1.14044,1.14044
1782873120000,1.14043,1.14045,1.1404,1.1404
1782873180000,1.14039,1.14039,1.14034,1.14038
1782873240000,1.14039,1.14043,1.14025,1.14029
1782873300000,1.1403,1.14037,1.1403,1.14037
1782873360000,1.14037,1.14046,1.14037,1.14044
1782873420000,1.14046,1.14047,1.14039,1.14041
1782873480000,1.14042,1.14046,1.14039,1.14046
1782873540000,1.14047,1.14051,1.14046,1.14047
1782873600000,1.14047,1.1405,1.14042,1.14044
1782873660000,1.14044,1.1405,1.14044,1.14048
1782873720000,1.14049,1.14062,1.14049,1.14056
1782873780000,1.14056,1.14063,1.14054,1.14063
1782873840000,1.14061,1.14062,1.14053,1.14053
1782873900000,1.14054,1.14064,1.14054,1.14062
1782873960000,1.14061,1.14061,1.14058,1.14059
1782874020000,1.14061,1.14069,1.14061,1.14066
1782874080000,1.14066,1.14066,1.14057,1.14057
1782874140000,1.14057,1.14057,1.14055,1.14056
1782874200000,1.14055,1.14067,1.14052,1.14067
1782874260000,1.14065,1.14067,1.14065,1.14066
1782874320000,1.14064,1.14065,1.14057,1.1406
1782874380000,1.14062,1.14065,1.1406,1.14065
1782874440000,1.14063,1.14066,1.14061,1.14066
1782874500000,1.14066,1.14068,1.14065,1.14068
1782874560000,1.14067,1.14067,1.1406,1.14061
1782874620000,1.14061,1.14061,1.1405,1.14051
1782874680000,1.14052,1.14053,1.14047,1.14053
1782874740000,1.14056,1.14057,1.14052,1.14055
1782874800000,1.14054,1.1406,1.14052,1.14058
1782874860000,1.14057,1.14064,1.14057,1.14057
1782874920000,1.14056,1.1406,1.14055,1.1406
1782874980000,1.1406,1.14067,1.1406,1.14062
1782875040000,1.14062,1.14066,1.14062,1.14065
1782875100000,1.14065,1.14068,1.14065,1.14067
1782875160000,1.14067,1.14073,1.14067,1.14071
1782875220000,1.14073,1.14079,1.14073,1.14077
1782875280000,1.14076,1.14079,1.14076,1.14078
1782875340000,1.14077,1.14077,1.14073,1.14074
1782875400000,1.14075,1.14077,1.14071,1.14075
1782875460000,1.14075,1.14081,1.14075,1.14079
1782875520000,1.14079,1.14081,1.14077,1.14077
1782875580000,1.14079,1.14079,1.14074,1.14077
1782875640000,1.14078,1.1408,1.14069,1.14069
1782875700000,1.1407,1.1407,1.14064,1.14069
1782875760000,1.14067,1.14073,1.14067,1.14067
1782875820000,1.14069,1.14069,1.14063,1.14063
1782875880000,1.14062,1.14065,1.14058,1.14063
1782875940000,1.14065,1.14065,1.14059,1.14059
1782876000000,1.14058,1.1406,1.14056,1.1406
1782876060000,1.1406,1.1406,1.14056,1.14057
1782876120000,1.14058,1.14058,1.14053,1.14053
1782876180000,1.14053,1.14053,1.14049,1.14049
1782876240000,1.14051,1.14051,1.14048,1.1405
1782876300000,1.1405,1.14054,1.14049,1.14052
1782876360000,1.1405,1.14051,1.14044,1.1405
1782876420000,1.14048,1.14052,1.14045,1.1405
1782876480000,1.14051,1.14052,1.14045,1.14048
1782876540000,1.14046,1.1405,1.14042,1.1405
1782876600000,1.1405,1.14057,1.14049,1.14054
1782876660000,1.14055,1.14055,1.14047,1.14051
1782876720000,1.1405,1.14052,1.14047,1.14051
1782876780000,1.14049,1.1405,1.1403,1.1403
1782876840000,1.1403,1.1403,1.14018,1.14021
1782876900000,1.14022,1.14039,1.14022,1.14039
1782876960000,1.1404,1.14043,1.14038,1.1404
1782877020000,1.14039,1.14042,1.14038,1.14039
1782877080000,1.14039,1.14043,1.14038,1.14043
1782877140000,1.14044,1.14045,1.14042,1.14042
1782877200000,1.14041,1.14042,1.1404,1.14042
1782877260000,1.1404,1.14049,1.1404,1.14044
1782877320000,1.14043,1.14043,1.14025,1.14026
1782877380000,1.14026,1.14027,1.14016,1.1402
1782877440000,1.14018,1.14022,1.14017,1.14019
1782877500000,1.14019,1.14032,1.14019,1.1403
1782877560000,1.14031,1.14032,1.14028,1.14029
1782877620000,1.1403,1.14031,1.14026,1.14026
1782877680000,1.14025,1.14026,1.14022,1.14025
1782877740000,1.14023,1.14026,1.14023,1.14024
1782877800000,1.14025,1.1403,1.14023,1.14028
1782877860000,1.14028,1.1403,1.14028,1.14028
1782877920000,1.14031,1.14031,1.14025,1.14027
1782877980000,1.14026,1.14027,1.14025,1.14027
1782878040000,1.14026,1.14027,1.14023,1.14023
1782878100000,1.14022,1.14025,1.14018,1.14025
1782878160000,1.14024,1.14036,1.14024,1.14034
1782878220000,1.14036,1.1404,1.14033,1.14039
1782878280000,1.1404,1.1404,1.14037,1.14038
1782878340000,1.14037,1.14042,1.14036,1.14039
1782878400000,1.1404,1.14042,1.14036,1.14039
1782878460000,1.14039,1.14044,1.14037,1.14042
1782878520000,1.14043,1.14043,1.14032,1.14032
1782878580000,1.14031,1.14033,1.14031,1.14033
1782878640000,1.14035,1.14037,1.14035,1.14037
1782878700000,1.14034,1.14034,1.14031,1.14033
1782878760000,1.14032,1.14033,1.14025,1.14027
1782878820000,1.14025,1.14031,1.14025,1.14031
1782878880000,1.1403,1.14032,1.14027,1.14027
1782878940000,1.14026,1.14028,1.14024,1.14027
1782879000000,1.14027,1.14027,1.14024,1.14025
1782879060000,1.14026,1.14028,1.14025,1.14027
1782879120000,1.14028,1.14028,1.14026,1.14027
1782879180000,1.14029,1.14047,1.14029,1.14044
1782879240000,1.14043,1.14047,1.14042,1.14046
1782879300000,1.14046,1.14046,1.14042,1.14042
1782879360000,1.14046,1.14047,1.14041,1.14041
1782879420000,1.14042,1.14045,1.14037,1.14043
1782879480000,1.14042,1.14044,1.14041,1.14041
1782879540000,1.14042,1.14042,1.14037,1.14038
1782879600000,1.14039,1.1404,1.14036,1.14038
1782879660000,1.14037,1.14038,1.14031,1.14037
1782879720000,1.14037,1.14044,1.14037,1.14044
1782879780000,1.14042,1.14046,1.14042,1.14042
1782879840000,1.14041,1.14041,1.14035,1.14037
1782879900000,1.14038,1.14038,1.14028,1.1403
1782879960000,1.1403,1.14039,1.1403,1.14039
1782880020000,1.14039,1.14046,1.14037,1.14045
1782880080000,1.14045,1.14047,1.14043,1.14043
1782880140000,1.14044,1.14046,1.14042,1.14046
1782880200000,1.14047,1.14076,1.14045,1.14067
1782880260000,1.14068,1.14086,1.14066,1.14066
1782880320000,1.14067,1.14074,1.14067,1.14072
1782880380000,1.1407,1.14076,1.14066,1.14071
1782880440000,1.14075,1.14079,1.14071,1.14071
1782880500000,1.14075,1.1408,1.14072,1.14075
1782880560000,1.14075,1.14078,1.14072,1.14075
1782880620000,1.14076,1.14087,1.14075,1.14082
1782880680000,1.1408,1.14081,1.14075,1.14077
1782880740000,1.14077,1.1408,1.14072,1.14079
1782880800000,1.14078,1.14083,1.14075,1.14083
1782880860000,1.14085,1.14086,1.14077,1.14078
1782880920000,1.14077,1.1408,1.14076,1.14078
1782880980000,1.14077,1.14085,1.14077,1.14083
1782881040000,1.14082,1.14082,1.14078,1.1408
1782881100000,1.14082,1.14087,1.1408,1.14087
1782881160000,1.14087,1.14092,1.14086,1.14092
1782881220000,1.14093,1.14099,1.14093,1.14098
1782881280000,1.14096,1.14107,1.14093,1.14094
1782881340000,1.14094,1.14095,1.1409,1.14092
1782881400000,1.14091,1.14097,1.14091,1.14094
1782881460000,1.14094,1.14102,1.14093,1.14097
1782881520000,1.14096,1.14096,1.14092,1.14095
1782881580000,1.14096,1.14102,1.14093,1.14102
1782881640000,1.141,1.141,1.14095,1.14095
1782881700000,1.14096,1.14097,1.14093,1.14095
1782881760000,1.14095,1.14097,1.14095,1.14096
1782881820000,1.14095,1.14097,1.14093,1.14094
1782881880000,1.14094,1.14094,1.14089,1.14093
1782881940000,1.14092,1.14092,1.14084,1.14084
1782882000000,1.14085,1.14087,1.14081,1.14086
1782882060000,1.14089,1.14097,1.14084,1.14084
1782882120000,1.14084,1.14084,1.14073,1.14073
1782882180000,1.14075,1.14085,1.14075,1.14083
1782882240000,1.14081,1.14085,1.14081,1.14084
1782882300000,1.14086,1.14091,1.14084,1.1409
1782882360000,1.14088,1.14097,1.14088,1.14089
1782882420000,1.14089,1.1409,1.14085,1.14085
1782882480000,1.14086,1.14092,1.14085,1.14092
1782882540000,1.14091,1.14096,1.1409,1.14092
1782882600000,1.14091,1.14092,1.14089,1.14091
1782882660000,1.14091,1.14091,1.14085,1.14089
1782882720000,1.14088,1.14091,1.14085,1.1409
1782882780000,1.14091,1.14091,1.1409,1.1409
1782882840000,1.14091,1.14092,1.14089,1.1409
1782882900000,1.1409,1.1409,1.14079,1.14081
1782882960000,1.14082,1.14088,1.14082,1.14086
1782883020000,1.14088,1.14095,1.14087,1.14094
1782883080000,1.14094,1.14096,1.14088,1.1409
1782883140000,1.14092,1.14096,1.14092,1.14094
1782883200000,1.14095,1.141,1.14095,1.141
1782883260000,1.14099,1.14099,1.14094,1.14094
1782883320000,1.14095,1.14095,1.14092,1.14094
1782883380000,1.14094,1.141,1.14094,1.14096
1782883440000,1.14097,1.14098,1.14094,1.14094
1782883500000,1.14094,1.14096,1.14089,1.14096
1782883560000,1.14096,1.14098,1.14095,1.14097
1782883620000,1.14097,1.14103,1.14096,1.14101
1782883680000,1.14101,1.14102,1.14099,1.14101
1782883740000,1.14101,1.14101,1.14094,1.14098
1782883800000,1.14097,1.14104,1.14095,1.14101
1782883860000,1.141,1.14103,1.14098,1.14102
1782883920000,1.14101,1.14104,1.14101,1.14101
1782883980000,1.141,1.141,1.14095,1.14099
1782884040000,1.14099,1.14099,1.14089,1.14091
1782884100000,1.14091,1.14091,1.14079,1.14079
1782884160000,1.1408,1.14083,1.1408,1.14082
1782884220000,1.14083,1.14083,1.14075,1.1408
1782884280000,1.14079,1.14082,1.14075,1.14079
1782884340000,1.14079,1.14085,1.14079,1.14083
1782884400000,1.14081,1.14082,1.14076,1.14082
1782884460000,1.14084,1.14086,1.14083,1.14084
1782884520000,1.14084,1.1409,1.14084,1.14087
1782884580000,1.14087,1.14093,1.14085,1.14093
1782884640000,1.14091,1.14102,1.1409,1.141
1782884700000,1.141,1.14101,1.14091,1.14094
1782884760000,1.14095,1.14096,1.14091,1.14095
1782884820000,1.14094,1.14094,1.14084,1.14085
1782884880000,1.14084,1.14086,1.14078,1.1408
1782884940000,1.14079,1.14081,1.14077,1.1408
1782885000000,1.1408,1.14086,1.1408,1.14085
1782885060000,1.14085,1.14088,1.14084,1.14087
1782885120000,1.14086,1.14088,1.14079,1.14088
1782885180000,1.14089,1.14089,1.14086,1.14086
1782885240000,1.14085,1.14085,1.1405,1.14051
1782885300000,1.14049,1.14049,1.14029,1.14041
1782885360000,1.14039,1.14048,1.14034,1.14044
1782885420000,1.14047,1.14054,1.14045,1.14053
1782885480000,1.14053,1.14058,1.1405,1.14053
1782885540000,1.14052,1.14057,1.14051,1.14057
1782885600000,1.14057,1.14079,1.14056,1.14078
1782885660000,1.14077,1.14078,1.14068,1.14076
1782885720000,1.14075,1.14075,1.1406,1.14066
1782885780000,1.14069,1.14081,1.14064,1.1408
1782885840000,1.1408,1.14093,1.14079,1.14079
1782885900000,1.14078,1.14079,1.14059,1.14064
1782885960000,1.14066,1.14072,1.14065,1.14069
1782886020000,1.14068,1.14077,1.14067,1.14077
1782886080000,1.14077,1.14081,1.14069,1.14069
1782886140000,1.14072,1.14072,1.14043,1.14046
1782886200000,1.14046,1.14046,1.14035,1.14038
1782886260000,1.14036,1.14041,1.14034,1.14038
1782886320000,1.14039,1.14041,1.14034,1.14035
1782886380000,1.14036,1.14036,1.14023,1.14023
1782886440000,1.14024,1.14024,1.14015,1.14024
1782886500000,1.14023,1.14043,1.14018,1.14043
1782886560000,1.14043,1.14048,1.14042,1.14042
1782886620000,1.14041,1.14043,1.1403,1.14034
1782886680000,1.14035,1.1404,1.14032,1.14034
1782886740000,1.14035,1.1404,1.14034,1.1404
1782886800000,1.14041,1.14042,1.14025,1.14029
1782886860000,1.14027,1.1403,1.14018,1.14024
1782886920000,1.14024,1.14041,1.14023,1.14041
1782886980000,1.14041,1.14041,1.14033,1.14036
1782887040000,1.14036,1.14041,1.14035,1.14041
1782887100000,1.14039,1.14043,1.14034,1.14034
1782887160000,1.14034,1.14034,1.14024,1.14033
1782887220000,1.14031,1.14033,1.14024,1.14025
1782887280000,1.14026,1.14035,1.14026,1.14028
1782887340000,1.14027,1.14029,1.14023,1.14023
1782887400000,1.14025,1.14033,1.14025,1.14032
1782887460000,1.14031,1.14046,1.14031,1.1404
1782887520000,1.14041,1.14041,1.14032,1.14039
1782887580000,1.14041,1.14045,1.14036,1.14037
1782887640000,1.14038,1.14042,1.14035,1.14038
1782887700000,1.14036,1.14036,1.14027,1.14029
1782887760000,1.14031,1.14032,1.1403,1.14031
1782887820000,1.14029,1.14038,1.14029,1.14036
1782887880000,1.14035,1.14048,1.14034,1.14041
1782887940000,1.14042,1.14045,1.1403,1.14031
1782888000000,1.1403,1.14034,1.14023,1.14025
1782888060000,1.14026,1.14026,1.14016,1.14016
1782888120000,1.1402,1.1402,1.14006,1.14007
1782888180000,1.14007,1.1401,1.14002,1.14006
1782888240000,1.14005,1.14022,1.14003,1.14019
1782888300000,1.14016,1.14021,1.14015,1.1402
1782888360000,1.14022,1.1404,1.14021,1.14038
1782888420000,1.14038,1.14041,1.14026,1.14027
1782888480000,1.14025,1.14035,1.14024,1.14027
1782888540000,1.14026,1.14027,1.14017,1.14024
1782888600000,1.14025,1.14027,1.14021,1.14026
1782888660000,1.14027,1.14028,1.14022,1.14023
1782888720000,1.14024,1.14025,1.14019,1.14023
1782888780000,1.14022,1.14028,1.14019,1.14022
1782888840000,1.14023,1.14038,1.14021,1.14038
1782888900000,1.14037,1.14038,1.14029,1.14035
1782888960000,1.14033,1.14033,1.14024,1.14026
1782889020000,1.14024,1.14033,1.1402,1.14032
1782889080000,1.14035,1.14036,1.1403,1.14033
1782889140000,1.14031,1.14032,1.14027,1.1403
1782889200000,1.14028,1.1404,1.14,1.14002
1782889260000,1.14002,1.14009,1.13997,1.13998
1782889320000,1.13997,1.14006,1.13981,1.13999
1782889380000,1.13998,1.14016,1.13996,1.14
1782889440000,1.14001,1.14026,1.13997,1.14023
1782889500000,1.14022,1.14026,1.14009,1.14015
1782889560000,1.14017,1.14017,1.13991,1.13993
1782889620000,1.13993,1.14004,1.13985,1.14003
1782889680000,1.14002,1.14005,1.1399,1.1399
1782889740000,1.13988,1.14003,1.13981,1.13981
1782889800000,1.13981,1.13981,1.13964,1.13973
1782889860000,1.13972,1.13984,1.13965,1.13965
1782889920000,1.13966,1.13975,1.13966,1.1397
1782889980000,1.13969,1.13976,1.13964,1.13966
1782890040000,1.13967,1.13972,1.1396,1.13965
1782890100000,1.13965,1.13972,1.13962,1.13963
1782890160000,1.13963,1.13968,1.13957,1.13957
1782890220000,1.13957,1.13961,1.13947,1.13949
1782890280000,1.13948,1.13955,1.13944,1.13955
1782890340000,1.13955,1.13955,1.13949,1.1395
1782890400000,1.13949,1.13951,1.13945,1.13945
1782890460000,1.13947,1.13955,1.13945,1.1395
1782890520000,1.13948,1.13959,1.13948,1.1395
1782890580000,1.13951,1.13951,1.13942,1.13945
1782890640000,1.13946,1.13954,1.13946,1.13948
1782890700000,1.13947,1.13949,1.13943,1.13947
1782890760000,1.13948,1.13956,1.13941,1.13954
1782890820000,1.13956,1.13956,1.13949,1.1395
1782890880000,1.1395,1.1395,1.13934,1.13936
1782890940000,1.13937,1.1394,1.13931,1.13932
1782891000000,1.13931,1.13937,1.1393,1.13937
1782891060000,1.13935,1.13943,1.13935,1.1394
1782891120000,1.13942,1.13949,1.13942,1.13946
1782891180000,1.13944,1.13976,1.13944,1.13976
1782891240000,1.13975,1.13977,1.13963,1.13968
1782891300000,1.1397,1.13976,1.13965,1.13971
1782891360000,1.13972,1.13982,1.13971,1.13981
1782891420000,1.13981,1.13985,1.13972,1.13974
1782891480000,1.13976,1.13982,1.13973,1.13976
1782891540000,1.13978,1.13985,1.13977,1.13981
1782891600000,1.13981,1.13985,1.13975,1.13985
1782891660000,1.13984,1.13992,1.13984,1.13986
1782891720000,1.13986,1.13986,1.13975,1.13975
1782891780000,1.13977,1.13986,1.13977,1.13985
1782891840000,1.13983,1.13996,1.13983,1.13983
1782891900000,1.13982,1.13997,1.1398,1.13996
1782891960000,1.13994,1.13995,1.13985,1.13991
1782892020000,1.13991,1.13994,1.13987,1.13987
1782892080000,1.13986,1.13997,1.13986,1.13987
1782892140000,1.13989,1.13992,1.1397,1.13976
1782892200000,1.13977,1.13996,1.13977,1.13995
1782892260000,1.13994,1.13997,1.13983,1.13984
1782892320000,1.13983,1.13987,1.13983,1.13985
1782892380000,1.13986,1.13987,1.13978,1.13984
1782892440000,1.13984,1.13995,1.13979,1.1399
1782892500000,1.13991,1.14007,1.1399,1.14007
1782892560000,1.14007,1.14018,1.14007,1.14015
1782892620000,1.14017,1.14036,1.14015,1.14031
1782892680000,1.1403,1.14033,1.14017,1.14017
1782892740000,1.14015,1.14025,1.14012,1.1402
1782892800000,1.14019,1.1402,1.14007,1.14019
1782892860000,1.14018,1.14023,1.14005,1.14005
1782892920000,1.14005,1.14018,1.14005,1.1401
1782892980000,1.14011,1.14012,1.14002,1.14005
1782893040000,1.14005,1.14017,1.13997,1.13997
1782893100000,1.13997,1.14008,1.13992,1.14007
1782893160000,1.14009,1.14013,1.14008,1.14012
1782893220000,1.14012,1.14013,1.14001,1.14003
1782893280000,1.14004,1.14018,1.14004,1.14017
1782893340000,1.14018,1.1402,1.14011,1.14013
1782893400000,1.14014,1.14017,1.13999,1.14001
1782893460000,1.14003,1.14006,1.14002,1.14002
1782893520000,1.14002,1.14007,1.13998,1.14001
1782893580000,1.14003,1.14011,1.14002,1.14007
1782893640000,1.14007,1.14008,1.13999,1.14002
1782893700000,1.14001,1.14028,1.14,1.14028
1782893760000,1.14027,1.14038,1.14026,1.14031
1782893820000,1.14033,1.14037,1.14031,1.14033
1782893880000,1.1403,1.1403,1.1401,1.1401
1782893940000,1.14011,1.14021,1.14008,1.14021
1782894000000,1.14022,1.14022,1.14008,1.1401
1782894060000,1.1401,1.14016,1.1401,1.14013
1782894120000,1.14011,1.14011,1.13984,1.1399
1782894180000,1.13989,1.13989,1.13979,1.13987
1782894240000,1.13986,1.13997,1.13982,1.13987
1782894300000,1.13988,1.13998,1.13987,1.13994
1782894360000,1.13998,1.14,1.13987,1.13988
1782894420000,1.13987,1.13987,1.13974,1.13975
1782894480000,1.13974,1.13975,1.13954,1.13955
1782894540000,1.13957,1.13967,1.13955,1.13962
1782894600000,1.13962,1.13965,1.13943,1.13948
1782894660000,1.13946,1.13947,1.1394,1.13947
1782894720000,1.1395,1.13964,1.13948,1.1396
1782894780000,1.13958,1.13961,1.1395,1.13953
1782894840000,1.13954,1.13969,1.13954,1.13968
1782894900000,1.13969,1.13969,1.1395,1.13959
1782894960000,1.13961,1.13974,1.1396,1.13969
1782895020000,1.13969,1.13983,1.13969,1.13973
1782895080000,1.13973,1.13975,1.13963,1.13975
1782895140000,1.13977,1.13979,1.13972,1.13973
1782895200000,1.13974,1.13994,1.13973,1.13989
1782895260000,1.1399,1.13996,1.13983,1.13983
1782895320000,1.13985,1.13996,1.13983,1.13996
1782895380000,1.13994,1.13999,1.13991,1.13998
1782895440000,1.13999,1.14003,1.13992,1.13996
1782895500000,1.13998,1.13998,1.13989,1.13997
1782895560000,1.13996,1.13997,1.1397,1.13984
1782895620000,1.13985,1.13992,1.1398,1.1399
1782895680000,1.13989,1.13989,1.13978,1.13984
1782895740000,1.13982,1.13982,1.13977,1.13981
1782895800000,1.13982,1.13989,1.13974,1.13984
1782895860000,1.13986,1.13998,1.13986,1.13996
1782895920000,1.13996,1.14003,1.13988,1.1399
1782895980000,1.13992,1.13998,1.13989,1.13996
1782896040000,1.13998,1.14003,1.13995,1.14001
1782896100000,1.14002,1.14016,1.14001,1.14005
1782896160000,1.14005,1.14006,1.13996,1.14002
1782896220000,1.14002,1.14003,1.13969,1.1397
1782896280000,1.1397,1.1397,1.13948,1.13948
1782896340000,1.1395,1.13966,1.13949,1.13961
1782896400000,1.13963,1.13963,1.13941,1.13945
1782896460000,1.13946,1.13971,1.13946,1.13969
1782896520000,1.13968,1.13972,1.13963,1.13968
1782896580000,1.1397,1.13995,1.1397,1.13992
1782896640000,1.1399,1.13991,1.13984,1.13991
1782896700000,1.13991,1.13992,1.13971,1.13972
1782896760000,1.13971,1.13972,1.13952,1.13971
1782896820000,1.13969,1.13971,1.13953,1.13953
1782896880000,1.1395,1.13958,1.13944,1.13956
1782896940000,1.13957,1.1396,1.13938,1.13945
1782897000000,1.13945,1.13975,1.13945,1.1397
1782897060000,1.13973,1.13976,1.1396,1.13971
1782897120000,1.1397,1.13971,1.13963,1.13965
1782897180000,1.13965,1.13985,1.13963,1.13984
1782897240000,1.13984,1.13986,1.13976,1.13976
1782897300000,1.13977,1.13978,1.13958,1.1396
1782897360000,1.13961,1.13962,1.1395,1.1395
1782897420000,1.13951,1.13955,1.13939,1.1394
1782897480000,1.13936,1.1394,1.1393,1.13932
1782897540000,1.13932,1.13937,1.13929,1.13929
1782897600000,1.13931,1.13939,1.13929,1.13937
1782897660000,1.13934,1.13946,1.13929,1.13944
1782897720000,1.13945,1.1395,1.13935,1.13935
1782897780000,1.13933,1.1394,1.13928,1.1394
1782897840000,1.13938,1.13942,1.13935,1.13941
1782897900000,1.13941,1.13944,1.13931,1.13931
1782897960000,1.1393,1.13938,1.1393,1.13931
1782898020000,1.1393,1.13936,1.13924,1.13929
1782898080000,1.13932,1.13934,1.1392,1.13924
1782898140000,1.13925,1.13929,1.1392,1.13924
1782898200000,1.13923,1.13923,1.13902,1.13907
1782898260000,1.13907,1.13915,1.1389,1.13899
1782898320000,1.13901,1.13914,1.13895,1.13896
1782898380000,1.13895,1.13904,1.13893,1.13903
1782898440000,1.13904,1.13911,1.13901,1.13901
1782898500000,1.139,1.13906,1.139,1.13904
1782898560000,1.13904,1.13914,1.13901,1.13905
1782898620000,1.13906,1.13915,1.13905,1.13912
1782898680000,1.13912,1.13914,1.13904,1.13906
1782898740000,1.13906,1.13906,1.1388,1.13881
1782898800000,1.13881,1.13885,1.13868,1.1387
1782898860000,1.1387,1.13881,1.1387,1.13874
1782898920000,1.13876,1.13877,1.13872,1.13877
1782898980000,1.13877,1.139,1.13877,1.13897
1782899040000,1.13897,1.13899,1.13887,1.13891
1782899100000,1.1389,1.13891,1.13884,1.13884
1782899160000,1.13885,1.13892,1.13883,1.13887
1782899220000,1.13886,1.13889,1.13879,1.13889
1782899280000,1.13889,1.13894,1.13883,1.13883
1782899340000,1.13882,1.13887,1.1388,1.13887
1782899400000,1.13886,1.13887,1.13863,1.13863
1782899460000,1.13864,1.13865,1.13852,1.13861
1782899520000,1.13862,1.13872,1.13851,1.13872
1782899580000,1.13873,1.13885,1.13872,1.13879
1782899640000,1.13878,1.13888,1.13878,1.13885
1782899700000,1.13886,1.13886,1.13875,1.13884
1782899760000,1.13886,1.13887,1.13884,1.13886
1782899820000,1.13887,1.13891,1.13883,1.13891
1782899880000,1.13891,1.13891,1.1388,1.13882
1782899940000,1.13882,1.13882,1.13876,1.13877
1782900000000,1.13878,1.13879,1.13865,1.13865
1782900060000,1.13863,1.13882,1.13861,1.13881
1782900120000,1.13882,1.13886,1.13875,1.13877
1782900180000,1.13878,1.13881,1.13878,1.13881
1782900240000,1.13881,1.13886,1.13875,1.13878
1782900300000,1.13878,1.13886,1.13878,1.13886
1782900360000,1.13887,1.13893,1.13887,1.13893
1782900420000,1.13894,1.13894,1.13887,1.1389
1782900480000,1.13891,1.13894,1.13888,1.13888
1782900540000,1.13888,1.1389,1.13885,1.13885
1782900600000,1.13885,1.13888,1.13884,1.13885
1782900660000,1.13885,1.13892,1.13878,1.13888
1782900720000,1.13889,1.13893,1.13889,1.13889
1782900780000,1.13891,1.13891,1.13888,1.13891
1782900840000,1.13889,1.13893,1.13884,1.13892
1782900900000,1.13894,1.13898,1.13892,1.13895
1782900960000,1.13896,1.1393,1.13896,1.1393
1782901020000,1.13928,1.1394,1.13922,1.13937
1782901080000,1.13937,1.13938,1.13925,1.13928
1782901140000,1.13931,1.13941,1.13928,1.13938
1782901200000,1.13937,1.13941,1.13932,1.13933
1782901260000,1.13934,1.13935,1.13925,1.13925
1782901320000,1.13925,1.13928,1.13919,1.13926
1782901380000,1.13927,1.1393,1.13924,1.13925
1782901440000,1.13925,1.13927,1.13917,1.13918
1782901500000,1.13921,1.13921,1.13918,1.13921
1782901560000,1.13921,1.13926,1.13919,1.13922
1782901620000,1.13922,1.13928,1.13918,1.13928
1782901680000,1.13929,1.13938,1.13929,1.13938
1782901740000,1.13937,1.13945,1.13935,1.13945
1782901800000,1.13944,1.13956,1.13943,1.13954
1782901860000,1.13953,1.13961,1.13953,1.1396
1782901920000,1.13961,1.13961,1.13945,1.13948
1782901980000,1.13944,1.13957,1.1394,1.13957
1782902040000,1.13959,1.13964,1.13957,1.13964
1782902100000,1.13962,1.13966,1.13959,1.13959
1782902160000,1.1396,1.13969,1.1396,1.13967
1782902220000,1.13969,1.13971,1.13963,1.13965
1782902280000,1.13964,1.13976,1.13964,1.13976
1782902340000,1.13975,1.13976,1.13969,1.13971
1782902400000,1.1397,1.13971,1.13969,1.13969
1782902460000,1.13969,1.13971,1.13965,1.13968
1782902520000,1.13968,1.13968,1.13964,1.13967
1782902580000,1.13968,1.13971,1.13956,1.13959
1782902640000,1.1396,1.13964,1.13956,1.1396
1782902700000,1.13958,1.13964,1.13958,1.1396
1782902760000,1.13962,1.13977,1.13961,1.13971
1782902820000,1.1397,1.13975,1.13969,1.13975
1782902880000,1.13975,1.13977,1.13972,1.13975
1782902940000,1.13975,1.13979,1.13971,1.13977
1782903000000,1.13976,1.1399,1.13975,1.1399
1782903060000,1.13988,1.13997,1.13988,1.13997
1782903120000,1.13995,1.13995,1.13991,1.13992
1782903180000,1.13992,1.13994,1.13983,1.13984
1782903240000,1.13985,1.13993,1.13983,1.13993
1782903300000,1.13993,1.13997,1.13989,1.13997
1782903360000,1.13997,1.14003,1.13991,1.13991
1782903420000,1.1399,1.13993,1.13984,1.13993
1782903480000,1.13992,1.13996,1.13989,1.1399
1782903540000,1.13992,1.13992,1.13974,1.1398
1782903600000,1.13979,1.13989,1.13969,1.13974
1782903660000,1.13975,1.13981,1.13959,1.13959
1782903720000,1.1396,1.13973,1.13955,1.13973
1782903780000,1.13973,1.13976,1.13963,1.13965
1782903840000,1.13963,1.13963,1.13939,1.13951
1782903900000,1.13951,1.13955,1.13948,1.13954
1782903960000,1.13953,1.13955,1.13945,1.13949
1782904020000,1.13947,1.1395,1.13935,1.13948
1782904080000,1.13948,1.13948,1.13943,1.13944
1782904140000,1.13943,1.1395,1.13943,1.13946
1782904200000,1.13946,1.13951,1.13944,1.1395
1782904260000,1.13947,1.13954,1.13941,1.13943
1782904320000,1.13941,1.13941,1.13918,1.13925
1782904380000,1.13924,1.13934,1.13917,1.13934
1782904440000,1.13936,1.13936,1.1393,1.13936
1782904500000,1.13934,1.13945,1.13923,1.13942
1782904560000,1.13944,1.13946,1.13935,1.13935
1782904620000,1.13936,1.1394,1.13932,1.13935
1782904680000,1.13935,1.13947,1.13933,1.13939
1782904740000,1.13939,1.13946,1.13939,1.13944
1782904800000,1.13945,1.13946,1.13939,1.1394
1782904860000,1.13939,1.13939,1.13929,1.13933
1782904920000,1.13934,1.13943,1.13934,1.13941
1782904980000,1.13942,1.13946,1.13941,1.13943
1782905040000,1.13945,1.13946,1.13937,1.13943
1782905100000,1.13944,1.1395,1.1394,1.13947
1782905160000,1.13949,1.13951,1.13947,1.13948
1782905220000,1.13947,1.13947,1.13938,1.13946
1782905280000,1.13944,1.13946,1.13938,1.13945
1782905340000,1.13946,1.13951,1.13945,1.1395
1782905400000,1.13951,1.13951,1.13948,1.13948
1782905460000,1.13947,1.13947,1.13931,1.13942
1782905520000,1.13945,1.1395,1.13942,1.13949
1782905580000,1.13948,1.13948,1.1394,1.13942
1782905640000,1.13942,1.13945,1.13938,1.13944
1782905700000,1.13944,1.13957,1.13938,1.13955
1782905760000,1.13954,1.13957,1.13949,1.1395
1782905820000,1.1395,1.13954,1.13944,1.13946
1782905880000,1.13945,1.13946,1.1394,1.13944
1782905940000,1.13942,1.13945,1.1394,1.13941
1782906000000,1.13941,1.1396,1.13941,1.13952
1782906060000,1.13952,1.13957,1.13949,1.13954
1782906120000,1.13954,1.13954,1.13948,1.13951
1782906180000,1.1395,1.13951,1.13944,1.13947
1782906240000,1.13949,1.13953,1.13945,1.13951
1782906300000,1.1395,1.13951,1.13936,1.13944
1782906360000,1.13943,1.13952,1.13943,1.13948
1782906420000,1.13947,1.13951,1.13944,1.13947
1782906480000,1.13947,1.13947,1.13935,1.13935
1782906540000,1.13935,1.13937,1.13903,1.13903
1782906600000,1.13904,1.13921,1.13903,1.13917
1782906660000,1.13915,1.13931,1.13913,1.13915
1782906720000,1.13916,1.13918,1.13905,1.13912
1782906780000,1.13911,1.1392,1.13908,1.13919
1782906840000,1.13919,1.13933,1.13896,1.13896
1782906900000,1.13894,1.13905,1.13886,1.13887
1782906960000,1.13887,1.13895,1.13865,1.13865
1782907020000,1.13866,1.13867,1.13849,1.13861
1782907080000,1.13861,1.13865,1.13851,1.13861
1782907140000,1.1386,1.13863,1.1385,1.13855
1782907200000,1.13855,1.13878,1.13855,1.13874
1782907260000,1.13874,1.13874,1.13864,1.13866
1782907320000,1.13866,1.13871,1.13851,1.13868
1782907380000,1.13866,1.13866,1.13854,1.13865
1782907440000,1.13866,1.13873,1.13861,1.13867
1782907500000,1.13865,1.13867,1.13844,1.13847
1782907560000,1.13847,1.13857,1.13835,1.13836
1782907620000,1.13836,1.13854,1.13835,1.13849
1782907680000,1.13854,1.13861,1.1385,1.1385
1782907740000,1.13851,1.13851,1.13821,1.13823
1782907800000,1.13824,1.13832,1.13819,1.13831
1782907860000,1.13829,1.1383,1.13813,1.13816
1782907920000,1.13814,1.13814,1.13806,1.13809
1782907980000,1.13808,1.1383,1.13806,1.13827
1782908040000,1.13826,1.13829,1.13816,1.13823
1782908100000,1.13824,1.13867,1.13824,1.13847
1782908160000,1.13849,1.13862,1.13849,1.13857
1782908220000,1.13859,1.13866,1.13855,1.1386
1782908280000,1.13857,1.13868,1.13853,1.13867
1782908340000,1.13864,1.13871,1.1386,1.13871
1782908400000,1.13871,1.13871,1.13855,1.13856
1782908460000,1.13855,1.1386,1.13844,1.13845
1782908520000,1.13845,1.13854,1.13828,1.13834
1782908580000,1.13836,1.13851,1.13832,1.1384
1782908640000,1.13842,1.13846,1.13835,1.13836
1782908700000,1.13836,1.1384,1.13824,1.13824
1782908760000,1.13826,1.13848,1.13826,1.1384
1782908820000,1.13838,1.13847,1.13813,1.13817
1782908880000,1.13815,1.13822,1.13808,1.1381
1782908940000,1.13811,1.13815,1.13809,1.13809
1782909000000,1.1381,1.13836,1.1381,1.13822
1782909060000,1.13823,1.13829,1.13814,1.13814
1782909120000,1.13815,1.13822,1.1381,1.13812
1782909180000,1.13811,1.13811,1.13774,1.13789
1782909240000,1.1379,1.1379,1.13767,1.13768
1782909300000,1.13769,1.13772,1.13745,1.13749
1782909360000,1.1375,1.13752,1.13731,1.13731
1782909420000,1.13732,1.13748,1.13722,1.13725
1782909480000,1.13725,1.13733,1.13721,1.13728
1782909540000,1.13728,1.13728,1.13696,1.13697
1782909600000,1.13699,1.13702,1.1369,1.13698
1782909660000,1.13699,1.13732,1.13689,1.13726
1782909720000,1.13729,1.13747,1.13718,1.13718
1782909780000,1.13716,1.13741,1.13712,1.13731
1782909840000,1.13731,1.13733,1.13717,1.13732
1782909900000,1.13733,1.13736,1.13719,1.1373
1782909960000,1.13729,1.1373,1.13712,1.13716
1782910020000,1.13715,1.13716,1.13704,1.13705
1782910080000,1.13705,1.13731,1.13705,1.13731
1782910140000,1.13732,1.13745,1.13725,1.13738
1782910200000,1.13738,1.13751,1.13731,1.13735
1782910260000,1.13733,1.13747,1.13728,1.13743
1782910320000,1.13743,1.13747,1.13738,1.13741
1782910380000,1.13741,1.13741,1.13717,1.1372
1782910440000,1.1372,1.13735,1.1372,1.1373
1782910500000,1.1373,1.13732,1.13713,1.13724
1782910560000,1.13725,1.13733,1.13715,1.13725
1782910620000,1.13722,1.13726,1.13712,1.13717
1782910680000,1.13715,1.13718,1.13706,1.13713
1782910740000,1.13713,1.13716,1.13705,1.1371
1782910800000,1.13711,1.13746,1.13704,1.13739
1782910860000,1.1374,1.13746,1.13735,1.1374
1782910920000,1.1374,1.13742,1.13726,1.13727
1782910980000,1.13726,1.13742,1.13725,1.13741
1782911040000,1.13741,1.1375,1.13735,1.13741
1782911100000,1.13742,1.13742,1.13729,1.13737
1782911160000,1.13737,1.13747,1.13729,1.13741
1782911220000,1.13741,1.13741,1.13724,1.1373
1782911280000,1.1373,1.13732,1.13707,1.13709
1782911340000,1.13709,1.13743,1.13709,1.13742
1782911400000,1.13742,1.13742,1.13637,1.13648
1782911460000,1.13647,1.13676,1.13635,1.13673
1782911520000,1.13673,1.13678,1.13641,1.13655
1782911580000,1.13656,1.13659,1.13639,1.13649
1782911640000,1.13651,1.13651,1.13617,1.13618
1782911700000,1.13618,1.13646,1.13618,1.13634
1782911760000,1.13634,1.13653,1.13632,1.13647
1782911820000,1.13646,1.1372,1.1364,1.13705
1782911880000,1.13703,1.13709,1.13686,1.13706
1782911940000,1.13704,1.13704,1.13678,1.13695
1782912000000,1.13696,1.13746,1.13696,1.13745
1782912060000,1.13745,1.13745,1.13705,1.13735
1782912120000,1.13737,1.1379,1.13735,1.13775
1782912180000,1.13773,1.13782,1.13756,1.13765
1782912240000,1.13766,1.13809,1.13766,1.13799
1782912300000,1.13799,1.13804,1.13783,1.13784
1782912360000,1.13786,1.13814,1.13776,1.13814
1782912420000,1.13812,1.13853,1.13812,1.1385
1782912480000,1.1385,1.13872,1.13845,1.13857
1782912540000,1.13856,1.13873,1.13779,1.13856
1782912600000,1.13854,1.13897,1.13833,1.13862
1782912660000,1.13861,1.13946,1.13859,1.13902
1782912720000,1.139,1.13915,1.13886,1.13909
1782912780000,1.13908,1.13916,1.13884,1.13897
1782912840000,1.13898,1.13898,1.13881,1.13895
1782912900000,1.13896,1.13912,1.13879,1.13882
1782912960000,1.13882,1.1391,1.13881,1.13906
1782913020000,1.13906,1.13912,1.1385,1.13868
1782913080000,1.13869,1.13924,1.13859,1.1392
1782913140000,1.1392,1.1392,1.13876,1.13877
1782913200000,1.13875,1.13916,1.13871,1.13911
1782913260000,1.1391,1.13972,1.13899,1.13967
1782913320000,1.13964,1.13991,1.13952,1.13979
1782913380000,1.1398,1.14024,1.13979,1.14024
1782913440000,1.14024,1.14048,1.1401,1.14043
1782913500000,1.14043,1.14118,1.14038,1.14103
1782913560000,1.14101,1.14101,1.14071,1.14081
1782913620000,1.14083,1.14091,1.14036,1.14037
1782913680000,1.14038,1.14071,1.14025,1.1406
1782913740000,1.14061,1.14063,1.14039,1.14041
1782913800000,1.14041,1.14052,1.14016,1.14041
1782913860000,1.14038,1.14039,1.14005,1.14015
1782913920000,1.14018,1.14028,1.14005,1.14006
1782913980000,1.14006,1.14014,1.13985,1.1399
1782914040000,1.13989,1.13992,1.13978,1.13981
1782914100000,1.1398,1.13982,1.13963,1.13966
1782914160000,1.13968,1.13991,1.13968,1.13971
1782914220000,1.1397,1.13979,1.13962,1.13965
1782914280000,1.13964,1.13964,1.13923,1.13937
1782914340000,1.13936,1.13956,1.13927,1.13952
1782914400000,1.13949,1.14024,1.13949,1.13987
1782914460000,1.13986,1.13992,1.13954,1.13954
1782914520000,1.13955,1.1396,1.13929,1.13946
1782914580000,1.13949,1.13954,1.13917,1.13919
1782914640000,1.13921,1.13951,1.13919,1.13933
1782914700000,1.13932,1.13958,1.13924,1.13955
1782914760000,1.13957,1.14008,1.13955,1.13995
1782914820000,1.13997,1.14007,1.13982,1.13987
1782914880000,1.13988,1.14002,1.13985,1.14002
1782914940000,1.14004,1.14027,1.14001,1.14025
1782915000000,1.14027,1.14054,1.14022,1.14036
1782915060000,1.14037,1.14037,1.14,1.14002
1782915120000,1.14004,1.14027,1.14001,1.14007
1782915180000,1.14005,1.14012,1.14001,1.14002
1782915240000,1.14001,1.14009,1.1399,1.14001
1782915300000,1.14,1.14,1.13972,1.13991
1782915360000,1.13988,1.14002,1.13974,1.1399
1782915420000,1.13991,1.13993,1.1397,1.13975
1782915480000,1.13975,1.13992,1.13962,1.13966
1782915540000,1.13969,1.13973,1.13937,1.13941
1782915600000,1.13942,1.13979,1.13936,1.13965
1782915660000,1.13965,1.13973,1.13956,1.13966
1782915720000,1.13966,1.13966,1.13945,1.13951
1782915780000,1.13948,1.13953,1.13936,1.13936
1782915840000,1.13935,1.13956,1.13921,1.13923
1782915900000,1.13924,1.13939,1.13915,1.13922
1782915960000,1.1392,1.1393,1.13915,1.13923
1782916020000,1.13924,1.13924,1.13905,1.13911
1782916080000,1.1391,1.13911,1.139,1.13907
1782916140000,1.13905,1.13919,1.13905,1.13915
1782916200000,1.13916,1.13926,1.13905,1.13911
1782916260000,1.13908,1.13929,1.13908,1.13927
1782916320000,1.13927,1.13943,1.13925,1.13928
1782916380000,1.1393,1.13965,1.1393,1.13961
1782916440000,1.13961,1.14014,1.13959,1.14014
1782916500000,1.14013,1.14015,1.13987,1.13995
1782916560000,1.13996,1.14012,1.13983,1.13987
1782916620000,1.13987,1.14001,1.13983,1.13989
1782916680000,1.13989,1.13989,1.13946,1.13949
1782916740000,1.13952,1.1397,1.13948,1.13962
1782916800000,1.13962,1.13987,1.13962,1.1398
1782916860000,1.1398,1.13992,1.13966,1.13968
1782916920000,1.13966,1.13987,1.13966,1.13973
1782916980000,1.13972,1.13983,1.13965,1.13965
1782917040000,1.13963,1.13968,1.13934,1.13944
1782917100000,1.13946,1.13987,1.13944,1.13956
1782917160000,1.13954,1.1397,1.1395,1.13963
1782917220000,1.13965,1.13979,1.13957,1.13958
1782917280000,1.13957,1.13957,1.13918,1.13923
1782917340000,1.13923,1.13936,1.13918,1.1392
1782917400000,1.13922,1.13922,1.13886,1.13901
1782917460000,1.13901,1.13909,1.13891,1.13891
1782917520000,1.13892,1.13909,1.13888,1.13904
1782917580000,1.13904,1.13904,1.13881,1.13881
1782917640000,1.13881,1.13886,1.13861,1.13862
1782917700000,1.13862,1.13911,1.13848,1.13902
1782917760000,1.13903,1.13914,1.13892,1.13907
1782917820000,1.13906,1.13944,1.13886,1.13937
1782917880000,1.13939,1.13947,1.13934,1.13936
1782917940000,1.13938,1.13952,1.13933,1.13952
1782918000000,1.13954,1.13961,1.13947,1.13947
1782918060000,1.13946,1.13946,1.13912,1.13931
1782918120000,1.13931,1.13937,1.139,1.139
1782918180000,1.13896,1.13904,1.13884,1.13904
1782918240000,1.13903,1.13909,1.13891,1.13893
1782918300000,1.13894,1.13907,1.13883,1.13907
1782918360000,1.13908,1.13925,1.13898,1.13919
1782918420000,1.13919,1.13939,1.13875,1.13883
1782918480000,1.13882,1.13891,1.13868,1.13871
1782918540000,1.1387,1.13877,1.1386,1.13862
1782918600000,1.13864,1.13878,1.13861,1.13876
1782918660000,1.13878,1.13881,1.13864,1.13872
1782918720000,1.13873,1.13883,1.13865,1.13879
1782918780000,1.13879,1.13883,1.13857,1.13858
1782918840000,1.13859,1.13873,1.13858,1.13871
1782918900000,1.13871,1.13871,1.13858,1.13858
1782918960000,1.13856,1.13868,1.13853,1.13865
1782919020000,1.13867,1.13875,1.13863,1.13867
1782919080000,1.13866,1.13866,1.13843,1.13857
1782919140000,1.13856,1.13863,1.13845,1.13847
1782919200000,1.13847,1.13874,1.13847,1.13869
1782919260000,1.1387,1.13896,1.1387,1.13882
1782919320000,1.13881,1.13883,1.13872,1.13873
1782919380000,1.13875,1.13887,1.13863,1.13865
1782919440000,1.13867,1.13888,1.1386,1.13888
1782919500000,1.13889,1.13898,1.13882,1.1389
1782919560000,1.13892,1.13905,1.13886,1.13896
1782919620000,1.13896,1.13902,1.13891,1.139
1782919680000,1.13902,1.13909,1.13893,1.13907
1782919740000,1.13907,1.13929,1.13907,1.13922
1782919800000,1.13922,1.13927,1.13912,1.13923
1782919860000,1.13923,1.13938,1.13921,1.13933
1782919920000,1.13935,1.13941,1.13915,1.13923
1782919980000,1.13923,1.13923,1.13855,1.13857
1782920040000,1.13859,1.13861,1.13827,1.13827
1782920100000,1.13827,1.13842,1.13815,1.13837
1782920160000,1.13838,1.13854,1.13812,1.13823
1782920220000,1.13822,1.13835,1.13816,1.13835
1782920280000,1.13834,1.1384,1.13828,1.13832
1782920340000,1.13833,1.13837,1.13825,1.13835
1782920400000,1.13836,1.13839,1.13823,1.1383
1782920460000,1.1383,1.1383,1.13805,1.13807
1782920520000,1.1381,1.1382,1.1381,1.1382
1782920580000,1.13819,1.1382,1.13807,1.13807
1782920640000,1.13805,1.13808,1.13789,1.13802
1782920700000,1.13803,1.13819,1.13801,1.13809
1782920760000,1.13812,1.13831,1.13801,1.13801
1782920820000,1.13802,1.13807,1.13795,1.13802
1782920880000,1.13802,1.13812,1.13799,1.13801
1782920940000,1.13801,1.13825,1.13795,1.13821
1782921000000,1.13821,1.1384,1.13819,1.13825
1782921060000,1.13824,1.13843,1.13824,1.1384
1782921120000,1.1384,1.13857,1.13837,1.13853
1782921180000,1.13853,1.13869,1.13851,1.13859
1782921240000,1.1386,1.13864,1.1385,1.13852
1782921300000,1.13854,1.13864,1.13846,1.1386
1782921360000,1.13859,1.13873,1.13858,1.13872
1782921420000,1.13872,1.13872,1.13848,1.13859
1782921480000,1.13857,1.1386,1.13842,1.13843
1782921540000,1.13843,1.1385,1.13831,1.13835
1782921600000,1.13836,1.13872,1.13836,1.13861
1782921660000,1.13862,1.1389,1.13861,1.13877
1782921720000,1.13878,1.13912,1.13876,1.13893
1782921780000,1.13892,1.13918,1.13886,1.13913
1782921840000,1.13913,1.13924,1.139,1.1392
1782921900000,1.1392,1.13934,1.13908,1.13916
1782921960000,1.13917,1.1394,1.13915,1.1394
1782922020000,1.13939,1.1394,1.1391,1.13912
1782922080000,1.13911,1.13913,1.13902,1.13902
1782922140000,1.13904,1.1391,1.13897,1.13901
1782922200000,1.13902,1.13906,1.13889,1.1389
1782922260000,1.1389,1.13911,1.1389,1.13908
1782922320000,1.13911,1.13913,1.13904,1.13904
1782922380000,1.13904,1.13904,1.13883,1.13885
1782922440000,1.13886,1.13886,1.13867,1.13876
1782922500000,1.13875,1.13877,1.13856,1.13862
1782922560000,1.13862,1.13867,1.13855,1.13866
1782922620000,1.13864,1.13873,1.13851,1.13851
1782922680000,1.1385,1.1385,1.13834,1.13836
1782922740000,1.13835,1.13841,1.13832,1.1384
1782922800000,1.13841,1.13864,1.1384,1.13861
1782922860000,1.13862,1.1387,1.13851,1.13862
1782922920000,1.13863,1.13865,1.13854,1.1386
1782922980000,1.13861,1.13871,1.13846,1.13849
1782923040000,1.13852,1.1386,1.1384,1.13858
1782923100000,1.13859,1.13883,1.13856,1.13883
1782923160000,1.13882,1.13883,1.13865,1.13876
1782923220000,1.13875,1.13884,1.13874,1.13884
1782923280000,1.13885,1.13892,1.13872,1.13875
1782923340000,1.13875,1.13875,1.1385,1.13854
1782923400000,1.13855,1.13857,1.13844,1.13845
1782923460000,1.13845,1.13847,1.13832,1.13839
1782923520000,1.1384,1.1384,1.13825,1.13834
1782923580000,1.13833,1.13834,1.13829,1.13834
1782923640000,1.13834,1.13834,1.13828,1.13832
1782923700000,1.1383,1.1383,1.13815,1.13816
1782923760000,1.13817,1.1383,1.13817,1.1382
1782923820000,1.13824,1.1383,1.13813,1.13816
1782923880000,1.13819,1.13828,1.13818,1.13821
1782923940000,1.1382,1.1382,1.13807,1.13809
1782924000000,1.13811,1.13825,1.13808,1.1382
1782924060000,1.1382,1.13823,1.1381,1.13815
1782924120000,1.13816,1.13824,1.13816,1.1382
1782924180000,1.13821,1.13822,1.13806,1.13806
1782924240000,1.13807,1.13813,1.13807,1.13813
1782924300000,1.13812,1.13822,1.1381,1.13816
1782924360000,1.13815,1.13826,1.13815,1.13824
1782924420000,1.13826,1.13832,1.13821,1.13825
1782924480000,1.13825,1.13827,1.13815,1.13817
1782924540000,1.13818,1.13822,1.13815,1.13821
1782924600000,1.13821,1.13821,1.13805,1.13811
1782924660000,1.13811,1.13821,1.13811,1.13818
1782924720000,1.13818,1.13818,1.13804,1.13805
1782924780000,1.13807,1.13811,1.13803,1.13803
1782924840000,1.13802,1.13812,1.13801,1.1381
1782924900000,1.13809,1.13817,1.13807,1.13813
1782924960000,1.13814,1.13814,1.13797,1.13799
1782925020000,1.138,1.13831,1.138,1.13827
1782925080000,1.13826,1.1384,1.13821,1.13826
1782925140000,1.13825,1.13828,1.13817,1.13823
1782925200000,1.13822,1.1384,1.1382,1.13838
1782925260000,1.13838,1.13843,1.13832,1.13837
1782925320000,1.13839,1.1385,1.13837,1.13843
1782925380000,1.13843,1.13844,1.13821,1.13824
1782925440000,1.13823,1.13832,1.13821,1.13828
1782925500000,1.13829,1.1384,1.13823,1.13839
1782925560000,1.13838,1.13838,1.13831,1.13836
1782925620000,1.13836,1.13841,1.13832,1.13841
1782925680000,1.1384,1.13842,1.13833,1.13838
1782925740000,1.13836,1.13839,1.1383,1.13833
1782925800000,1.13831,1.13833,1.1381,1.13823
1782925860000,1.13827,1.13832,1.13821,1.13831
1782925920000,1.13832,1.13836,1.13825,1.13832
1782925980000,1.13832,1.13832,1.13808,1.1381
1782926040000,1.13809,1.13811,1.13799,1.13799
1782926100000,1.13799,1.13815,1.13789,1.13812
1782926160000,1.13812,1.13833,1.1381,1.13833
1782926220000,1.13833,1.13833,1.13824,1.13831
1782926280000,1.13832,1.13832,1.13822,1.13822
1782926340000,1.13821,1.13833,1.13816,1.13833
1782926400000,1.13831,1.13837,1.13831,1.13836
1782926460000,1.13838,1.1384,1.13825,1.13826
1782926520000,1.13829,1.13833,1.13824,1.13828
1782926580000,1.13827,1.13832,1.13827,1.13831
1782926640000,1.13831,1.13846,1.13831,1.13838
1782926700000,1.13837,1.13847,1.13835,1.13845
1782926760000,1.13846,1.13857,1.13846,1.13847
1782926820000,1.13847,1.13853,1.13846,1.13852
1782926880000,1.13852,1.13857,1.13849,1.13853
1782926940000,1.13852,1.13855,1.13846,1.13847
1782927000000,1.13848,1.13858,1.13848,1.13857
1782927060000,1.13857,1.13858,1.13848,1.13853
1782927120000,1.13852,1.13854,1.13843,1.13852
1782927180000,1.13853,1.13857,1.13851,1.13853
1782927240000,1.13851,1.13853,1.13843,1.13847
1782927300000,1.13844,1.13848,1.13844,1.13846
1782927360000,1.13845,1.13851,1.13845,1.13848
1782927420000,1.13849,1.13852,1.13833,1.13841
1782927480000,1.13841,1.13843,1.13832,1.13832
1782927540000,1.13833,1.13833,1.13819,1.13822
1782927600000,1.13823,1.13824,1.13819,1.13822
1782927660000,1.13822,1.13827,1.13814,1.13815
1782927720000,1.13816,1.13818,1.13809,1.13809
1782927780000,1.13809,1.13813,1.13807,1.13807
1782927840000,1.13808,1.13808,1.138,1.13801
1782927900000,1.138,1.13811,1.13795,1.13807
1782927960000,1.13809,1.13819,1.13807,1.13817
1782928020000,1.13817,1.13824,1.13816,1.13818
1782928080000,1.13819,1.13826,1.13817,1.13826
1782928140000,1.13826,1.13826,1.13816,1.1382
1782928200000,1.13821,1.13823,1.13818,1.13819
1782928260000,1.13818,1.13825,1.13818,1.13818
1782928320000,1.13818,1.13818,1.1381,1.13812
1782928380000,1.13811,1.13812,1.13806,1.13811
1782928440000,1.13812,1.13813,1.138,1.13802
1782928500000,1.13803,1.13809,1.13802,1.13804
1782928560000,1.13805,1.13812,1.13799,1.13812
1782928620000,1.13809,1.13809,1.13796,1.13801
1782928680000,1.13803,1.13805,1.13801,1.13804
1782928740000,1.13803,1.13812,1.13803,1.13809
1782928800000,1.1381,1.13813,1.13807,1.1381
1782928860000,1.13808,1.13823,1.13808,1.13818
1782928920000,1.13818,1.13821,1.13808,1.13817
1782928980000,1.13816,1.13829,1.13813,1.13813
1782929040000,1.13812,1.13814,1.13805,1.1381
1782929100000,1.13811,1.13811,1.13801,1.13805
1782929160000,1.13803,1.13805,1.138,1.13804
1782929220000,1.13804,1.13805,1.13799,1.13799
1782929280000,1.13798,1.138,1.13791,1.13791
1782929340000,1.1379,1.13796,1.13787,1.13788
1782929400000,1.13788,1.13791,1.13786,1.13788
1782929460000,1.13788,1.13788,1.13777,1.13786
1782929520000,1.13786,1.13786,1.13777,1.13778
1782929580000,1.1378,1.13789,1.1378,1.13788
1782929640000,1.13787,1.13788,1.13787,1.13787
1782929700000,1.13785,1.13785,1.13777,1.13778
1782929760000,1.13778,1.13778,1.13774,1.13774
1782929820000,1.13773,1.13776,1.13766,1.13768
1782929880000,1.13769,1.13769,1.13761,1.13762
1782929940000,1.1376,1.13762,1.13755,1.13762
1782930000000,1.13762,1.13771,1.13761,1.13768
1782930060000,1.13769,1.13772,1.13765,1.13767
1782930120000,1.13767,1.13777,1.13766,1.13766
1782930180000,1.13766,1.13766,1.13754,1.13754
1782930240000,1.13753,1.13765,1.13752,1.13764
1782930300000,1.13765,1.13768,1.13758,1.1376
1782930360000,1.13759,1.13763,1.13753,1.13757
1782930420000,1.13756,1.13767,1.13756,1.13767
1782930480000,1.13765,1.13767,1.1376,1.13767
1782930540000,1.13767,1.13773,1.13764,1.13772
1782930600000,1.13772,1.13774,1.13761,1.13762
1782930660000,1.13764,1.13772,1.13762,1.13767
1782930720000,1.13769,1.1377,1.13766,1.13768
1782930780000,1.13767,1.13788,1.13767,1.13787
1782930840000,1.13787,1.13787,1.13778,1.13779
1782930900000,1.13777,1.13784,1.13777,1.13779
1782930960000,1.13781,1.13782,1.13773,1.13781
1782931020000,1.13783,1.13788,1.13782,1.13788
1782931080000,1.13787,1.13787,1.13783,1.13785
1782931140000,1.13785,1.13788,1.13783,1.13787
1782931200000,1.13788,1.13788,1.13783,1.13787
1782931260000,1.13788,1.13796,1.13782,1.13782
1782931320000,1.13784,1.13787,1.13779,1.13782
1782931380000,1.13781,1.13784,1.13778,1.13784
1782931440000,1.13786,1.13795,1.13778,1.13795
1782931500000,1.13793,1.13793,1.13787,1.13789
1782931560000,1.1379,1.13793,1.13788,1.13788
1782931620000,1.13791,1.13795,1.13787,1.13791
1782931680000,1.13788,1.1379,1.13786,1.13788
1782931740000,1.1379,1.1379,1.13784,1.13784
1782931800000,1.13781,1.13785,1.13777,1.13778
1782931860000,1.13779,1.13784,1.13777,1.13778
1782931920000,1.13778,1.13788,1.13777,1.13788
1782931980000,1.13788,1.13789,1.13783,1.13787
1782932040000,1.13789,1.13789,1.1378,1.13784
1782932100000,1.13781,1.13788,1.13781,1.13783
1782932160000,1.13784,1.13791,1.13781,1.13789
1782932220000,1.13791,1.138,1.13788,1.13798
1782932280000,1.13799,1.13803,1.13795,1.13801
1782932340000,1.138,1.13802,1.13795,1.13797
1782932400000,1.13798,1.1381,1.13798,1.13803
1782932460000,1.13801,1.13804,1.138,1.13804
1782932520000,1.13804,1.13815,1.13804,1.1381
1782932580000,1.1381,1.13811,1.13804,1.13804
1782932640000,1.13805,1.13809,1.13803,1.13803
1782932700000,1.13804,1.13809,1.13799,1.13809
1782932760000,1.13809,1.13809,1.13803,1.13805
1782932820000,1.13803,1.13805,1.13801,1.13802
1782932880000,1.13801,1.13806,1.13801,1.13805
1782932940000,1.13807,1.13809,1.13805,1.13808
1782933000000,1.13809,1.1381,1.13807,1.13807
1782933060000,1.13807,1.13807,1.13792,1.13792
1782933120000,1.13793,1.13798,1.13792,1.13798
1782933180000,1.13799,1.13799,1.13794,1.13797
1782933240000,1.13796,1.138,1.13793,1.13793
1782933300000,1.13794,1.13799,1.13792,1.13797
1782933360000,1.13798,1.138,1.13794,1.13799
1782933420000,1.13797,1.13797,1.13784,1.13784
1782933480000,1.13786,1.13787,1.13782,1.13783
1782933540000,1.13781,1.13783,1.13778,1.13779
1782933600000,1.1378,1.13785,1.13779,1.13782
1782933660000,1.13783,1.13785,1.13783,1.13784
1782933720000,1.13785,1.13786,1.13778,1.13786
1782933780000,1.13786,1.13786,1.13774,1.13774
1782933840000,1.13777,1.1378,1.13777,1.13778
1782933900000,1.13779,1.1378,1.13777,1.13777
1782933960000,1.13776,1.13783,1.13775,1.1378
1782934020000,1.13781,1.13782,1.13777,1.13782
1782934080000,1.13783,1.13788,1.13781,1.13788
1782934140000,1.13789,1.13798,1.13789,1.13794
1782934200000,1.13795,1.13799,1.13795,1.13797
1782934260000,1.13798,1.13798,1.13784,1.13789
1782934320000,1.13789,1.13796,1.13787,1.13795
1782934380000,1.13796,1.13802,1.13796,1.138
1782934440000,1.13799,1.13799,1.13794,1.13797
1782934500000,1.13797,1.13799,1.13797,1.13797
1782934560000,1.13795,1.13801,1.13795,1.13797
1782934620000,1.13798,1.13804,1.13798,1.13803
1782934680000,1.13803,1.13805,1.13799,1.13801
1782934740000,1.13801,1.13804,1.13801,1.13802
1782934800000,1.13802,1.13802,1.13794,1.13797
1782934860000,1.13797,1.13802,1.13797,1.13798
1782934920000,1.13798,1.13799,1.13794,1.13796
1782934980000,1.13796,1.13798,1.13792,1.13798
1782935040000,1.138,1.13802,1.13797,1.13802
1782935100000,1.13802,1.13802,1.13796,1.13797
1782935160000,1.13798,1.138,1.13797,1.13797
1782935220000,1.13798,1.13809,1.13798,1.13807
1782935280000,1.13809,1.13809,1.13803,1.13804
1782935340000,1.13804,1.13807,1.13802,1.13807
1782935400000,1.13808,1.13808,1.13789,1.13789
1782935460000,1.13791,1.13799,1.1379,1.13792
1782935520000,1.13792,1.13792,1.13779,1.1378
1782935580000,1.13782,1.13787,1.13778,1.13785
1782935640000,1.13784,1.13784,1.13778,1.13778
1782935700000,1.1378,1.13783,1.13777,1.13781
1782935760000,1.13782,1.13787,1.13779,1.13785
1782935820000,1.13785,1.13794,1.13778,1.13794
1782935880000,1.13794,1.13795,1.13788,1.1379
1782935940000,1.13792,1.13795,1.13786,1.13786
1782936000000,1.13786,1.13793,1.13785,1.13793
1782936060000,1.13793,1.13793,1.13784,1.13786
1782936120000,1.13787,1.13787,1.13781,1.13782
1782936180000,1.13783,1.13789,1.13783,1.13786
1782936240000,1.13787,1.1379,1.13785,1.13786
1782936300000,1.13786,1.13787,1.13779,1.13782
1782936360000,1.13784,1.13788,1.13784,1.13787
1782936420000,1.13785,1.13787,1.13785,1.13787
1782936480000,1.13786,1.13786,1.1378,1.13781
1782936540000,1.13782,1.13782,1.13776,1.13776
1782936600000,1.13776,1.13781,1.13776,1.13781
1782936660000,1.13781,1.13781,1.13777,1.13777
1782936720000,1.13778,1.13779,1.13776,1.13777
1782936780000,1.13779,1.13781,1.13774,1.13774
1782936840000,1.13776,1.13779,1.13776,1.13778
1782936900000,1.13778,1.13783,1.13777,1.13779
1782936960000,1.13781,1.13781,1.13773,1.13775
1782937020000,1.13774,1.13775,1.13768,1.13772
1782937080000,1.1377,1.13771,1.13765,1.13766
1782937140000,1.13766,1.13769,1.13765,1.13765
1782937200000,1.13765,1.13765,1.1376,1.13763
1782937260000,1.13764,1.13768,1.13764,1.13767
1782937320000,1.13765,1.1377,1.13762,1.1377
1782937380000,1.13771,1.13772,1.1377,1.13771
1782937440000,1.13772,1.13773,1.13771,1.13772
1782937500000,1.13771,1.13771,1.13766,1.13767
1782937560000,1.13767,1.13768,1.13763,1.13768
1782937620000,1.1377,1.1377,1.13768,1.13769
1782937680000,1.13769,1.1377,1.13766,1.13768
1782937740000,1.13767,1.13767,1.13761,1.13764
1782937800000,1.13762,1.13763,1.13762,1.13762
1782937860000,1.13763,1.13768,1.13762,1.13768
1782937920000,1.13769,1.13773,1.13762,1.13763
1782937980000,1.13762,1.13763,1.13762,1.13762
1782938040000,1.13762,1.13762,1.13757,1.13758
1782938100000,1.13763,1.13763,1.13762,1.13763
1782938160000,1.13762,1.13762,1.13757,1.13758
1782938220000,1.13762,1.13762,1.1376,1.13762
1782938280000,1.13762,1.13765,1.13757,1.13762
1782938340000,1.13763,1.13763,1.1376,1.13763
1782938400000,1.13761,1.13761,1.13754,1.13756
1782938460000,1.13754,1.13756,1.13749,1.13749
1782938520000,1.13748,1.13753,1.13748,1.13753
1782938580000,1.13754,1.13756,1.1375,1.13751
1782938640000,1.13751,1.13752,1.1374,1.13745
1782938700000,1.13745,1.13745,1.13742,1.13744
1782938760000,1.13742,1.13746,1.13739,1.13746
1782938820000,1.13747,1.13749,1.13744,1.13749
1782938880000,1.13749,1.1375,1.13747,1.1375
1782938940000,1.13752,1.13761,1.13748,1.1376
1782939000000,1.13763,1.13772,1.13762,1.1377
1782939060000,1.1377,1.13771,1.13768,1.13769
1782939120000,1.13771,1.13773,1.1377,1.13772
1782939180000,1.13769,1.13769,1.13763,1.13764
1782939240000,1.13761,1.13765,1.13761,1.13765
1782939300000,1.13763,1.13768,1.13754,1.13768
1782939360000,1.13766,1.13773,1.13766,1.1377
1782939420000,1.13769,1.13779,1.13769,1.13779
1782939480000,1.13781,1.13783,1.13775,1.13776
1782939540000,1.13777,1.13777,1.13765,1.13767
1782939600000,1.13768,1.13768,1.13763,1.13764
1782939660000,1.13768,1.13768,1.13768,1.13768
1782939720000,1.13772,1.13772,1.13762,1.13763
1782939780000,1.13766,1.13767,1.13766,1.13767
1782939840000,1.13763,1.13763,1.13763,1.13763
1782939900000,1.13759,1.13773,1.13759,1.13773
1782939960000,1.13773,1.13773,1.13766,1.13768
1782940020000,1.13761,1.13768,1.13758,1.13768
1782940080000,1.13766,1.13769,1.13763,1.13769
1782940140000,1.13772,1.13777,1.13772,1.13777
1782940200000,1.13775,1.13776,1.13775,1.13776
1782940260000,1.13777,1.13777,1.13777,1.13777
1782940320000,1.13776,1.13776,1.13776,1.13776
1782940380000,1.13775,1.13776,1.13775,1.13776
1782940440000,1.13776,1.13776,1.13776,1.13776
1782940500000,1.13775,1.13776,1.13775,1.13776
1782940560000,1.13777,1.13778,1.13776,1.13777
1782940620000,1.13777,1.13777,1.13777,1.13777
1782940680000,1.13778,1.13778,1.13778,1.13778
1782940740000,1.13777,1.13777,1.13777,1.13777
1782940800000,1.13778,1.13778,1.13778,1.13778
1782940860000,1.13778,1.13778,1.13778,1.13778
1782940920000,1.13778,1.13778,1.13778,1.13778
1782940980000,1.13777,1.13778,1.13777,1.13778
1782941040000,1.13778,1.13778,1.13778,1.13778
1782941100000,1.13777,1.13777,1.13777,1.13777
1782941160000,1.13775,1.13777,1.13775,1.13776
1782941220000,1.13774,1.13776,1.13774,1.13776
1782941280000,1.13775,1.13781,1.13775,1.13781
1782941340000,1.13785,1.13785,1.13784,1.13784
1782941400000,1.13785,1.13789,1.13784,1.13788
1782941460000,1.13788,1.1379,1.13788,1.13789
1782941520000,1.1379,1.1379,1.13789,1.1379
1782941580000,1.13786,1.13786,1.13785,1.13785
1782941640000,1.13784,1.13785,1.13784,1.13785
1782941700000,1.13784,1.13786,1.13784,1.13784
1782941760000,1.13784,1.13785,1.13784,1.13784
1782941820000,1.13784,1.13784,1.13784,1.13784
1782941880000,1.13785,1.13785,1.13784,1.13785
1782941940000,1.13784,1.13784,1.13783,1.13783
1782942000000,1.13785,1.13785,1.13785,1.13785
1782942060000,1.13783,1.13784,1.13783,1.13783
1782942120000,1.13784,1.13784,1.13783,1.13783
1782942180000,1.13784,1.13784,1.13783,1.13784
1782942240000,1.13784,1.13784,1.13784,1.13784
1782942300000,1.13784,1.13784,1.13784,1.13784
1782942360000,1.13783,1.13784,1.13782,1.13782
1782942420000,1.13783,1.13783,1.13783,1.13783
1782942480000,1.13782,1.13783,1.13782,1.13783
1782942540000,1.13783,1.13783,1.13783,1.13783
1782942600000,1.13783,1.13783,1.13783,1.13783
1782942660000,1.13782,1.13782,1.13782,1.13782
1782942720000,1.13782,1.13782,1.13782,1.13782
1782942780000,1.13782,1.13782,1.13782,1.13782
1782942840000,1.13782,1.13782,1.13782,1.13782
1782942900000,1.13784,1.13785,1.13783,1.13785
1782942960000,1.13785,1.13785,1.13785,1.13785
1782943020000,1.13786,1.13786,1.13786,1.13786
1782943080000,1.13786,1.13786,1.13786,1.13786
1782943140000,1.13786,1.13786,1.13777,1.13779
1782943200000,1.13779,1.13783,1.13775,1.13781
1782943260000,1.13784,1.13785,1.13779,1.1378
1782943320000,1.13779,1.1378,1.13774,1.13774
1782943380000,1.13775,1.13775,1.1377,1.13773
1782943440000,1.13771,1.13772,1.13771,1.13772
1782943500000,1.13772,1.13778,1.13771,1.13777
1782943560000,1.1378,1.1378,1.13777,1.13777
1782943620000,1.13777,1.13777,1.13777,1.13777
1782943680000,1.13783,1.13785,1.1378,1.1378
1782943740000,1.13781,1.13783,1.13778,1.13781
1782943800000,1.1378,1.13783,1.1378,1.13783
1782943860000,1.13782,1.13782,1.13782,1.13782
1782943920000,1.13782,1.13783,1.13781,1.13782
1782943980000,1.1378,1.1378,1.13779,1.13779
1782944040000,1.13778,1.1378,1.13778,1.1378
1782944100000,1.13779,1.1378,1.13778,1.13778
1782944160000,1.13777,1.13778,1.13777,1.13778
1782944220000,1.13778,1.13778,1.13778,1.13778
1782944280000,1.1378,1.13782,1.1378,1.13782
1782944340000,1.13782,1.13786,1.13782,1.13786
1782944400000,1.13791,1.13792,1.1379,1.13791
1782944460000,1.13791,1.13791,1.13791,1.13791
1782944520000,1.1379,1.1379,1.1379,1.1379
1782944580000,1.1379,1.13792,1.1379,1.13792
1782944640000,1.13793,1.13795,1.13791,1.13795
1782944700000,1.13794,1.13794,1.1379,1.13791
1782944760000,1.13791,1.13791,1.1379,1.13791
1782944820000,1.13792,1.13794,1.13792,1.13794
1782944880000,1.13792,1.13792,1.1379,1.13791
1782944940000,1.13791,1.13791,1.1379,1.1379
1782945000000,1.1379,1.1379,1.13786,1.13787
1782945060000,1.13789,1.13789,1.13786,1.13787
1782945120000,1.13789,1.13792,1.13789,1.13792
1782945180000,1.13791,1.13792,1.13791,1.13792
1782945240000,1.13792,1.13793,1.13791,1.13793
1782945300000,1.13792,1.13792,1.13792,1.13792
1782945360000,1.13791,1.13793,1.13791,1.13791
1782945420000,1.13793,1.13794,1.13792,1.13793
1782945480000,1.13792,1.13792,1.13792,1.13792
1782945540000,1.13792,1.13794,1.13791,1.13794
1782945600000,1.13793,1.13795,1.13792,1.13793
1782945660000,1.13793,1.13794,1.13792,1.13794
1782945720000,1.13792,1.13793,1.13792,1.13793
1782945780000,1.13794,1.13794,1.13794,1.13794
1782945840000,1.13793,1.13793,1.13793,1.13793
1782945900000,1.13791,1.13791,1.13786,1.13786
1782945960000,1.13787,1.13788,1.13786,1.13786
1782946020000,1.13787,1.13787,1.13786,1.13786
1782946080000,1.13786,1.13788,1.13786,1.13787
1782946140000,1.13787,1.13789,1.13787,1.13787
1782946200000,1.13785,1.13787,1.13784,1.13786
1782946260000,1.13786,1.13786,1.13786,1.13786
1782946320000,1.13785,1.13786,1.13784,1.13786
1782946380000,1.13785,1.13786,1.13785,1.13785
1782946440000,1.13785,1.13785,1.13785,1.13785
1782946500000,1.13784,1.13784,1.13784,1.13784
1782946560000,1.13785,1.13786,1.13784,1.13786
1782946620000,1.13785,1.13785,1.13785,1.13785
1782946680000,1.13788,1.13789,1.13788,1.13789
1782946740000,1.13787,1.13787,1.13787,1.13787
1782946800000,1.13787,1.13788,1.13785,1.13785
1782946860000,1.13785,1.13785,1.13785,1.13785
1782946920000,1.13786,1.13786,1.13785,1.13785
1782946980000,1.13785,1.13787,1.13785,1.13786
1782947040000,1.13787,1.13787,1.13785,1.13785
1782947100000,1.13787,1.13787,1.13787,1.13787
1782947160000,1.13785,1.13787,1.13785,1.13786
1782947220000,1.13784,1.13784,1.13784,1.13784
1782947280000,1.13784,1.13784,1.13784,1.13784
1782947340000,1.13783,1.13783,1.13783,1.13783
1782947400000,1.13783,1.13785,1.13777,1.13779
1782947460000,1.13779,1.13779,1.13779,1.13779
1782947520000,1.1378,1.13784,1.13778,1.13783
1782947580000,1.13782,1.13783,1.13782,1.13783
1782947640000,1.13782,1.13782,1.13782,1.13782
1782947700000,1.13783,1.13783,1.13776,1.13776
1782947760000,1.13777,1.13778,1.13776,1.13777
1782947820000,1.13778,1.13778,1.13773,1.13776
1782947880000,1.13777,1.13778,1.13774,1.13776
1782947940000,1.13774,1.13778,1.13774,1.13777
1782948000000,1.13777,1.13777,1.13776,1.13776
1782948060000,1.13775,1.13777,1.13775,1.13777
1782948120000,1.13777,1.13777,1.13776,1.13776
1782948180000,1.13776,1.13779,1.13776,1.13778
1782948240000,1.13782,1.13784,1.13778,1.13778
1782948300000,1.13779,1.13779,1.13779,1.13779
1782948360000,1.13779,1.1378,1.13778,1.13778
1782948420000,1.13779,1.13779,1.13777,1.13777
1782948480000,1.13777,1.13777,1.13777,1.13777
1782948540000,1.13779,1.13779,1.13779,1.13779
1782948600000,1.13779,1.13782,1.13779,1.13779
1782948660000,1.13779,1.13781,1.13777,1.13777
1782948720000,1.13776,1.13778,1.13776,1.13778
1782948780000,1.1378,1.1378,1.1378,1.1378
1782948840000,1.1378,1.1378,1.13776,1.1378
1782948900000,1.1378,1.1378,1.13778,1.1378
1782948960000,1.13778,1.1378,1.13778,1.13778
1782949020000,1.13778,1.1378,1.13778,1.13778
1782949080000,1.1378,1.1378,1.13778,1.13779
1782949140000,1.13779,1.13779,1.13775,1.13777
1782949200000,1.13778,1.13779,1.13777,1.13779
1782949260000,1.1378,1.1378,1.13778,1.13778
1782949320000,1.13781,1.13782,1.13781,1.13782
1782949380000,1.13782,1.13782,1.13776,1.13776
1782949440000,1.13777,1.13785,1.13775,1.13783
1782949500000,1.13783,1.13784,1.13782,1.13783
1782949560000,1.13782,1.13783,1.13776,1.13778
1782949620000,1.13779,1.13783,1.13779,1.13782
1782949680000,1.13782,1.13784,1.13782,1.13783
1782949740000,1.13783,1.13783,1.13777,1.13778
1782949800000,1.13778,1.13779,1.13773,1.13778
1782949860000,1.13776,1.13779,1.13774,1.13778
1782949920000,1.13778,1.13778,1.1377,1.13774
1782949980000,1.13774,1.13779,1.13774,1.13775
1782950040000,1.13775,1.1378,1.13775,1.13778
1782950100000,1.13777,1.13783,1.13774,1.13783
1782950160000,1.13784,1.13784,1.13778,1.13779
1782950220000,1.13779,1.1378,1.13777,1.13777
1782950280000,1.13776,1.13776,1.13773,1.13773
1782950340000,1.13774,1.13774,1.13773,1.13774
1782950400000,1.13773,1.13774,1.13761,1.13764
1782950460000,1.13764,1.13779,1.13764,1.13779
1782950520000,1.13779,1.13786,1.13771,1.13786
1782950580000,1.13787,1.13788,1.13784,1.13788
1782950640000,1.13788,1.13797,1.13787,1.13791
1782950700000,1.1379,1.13802,1.13788,1.138
1782950760000,1.138,1.13802,1.13796,1.13801
1782950820000,1.13801,1.13828,1.13801,1.13826
1782950880000,1.13825,1.13832,1.13822,1.13822
1782950940000,1.13819,1.13826,1.13815,1.13819
1782951000000,1.1382,1.13821,1.13811,1.13811
1782951060000,1.1381,1.13813,1.13805,1.1381
1782951120000,1.1381,1.13816,1.13807,1.13812
1782951180000,1.13812,1.13812,1.13801,1.13801
1782951240000,1.13801,1.13807,1.13801,1.13805
1782951300000,1.13804,1.13804,1.13784,1.13786
1782951360000,1.13785,1.13789,1.13783,1.13788
1782951420000,1.13788,1.13789,1.13781,1.13785
1782951480000,1.13786,1.13788,1.13785,1.13786
1782951540000,1.13786,1.13786,1.13777,1.13777
1782951600000,1.13776,1.13788,1.13776,1.13787
1782951660000,1.13786,1.13788,1.13782,1.13785
1782951720000,1.13785,1.13787,1.13783,1.13787
1782951780000,1.13788,1.13789,1.1378,1.1378
1782951840000,1.13782,1.13788,1.13782,1.13787
1782951900000,1.13786,1.13786,1.13776,1.13776
1782951960000,1.13777,1.13777,1.13766,1.1377
1782952020000,1.13772,1.13772,1.13767,1.13772
1782952080000,1.13771,1.13771,1.13765,1.13766
1782952140000,1.13765,1.13767,1.13763,1.13766
1782952200000,1.13768,1.1377,1.13761,1.13761
1782952260000,1.13761,1.13763,1.13756,1.13757
1782952320000,1.13757,1.13758,1.13752,1.13758
1782952380000,1.13755,1.13756,1.13751,1.13752
1782952440000,1.13752,1.13757,1.13749,1.13749
1782952500000,1.1375,1.13759,1.1375,1.13757
1782952560000,1.13758,1.13766,1.13758,1.1376
1782952620000,1.13759,1.13761,1.13757,1.13761
1782952680000,1.13763,1.13764,1.1376,1.13762
1782952740000,1.13761,1.13766,1.13761,1.13764
1782952800000,1.13764,1.13766,1.13762,1.13762
1782952860000,1.13763,1.13768,1.13763,1.13767
1782952920000,1.13767,1.13786,1.13767,1.13772
1782952980000,1.1377,1.13771,1.13768,1.1377
1782953040000,1.1377,1.13775,1.13767,1.13774
1782953100000,1.13771,1.13781,1.13771,1.13778
1782953160000,1.13777,1.13785,1.13777,1.13781
1782953220000,1.13781,1.13792,1.1378,1.13789
1782953280000,1.13789,1.1379,1.13787,1.13788
1782953340000,1.13787,1.13795,1.13787,1.13793
1782953400000,1.13792,1.13792,1.13783,1.13783
1782953460000,1.13783,1.13784,1.1378,1.13782
1782953520000,1.13781,1.1379,1.13775,1.13789
1782953580000,1.13788,1.13788,1.13779,1.13784
1782953640000,1.13784,1.13785,1.13772,1.13778
1782953700000,1.13775,1.13776,1.13757,1.13765
1782953760000,1.13764,1.13765,1.1376,1.13762
1782953820000,1.13761,1.13769,1.13758,1.13768
1782953880000,1.13769,1.13771,1.13765,1.13765
1782953940000,1.13764,1.13765,1.1376,1.13765
1782954000000,1.13763,1.13776,1.13761,1.13774
1782954060000,1.13776,1.13781,1.1377,1.13781
1782954120000,1.1378,1.13788,1.13777,1.13781
1782954180000,1.13781,1.13785,1.13779,1.13782
1782954240000,1.13783,1.13785,1.13778,1.13782
1782954300000,1.13781,1.13786,1.13776,1.1378
1782954360000,1.13781,1.13789,1.13779,1.13789
1782954420000,1.13788,1.13788,1.13783,1.13787
1782954480000,1.13787,1.13793,1.13786,1.13793
1782954540000,1.13794,1.13794,1.1379,1.1379
1782954600000,1.13788,1.13798,1.13786,1.13797
1782954660000,1.13797,1.13798,1.1379,1.1379
1782954720000,1.13789,1.13791,1.13784,1.13785
1782954780000,1.13785,1.13785,1.1378,1.1378
1782954840000,1.1378,1.13794,1.13775,1.13794
1782954900000,1.13793,1.13796,1.13783,1.13784
1782954960000,1.13786,1.1379,1.13784,1.13785
1782955020000,1.13786,1.13788,1.13774,1.13778
1782955080000,1.13778,1.13788,1.13778,1.13786
1782955140000,1.13785,1.13789,1.13784,1.13787
1782955200000,1.13787,1.13792,1.13782,1.13788
1782955260000,1.13787,1.13797,1.13786,1.13796
1782955320000,1.13795,1.13801,1.13791,1.13797
1782955380000,1.13796,1.13797,1.13795,1.13796
1782955440000,1.13793,1.13798,1.13793,1.13795
1782955500000,1.13795,1.13797,1.13792,1.13796
1782955560000,1.13795,1.13796,1.13786,1.13791
1782955620000,1.13792,1.13792,1.13787,1.13788
1782955680000,1.13786,1.13791,1.13784,1.13785
1782955740000,1.13784,1.13792,1.1378,1.13792
1782955800000,1.1379,1.13793,1.13786,1.13791
1782955860000,1.13792,1.13792,1.13789,1.13791
1782955920000,1.13791,1.13791,1.13774,1.13778
1782955980000,1.13777,1.13782,1.13773,1.13773
1782956040000,1.13774,1.13783,1.13774,1.13783
1782956100000,1.13783,1.13784,1.13779,1.1378
1782956160000,1.1378,1.13784,1.1378,1.13784
1782956220000,1.13786,1.13795,1.13786,1.13795
1782956280000,1.13796,1.13803,1.13793,1.13802
1782956340000,1.138,1.13812,1.138,1.13812
1782956400000,1.13814,1.13824,1.13814,1.1382
1782956460000,1.1382,1.1382,1.13815,1.13816
1782956520000,1.13816,1.13816,1.13814,1.13816
1782956580000,1.13818,1.13828,1.13816,1.13828
1782956640000,1.1383,1.1383,1.13811,1.13811
1782956700000,1.1381,1.13817,1.13806,1.13817
1782956760000,1.13818,1.13837,1.13818,1.13837
1782956820000,1.13835,1.1384,1.13834,1.13836
1782956880000,1.13835,1.13853,1.13835,1.13851
1782956940000,1.13852,1.13852,1.13849,1.1385
1782957000000,1.13849,1.13857,1.13845,1.13855
1782957060000,1.13854,1.13854,1.13841,1.13842
1782957120000,1.13842,1.13842,1.13833,1.13835
1782957180000,1.13835,1.13841,1.13834,1.13841
1782957240000,1.13841,1.13841,1.13835,1.13836
1782957300000,1.13834,1.13834,1.13827,1.13827
1782957360000,1.13827,1.13831,1.13825,1.13825
1782957420000,1.13823,1.13827,1.13814,1.13816
1782957480000,1.13817,1.13819,1.13813,1.13814
1782957540000,1.13812,1.13816,1.13808,1.13814
1782957600000,1.13816,1.13837,1.13814,1.13836
1782957660000,1.13836,1.13836,1.13826,1.13835
1782957720000,1.13834,1.13836,1.1383,1.13833
1782957780000,1.13833,1.13841,1.13833,1.13835
1782957840000,1.13835,1.13839,1.13832,1.13838
1782957900000,1.13836,1.13842,1.13834,1.13838
1782957960000,1.13839,1.13845,1.13836,1.13845
1782958020000,1.13845,1.13846,1.13843,1.13845
1782958080000,1.13844,1.13847,1.1384,1.13841
1782958140000,1.1384,1.13844,1.13836,1.13839
1782958200000,1.13839,1.13841,1.13837,1.13839
1782958260000,1.13839,1.13839,1.13832,1.13834
1782958320000,1.13836,1.13847,1.13833,1.13847
1782958380000,1.13845,1.1385,1.13845,1.13849
1782958440000,1.13851,1.13866,1.13848,1.13864
1782958500000,1.13863,1.13873,1.1386,1.13871
1782958560000,1.1387,1.13883,1.13869,1.13876
1782958620000,1.13876,1.1388,1.13874,1.13878
1782958680000,1.13878,1.13882,1.13877,1.13882
1782958740000,1.13881,1.13883,1.13878,1.13881
1782958800000,1.1388,1.13881,1.13869,1.13869
1782958860000,1.1387,1.13871,1.13864,1.13866
1782958920000,1.13868,1.13868,1.13857,1.13857
1782958980000,1.13855,1.13856,1.13851,1.13851
1782959040000,1.13853,1.13854,1.13848,1.1385
1782959100000,1.1385,1.1385,1.13848,1.1385
1782959160000,1.13849,1.13851,1.13847,1.13851
1782959220000,1.1385,1.1385,1.13845,1.13846
1782959280000,1.13847,1.13847,1.13839,1.13843
1782959340000,1.13844,1.13851,1.13843,1.13849
1782959400000,1.1385,1.1385,1.1385,1.1385
1782959460000,1.1385,1.13852,1.13848,1.13851
1782959520000,1.13851,1.13861,1.13851,1.13861
1782959580000,1.13861,1.13863,1.13858,1.13859
1782959640000,1.13861,1.13862,1.1386,1.13862
1782959700000,1.13861,1.13861,1.13853,1.13856
1782959760000,1.13856,1.13858,1.13854,1.13854
1782959820000,1.13855,1.13856,1.13847,1.1385
1782959880000,1.13849,1.13854,1.13848,1.13849
1782959940000,1.13848,1.13851,1.13846,1.13846
1782960000000,1.13845,1.13845,1.13839,1.13843
1782960060000,1.13844,1.13844,1.13839,1.1384
1782960120000,1.13841,1.13841,1.13839,1.1384
1782960180000,1.13841,1.1385,1.13841,1.1385
1782960240000,1.13849,1.13849,1.13842,1.13844
1782960300000,1.13843,1.13848,1.13842,1.13843
1782960360000,1.13843,1.1385,1.13842,1.13844
1782960420000,1.13844,1.13844,1.1384,1.13842
1782960480000,1.13842,1.13842,1.13834,1.13835
1782960540000,1.13834,1.13837,1.13833,1.13835
1782960600000,1.13833,1.13836,1.13833,1.13836
1782960660000,1.13834,1.13845,1.13834,1.13844
1782960720000,1.13843,1.13843,1.13835,1.13835
1782960780000,1.13835,1.13835,1.13825,1.1383
1782960840000,1.13831,1.13835,1.13827,1.13833
1782960900000,1.13832,1.13834,1.13819,1.1382
1782960960000,1.13818,1.13819,1.13809,1.13815
1782961020000,1.13816,1.13824,1.13815,1.13824
1782961080000,1.13824,1.13828,1.13824,1.13826
1782961140000,1.13825,1.13826,1.13819,1.13821
1782961200000,1.1382,1.13831,1.13819,1.1383
1782961260000,1.13832,1.13833,1.13827,1.13828
1782961320000,1.13827,1.13827,1.13812,1.13815
1782961380000,1.13815,1.13817,1.13814,1.13815
1782961440000,1.13814,1.13818,1.13811,1.13813
1782961500000,1.13814,1.13817,1.13807,1.13815
1782961560000,1.13816,1.13818,1.13814,1.13815
1782961620000,1.13815,1.1382,1.13814,1.13818
1782961680000,1.13819,1.13819,1.13812,1.13813
1782961740000,1.13812,1.13814,1.13804,1.13804
1782961800000,1.13806,1.13806,1.13796,1.13799
1782961860000,1.13798,1.13798,1.13788,1.13798
1782961920000,1.138,1.138,1.13796,1.13796
1782961980000,1.13796,1.13799,1.13793,1.13798
1782962040000,1.13799,1.13802,1.13795,1.13796
1782962100000,1.13797,1.13803,1.13796,1.13801
1782962160000,1.13801,1.13802,1.13798,1.13799
1782962220000,1.138,1.138,1.13786,1.13788
1782962280000,1.13788,1.13788,1.13783,1.13785
1782962340000,1.13784,1.13787,1.13784,1.13785
1782962400000,1.13785,1.13786,1.13779,1.13783
1782962460000,1.13785,1.13786,1.13784,1.13786
1782962520000,1.13787,1.1379,1.13785,1.13788
1782962580000,1.13788,1.13788,1.13785,1.13785
1782962640000,1.13785,1.13786,1.13783,1.13784
1782962700000,1.13786,1.13787,1.13785,1.13786
1782962760000,1.13788,1.13788,1.13779,1.13781
1782962820000,1.13782,1.13789,1.13781,1.13786
1782962880000,1.13786,1.13797,1.13786,1.13795
1782962940000,1.13795,1.13801,1.13794,1.13801
1782963000000,1.13801,1.13807,1.138,1.13807
1782963060000,1.13806,1.13812,1.13804,1.13809
1782963120000,1.13807,1.13812,1.13799,1.13799
1782963180000,1.138,1.13803,1.13799,1.138
1782963240000,1.138,1.13802,1.13798,1.13801
1782963300000,1.138,1.138,1.13794,1.13796
1782963360000,1.13796,1.13796,1.1379,1.13793
1782963420000,1.13793,1.13797,1.13793,1.13796
1782963480000,1.13796,1.13806,1.13796,1.13802
1782963540000,1.13803,1.13803,1.13797,1.138
1782963600000,1.13798,1.13808,1.13798,1.13808
1782963660000,1.13808,1.13808,1.13802,1.13802
1782963720000,1.13805,1.13812,1.13804,1.13812
1782963780000,1.13809,1.1381,1.13807,1.1381
1782963840000,1.13809,1.13811,1.13806,1.13806
1782963900000,1.13806,1.13808,1.13805,1.13806
1782963960000,1.13805,1.13805,1.138,1.13805
1782964020000,1.13803,1.13806,1.13796,1.138
1782964080000,1.13801,1.13802,1.138,1.138
1782964140000,1.13801,1.13806,1.13799,1.13805
1782964200000,1.13808,1.13812,1.13806,1.13808
1782964260000,1.13809,1.1381,1.138,1.138
1782964320000,1.13802,1.13802,1.13796,1.13799
1782964380000,1.13799,1.13801,1.13795,1.13795
1782964440000,1.13794,1.13795,1.1379,1.13795
1782964500000,1.13794,1.13801,1.13792,1.138
1782964560000,1.138,1.1382,1.13798,1.13812
1782964620000,1.13812,1.13813,1.13803,1.1381
1782964680000,1.13811,1.13819,1.1381,1.13816
1782964740000,1.13817,1.13825,1.13815,1.13822
1782964800000,1.13823,1.13835,1.13822,1.13835
1782964860000,1.13834,1.13853,1.13833,1.13851
1782964920000,1.1385,1.13872,1.1385,1.13859
1782964980000,1.13861,1.13863,1.13845,1.13845
1782965040000,1.13845,1.1385,1.13835,1.13836
1782965100000,1.13839,1.13842,1.13836,1.1384
1782965160000,1.13841,1.13851,1.13841,1.13851
1782965220000,1.1385,1.1386,1.13846,1.1385
1782965280000,1.13851,1.13861,1.1385,1.13861
1782965340000,1.13863,1.13871,1.13863,1.13863
1782965400000,1.13865,1.13868,1.1386,1.13866
1782965460000,1.13866,1.13866,1.13855,1.13859
1782965520000,1.13857,1.13857,1.13846,1.13856
1782965580000,1.13855,1.13861,1.13855,1.13859
1782965640000,1.1386,1.1386,1.13856,1.13856
1782965700000,1.13857,1.13857,1.1385,1.13851
1782965760000,1.13852,1.13858,1.13846,1.13852
1782965820000,1.13851,1.13851,1.13851,1.13851
1782965880000,1.13851,1.13851,1.13851,1.13851
1782965940000,1.13853,1.13855,1.13851,1.13853
1782966000000,1.13853,1.13861,1.13852,1.13854
1782966060000,1.13855,1.13855,1.13852,1.13852
1782966120000,1.13851,1.13852,1.13845,1.13849
1782966180000,1.13847,1.13847,1.13837,1.13839
1782966240000,1.1384,1.13848,1.1384,1.13847
1782966300000,1.13848,1.13856,1.13848,1.13854
1782966360000,1.13855,1.13856,1.13846,1.13847
1782966420000,1.13846,1.1385,1.13844,1.1385
1782966480000,1.13848,1.13852,1.13848,1.13851
1782966540000,1.13849,1.13849,1.13844,1.13844
1782966600000,1.13845,1.13855,1.13843,1.13855
1782966660000,1.13854,1.13856,1.13852,1.13855
1782966720000,1.13856,1.13861,1.13855,1.1386
1782966780000,1.13861,1.13863,1.13858,1.13863
1782966840000,1.13861,1.13862,1.13858,1.13859
1782966900000,1.1386,1.1386,1.13853,1.13855
1782966960000,1.13856,1.13862,1.13856,1.1386
1782967020000,1.13862,1.13863,1.13859,1.13859
1782967080000,1.13861,1.13862,1.13857,1.13858
1782967140000,1.1386,1.13861,1.13855,1.13861
1782967200000,1.13859,1.1386,1.13856,1.13858
1782967260000,1.13858,1.13859,1.13853,1.13853
1782967320000,1.13854,1.13857,1.13854,1.13857
1782967380000,1.13855,1.13857,1.13854,1.13855
1782967440000,1.13857,1.1386,1.13855,1.13856
1782967500000,1.13856,1.13856,1.13853,1.13854
1782967560000,1.13856,1.13861,1.13856,1.13861
1782967620000,1.13858,1.13861,1.13853,1.13854
1782967680000,1.13855,1.13855,1.13853,1.13855
1782967740000,1.13855,1.13855,1.13853,1.13854
1782967800000,1.13856,1.13876,1.13855,1.13874
1782967860000,1.13875,1.13881,1.13869,1.13876
1782967920000,1.13876,1.13877,1.13873,1.13876
1782967980000,1.13878,1.1388,1.13873,1.13875
1782968040000,1.13878,1.13881,1.13869,1.13869
1782968100000,1.1387,1.13876,1.13866,1.13868
1782968160000,1.13869,1.13871,1.13865,1.13866
1782968220000,1.13865,1.13875,1.13865,1.13874
1782968280000,1.13876,1.13876,1.13863,1.1387
1782968340000,1.1387,1.13872,1.13866,1.13867
1782968400000,1.13866,1.13877,1.13865,1.13875
1782968460000,1.13874,1.13876,1.13868,1.13874
1782968520000,1.13875,1.13877,1.13871,1.13875
1782968580000,1.13874,1.13878,1.13872,1.13875
1782968640000,1.13877,1.13877,1.13867,1.13868
1782968700000,1.13867,1.13867,1.1386,1.13862
1782968760000,1.13863,1.13863,1.13856,1.13858
1782968820000,1.13857,1.13881,1.13855,1.1388
1782968880000,1.13881,1.13886,1.13872,1.13875
1782968940000,1.13876,1.13876,1.13867,1.1387
1782969000000,1.1387,1.13875,1.13867,1.13867
1782969060000,1.13868,1.13872,1.13865,1.1387
1782969120000,1.13871,1.13871,1.13869,1.13869
1782969180000,1.13868,1.13868,1.1386,1.13863
1782969240000,1.13862,1.13863,1.13861,1.13863
1782969300000,1.13862,1.13862,1.13855,1.13857
1782969360000,1.13856,1.13858,1.13854,1.13856
1782969420000,1.13859,1.13861,1.13855,1.13861
1782969480000,1.1386,1.13866,1.13859,1.13866
1782969540000,1.13865,1.13865,1.13859,1.13859
1782969600000,1.13858,1.1386,1.13854,1.13858
1782969660000,1.13857,1.13863,1.13856,1.13861
1782969720000,1.13863,1.13863,1.1386,1.1386
1782969780000,1.13859,1.13862,1.13859,1.1386
1782969840000,1.13861,1.13867,1.13861,1.13864
1782969900000,1.13862,1.13862,1.13855,1.13856
1782969960000,1.13856,1.13856,1.13853,1.13853
1782970020000,1.13851,1.13851,1.13845,1.13845
1782970080000,1.13847,1.13848,1.13839,1.1384
1782970140000,1.13841,1.13845,1.13839,1.13845
1782970200000,1.13844,1.13845,1.13836,1.13841
1782970260000,1.13844,1.13845,1.13835,1.13838
1782970320000,1.13837,1.13841,1.13833,1.13834
1782970380000,1.13836,1.13836,1.13815,1.13825
1782970440000,1.13826,1.13837,1.13825,1.13827
1782970500000,1.13828,1.13832,1.13826,1.13829
1782970560000,1.13827,1.13827,1.13823,1.13824
1782970620000,1.13827,1.13835,1.13822,1.13832
1782970680000,1.13831,1.13831,1.13826,1.13828
1782970740000,1.13828,1.13831,1.13825,1.13825
1782970800000,1.13826,1.13843,1.13826,1.13841
1782970860000,1.13841,1.13851,1.13837,1.13849
1782970920000,1.1385,1.13852,1.13845,1.13847
1782970980000,1.13846,1.13846,1.13841,1.13841
1782971040000,1.13843,1.13843,1.13837,1.13839
1782971100000,1.1384,1.1384,1.13834,1.13839
1782971160000,1.1384,1.13849,1.13835,1.13849
1782971220000,1.13848,1.13851,1.13846,1.13851
1782971280000,1.1385,1.1385,1.13849,1.13849
1782971340000,1.13849,1.1385,1.13837,1.13839
1782971400000,1.1384,1.13857,1.1384,1.13852
1782971460000,1.13852,1.13854,1.1385,1.1385
1782971520000,1.13851,1.13854,1.1385,1.13851
1782971580000,1.1385,1.13852,1.13844,1.13845
1782971640000,1.13846,1.13849,1.13839,1.1384
1782971700000,1.13841,1.13845,1.13832,1.13844
1782971760000,1.13841,1.13846,1.1384,1.13845
1782971820000,1.13843,1.13861,1.13843,1.13858
1782971880000,1.13857,1.13861,1.13854,1.13855
1782971940000,1.13855,1.13859,1.13855,1.13857
1782972000000,1.13858,1.13879,1.13853,1.13876
1782972060000,1.13876,1.13885,1.13865,1.13885
1782972120000,1.13884,1.13884,1.1387,1.13875
1782972180000,1.13876,1.13894,1.13872,1.13892
1782972240000,1.13894,1.13894,1.13883,1.13886
1782972300000,1.13887,1.1389,1.1388,1.1388
1782972360000,1.13879,1.13885,1.13873,1.13884
1782972420000,1.13884,1.13898,1.13883,1.13897
1782972480000,1.13897,1.13916,1.13894,1.13903
1782972540000,1.13904,1.13907,1.13875,1.13877
1782972600000,1.13877,1.13899,1.13877,1.13899
1782972660000,1.139,1.13905,1.13894,1.13902
1782972720000,1.13902,1.13908,1.13889,1.13898
1782972780000,1.13897,1.13912,1.13896,1.13906
1782972840000,1.13908,1.13914,1.13889,1.13889
1782972900000,1.13891,1.13892,1.13885,1.13886
1782972960000,1.13886,1.13886,1.13876,1.13882
1782973020000,1.13882,1.13882,1.13876,1.13878
1782973080000,1.1388,1.13881,1.1387,1.1387
1782973140000,1.13867,1.13875,1.13861,1.13875
1782973200000,1.13873,1.13885,1.13872,1.13875
1782973260000,1.13876,1.13877,1.13863,1.13866
1782973320000,1.13865,1.13879,1.13864,1.13874
1782973380000,1.13875,1.13879,1.13874,1.13878
1782973440000,1.13879,1.13887,1.13874,1.13876
1782973500000,1.13877,1.13885,1.13867,1.13876
1782973560000,1.13877,1.13878,1.13868,1.13873
1782973620000,1.13872,1.13877,1.13871,1.13875
1782973680000,1.13873,1.13874,1.13867,1.1387
1782973740000,1.13871,1.13875,1.13868,1.13874
1782973800000,1.13875,1.1388,1.13869,1.13875
1782973860000,1.13874,1.13882,1.13867,1.13871
1782973920000,1.13874,1.13887,1.13874,1.13884
1782973980000,1.13883,1.13887,1.13883,1.13885
1782974040000,1.13883,1.13889,1.1388,1.13886
1782974100000,1.13887,1.13887,1.13879,1.1388
1782974160000,1.1388,1.13887,1.1388,1.13885
1782974220000,1.13885,1.13894,1.13884,1.1389
1782974280000,1.1389,1.13891,1.13884,1.1389
1782974340000,1.1389,1.13892,1.13887,1.13888
1782974400000,1.13887,1.13897,1.13883,1.13892
1782974460000,1.13894,1.13898,1.13893,1.13897
1782974520000,1.13898,1.13907,1.13895,1.13901
1782974580000,1.139,1.13906,1.13898,1.13905
1782974640000,1.13905,1.13914,1.13904,1.13913
1782974700000,1.13914,1.13917,1.13907,1.13914
1782974760000,1.13913,1.13926,1.13913,1.1392
1782974820000,1.13919,1.13932,1.13917,1.13925
1782974880000,1.13925,1.13953,1.13923,1.13948
1782974940000,1.13949,1.13998,1.13947,1.13992
1782975000000,1.13993,1.14045,1.13983,1.13989
1782975060000,1.13988,1.13993,1.13967,1.13967
1782975120000,1.13968,1.13973,1.13954,1.13964
1782975180000,1.13963,1.13966,1.13945,1.1395
1782975240000,1.13949,1.13955,1.13943,1.13944
1782975300000,1.13943,1.13966,1.1394,1.13961
1782975360000,1.13958,1.13971,1.13955,1.13963
1782975420000,1.13961,1.13974,1.13946,1.13949
1782975480000,1.13946,1.13955,1.13944,1.13954
1782975540000,1.13956,1.13956,1.13942,1.13945
1782975600000,1.13946,1.13947,1.13916,1.13917
1782975660000,1.13918,1.13934,1.13918,1.13928
1782975720000,1.13928,1.13935,1.13919,1.1393
1782975780000,1.1393,1.13939,1.13928,1.13935
1782975840000,1.13935,1.13935,1.13925,1.13929
1782975900000,1.13929,1.13935,1.13913,1.13913
1782975960000,1.13914,1.13917,1.13905,1.13911
1782976020000,1.1391,1.13919,1.13904,1.13915
1782976080000,1.13915,1.13925,1.13914,1.13918
1782976140000,1.13919,1.13946,1.13915,1.13941
1782976200000,1.1394,1.13944,1.1393,1.13938
1782976260000,1.13942,1.1397,1.13939,1.13965
1782976320000,1.13965,1.1397,1.13953,1.13956
1782976380000,1.13955,1.13958,1.13941,1.13944
1782976440000,1.13944,1.13958,1.13943,1.13954
1782976500000,1.13954,1.1397,1.13943,1.13945
1782976560000,1.13945,1.13949,1.13933,1.13948
1782976620000,1.1395,1.13956,1.13947,1.1395
1782976680000,1.13949,1.13952,1.13941,1.13945
1782976740000,1.13944,1.13947,1.13929,1.13945
1782976800000,1.13945,1.13947,1.13943,1.13946
1782976860000,1.13948,1.1395,1.13944,1.13949
1782976920000,1.1395,1.13966,1.13944,1.13958
1782976980000,1.13959,1.13986,1.13958,1.1398
1782977040000,1.13979,1.13996,1.13972,1.13989
1782977100000,1.13988,1.13988,1.13977,1.13988
1782977160000,1.13987,1.14005,1.13981,1.13986
1782977220000,1.13987,1.14,1.1398,1.13982
1782977280000,1.1398,1.13993,1.13979,1.1399
1782977340000,1.1399,1.14014,1.13989,1.14005
1782977400000,1.14006,1.14013,1.13984,1.13988
1782977460000,1.13986,1.13996,1.13978,1.13978
1782977520000,1.13979,1.1398,1.13973,1.13975
1782977580000,1.13973,1.13976,1.13967,1.13975
1782977640000,1.13973,1.13978,1.13971,1.13974
1782977700000,1.13975,1.13986,1.13965,1.13967
1782977760000,1.13968,1.1397,1.1396,1.13964
1782977820000,1.13967,1.13987,1.13967,1.13987
1782977880000,1.13985,1.13997,1.13983,1.13995
1782977940000,1.13995,1.14021,1.13995,1.14021
1782978000000,1.14021,1.14049,1.1402,1.14045
1782978060000,1.14045,1.14059,1.14041,1.14051
1782978120000,1.1405,1.14071,1.1405,1.14065
1782978180000,1.14065,1.14066,1.14048,1.14049
1782978240000,1.14049,1.14062,1.14047,1.14055
1782978300000,1.14055,1.14056,1.1403,1.14033
1782978360000,1.14035,1.14036,1.14024,1.14028
1782978420000,1.14025,1.14037,1.14025,1.14025
1782978480000,1.14027,1.14041,1.14026,1.14034
1782978540000,1.14035,1.14045,1.14034,1.14044
1782978600000,1.14046,1.14052,1.14038,1.1404
1782978660000,1.14039,1.14056,1.1403,1.14055
1782978720000,1.14056,1.14085,1.14053,1.14084
1782978780000,1.14083,1.14087,1.14068,1.14075
1782978840000,1.14075,1.14092,1.14072,1.14092
1782978900000,1.14092,1.14092,1.14066,1.14075
1782978960000,1.14075,1.14076,1.14068,1.14073
1782979020000,1.14073,1.14089,1.14069,1.14081
1782979080000,1.1408,1.14088,1.14077,1.1408
1782979140000,1.14082,1.1409,1.1407,1.14078
1782979200000,1.14074,1.14087,1.14067,1.14083
1782979260000,1.14084,1.14104,1.14083,1.14103
1782979320000,1.14103,1.14103,1.14075,1.14094
1782979380000,1.14094,1.14148,1.14094,1.14146
1782979440000,1.14143,1.14148,1.14136,1.14139
1782979500000,1.14141,1.14175,1.1414,1.14174
1782979560000,1.14174,1.1418,1.14157,1.14161
1782979620000,1.14159,1.14167,1.14142,1.14144
1782979680000,1.14144,1.1416,1.14133,1.14134
1782979740000,1.14134,1.14161,1.14126,1.14147
1782979800000,1.14148,1.14164,1.14148,1.14157
1782979860000,1.14159,1.14162,1.14149,1.14162
1782979920000,1.14162,1.14179,1.1416,1.14163
1782979980000,1.14164,1.14174,1.14162,1.14165
1782980040000,1.14167,1.14177,1.14156,1.1417
1782980100000,1.14169,1.14179,1.14153,1.14174
1782980160000,1.14174,1.14175,1.14161,1.14175
1782980220000,1.14173,1.14173,1.14153,1.14157
1782980280000,1.14157,1.14166,1.14152,1.14158
1782980340000,1.14157,1.1417,1.14151,1.1417
1782980400000,1.14168,1.14177,1.14163,1.14169
1782980460000,1.14171,1.14179,1.14169,1.14178
1782980520000,1.14182,1.14182,1.14171,1.1418
1782980580000,1.14179,1.14185,1.14168,1.14171
1782980640000,1.1417,1.14175,1.14148,1.14151
1782980700000,1.1415,1.14155,1.14135,1.1414
1782980760000,1.14142,1.14157,1.14135,1.14157
1782980820000,1.14155,1.1417,1.14152,1.14168
1782980880000,1.1417,1.14173,1.14152,1.14156
1782980940000,1.14155,1.14169,1.14155,1.14165
1782981000000,1.14164,1.14164,1.14147,1.1416
1782981060000,1.14161,1.14163,1.14141,1.14143
1782981120000,1.14145,1.1415,1.14134,1.14147
1782981180000,1.14147,1.14164,1.14128,1.14129
1782981240000,1.1413,1.14161,1.14126,1.14159
1782981300000,1.14158,1.1416,1.14146,1.14153
1782981360000,1.14154,1.14175,1.1415,1.14164
1782981420000,1.14162,1.14162,1.14143,1.14157
1782981480000,1.14158,1.14162,1.14139,1.14147
1782981540000,1.14147,1.14164,1.14145,1.14162
1782981600000,1.14164,1.14173,1.14153,1.14159
1782981660000,1.14158,1.14166,1.14154,1.14163
1782981720000,1.14163,1.14188,1.14163,1.14184
1782981780000,1.14185,1.14199,1.14174,1.14178
1782981840000,1.14178,1.14181,1.14165,1.14165
1782981900000,1.14163,1.14171,1.14154,1.14168
1782981960000,1.14166,1.14172,1.14158,1.14172
1782982020000,1.1417,1.14191,1.14168,1.14189
1782982080000,1.14189,1.1421,1.14184,1.142
1782982140000,1.142,1.14204,1.14195,1.142
1782982200000,1.14201,1.14206,1.14191,1.14193
1782982260000,1.14193,1.14195,1.14173,1.14175
1782982320000,1.14175,1.14186,1.14173,1.14179
1782982380000,1.1418,1.14204,1.14176,1.14199
1782982440000,1.14198,1.14199,1.14177,1.14177
1782982500000,1.14176,1.14189,1.14175,1.14184
1782982560000,1.14185,1.14193,1.14183,1.14184
1782982620000,1.14184,1.14188,1.1417,1.1417
1782982680000,1.14171,1.14186,1.14166,1.14181
1782982740000,1.14181,1.14202,1.14181,1.142
1782982800000,1.14198,1.14198,1.1417,1.1419
1782982860000,1.1419,1.14205,1.14188,1.14201
1782982920000,1.142,1.1421,1.14182,1.14184
1782982980000,1.14184,1.14189,1.14163,1.14163
1782983040000,1.14162,1.14162,1.14148,1.14148
1782983100000,1.14148,1.14155,1.14144,1.14155
1782983160000,1.14154,1.14155,1.14131,1.14135
1782983220000,1.14134,1.14134,1.14097,1.14111
1782983280000,1.14112,1.14116,1.14107,1.14109
1782983340000,1.14109,1.14119,1.14107,1.14114
1782983400000,1.14116,1.14136,1.14116,1.14128
1782983460000,1.1413,1.14137,1.14123,1.14124
1782983520000,1.14123,1.14125,1.14109,1.1412
1782983580000,1.1412,1.14138,1.14119,1.14137
1782983640000,1.14138,1.14138,1.14125,1.1413
1782983700000,1.14129,1.1414,1.14127,1.1414
1782983760000,1.14141,1.14141,1.14127,1.14129
1782983820000,1.14129,1.14153,1.14129,1.14145
1782983880000,1.14144,1.14159,1.14143,1.14158
1782983940000,1.1416,1.14161,1.14147,1.14149
1782984000000,1.14151,1.14158,1.14135,1.14135
1782984060000,1.14133,1.14142,1.14126,1.1414
1782984120000,1.1414,1.1414,1.14121,1.14134
1782984180000,1.14134,1.1414,1.14129,1.14139
1782984240000,1.14139,1.14148,1.14139,1.1414
1782984300000,1.1414,1.1414,1.14121,1.14129
1782984360000,1.1413,1.1413,1.14122,1.14125
1782984420000,1.14125,1.14126,1.14108,1.14109
1782984480000,1.14108,1.14116,1.14095,1.14096
1782984540000,1.14098,1.141,1.14093,1.14095
1782984600000,1.14095,1.14102,1.14093,1.14093
1782984660000,1.14092,1.14095,1.14089,1.14093
1782984720000,1.14093,1.141,1.14092,1.14094
1782984780000,1.14094,1.141,1.14092,1.14095
1782984840000,1.14096,1.14109,1.14089,1.14109
1782984900000,1.14111,1.14117,1.14108,1.14117
1782984960000,1.14116,1.14124,1.14113,1.14123
1782985020000,1.14123,1.14124,1.14114,1.14123
1782985080000,1.14124,1.14139,1.1412,1.14139
1782985140000,1.1414,1.1414,1.14125,1.14125
1782985200000,1.14127,1.14129,1.1412,1.14125
1782985260000,1.14127,1.14133,1.14123,1.14132
1782985320000,1.14133,1.14139,1.14123,1.14131
1782985380000,1.14131,1.14131,1.14113,1.14115
1782985440000,1.14114,1.14124,1.14113,1.14123
1782985500000,1.14122,1.14127,1.14111,1.14123
1782985560000,1.14122,1.14122,1.14113,1.14116
1782985620000,1.14116,1.14132,1.14115,1.14132
1782985680000,1.14131,1.14136,1.14128,1.14131
1782985740000,1.1413,1.14131,1.1412,1.14126
1782985800000,1.14127,1.14142,1.14125,1.14141
1782985860000,1.14143,1.14148,1.14137,1.14137
1782985920000,1.14138,1.1414,1.14134,1.14134
1782985980000,1.14136,1.14136,1.14126,1.14131
1782986040000,1.14133,1.14135,1.14112,1.14112
1782986100000,1.14113,1.14122,1.14111,1.14119
1782986160000,1.14121,1.14138,1.14121,1.14134
1782986220000,1.14135,1.14143,1.14124,1.1413
1782986280000,1.1413,1.1413,1.14117,1.14119
1782986340000,1.14118,1.1412,1.14097,1.14097
1782986400000,1.14098,1.14098,1.14085,1.14094
1782986460000,1.14093,1.14093,1.14081,1.14086
1782986520000,1.14085,1.14103,1.14081,1.14093
1782986580000,1.14095,1.14109,1.14095,1.14099
1782986640000,1.14098,1.14103,1.14076,1.14082
1782986700000,1.14082,1.14095,1.14078,1.14095
1782986760000,1.14094,1.14095,1.14086,1.1409
1782986820000,1.14089,1.14099,1.14087,1.14098
1782986880000,1.14097,1.14098,1.14087,1.14097
1782986940000,1.14096,1.14097,1.14087,1.14088
1782987000000,1.14088,1.14093,1.14083,1.14087
1782987060000,1.14089,1.14091,1.14087,1.14089
1782987120000,1.14087,1.14094,1.14081,1.14083
1782987180000,1.14085,1.14088,1.14081,1.14086
1782987240000,1.14085,1.14085,1.14071,1.14073
1782987300000,1.14075,1.14081,1.14072,1.14074
1782987360000,1.14074,1.14078,1.14072,1.14078
1782987420000,1.14075,1.14075,1.1407,1.14073
1782987480000,1.14073,1.14075,1.14065,1.14066
1782987540000,1.14066,1.1407,1.14062,1.14069
1782987600000,1.14068,1.14068,1.14052,1.14055
1782987660000,1.14055,1.14069,1.14054,1.14066
1782987720000,1.14068,1.14068,1.14052,1.14056
1782987780000,1.14057,1.14064,1.1405,1.14055
1782987840000,1.14054,1.14064,1.14053,1.1406
1782987900000,1.1406,1.14069,1.14056,1.14069
1782987960000,1.14069,1.14072,1.14063,1.14065
1782988020000,1.14063,1.14078,1.14058,1.14074
1782988080000,1.14072,1.14074,1.14068,1.14071
1782988140000,1.14073,1.14076,1.14067,1.1407
1782988200000,1.1407,1.14071,1.14057,1.14069
1782988260000,1.14068,1.14069,1.14059,1.14061
1782988320000,1.14059,1.14064,1.14054,1.14054
1782988380000,1.14056,1.14056,1.14049,1.14051
1782988440000,1.14053,1.14064,1.14049,1.14062
1782988500000,1.14064,1.14067,1.14059,1.14066
1782988560000,1.14063,1.14066,1.14049,1.14049
1782988620000,1.14048,1.14051,1.14042,1.14042
1782988680000,1.14042,1.14042,1.1403,1.14034
1782988740000,1.14036,1.14045,1.14036,1.14045
1782988800000,1.14043,1.14051,1.14043,1.14051
1782988860000,1.14051,1.14062,1.14048,1.14061
1782988920000,1.14059,1.14065,1.14057,1.14064
1782988980000,1.14063,1.14064,1.14044,1.14045
1782989040000,1.14046,1.14061,1.14045,1.14059
1782989100000,1.14059,1.14071,1.14059,1.1407
1782989160000,1.1407,1.14076,1.14069,1.14075
1782989220000,1.14075,1.14084,1.14074,1.14081
1782989280000,1.1408,1.14082,1.14065,1.14073
1782989340000,1.14074,1.14081,1.14071,1.14072
1782989400000,1.1407,1.1407,1.14065,1.1407
1782989460000,1.1407,1.14081,1.1407,1.14081
1782989520000,1.1408,1.14082,1.14078,1.1408
1782989580000,1.14081,1.14082,1.14075,1.14082
1782989640000,1.14082,1.141,1.1408,1.14098
1782989700000,1.14099,1.141,1.14076,1.14076
1782989760000,1.14076,1.1408,1.14068,1.14075
1782989820000,1.14074,1.14084,1.14073,1.14083
1782989880000,1.14084,1.14098,1.14084,1.14095
1782989940000,1.14098,1.14112,1.14098,1.14105
1782990000000,1.14105,1.14107,1.14095,1.14095
1782990060000,1.14094,1.14094,1.14082,1.14083
1782990120000,1.14083,1.14096,1.14083,1.14095
1782990180000,1.14094,1.14096,1.14092,1.14093
1782990240000,1.14093,1.14096,1.14086,1.14092
1782990300000,1.14091,1.14097,1.14086,1.14087
1782990360000,1.14085,1.14091,1.1408,1.14081
1782990420000,1.14083,1.14083,1.14075,1.14076
1782990480000,1.14075,1.14082,1.1407,1.14079
1782990540000,1.1408,1.14096,1.1408,1.14096
1782990600000,1.14097,1.14116,1.14097,1.141
1782990660000,1.14099,1.14112,1.14098,1.14109
1782990720000,1.14107,1.14115,1.14105,1.14109
1782990780000,1.14108,1.14108,1.14097,1.14104
1782990840000,1.14104,1.14105,1.14099,1.14101
1782990900000,1.14101,1.14111,1.141,1.1411
1782990960000,1.14111,1.14111,1.141,1.14107
1782991020000,1.14108,1.14113,1.14106,1.14111
1782991080000,1.14113,1.14122,1.14113,1.14119
1782991140000,1.14121,1.14146,1.14119,1.14145
1782991200000,1.14144,1.14144,1.14136,1.14139
1782991260000,1.14139,1.1414,1.14135,1.14136
1782991320000,1.14136,1.14136,1.14129,1.14131
1782991380000,1.1413,1.1414,1.14127,1.14134
1782991440000,1.14134,1.14137,1.14132,1.14135
1782991500000,1.14134,1.14134,1.14119,1.1412
1782991560000,1.14119,1.14122,1.14112,1.1412
1782991620000,1.14122,1.1413,1.14122,1.14129
1782991680000,1.1413,1.1413,1.14117,1.1412
1782991740000,1.1412,1.14138,1.14119,1.14131
1782991800000,1.14132,1.14142,1.14132,1.14142
1782991860000,1.14141,1.14142,1.14135,1.14135
1782991920000,1.14133,1.14135,1.14129,1.14133
1782991980000,1.14134,1.14145,1.14134,1.14134
1782992040000,1.14135,1.14136,1.14118,1.1412
1782992100000,1.14121,1.14121,1.14115,1.14118
1782992160000,1.14118,1.14124,1.14115,1.14121
1782992220000,1.1412,1.14124,1.14119,1.14123
1782992280000,1.14124,1.14124,1.14116,1.14119
1782992340000,1.14118,1.14125,1.14109,1.14113
1782992400000,1.14114,1.14114,1.14101,1.14103
1782992460000,1.14102,1.1411,1.14102,1.14103
1782992520000,1.14105,1.14105,1.14082,1.14085
1782992580000,1.14085,1.14086,1.14078,1.14086
1782992640000,1.14084,1.14084,1.14076,1.14078
1782992700000,1.14078,1.14082,1.1407,1.14072
1782992760000,1.14073,1.14074,1.14067,1.14068
1782992820000,1.1407,1.1407,1.14064,1.14065
1782992880000,1.14064,1.14065,1.14057,1.14057
1782992940000,1.14058,1.14061,1.14052,1.14061
1782993000000,1.14061,1.14065,1.14051,1.14054
1782993060000,1.14051,1.14053,1.14042,1.1405
1782993120000,1.14052,1.14053,1.14038,1.14043
1782993180000,1.14043,1.14043,1.14027,1.14027
1782993240000,1.14028,1.14031,1.14024,1.14027
1782993300000,1.14025,1.14038,1.14024,1.14024
1782993360000,1.14024,1.14027,1.14017,1.14017
1782993420000,1.14017,1.14018,1.14005,1.14007
1782993480000,1.14005,1.14035,1.14004,1.14032
1782993540000,1.14032,1.14039,1.14031,1.14039
1782993600000,1.14037,1.14043,1.14031,1.14036
1782993660000,1.14035,1.14047,1.14032,1.14033
1782993720000,1.14033,1.1404,1.14023,1.14026
1782993780000,1.14026,1.14028,1.14004,1.14014
1782993840000,1.14015,1.14031,1.14012,1.14031
1782993900000,1.14032,1.14039,1.14018,1.14019
1782993960000,1.14017,1.14021,1.14012,1.14019
1782994020000,1.14018,1.14019,1.13988,1.13991
1782994080000,1.13993,1.13996,1.13988,1.13994
1782994140000,1.13992,1.13994,1.13982,1.13983
1782994200000,1.13985,1.13999,1.13985,1.13993
1782994260000,1.13991,1.14009,1.13991,1.14006
1782994320000,1.14006,1.1401,1.13997,1.1401
1782994380000,1.14008,1.1401,1.13992,1.13992
1782994440000,1.13993,1.13996,1.13985,1.13987
1782994500000,1.13987,1.13998,1.1398,1.13998
1782994560000,1.13996,1.13998,1.13974,1.13984
1782994620000,1.13985,1.13988,1.13969,1.13969
1782994680000,1.13968,1.13976,1.13968,1.13973
1782994740000,1.13972,1.13974,1.13954,1.13958
1782994800000,1.13957,1.13976,1.13956,1.13967
1782994860000,1.13969,1.13969,1.13955,1.1396
1782994920000,1.1396,1.13971,1.13953,1.1397
1782994980000,1.13971,1.13989,1.13969,1.13989
1782995040000,1.13989,1.13991,1.13979,1.13991
1782995100000,1.13991,1.1401,1.13989,1.14004
1782995160000,1.14005,1.14013,1.14,1.14007
1782995220000,1.14007,1.14007,1.13992,1.13995
1782995280000,1.13996,1.13997,1.13987,1.1399
1782995340000,1.13991,1.14,1.13987,1.13987
1782995400000,1.13988,1.14404,1.13986,1.14387
1782995460000,1.14388,1.14407,1.14308,1.14329
1782995520000,1.14329,1.14416,1.14329,1.14356
1782995580000,1.14354,1.1446,1.14306,1.14433
1782995640000,1.1443,1.14509,1.14414,1.14496
1782995700000,1.14498,1.14565,1.14482,1.14534
1782995760000,1.14534,1.14599,1.14527,1.14565
1782995820000,1.14563,1.1459,1.14531,1.14575
1782995880000,1.14573,1.14581,1.14508,1.14581
1782995940000,1.14582,1.14624,1.1457,1.14623
1782996000000,1.14626,1.14686,1.14618,1.14684
1782996060000,1.14686,1.14686,1.14565,1.14569
1782996120000,1.14569,1.14633,1.14562,1.14633
1782996180000,1.14635,1.14671,1.14593,1.14662
1782996240000,1.1466,1.14717,1.14633,1.14714
1782996300000,1.14714,1.14727,1.14638,1.14648
1782996360000,1.14647,1.14657,1.14631,1.14637
1782996420000,1.14635,1.14645,1.14559,1.14559
1782996480000,1.14563,1.1461,1.1455,1.14589
1782996540000,1.14592,1.14603,1.14555,1.14589
1782996600000,1.14587,1.14596,1.1456,1.1458
1782996660000,1.14578,1.14585,1.14535,1.14537
1782996720000,1.14539,1.14627,1.14536,1.14596
1782996780000,1.14595,1.14601,1.14567,1.1458
1782996840000,1.14581,1.14586,1.14548,1.14558
1782996900000,1.14559,1.14567,1.14527,1.14536
1782996960000,1.14535,1.14556,1.14519,1.1453
1782997020000,1.14529,1.14529,1.14492,1.14513
1782997080000,1.14514,1.14515,1.14482,1.14485
1782997140000,1.14484,1.14524,1.14484,1.14512
1782997200000,1.14512,1.14542,1.1449,1.14491
1782997260000,1.1449,1.14494,1.14454,1.1448
1782997320000,1.14481,1.14511,1.14474,1.14489
1782997380000,1.14488,1.1452,1.14482,1.14509
1782997440000,1.14506,1.14551,1.14497,1.1455
1782997500000,1.14549,1.14552,1.14502,1.1451
1782997560000,1.14514,1.14522,1.14476,1.14481
1782997620000,1.14481,1.14491,1.14464,1.1447
1782997680000,1.14471,1.14475,1.14456,1.14459
1782997740000,1.14461,1.14464,1.14443,1.14448
1782997800000,1.14452,1.14475,1.14449,1.14472
1782997860000,1.14473,1.14529,1.14464,1.14521
1782997920000,1.14519,1.14525,1.14495,1.14524
1782997980000,1.14524,1.14529,1.1451,1.14515
1782998040000,1.14514,1.1452,1.14484,1.14496
1782998100000,1.14493,1.14499,1.14462,1.14465
1782998160000,1.14463,1.14481,1.14457,1.14474
1782998220000,1.14473,1.14477,1.14461,1.14467
1782998280000,1.14467,1.14496,1.1446,1.14496
1782998340000,1.14496,1.14498,1.14475,1.14491
1782998400000,1.1449,1.1449,1.1442,1.14422
1782998460000,1.14424,1.14469,1.14419,1.14459
1782998520000,1.14457,1.14459,1.14425,1.14435
1782998580000,1.14436,1.14447,1.14421,1.14427
1782998640000,1.14424,1.1444,1.14415,1.14426
1782998700000,1.14427,1.14427,1.14385,1.14406
1782998760000,1.14405,1.14431,1.14401,1.14428
1782998820000,1.14427,1.14445,1.14423,1.14435
1782998880000,1.14434,1.14445,1.14425,1.14431
1782998940000,1.14431,1.14433,1.144,1.1441
1782999000000,1.14408,1.14445,1.14392,1.14435
1782999060000,1.14434,1.1445,1.14428,1.14441
1782999120000,1.1444,1.1447,1.1444,1.14468
1782999180000,1.14469,1.14516,1.14465,1.14515
1782999240000,1.14517,1.14517,1.14476,1.14487
1782999300000,1.14487,1.14514,1.14479,1.14504
1782999360000,1.14502,1.14503,1.14464,1.14482
1782999420000,1.14482,1.14482,1.14465,1.14476
1782999480000,1.14474,1.14476,1.1445,1.14456
1782999540000,1.14456,1.14467,1.14424,1.14462
1782999600000,1.14464,1.14467,1.14446,1.14448
1782999660000,1.14447,1.14449,1.14426,1.14431
1782999720000,1.14431,1.14447,1.14429,1.14443
1782999780000,1.14441,1.14498,1.14436,1.14489
1782999840000,1.1449,1.1449,1.14473,1.14475
1782999900000,1.14475,1.14488,1.14469,1.14482
1782999960000,1.14482,1.14494,1.14471,1.14476
1783000020000,1.14473,1.14506,1.1446,1.14499
1783000080000,1.14501,1.14513,1.1449,1.14507
1783000140000,1.14506,1.14511,1.14482,1.14484
1783000200000,1.14485,1.14522,1.14485,1.14518
1783000260000,1.14519,1.14522,1.145,1.14514
1783000320000,1.14515,1.14532,1.14515,1.1452
1783000380000,1.14519,1.14537,1.14482,1.14485
1783000440000,1.14486,1.14496,1.14477,1.14486
1783000500000,1.14489,1.14499,1.14484,1.14496
1783000560000,1.14497,1.14528,1.14496,1.1452
1783000620000,1.14521,1.14531,1.14497,1.145
1783000680000,1.14501,1.14504,1.14483,1.14488
1783000740000,1.14488,1.14508,1.14482,1.14507
1783000800000,1.14509,1.14513,1.14485,1.14507
1783000860000,1.14508,1.14517,1.14484,1.14486
1783000920000,1.14485,1.14493,1.1444,1.14475
1783000980000,1.14477,1.14483,1.14443,1.14447
1783001040000,1.14446,1.14452,1.14435,1.14451
1783001100000,1.14452,1.14479,1.14442,1.14477
1783001160000,1.14478,1.14523,1.14473,1.14514
1783001220000,1.14515,1.14517,1.14482,1.14494
1783001280000,1.14497,1.14549,1.14497,1.14542
1783001340000,1.14545,1.14547,1.14525,1.14525
1783001400000,1.14523,1.14547,1.14496,1.14511
1783001460000,1.14513,1.14539,1.14512,1.14525
1783001520000,1.14525,1.14552,1.14524,1.14551
1783001580000,1.14552,1.14582,1.14541,1.14582
1783001640000,1.14581,1.14582,1.14554,1.14565
1783001700000,1.14564,1.14579,1.14534,1.14538
1783001760000,1.1454,1.1456,1.14538,1.14555
1783001820000,1.14555,1.14561,1.14537,1.14561
1783001880000,1.14563,1.1458,1.14556,1.14576
1783001940000,1.14575,1.14576,1.14536,1.14546
1783002000000,1.14545,1.14552,1.14495,1.14495
1783002060000,1.14496,1.14505,1.14483,1.14505
1783002120000,1.14506,1.14527,1.14499,1.14527
1783002180000,1.14526,1.1453,1.14495,1.14496
1783002240000,1.14498,1.14519,1.14494,1.14496
1783002300000,1.14497,1.14505,1.14486,1.14487
1783002360000,1.14487,1.14495,1.1446,1.1446
1783002420000,1.14461,1.14463,1.14443,1.14444
1783002480000,1.14444,1.14461,1.14444,1.14449
1783002540000,1.1445,1.1445,1.1442,1.14425
1783002600000,1.14427,1.14434,1.14411,1.14427
1783002660000,1.14425,1.14454,1.14424,1.14446
1783002720000,1.14445,1.14446,1.14419,1.1442
1783002780000,1.14421,1.14421,1.14395,1.14399
1783002840000,1.14399,1.14418,1.14394,1.14401
1783002900000,1.14402,1.14408,1.14375,1.14379
1783002960000,1.14381,1.14417,1.14375,1.14417
1783003020000,1.14418,1.14423,1.14401,1.14413
1783003080000,1.14411,1.14411,1.14384,1.14384
1783003140000,1.14384,1.14398,1.14374,1.14375
1783003200000,1.14376,1.14386,1.14359,1.14366
1783003260000,1.14364,1.14377,1.14353,1.14358
1783003320000,1.1436,1.14365,1.14353,1.14354
1783003380000,1.14352,1.14352,1.14338,1.14341
1783003440000,1.1434,1.14358,1.14336,1.14354
1783003500000,1.14356,1.14371,1.14349,1.14356
1783003560000,1.14357,1.14363,1.14346,1.1436
1783003620000,1.1436,1.14366,1.1435,1.1435
1783003680000,1.14351,1.14382,1.1435,1.14378
1783003740000,1.14378,1.14412,1.14375,1.14402
1783003800000,1.14404,1.1442,1.14399,1.14416
1783003860000,1.14416,1.14434,1.14415,1.1443
1783003920000,1.1443,1.1443,1.14407,1.14413
1783003980000,1.14418,1.14421,1.1439,1.14412
1783004040000,1.1441,1.14413,1.14391,1.14392
1783004100000,1.14396,1.14442,1.14396,1.14442
1783004160000,1.14443,1.14444,1.14429,1.14435
1783004220000,1.14433,1.14433,1.14413,1.14428
1783004280000,1.14427,1.14445,1.14426,1.14443
1783004340000,1.14441,1.14443,1.14433,1.14439
1783004400000,1.1444,1.1444,1.14396,1.14412
1783004460000,1.14412,1.14432,1.14409,1.14422
1783004520000,1.14424,1.14468,1.14416,1.14466
1783004580000,1.14464,1.14473,1.14449,1.1446
1783004640000,1.14463,1.14467,1.14442,1.14446
1783004700000,1.14446,1.14448,1.14426,1.14445
1783004760000,1.14446,1.14476,1.14438,1.14467
1783004820000,1.14466,1.14466,1.14435,1.14449
1783004880000,1.1445,1.14464,1.14444,1.14444
1783004940000,1.14444,1.14471,1.14441,1.14469
1783005000000,1.1447,1.1447,1.14451,1.14455
1783005060000,1.14453,1.14465,1.14445,1.14462
1783005120000,1.14461,1.14473,1.14458,1.14472
1783005180000,1.14473,1.14477,1.14462,1.14471
1783005240000,1.14472,1.14472,1.14447,1.14448
1783005300000,1.1445,1.14451,1.14428,1.14433
1783005360000,1.14435,1.14438,1.14404,1.14413
1783005420000,1.14415,1.14433,1.14413,1.14432
1783005480000,1.14434,1.14446,1.1442,1.14434
1783005540000,1.14432,1.14448,1.14425,1.14432
1783005600000,1.14433,1.14442,1.14428,1.14437
1783005660000,1.14437,1.14457,1.14431,1.14453
1783005720000,1.14453,1.14463,1.14433,1.14463
1783005780000,1.14461,1.14479,1.14449,1.1445
1783005840000,1.14448,1.14454,1.14438,1.14443
1783005900000,1.14443,1.1445,1.14439,1.14443
1783005960000,1.14444,1.14461,1.14444,1.14451
1783006020000,1.14451,1.14454,1.14438,1.14441
1783006080000,1.14442,1.14442,1.14419,1.14426
1783006140000,1.14428,1.14432,1.14403,1.14405
1783006200000,1.14407,1.14433,1.14407,1.14431
1783006260000,1.14432,1.14475,1.14432,1.14474
1783006320000,1.14473,1.14473,1.14457,1.14473
1783006380000,1.14473,1.14487,1.14471,1.14477
1783006440000,1.14478,1.1448,1.1446,1.1447
1783006500000,1.14472,1.14489,1.1447,1.14476
1783006560000,1.14474,1.14489,1.14474,1.14487
1783006620000,1.14485,1.14495,1.14481,1.14486
1783006680000,1.14487,1.14497,1.14476,1.14486
1783006740000,1.14485,1.14488,1.14468,1.14468
1783006800000,1.14469,1.14471,1.14442,1.14443
1783006860000,1.14442,1.14461,1.14435,1.1446
1783006920000,1.14457,1.14467,1.14444,1.14457
1783006980000,1.14456,1.14469,1.14454,1.1446
1783007040000,1.14461,1.14464,1.14443,1.14447
1783007100000,1.14446,1.14457,1.14438,1.14457
1783007160000,1.14455,1.14456,1.14435,1.14447
1783007220000,1.14446,1.14447,1.14431,1.14446
1783007280000,1.14445,1.14451,1.14439,1.1445
1783007340000,1.14451,1.14451,1.1443,1.1443
1783007400000,1.14432,1.14433,1.1442,1.1443
1783007460000,1.14432,1.1444,1.14426,1.14432
1783007520000,1.14432,1.14437,1.14429,1.14434
1783007580000,1.14433,1.14438,1.14431,1.14438
1783007640000,1.14441,1.1445,1.14441,1.14444
1783007700000,1.14445,1.14465,1.14445,1.14458
1783007760000,1.14458,1.14461,1.14451,1.14458
1783007820000,1.14458,1.14475,1.14457,1.1447
1783007880000,1.14472,1.14474,1.14458,1.14474
1783007940000,1.14472,1.14478,1.14466,1.14474
1783008000000,1.14476,1.14481,1.14451,1.14461
1783008060000,1.14462,1.1447,1.14459,1.14465
1783008120000,1.14464,1.14468,1.1444,1.14444
1783008180000,1.14441,1.14469,1.14439,1.14458
1783008240000,1.1446,1.14465,1.1446,1.14463
1783008300000,1.14466,1.14467,1.14424,1.14426
1783008360000,1.14425,1.14427,1.14415,1.14423
1783008420000,1.14422,1.14433,1.14413,1.14418
1783008480000,1.14417,1.14446,1.14415,1.14443
1783008540000,1.14441,1.14441,1.14429,1.14432
1783008600000,1.14431,1.14449,1.14422,1.14448
1783008660000,1.14448,1.1445,1.14426,1.14428
1783008720000,1.1443,1.14433,1.14407,1.14409
1783008780000,1.1441,1.14436,1.1441,1.14428
1783008840000,1.14426,1.1444,1.14426,1.1443
1783008900000,1.1443,1.14433,1.1441,1.14412
1783008960000,1.14413,1.14421,1.14412,1.14419
1783009020000,1.14417,1.14419,1.14401,1.14403
1783009080000,1.14404,1.14407,1.14388,1.14394
1783009140000,1.14395,1.14395,1.1438,1.14383
1783009200000,1.14383,1.14388,1.14378,1.14381
1783009260000,1.1438,1.14388,1.14376,1.14379
1783009320000,1.14379,1.14387,1.14378,1.14383
1783009380000,1.14384,1.14393,1.14372,1.14373
1783009440000,1.14373,1.14383,1.14373,1.14379
1783009500000,1.14381,1.14398,1.14377,1.14397
1783009560000,1.14395,1.14397,1.14378,1.14382
1783009620000,1.14383,1.14383,1.14358,1.14359
1783009680000,1.14361,1.14383,1.14361,1.14382
1783009740000,1.14381,1.14385,1.14363,1.14363
1783009800000,1.14363,1.14365,1.14354,1.14359
1783009860000,1.14358,1.14363,1.14355,1.14359
1783009920000,1.1436,1.14373,1.14359,1.14367
1783009980000,1.14368,1.14369,1.14361,1.14366
1783010040000,1.14365,1.14367,1.14361,1.14361
1783010100000,1.14361,1.14362,1.14352,1.14359
1783010160000,1.14359,1.14368,1.14358,1.14368
1783010220000,1.14368,1.14374,1.14359,1.1437
1783010280000,1.14372,1.14374,1.14361,1.1437
1783010340000,1.14372,1.1438,1.14366,1.14367
1783010400000,1.14368,1.14375,1.14358,1.14374
1783010460000,1.14373,1.14388,1.1437,1.14383
1783010520000,1.14383,1.1439,1.1438,1.1439
1783010580000,1.1439,1.14394,1.14382,1.14384
1783010640000,1.14385,1.14398,1.14385,1.14392
1783010700000,1.14394,1.14399,1.14392,1.14399
1783010760000,1.14399,1.14405,1.14396,1.14403
1783010820000,1.14403,1.14408,1.14398,1.14404
1783010880000,1.14406,1.14406,1.14392,1.14399
1783010940000,1.14397,1.14409,1.14396,1.14398
1783011000000,1.14397,1.14398,1.14378,1.14383
1783011060000,1.14386,1.14392,1.14382,1.14387
1783011120000,1.14387,1.144,1.14387,1.14392
1783011180000,1.14392,1.14392,1.14381,1.14381
1783011240000,1.14381,1.14387,1.14376,1.14381
1783011300000,1.14383,1.14389,1.14383,1.14384
1783011360000,1.14384,1.14397,1.14381,1.14393
1783011420000,1.14392,1.14402,1.14392,1.14399
1783011480000,1.14398,1.144,1.14378,1.14383
1783011540000,1.14382,1.14382,1.14369,1.14378
1783011600000,1.14377,1.14377,1.14355,1.1436
1783011660000,1.14357,1.14363,1.14354,1.14359
1783011720000,1.14359,1.14371,1.14357,1.14362
1783011780000,1.14361,1.14362,1.14355,1.14357
1783011840000,1.14358,1.14361,1.14346,1.14349
1783011900000,1.14349,1.14352,1.1434,1.14344
1783011960000,1.14343,1.14355,1.14343,1.14352
1783012020000,1.14352,1.14359,1.14343,1.14346
1783012080000,1.14342,1.14343,1.14322,1.14331
1783012140000,1.14332,1.14344,1.14332,1.14338
1783012200000,1.14338,1.14359,1.14338,1.14359
1783012260000,1.14358,1.14359,1.14351,1.14358
1783012320000,1.14357,1.14358,1.14343,1.14349
1783012380000,1.14349,1.14353,1.14343,1.14347
1783012440000,1.14347,1.14356,1.14343,1.14345
1783012500000,1.14345,1.14348,1.14336,1.14337
1783012560000,1.14337,1.1434,1.14332,1.14333
1783012620000,1.14334,1.14339,1.14323,1.14324
1783012680000,1.14322,1.14339,1.14321,1.14336
1783012740000,1.14337,1.14339,1.1433,1.14338
1783012800000,1.14338,1.14349,1.14338,1.14339
1783012860000,1.1434,1.14345,1.14337,1.14342
1783012920000,1.14342,1.14343,1.14337,1.14337
1783012980000,1.14338,1.14338,1.14325,1.14325
1783013040000,1.14324,1.14329,1.14323,1.14329
1783013100000,1.1433,1.1433,1.14322,1.14327
1783013160000,1.14329,1.14329,1.14317,1.14317
1783013220000,1.14319,1.1432,1.14314,1.14315
1783013280000,1.14315,1.14317,1.14306,1.14306
1783013340000,1.14307,1.14313,1.14297,1.14313
1783013400000,1.14311,1.14323,1.1431,1.14322
1783013460000,1.14324,1.14328,1.14314,1.14314
1783013520000,1.14314,1.14324,1.1431,1.14319
1783013580000,1.14319,1.14334,1.14319,1.14321
1783013640000,1.14323,1.14327,1.14313,1.14313
1783013700000,1.14313,1.14314,1.14307,1.14308
1783013760000,1.14309,1.14309,1.14304,1.14309
1783013820000,1.14309,1.14309,1.14301,1.14302
1783013880000,1.14302,1.14306,1.14298,1.143
1783013940000,1.14301,1.14306,1.14297,1.14297
1783014000000,1.14301,1.14304,1.14297,1.14298
1783014060000,1.14299,1.14303,1.14292,1.14302
1783014120000,1.14302,1.14305,1.143,1.14304
1783014180000,1.143,1.14304,1.14292,1.14304
1783014240000,1.14302,1.14302,1.14292,1.14293
1783014300000,1.14294,1.14303,1.14288,1.14302
1783014360000,1.14304,1.14316,1.14303,1.1431
1783014420000,1.14311,1.14312,1.143,1.14301
1783014480000,1.143,1.14312,1.14297,1.14305
1783014540000,1.14304,1.14304,1.14288,1.14298
1783014600000,1.14297,1.14297,1.14288,1.14291
1783014660000,1.14292,1.14294,1.14286,1.14291
1783014720000,1.14292,1.14297,1.14289,1.14293
1783014780000,1.14293,1.14309,1.14293,1.14309
1783014840000,1.14306,1.14319,1.14306,1.14312
1783014900000,1.14312,1.14319,1.14307,1.14307
1783014960000,1.14308,1.14309,1.14302,1.14309
1783015020000,1.14308,1.1431,1.14306,1.14308
1783015080000,1.14307,1.14312,1.14294,1.14297
1783015140000,1.14295,1.14308,1.14295,1.14305
1783015200000,1.14305,1.14313,1.14301,1.14313
1783015260000,1.14314,1.1433,1.1431,1.14324
1783015320000,1.14327,1.14334,1.14327,1.1433
1783015380000,1.14331,1.14336,1.14328,1.14331
1783015440000,1.14331,1.14334,1.14323,1.14333
1783015500000,1.14331,1.14343,1.14331,1.14341
1783015560000,1.14343,1.14356,1.14342,1.1435
1783015620000,1.14349,1.14353,1.14343,1.14348
1783015680000,1.14347,1.14351,1.14347,1.14348
1783015740000,1.14349,1.14359,1.14348,1.14359
1783015800000,1.1436,1.14363,1.14348,1.14348
1783015860000,1.14349,1.14351,1.14348,1.14348
1783015920000,1.14345,1.14345,1.14332,1.14334
1783015980000,1.14333,1.14339,1.14331,1.14338
1783016040000,1.14339,1.1434,1.14316,1.14317
1783016100000,1.14318,1.14322,1.14317,1.14318
1783016160000,1.14321,1.14328,1.1432,1.14324
1783016220000,1.14324,1.14324,1.14303,1.14303
1783016280000,1.14306,1.14306,1.14293,1.14298
1783016340000,1.143,1.14307,1.143,1.14302
1783016400000,1.143,1.14314,1.14299,1.14312
1783016460000,1.14313,1.14317,1.14312,1.14314
1783016520000,1.14314,1.1432,1.14314,1.1432
1783016580000,1.14319,1.1432,1.14313,1.14313
1783016640000,1.14313,1.1432,1.1431,1.14319
1783016700000,1.1432,1.14336,1.14317,1.1433
1783016760000,1.14328,1.14335,1.14328,1.14331
1783016820000,1.14333,1.1434,1.14329,1.1434
1783016880000,1.14342,1.14346,1.14339,1.14342
1783016940000,1.14343,1.14343,1.14331,1.14331
1783017000000,1.14331,1.14337,1.14322,1.14329
1783017060000,1.1433,1.14338,1.14329,1.14338
1783017120000,1.14336,1.14349,1.14334,1.14349
1783017180000,1.1435,1.14365,1.1435,1.14364
1783017240000,1.14364,1.14369,1.14354,1.14359
1783017300000,1.14358,1.14361,1.14353,1.14358
1783017360000,1.1436,1.1436,1.14351,1.14353
1783017420000,1.14355,1.1436,1.14353,1.14358
1783017480000,1.14359,1.14361,1.14356,1.14361
1783017540000,1.14359,1.14359,1.14348,1.14354
1783017600000,1.14354,1.14354,1.14343,1.14344
1783017660000,1.14344,1.1435,1.14343,1.14345
1783017720000,1.14345,1.14345,1.14338,1.14343
1783017780000,1.14341,1.14344,1.14336,1.14339
1783017840000,1.14339,1.14339,1.14327,1.14327
1783017900000,1.14327,1.1433,1.14321,1.14329
1783017960000,1.1433,1.14331,1.14328,1.14329
1783018020000,1.1433,1.14335,1.1433,1.14331
1783018080000,1.1433,1.14333,1.14328,1.14332
1783018140000,1.14332,1.14336,1.1433,1.14336
1783018200000,1.14334,1.14335,1.14331,1.14335
1783018260000,1.14334,1.14334,1.14328,1.14329
1783018320000,1.14328,1.14339,1.14328,1.14333
1783018380000,1.14335,1.14339,1.14332,1.14339
1783018440000,1.14339,1.1434,1.14326,1.1433
1783018500000,1.1433,1.14333,1.14324,1.14324
1783018560000,1.14326,1.14332,1.14325,1.14329
1783018620000,1.14328,1.14337,1.14326,1.14333
1783018680000,1.14332,1.14333,1.14327,1.14329
1783018740000,1.14328,1.14332,1.14324,1.14328
1783018800000,1.14328,1.14337,1.14323,1.14323
1783018860000,1.14322,1.14331,1.14319,1.14329
1783018920000,1.14327,1.14329,1.14308,1.14312
1783018980000,1.14313,1.14314,1.14304,1.14308
1783019040000,1.1431,1.14315,1.14301,1.14305
1783019100000,1.14306,1.14311,1.14306,1.1431
1783019160000,1.14312,1.14318,1.14308,1.14313
1783019220000,1.14314,1.14318,1.14314,1.14318
1783019280000,1.14318,1.14324,1.14318,1.14322
1783019340000,1.14324,1.14331,1.14323,1.14331
1783019400000,1.14331,1.14334,1.14322,1.14322
1783019460000,1.14321,1.14323,1.14315,1.14316
1783019520000,1.14316,1.14326,1.14316,1.14325
1783019580000,1.14324,1.14324,1.14322,1.14324
1783019640000,1.14324,1.14325,1.14317,1.14323
1783019700000,1.14322,1.14325,1.14317,1.14317
1783019760000,1.14317,1.14319,1.14311,1.14313
1783019820000,1.14311,1.14315,1.14311,1.14313
1783019880000,1.14315,1.14315,1.14308,1.14309
1783019940000,1.14308,1.14313,1.14307,1.14308
1783020000000,1.14308,1.14309,1.14292,1.14292
1783020060000,1.14294,1.14297,1.14293,1.14295
1783020120000,1.14296,1.14299,1.14294,1.14294
1783020180000,1.14294,1.14304,1.14294,1.14304
1783020240000,1.14304,1.14304,1.14291,1.14293
1783020300000,1.14294,1.14294,1.14291,1.14293
1783020360000,1.14292,1.14296,1.14292,1.14296
1783020420000,1.14297,1.14301,1.14293,1.14293
1783020480000,1.14293,1.14296,1.14289,1.14294
1783020540000,1.14293,1.14298,1.14291,1.14292
1783020600000,1.14294,1.14294,1.14288,1.14292
1783020660000,1.14295,1.14297,1.14293,1.14295
1783020720000,1.14295,1.14304,1.14294,1.14304
1783020780000,1.14304,1.1431,1.14298,1.14299
1783020840000,1.143,1.14303,1.14292,1.14292
1783020900000,1.14292,1.14293,1.14288,1.14288
1783020960000,1.14286,1.14286,1.14277,1.1428
1783021020000,1.1428,1.14284,1.14275,1.14282
1783021080000,1.14284,1.1429,1.14284,1.14287
1783021140000,1.14286,1.14286,1.14281,1.14282
1783021200000,1.14283,1.14291,1.14282,1.14289
1783021260000,1.14289,1.14292,1.14287,1.1429
1783021320000,1.14291,1.14291,1.14287,1.1429
1783021380000,1.14288,1.14289,1.14287,1.14288
1783021440000,1.1429,1.14293,1.14288,1.14289
1783021500000,1.14288,1.14292,1.14283,1.14286
1783021560000,1.14287,1.14287,1.14265,1.14265
1783021620000,1.14267,1.14269,1.14261,1.14269
1783021680000,1.14268,1.14271,1.14266,1.14268
1783021740000,1.14267,1.14273,1.14265,1.14266
1783021800000,1.14269,1.14279,1.14269,1.14279
1783021860000,1.1428,1.1428,1.14277,1.14277
1783021920000,1.14279,1.14283,1.14274,1.14283
1783021980000,1.14284,1.14293,1.14278,1.14293
1783022040000,1.14293,1.14301,1.14291,1.14298
1783022100000,1.143,1.14315,1.14298,1.14313
1783022160000,1.14313,1.14318,1.14307,1.1431
1783022220000,1.14312,1.14315,1.14309,1.14312
1783022280000,1.14312,1.14312,1.14299,1.14302
1783022340000,1.14302,1.14308,1.14301,1.14308
1783022400000,1.14306,1.14307,1.14294,1.143
1783022460000,1.14299,1.1431,1.14297,1.14303
1783022520000,1.14304,1.14306,1.143,1.14302
1783022580000,1.14304,1.14312,1.14304,1.14311
1783022640000,1.14312,1.14315,1.14312,1.14315
1783022700000,1.14316,1.14324,1.14316,1.14319
1783022760000,1.14321,1.14323,1.14321,1.14323
1783022820000,1.14325,1.14325,1.14323,1.14324
1783022880000,1.14324,1.14324,1.1432,1.14322
1783022940000,1.14322,1.14325,1.1432,1.14325
1783023000000,1.14324,1.14324,1.14324,1.14324
1783023060000,1.14324,1.14324,1.14321,1.14324
1783023120000,1.14323,1.14323,1.14319,1.14321
1783023180000,1.14319,1.14319,1.14319,1.14319
1783023240000,1.1432,1.14324,1.1432,1.14321
1783023300000,1.14322,1.14324,1.14322,1.14324
1783023360000,1.14323,1.14328,1.14323,1.14328
1783023420000,1.14327,1.14327,1.14324,1.14325
1783023480000,1.14326,1.14338,1.14326,1.14338
1783023540000,1.14337,1.14339,1.14335,1.14339
1783023600000,1.1434,1.14346,1.14339,1.14346
1783023660000,1.14345,1.14346,1.14345,1.14345
1783023720000,1.14344,1.14344,1.14342,1.14344
1783023780000,1.14343,1.14345,1.14343,1.14345
1783023840000,1.14346,1.14351,1.14344,1.1435
1783023900000,1.1435,1.1435,1.14348,1.14348
1783023960000,1.14349,1.14355,1.14348,1.14355
1783024020000,1.14355,1.14355,1.1435,1.14351
1783024080000,1.14349,1.14353,1.14348,1.1435
1783024140000,1.1435,1.1435,1.14347,1.14347
1783024200000,1.14348,1.14349,1.14343,1.14345
1783024260000,1.14344,1.14345,1.14343,1.14344
1783024320000,1.14343,1.14344,1.14342,1.14344
1783024380000,1.14345,1.14345,1.14343,1.14344
1783024440000,1.14344,1.14344,1.14339,1.1434
1783024500000,1.14341,1.14342,1.1434,1.1434
1783024560000,1.14339,1.14339,1.14335,1.14339
1783024620000,1.14337,1.14341,1.14337,1.14341
1783024680000,1.14339,1.14339,1.14335,1.14335
1783024740000,1.14337,1.14339,1.14333,1.14333
1783024800000,1.14334,1.14334,1.14329,1.14331
1783024860000,1.1433,1.1433,1.14326,1.14329
1783024920000,1.14328,1.14328,1.14328,1.14328
1783024980000,1.14327,1.14328,1.14326,1.14327
1783025040000,1.14328,1.14329,1.14328,1.14328
1783025100000,1.14329,1.14334,1.14329,1.14331
1783025160000,1.14333,1.14338,1.14333,1.14338
1783025220000,1.14338,1.14343,1.14338,1.14343
1783025280000,1.14343,1.14344,1.14343,1.14344
1783025340000,1.14343,1.14346,1.14343,1.14345
1783025400000,1.14346,1.14355,1.14344,1.14344
1783025460000,1.14344,1.14344,1.14339,1.14339
1783025520000,1.1434,1.1434,1.14338,1.14339
1783025580000,1.14337,1.14339,1.14337,1.14337
1783025640000,1.14338,1.14341,1.14337,1.14341
1783025700000,1.14339,1.14339,1.14326,1.14326
1783025760000,1.14328,1.14331,1.14326,1.14328
1783025820000,1.14329,1.14335,1.14328,1.14333
1783025880000,1.14333,1.14339,1.14331,1.14334
1783025940000,1.14333,1.14335,1.14296,1.14308
1783026000000,1.14309,1.14309,1.14294,1.14299
1783026060000,1.14299,1.14299,1.14299,1.14299
1783026120000,1.14301,1.1432,1.14301,1.1432
1783026180000,1.14322,1.14322,1.14322,1.14322
1783026240000,1.14318,1.14322,1.14318,1.14322
1783026300000,1.14327,1.14332,1.14325,1.14331
1783026360000,1.14331,1.14331,1.14325,1.14326
1783026420000,1.14327,1.1433,1.14327,1.14328
1783026480000,1.14328,1.14329,1.14327,1.14327
1783026540000,1.14328,1.1433,1.14325,1.14325
1783026600000,1.14324,1.14332,1.14323,1.14332
1783026660000,1.14333,1.14333,1.14318,1.14319
1783026720000,1.14319,1.14329,1.14318,1.14328
1783026780000,1.14328,1.14329,1.14319,1.14328
1783026840000,1.14328,1.14329,1.14307,1.14309
1783026900000,1.14308,1.14329,1.14307,1.14329
1783026960000,1.14328,1.14328,1.14298,1.14306
1783027020000,1.14306,1.14327,1.14305,1.14316
1783027080000,1.14317,1.14317,1.14312,1.14315
1783027140000,1.14313,1.14314,1.14308,1.14308
1783027200000,1.14311,1.14311,1.14309,1.14309
1783027260000,1.14311,1.14321,1.14309,1.14318
1783027320000,1.14328,1.14328,1.14328,1.14328
1783027380000,1.14328,1.14328,1.14327,1.14328
1783027440000,1.14327,1.14334,1.14327,1.14334
1783027500000,1.14335,1.1434,1.14331,1.1434
1783027560000,1.14341,1.14341,1.14336,1.14337
1783027620000,1.14336,1.14338,1.14336,1.14336
1783027680000,1.14336,1.14344,1.14336,1.14343
1783027740000,1.14342,1.14345,1.14335,1.14335
1783027800000,1.14336,1.14336,1.14327,1.14335
1783027860000,1.14334,1.14335,1.14334,1.14335
1783027920000,1.14335,1.14335,1.1433,1.14331
1783027980000,1.14332,1.14332,1.14331,1.14332
1783028040000,1.14332,1.14332,1.14331,1.14332
1783028100000,1.14332,1.14332,1.14331,1.14332
1783028160000,1.14331,1.14334,1.14331,1.14331
1783028220000,1.14331,1.14332,1.14331,1.14332
1783028280000,1.14332,1.14332,1.14331,1.14332
1783028340000,1.14334,1.14334,1.14331,1.14333
1783028400000,1.14328,1.14328,1.14313,1.14316
1783028460000,1.14314,1.14318,1.14314,1.14318
1783028520000,1.14316,1.14317,1.14316,1.14317
1783028580000,1.14316,1.14316,1.14316,1.14316
1783028640000,1.14317,1.14317,1.14316,1.14317
1783028700000,1.14313,1.14313,1.1431,1.14312
1783028760000,1.14312,1.14312,1.14312,1.14312
1783028820000,1.14312,1.14312,1.14311,1.14312
1783028880000,1.14311,1.14311,1.1431,1.1431
1783028940000,1.14309,1.14309,1.14309,1.14309
1783029000000,1.14309,1.1431,1.14309,1.14309
1783029060000,1.1431,1.1431,1.14309,1.1431
1783029120000,1.14309,1.14309,1.14309,1.14309
1783029180000,1.14306,1.14307,1.14306,1.14307
1783029240000,1.14307,1.14307,1.14307,1.14307
1783029300000,1.14306,1.14309,1.14306,1.14309
1783029360000,1.14315,1.14328,1.14315,1.14327
1783029420000,1.14328,1.14331,1.14328,1.14331
1783029480000,1.14335,1.14335,1.14335,1.14335
1783029540000,1.14336,1.14338,1.14334,1.14334
1783029600000,1.14335,1.14344,1.1433,1.14343
1783029660000,1.1434,1.14353,1.1434,1.14353
1783029720000,1.14353,1.14353,1.14353,1.14353
1783029780000,1.14352,1.14353,1.14351,1.14351
1783029840000,1.14349,1.14352,1.14349,1.14352
1783029900000,1.14348,1.14348,1.14344,1.14344
1783029960000,1.14346,1.14347,1.14345,1.14346
1783030020000,1.14345,1.14345,1.14341,1.14341
1783030080000,1.14343,1.14344,1.14339,1.14339
1783030140000,1.14339,1.1434,1.14337,1.14337
1783030200000,1.14338,1.14341,1.14336,1.14339
1783030260000,1.14341,1.14343,1.14336,1.14338
1783030320000,1.1434,1.1434,1.1434,1.1434
1783030380000,1.14338,1.14339,1.14338,1.14339
1783030440000,1.14339,1.14342,1.14336,1.14337
1783030500000,1.14337,1.14337,1.14326,1.14329
1783030560000,1.14332,1.14332,1.14329,1.1433
1783030620000,1.1433,1.14331,1.14327,1.14328
1783030680000,1.14328,1.1433,1.14327,1.14329
1783030740000,1.14328,1.1433,1.14327,1.14329
1783030800000,1.14329,1.14332,1.14328,1.14329
1783030860000,1.14328,1.1433,1.14327,1.14327
1783030920000,1.14326,1.14326,1.14322,1.14322
1783030980000,1.14321,1.14326,1.14321,1.14326
1783031040000,1.14325,1.14326,1.14322,1.14322
1783031100000,1.14322,1.14323,1.14319,1.14319
1783031160000,1.1432,1.1432,1.14312,1.14313
1783031220000,1.14313,1.14315,1.14312,1.14312
1783031280000,1.14313,1.14313,1.14311,1.14311
1783031340000,1.14311,1.14314,1.14309,1.14312
1783031400000,1.14312,1.14313,1.14304,1.14306
1783031460000,1.14305,1.14308,1.14303,1.14305
1783031520000,1.14307,1.14311,1.14305,1.14306
1783031580000,1.14305,1.14309,1.14305,1.14307
1783031640000,1.14307,1.14308,1.14302,1.14302
1783031700000,1.14304,1.14309,1.14303,1.14303
1783031760000,1.14307,1.14308,1.14306,1.14307
1783031820000,1.14308,1.14308,1.14298,1.14302
1783031880000,1.14303,1.14304,1.143,1.143
1783031940000,1.14299,1.14301,1.14299,1.14301
1783032000000,1.143,1.14301,1.14293,1.14293
1783032060000,1.14291,1.14291,1.14282,1.14284
1783032120000,1.14283,1.14285,1.14279,1.1428
1783032180000,1.1428,1.14291,1.14279,1.1429
1783032240000,1.14291,1.14293,1.14289,1.14289
1783032300000,1.14289,1.1429,1.14283,1.14283
1783032360000,1.14282,1.14284,1.14278,1.14279
1783032420000,1.14279,1.14293,1.14278,1.14289
1783032480000,1.14288,1.14289,1.14287,1.14288
1783032540000,1.14289,1.14289,1.14286,1.14286
1783032600000,1.14287,1.14287,1.14277,1.14278
1783032660000,1.14277,1.14279,1.14277,1.14277
1783032720000,1.14278,1.14279,1.14276,1.14278
1783032780000,1.14279,1.14279,1.14275,1.14278
1783032840000,1.14278,1.14278,1.14276,1.14277
1783032900000,1.14277,1.14279,1.14276,1.14278
1783032960000,1.14277,1.14279,1.14277,1.14279
1783033020000,1.14279,1.14279,1.14277,1.14279
1783033080000,1.14279,1.14284,1.14278,1.14284
1783033140000,1.14283,1.14289,1.14277,1.14286
1783033200000,1.14287,1.1429,1.14287,1.14289
1783033260000,1.14288,1.14288,1.1428,1.1428
1783033320000,1.14281,1.14285,1.14281,1.14281
1783033380000,1.14281,1.14284,1.14279,1.14283
1783033440000,1.14283,1.14287,1.14283,1.14283
1783033500000,1.14285,1.14286,1.14282,1.14286
1783033560000,1.14286,1.14294,1.14286,1.14289
1783033620000,1.14288,1.14288,1.14285,1.14286
1783033680000,1.14284,1.14286,1.14284,1.14286
1783033740000,1.14287,1.14288,1.14283,1.14283
1783033800000,1.14282,1.14284,1.14278,1.14278
1783033860000,1.14279,1.1428,1.14277,1.14279
1783033920000,1.14278,1.14291,1.14278,1.14288
1783033980000,1.14288,1.14291,1.14282,1.14283
1783034040000,1.14282,1.14282,1.14277,1.14277
1783034100000,1.14279,1.14284,1.14279,1.14283
1783034160000,1.14285,1.14289,1.14285,1.14287
1783034220000,1.14288,1.14288,1.14287,1.14287
1783034280000,1.14286,1.14288,1.14285,1.14286
1783034340000,1.14287,1.14289,1.14284,1.14288
1783034400000,1.14289,1.14295,1.14289,1.14289
1783034460000,1.14289,1.14289,1.14285,1.14286
1783034520000,1.14287,1.14292,1.14287,1.14291
1783034580000,1.14293,1.14297,1.14292,1.14294
1783034640000,1.14294,1.14298,1.14294,1.14298
1783034700000,1.14299,1.143,1.14298,1.14299
1783034760000,1.143,1.14301,1.14299,1.143
1783034820000,1.143,1.14304,1.14298,1.14298
1783034880000,1.14299,1.143,1.14299,1.14299
1783034940000,1.14298,1.14299,1.14298,1.14298
1783035000000,1.14295,1.14295,1.14288,1.14291
1783035060000,1.14289,1.14294,1.14284,1.14288
1783035120000,1.14285,1.14285,1.14283,1.14285
1783035180000,1.14284,1.14286,1.14282,1.14282
1783035240000,1.14281,1.14282,1.14276,1.14276
1783035300000,1.14276,1.14276,1.14269,1.14269
1783035360000,1.14269,1.14269,1.14253,1.14255
1783035420000,1.14254,1.14258,1.14249,1.1425
1783035480000,1.14245,1.14245,1.14238,1.14239
1783035540000,1.1424,1.14246,1.14238,1.14244
1783035600000,1.1425,1.14254,1.14249,1.14249
1783035660000,1.14249,1.14253,1.14249,1.14252
1783035720000,1.14251,1.14254,1.14246,1.14246
1783035780000,1.14246,1.14262,1.14246,1.14262
1783035840000,1.1426,1.14261,1.14254,1.1426
1783035900000,1.14259,1.14265,1.14258,1.14263
1783035960000,1.14265,1.14265,1.14253,1.14259
1783036020000,1.14258,1.14258,1.14254,1.14256
1783036080000,1.14258,1.14258,1.14251,1.14252
1783036140000,1.14251,1.14255,1.14247,1.14253
1783036200000,1.14253,1.14254,1.14251,1.14253
1783036260000,1.14253,1.14254,1.14246,1.14246
1783036320000,1.14246,1.14247,1.14233,1.14233
1783036380000,1.14234,1.14235,1.14227,1.14229
1783036440000,1.14231,1.14235,1.14229,1.14234
1783036500000,1.14234,1.14234,1.14227,1.14229
1783036560000,1.14228,1.14228,1.14217,1.14217
1783036620000,1.14217,1.14225,1.14217,1.14222
1783036680000,1.14223,1.14229,1.1422,1.14223
1783036740000,1.14225,1.14225,1.14221,1.14224
1783296000000,1.14366,1.14372,1.14354,1.14355
1783296060000,1.14354,1.14373,1.14354,1.14364
1783296120000,1.14365,1.14374,1.14362,1.14368
1783296180000,1.14367,1.1437,1.14356,1.14365
1783296240000,1.14366,1.14367,1.14351,1.14351
1783296300000,1.14352,1.14359,1.14352,1.14355
1783296360000,1.14353,1.14353,1.14345,1.14346
1783296420000,1.14347,1.1435,1.14344,1.14345
1783296480000,1.14344,1.14348,1.14344,1.14346
1783296540000,1.14345,1.14347,1.14329,1.14331
1783296600000,1.1433,1.14341,1.14327,1.14341
1783296660000,1.14341,1.14345,1.14341,1.14345
1783296720000,1.14345,1.14351,1.1434,1.14351
1783296780000,1.14352,1.14364,1.14351,1.14364
1783296840000,1.14363,1.14363,1.14356,1.14362
1783296900000,1.1436,1.14376,1.1436,1.14376
1783296960000,1.14376,1.14402,1.14372,1.14401
1783297020000,1.14401,1.1441,1.14394,1.14394
1783297080000,1.14394,1.14394,1.14378,1.14381
1783297140000,1.1438,1.14388,1.14379,1.14385
1783297200000,1.14385,1.14391,1.14381,1.14391
1783297260000,1.14389,1.1439,1.14381,1.1439
1783297320000,1.1439,1.1439,1.14385,1.14388
1783297380000,1.14386,1.14388,1.1438,1.14381
1783297440000,1.14381,1.14384,1.14376,1.14382
1783297500000,1.14381,1.14382,1.14375,1.14376
1783297560000,1.14375,1.14375,1.14365,1.14365
1783297620000,1.14364,1.14378,1.14364,1.14376
1783297680000,1.14375,1.14381,1.14374,1.14379
1783297740000,1.1438,1.14385,1.14376,1.14385
1783297800000,1.14384,1.14404,1.14384,1.14398
1783297860000,1.14395,1.14396,1.14382,1.14388
1783297920000,1.1439,1.14397,1.14388,1.14395
1783297980000,1.14396,1.14403,1.1439,1.1439
1783298040000,1.1439,1.1439,1.14382,1.14386
1783298100000,1.14386,1.14386,1.14376,1.14383
1783298160000,1.14382,1.14388,1.14376,1.14388
1783298220000,1.1439,1.144,1.14389,1.14399
1783298280000,1.14399,1.14402,1.14385,1.14385
1783298340000,1.14386,1.14396,1.14386,1.14394
1783298400000,1.14395,1.14403,1.14394,1.14402
1783298460000,1.14401,1.14405,1.144,1.14404
1783298520000,1.14404,1.14406,1.14397,1.14404
1783298580000,1.14402,1.14402,1.14395,1.14395
1783298640000,1.14395,1.14399,1.14393,1.14395
1783298700000,1.14397,1.144,1.14394,1.14394
1783298760000,1.14395,1.14401,1.14395,1.14399
1783298820000,1.144,1.144,1.14394,1.14395
1783298880000,1.14395,1.14398,1.14388,1.14388
1783298940000,1.14386,1.14386,1.14374,1.14382
1783299000000,1.14381,1.14383,1.14371,1.14374
1783299060000,1.14376,1.14382,1.14375,1.14376
1783299120000,1.14376,1.14386,1.1437,1.14383
1783299180000,1.14384,1.14386,1.14378,1.14386
1783299240000,1.14385,1.14389,1.14371,1.14382
1783299300000,1.14384,1.14395,1.14378,1.14393
1783299360000,1.14394,1.144,1.1438,1.14382
1783299420000,1.14383,1.14391,1.14381,1.1439
1783299480000,1.14392,1.14392,1.14381,1.14383
1783299540000,1.14383,1.14389,1.14377,1.1438
1783299600000,1.14382,1.14383,1.14369,1.14372
1783299660000,1.14373,1.14378,1.14371,1.14374
1783299720000,1.14372,1.14376,1.14369,1.14375
1783299780000,1.14374,1.14374,1.14367,1.14369
1783299840000,1.14369,1.14373,1.14364,1.14366
1783299900000,1.14366,1.1437,1.1436,1.14362
1783299960000,1.14361,1.14369,1.14358,1.14359
1783300020000,1.1436,1.14364,1.14354,1.14355
1783300080000,1.14354,1.14369,1.14354,1.14362
1783300140000,1.1436,1.14365,1.14358,1.14365
1783300200000,1.14365,1.14386,1.14365,1.14381
1783300260000,1.14381,1.14381,1.14369,1.14369
1783300320000,1.14366,1.1437,1.14354,1.1436
1783300380000,1.14361,1.14366,1.14356,1.14366
1783300440000,1.14366,1.1437,1.14365,1.14367
1783300500000,1.14365,1.14365,1.14358,1.1436
1783300560000,1.1436,1.14366,1.1435,1.1435
1783300620000,1.14349,1.1435,1.14341,1.14341
1783300680000,1.14343,1.14352,1.14343,1.14351
1783300740000,1.14352,1.14356,1.14344,1.14347
1783300800000,1.14348,1.14348,1.1433,1.14336
1783300860000,1.14337,1.14337,1.14319,1.1432
1783300920000,1.1432,1.14324,1.14318,1.14319
1783300980000,1.14321,1.14322,1.14316,1.14316
1783301040000,1.14319,1.14327,1.14319,1.14326
1783301100000,1.14327,1.1433,1.1432,1.1432
1783301160000,1.14321,1.14321,1.14306,1.14311
1783301220000,1.14311,1.14311,1.14308,1.14308
1783301280000,1.14309,1.14316,1.14307,1.14315
1783301340000,1.14314,1.14316,1.14309,1.14316
1783301400000,1.14315,1.1432,1.14306,1.14311
1783301460000,1.1431,1.14325,1.1431,1.14325
1783301520000,1.14326,1.1433,1.1432,1.14323
1783301580000,1.14325,1.14326,1.1432,1.14324
1783301640000,1.14325,1.14325,1.14313,1.14318
1783301700000,1.14317,1.14324,1.14315,1.14316
1783301760000,1.14317,1.14324,1.14317,1.14323
1783301820000,1.14325,1.1434,1.14325,1.1434
1783301880000,1.1434,1.14345,1.14338,1.14342
1783301940000,1.14343,1.14347,1.1434,1.14347
1783302000000,1.14347,1.14349,1.1434,1.14342
1783302060000,1.14342,1.14347,1.14338,1.14341
1783302120000,1.1434,1.1434,1.14334,1.14339
1783302180000,1.14338,1.14341,1.14332,1.14336
1783302240000,1.14336,1.14343,1.14334,1.14339
1783302300000,1.14338,1.1434,1.14327,1.14327
1783302360000,1.14327,1.14327,1.14322,1.14324
1783302420000,1.14325,1.14335,1.14325,1.14335
1783302480000,1.14335,1.14336,1.14326,1.14329
1783302540000,1.14328,1.1433,1.14316,1.14317
1783302600000,1.14317,1.14318,1.14309,1.1431
1783302660000,1.1431,1.14311,1.14302,1.14311
1783302720000,1.14311,1.14311,1.14304,1.14306
1783302780000,1.14308,1.14316,1.14304,1.14305
1783302840000,1.14305,1.14308,1.14304,1.14306
1783302900000,1.14308,1.1431,1.143,1.14301
1783302960000,1.14301,1.14305,1.14299,1.14301
1783303020000,1.14301,1.14302,1.14292,1.14296
1783303080000,1.14293,1.14295,1.14283,1.14286
1783303140000,1.14285,1.14287,1.14284,1.14285
1783303200000,1.14284,1.14295,1.14282,1.14295
1783303260000,1.14295,1.14295,1.14289,1.14294
1783303320000,1.14291,1.143,1.1429,1.14296
1783303380000,1.14296,1.14298,1.14293,1.14297
1783303440000,1.14298,1.143,1.14294,1.14294
1783303500000,1.14294,1.14294,1.14284,1.14288
1783303560000,1.14287,1.14288,1.14282,1.14283
1783303620000,1.14283,1.14283,1.14274,1.1428
1783303680000,1.14281,1.14286,1.14279,1.14284
1783303740000,1.14286,1.14291,1.14279,1.14289
1783303800000,1.14291,1.14293,1.14284,1.14292
1783303860000,1.14293,1.14299,1.14287,1.14298
1783303920000,1.14296,1.14298,1.14289,1.14289
1783303980000,1.1429,1.14294,1.14289,1.14293
1783304040000,1.14294,1.14298,1.14292,1.14296
1783304100000,1.14296,1.14297,1.14289,1.14295
1783304160000,1.14294,1.14294,1.14286,1.14291
1783304220000,1.1429,1.14297,1.14287,1.14297
1783304280000,1.14295,1.143,1.1429,1.143
1783304340000,1.14299,1.14301,1.14297,1.14299
1783304400000,1.143,1.14306,1.143,1.14306
1783304460000,1.14306,1.14307,1.14299,1.143
1783304520000,1.14302,1.14303,1.143,1.14301
1783304580000,1.14302,1.14302,1.14295,1.14295
1783304640000,1.14296,1.14297,1.1429,1.14291
1783304700000,1.14291,1.14298,1.14291,1.14295
1783304760000,1.14297,1.14299,1.14294,1.14296
1783304820000,1.14295,1.14297,1.14292,1.14292
1783304880000,1.14293,1.14299,1.14293,1.14294
1783304940000,1.14293,1.14293,1.1429,1.14292
1783305000000,1.14291,1.14296,1.14288,1.14294
1783305060000,1.14293,1.14296,1.1429,1.14293
1783305120000,1.14293,1.14296,1.14293,1.14296
1783305180000,1.14299,1.14301,1.14297,1.14298
1783305240000,1.14299,1.143,1.14296,1.14297
1783305300000,1.14299,1.14304,1.14294,1.14294
1783305360000,1.14293,1.14296,1.1429,1.14295
1783305420000,1.14296,1.14296,1.14292,1.14293
1783305480000,1.14296,1.14297,1.14293,1.14297
1783305540000,1.14298,1.143,1.14295,1.14295
1783305600000,1.14296,1.14296,1.14286,1.14287
1783305660000,1.14288,1.14298,1.14287,1.14298
1783305720000,1.14298,1.143,1.14295,1.14297
1783305780000,1.14298,1.143,1.14297,1.14298
1783305840000,1.14297,1.14298,1.14292,1.14295
1783305900000,1.14295,1.14306,1.14295,1.14306
1783305960000,1.14306,1.14308,1.14306,1.14308
1783306020000,1.14307,1.14312,1.14307,1.14307
1783306080000,1.14307,1.1431,1.14307,1.1431
1783306140000,1.1431,1.14311,1.14307,1.14308
1783306200000,1.14309,1.14311,1.14305,1.14305
1783306260000,1.14305,1.14321,1.14305,1.1432
1783306320000,1.1432,1.14331,1.1432,1.14331
1783306380000,1.1433,1.14335,1.14327,1.14331
1783306440000,1.14331,1.14332,1.1433,1.1433
1783306500000,1.1433,1.14334,1.1433,1.14332
1783306560000,1.14331,1.14331,1.14327,1.1433
1783306620000,1.14332,1.14347,1.14332,1.14344
1783306680000,1.14344,1.14348,1.14344,1.14348
1783306740000,1.14347,1.1435,1.14336,1.14336
1783314000000,1.14328,1.14332,1.14315,1.14317
1783314060000,1.14317,1.14318,1.1431,1.14311
1783314120000,1.14311,1.14314,1.14308,1.14312
1783314180000,1.14311,1.14311,1.143,1.143
1783314240000,1.14298,1.14302,1.14298,1.14299
1783314300000,1.14298,1.14302,1.14297,1.14301
1783314360000,1.14299,1.14299,1.14294,1.14298
1783314420000,1.143,1.143,1.14295,1.14296
1783314480000,1.14296,1.14296,1.14289,1.14289
1783314540000,1.14287,1.14287,1.14285,1.14287
1783314600000,1.14289,1.1429,1.14286,1.14289
1783314660000,1.14286,1.14296,1.14285,1.14296
1783314720000,1.14296,1.14308,1.14294,1.14302
1783314780000,1.143,1.14306,1.14293,1.14299
1783314840000,1.143,1.14301,1.14294,1.14297
1783314900000,1.14296,1.14297,1.14292,1.14296
1783314960000,1.14297,1.14297,1.14293,1.14294
1783315020000,1.14293,1.14294,1.1429,1.14292
1783315080000,1.14291,1.14292,1.14282,1.14285
1783315140000,1.14286,1.14292,1.14283,1.14284
1783315200000,1.14285,1.1429,1.14283,1.1429
1783315260000,1.14289,1.14289,1.14279,1.14281
1783315320000,1.14282,1.1429,1.1428,1.14288
1783315380000,1.14286,1.14289,1.14282,1.14283
1783315440000,1.14284,1.14284,1.14278,1.14278
1783315500000,1.14279,1.14285,1.14279,1.14283
1783315560000,1.14283,1.14284,1.14275,1.14277
1783315620000,1.14276,1.1428,1.14275,1.1428
1783315680000,1.1428,1.14289,1.1428,1.14289
1783315740000,1.1429,1.1429,1.14286,1.14287
1783315800000,1.14285,1.14298,1.1428,1.14294
1783315860000,1.14294,1.14301,1.14293,1.14301
1783315920000,1.14302,1.14307,1.143,1.14307
1783315980000,1.14308,1.14321,1.14307,1.14321
1783316040000,1.14321,1.14322,1.14315,1.14315
1783316100000,1.14316,1.14316,1.14309,1.14315
1783316160000,1.14314,1.14317,1.14314,1.14315
1783316220000,1.14316,1.1432,1.14314,1.1432
1783316280000,1.14318,1.1432,1.14314,1.14317
1783316340000,1.14317,1.14323,1.14309,1.1431
1783316400000,1.1431,1.14315,1.14309,1.14313
1783316460000,1.14311,1.14313,1.143,1.14302
1783316520000,1.14304,1.14305,1.14298,1.14302
1783316580000,1.14301,1.14302,1.14296,1.14297
1783316640000,1.14297,1.14297,1.14294,1.14294
1783316700000,1.14295,1.14302,1.14289,1.14302
1783316760000,1.14303,1.14311,1.14303,1.14311
1783316820000,1.14309,1.14311,1.14309,1.14309
1783316880000,1.14309,1.14317,1.14308,1.14311
1783316940000,1.14312,1.14313,1.14301,1.14301
1783317000000,1.14303,1.14304,1.14298,1.143
1783317060000,1.14299,1.143,1.14293,1.14294
1783317120000,1.14295,1.143,1.14293,1.14296
1783317180000,1.14297,1.14299,1.1429,1.14294
1783317240000,1.14295,1.14302,1.14295,1.143
1783317300000,1.143,1.14302,1.14281,1.14282
1783317360000,1.14278,1.1429,1.14277,1.14281
1783317420000,1.14281,1.14282,1.14269,1.14269
1783317480000,1.14269,1.1427,1.14228,1.14233
1783317540000,1.14232,1.14244,1.14231,1.14235
1783332000000,1.14132,1.14141,1.14126,1.14141
1783332060000,1.14142,1.14144,1.14137,1.14142
1783332120000,1.14143,1.14145,1.1411,1.14111
1783332180000,1.14111,1.1412,1.14111,1.14116
1783332240000,1.14116,1.14123,1.14114,1.14121
1783332300000,1.14121,1.14129,1.1411,1.1411
1783332360000,1.1411,1.14113,1.141,1.141
1783332420000,1.14102,1.14121,1.14096,1.14117
1783332480000,1.14116,1.14122,1.14115,1.14122
1783332540000,1.14124,1.14126,1.1412,1.14122
1783332600000,1.14122,1.14125,1.1412,1.14121
1783332660000,1.14122,1.14129,1.14118,1.14126
1783332720000,1.14127,1.14134,1.14127,1.14127
1783332780000,1.14127,1.1413,1.14125,1.14129
1783332840000,1.14128,1.14159,1.14127,1.14157
1783332900000,1.14155,1.14156,1.14142,1.14154
1783332960000,1.14159,1.14176,1.14159,1.14173
1783333020000,1.14171,1.14182,1.14171,1.14178
1783333080000,1.14176,1.14185,1.14165,1.1418
1783333140000,1.1418,1.14188,1.14178,1.14178
1783333200000,1.14176,1.14177,1.14166,1.14168
1783333260000,1.14168,1.14172,1.14167,1.14171
1783333320000,1.14173,1.14192,1.14173,1.14189
1783333380000,1.14188,1.14192,1.14186,1.14189
1783333440000,1.14187,1.14198,1.14182,1.14195
1783333500000,1.14195,1.14198,1.14183,1.14183
1783333560000,1.14186,1.14187,1.14178,1.14181
1783333620000,1.14179,1.14183,1.14174,1.14174
1783333680000,1.14174,1.14175,1.14165,1.14165
1783333740000,1.14165,1.14167,1.14156,1.14156
1783333800000,1.14155,1.14165,1.14154,1.14161
1783333860000,1.1416,1.14177,1.1416,1.14177
1783333920000,1.14177,1.1418,1.14175,1.14175
1783333980000,1.14177,1.14186,1.14176,1.14186
1783334040000,1.14186,1.14196,1.14186,1.14193
1783334100000,1.14193,1.14194,1.14191,1.14191
1783334160000,1.14191,1.14207,1.14191,1.14207
1783334220000,1.14208,1.14208,1.142,1.14202
1783334280000,1.14202,1.14202,1.14195,1.14195
1783334340000,1.14197,1.142,1.1419,1.14198
1783334400000,1.14196,1.14198,1.14187,1.14188
1783334460000,1.14186,1.14196,1.14186,1.14191
1783334520000,1.14191,1.14191,1.14187,1.14188
1783334580000,1.14187,1.14195,1.14185,1.1419
1783334640000,1.14191,1.14193,1.14187,1.1419
1783334700000,1.1419,1.14195,1.14182,1.14182
1783334760000,1.14183,1.1419,1.14182,1.1419
1783334820000,1.14189,1.14192,1.14186,1.14188
1783334880000,1.14189,1.14193,1.14187,1.14187
1783334940000,1.14187,1.14194,1.14186,1.14186
1783335000000,1.14184,1.14184,1.14179,1.1418
1783335060000,1.14181,1.14181,1.1417,1.1417
1783335120000,1.14173,1.14202,1.14173,1.14202
1783335180000,1.14199,1.14199,1.14184,1.14185
1783335240000,1.14187,1.14207,1.14186,1.14207
1783335300000,1.14206,1.14206,1.14196,1.14204
1783335360000,1.14204,1.14212,1.14196,1.14202
1783335420000,1.14201,1.14204,1.14192,1.14194
1783335480000,1.14194,1.14204,1.14192,1.14199
1783335540000,1.142,1.142,1.14191,1.14195
1783335600000,1.14195,1.14202,1.14192,1.14201
1783335660000,1.142,1.142,1.14176,1.14176
1783335720000,1.14176,1.14184,1.14173,1.14181
1783335780000,1.14181,1.14184,1.14179,1.14182
1783335840000,1.14183,1.14187,1.14178,1.14178
1783335900000,1.14176,1.14176,1.14163,1.14164
1783335960000,1.14166,1.14171,1.14156,1.14171
1783336020000,1.14172,1.14185,1.14172,1.14177
1783336080000,1.14177,1.14177,1.14168,1.14168
1783336140000,1.14169,1.14177,1.14168,1.14176
1783336200000,1.14175,1.14183,1.14171,1.14177
1783336260000,1.14176,1.14181,1.14171,1.14173
1783336320000,1.14174,1.14184,1.14174,1.1418
1783336380000,1.14182,1.14185,1.14174,1.14177
1783336440000,1.14176,1.14186,1.14174,1.14186
1783336500000,1.14187,1.14193,1.14178,1.14178
1783336560000,1.14176,1.14176,1.14159,1.14161
1783336620000,1.1416,1.14171,1.14159,1.14171
1783336680000,1.1417,1.14173,1.14169,1.14172
1783336740000,1.1417,1.14172,1.14165,1.1417
1783336800000,1.1417,1.14176,1.14167,1.14174
1783336860000,1.14176,1.14176,1.14166,1.1417
1783336920000,1.14171,1.14178,1.14168,1.14169
1783336980000,1.14171,1.14182,1.14171,1.14179
1783337040000,1.14177,1.14178,1.14169,1.14171
1783337100000,1.1417,1.1418,1.14168,1.14179
1783337160000,1.14178,1.1419,1.14176,1.14185
1783337220000,1.14185,1.14186,1.14176,1.14177
1783337280000,1.14177,1.14186,1.14177,1.14181
1783337340000,1.14183,1.14185,1.14175,1.1418
1783337400000,1.14181,1.14187,1.14175,1.14186
1783337460000,1.14185,1.14189,1.14181,1.14183
1783337520000,1.14183,1.14183,1.14176,1.14176
1783337580000,1.14178,1.14191,1.14176,1.14189
1783337640000,1.1419,1.14192,1.14189,1.1419
1783337700000,1.14191,1.14191,1.14184,1.14185
1783337760000,1.14182,1.14182,1.14159,1.14164
1783337820000,1.14163,1.14166,1.1415,1.14151
1783337880000,1.14151,1.14152,1.14145,1.14146
1783337940000,1.14145,1.14146,1.1414,1.14145
1783338000000,1.14145,1.14163,1.14145,1.1416
1783338060000,1.1416,1.14168,1.14157,1.1416
1783338120000,1.1416,1.14162,1.14154,1.1416
1783338180000,1.1416,1.14162,1.14144,1.14145
1783338240000,1.14142,1.14151,1.14139,1.14143
1783338300000,1.14145,1.14151,1.14141,1.14141
1783338360000,1.14142,1.14144,1.14136,1.14144
1783338420000,1.14144,1.14151,1.14134,1.14136
1783338480000,1.14136,1.14151,1.14132,1.14148
1783338540000,1.14148,1.1415,1.14136,1.14136
1783338600000,1.14137,1.14137,1.14123,1.14124
1783338660000,1.14124,1.1413,1.14118,1.1413
1783338720000,1.1413,1.1413,1.14123,1.14125
1783338780000,1.14125,1.14131,1.14121,1.14129
1783338840000,1.1413,1.14136,1.14125,1.14132
1783338900000,1.14131,1.1414,1.14131,1.14136
1783338960000,1.14136,1.14142,1.14128,1.14128
1783339020000,1.14129,1.14165,1.14128,1.14156
1783339080000,1.14155,1.14165,1.14149,1.14163
1783339140000,1.14165,1.14166,1.1415,1.14151
1783339200000,1.14152,1.14176,1.14152,1.14176
1783339260000,1.14176,1.14182,1.14162,1.14167
1783339320000,1.1417,1.14173,1.14162,1.14167
1783339380000,1.14168,1.14181,1.14168,1.14178
1783339440000,1.14178,1.14197,1.14176,1.14196
1783339500000,1.14196,1.14198,1.1418,1.1418
1783339560000,1.1418,1.14184,1.14171,1.14178
1783339620000,1.14179,1.1418,1.14167,1.14172
1783339680000,1.14173,1.14177,1.14165,1.14166
1783339740000,1.14166,1.14172,1.14147,1.14151
1783339800000,1.14151,1.14151,1.14141,1.14144
1783339860000,1.14143,1.14146,1.14142,1.14145
1783339920000,1.14144,1.14156,1.14142,1.14148
1783339980000,1.14149,1.14161,1.14149,1.14159
1783340040000,1.14159,1.14181,1.14159,1.14172
1783340100000,1.14173,1.14179,1.14168,1.14175
1783340160000,1.14175,1.14176,1.14161,1.14175
1783340220000,1.14174,1.14196,1.14174,1.14181
1783340280000,1.14179,1.14187,1.14179,1.1418
1783340340000,1.14182,1.14183,1.1417,1.14173
1783340400000,1.14171,1.14172,1.14163,1.14166
1783340460000,1.14167,1.14171,1.14163,1.14171
1783340520000,1.14169,1.14176,1.14164,1.14164
1783340580000,1.14168,1.14176,1.1416,1.14164
1783340640000,1.14164,1.14166,1.14154,1.14154
1783340700000,1.14154,1.1417,1.14154,1.14167
1783340760000,1.14165,1.14182,1.14162,1.14175
1783340820000,1.14176,1.14176,1.14161,1.14163
1783340880000,1.14164,1.14172,1.14164,1.14172
1783340940000,1.14173,1.14176,1.14169,1.14174
1783341000000,1.14175,1.14175,1.14161,1.14161
1783341060000,1.14161,1.14178,1.14159,1.14175
1783341120000,1.14178,1.14181,1.14178,1.14178
1783341180000,1.14178,1.14178,1.14163,1.14169
1783341240000,1.14171,1.14175,1.14163,1.14163
1783341300000,1.14163,1.14164,1.14158,1.14158
1783341360000,1.1416,1.14162,1.14152,1.14153
1783341420000,1.14149,1.14163,1.14144,1.14162
1783341480000,1.14162,1.14167,1.14155,1.14164
1783341540000,1.14163,1.14173,1.14158,1.14171
1783341600000,1.14171,1.14173,1.14167,1.14171
1783341660000,1.14171,1.14171,1.14154,1.14156
1783341720000,1.14154,1.14158,1.14149,1.14151
1783341780000,1.14152,1.14158,1.1414,1.1414
1783341840000,1.14141,1.14141,1.14128,1.14136
1783341900000,1.14135,1.14136,1.14124,1.14125
1783341960000,1.14126,1.14135,1.14121,1.14134
1783342020000,1.14132,1.1414,1.14122,1.14137
1783342080000,1.14139,1.14149,1.14137,1.14143
1783342140000,1.14141,1.1415,1.14137,1.14137
1783342200000,1.14139,1.14153,1.14137,1.14153
1783342260000,1.14153,1.14159,1.14152,1.14158
1783342320000,1.14157,1.14164,1.14155,1.14159
1783342380000,1.14158,1.14164,1.14152,1.14152
1783342440000,1.14154,1.14156,1.14133,1.14151
1783342500000,1.14152,1.14152,1.14144,1.14145
1783342560000,1.14146,1.14152,1.14127,1.1413
1783342620000,1.14129,1.14134,1.1411,1.1411
1783342680000,1.1411,1.14136,1.14105,1.14136
1783342740000,1.14135,1.14135,1.14123,1.14131
