timestamp,open,high,low,close
1781654400000,0.58298,0.58306,0.58286,0.58286
1781654460000,0.58284,0.58299,0.58282,0.58298
1781654520000,0.58297,0.58301,0.58293,0.58293
1781654580000,0.58296,0.58305,0.58293,0.58303
1781654640000,0.58301,0.58303,0.58295,0.58297
1781654700000,0.58296,0.58305,0.58294,0.583
1781654760000,0.58301,0.58309,0.583,0.58303
1781654820000,0.58302,0.58317,0.58302,0.58313
1781654880000,0.58315,0.58321,0.58315,0.5832
1781654940000,0.58319,0.58321,0.58312,0.58314
1781655000000,0.58314,0.58321,0.58313,0.58318
1781655060000,0.58321,0.58321,0.58317,0.58318
1781655120000,0.58319,0.58321,0.58313,0.58318
1781655180000,0.58317,0.58324,0.58317,0.58323
1781655240000,0.58322,0.58329,0.58321,0.58322
1781655300000,0.58324,0.58327,0.58322,0.58324
1781655360000,0.58325,0.58332,0.58324,0.58329
1781655420000,0.5833,0.58331,0.58329,0.5833
1781655480000,0.5833,0.58333,0.58329,0.58329
1781655540000,0.58329,0.58333,0.58328,0.58332
1781655600000,0.5833,0.58338,0.58328,0.58329
1781655660000,0.58329,0.5833,0.58326,0.58326
1781655720000,0.58329,0.58332,0.58328,0.58329
1781655780000,0.58329,0.5833,0.58323,0.58325
1781655840000,0.58324,0.58327,0.58324,0.58326
1781655900000,0.58328,0.58328,0.58322,0.58324
1781655960000,0.58326,0.58332,0.58326,0.5833
1781656020000,0.58331,0.5834,0.5833,0.58334
1781656080000,0.58334,0.58335,0.5833,0.58334
1781656140000,0.58333,0.58338,0.5833,0.5833
1781656200000,0.58331,0.58331,0.58325,0.58325
1781656260000,0.58326,0.58334,0.58326,0.58329
1781656320000,0.58328,0.58328,0.58322,0.58324
1781656380000,0.58323,0.58324,0.58322,0.58323
1781656440000,0.58321,0.58324,0.5832,0.58324
1781656500000,0.58323,0.58324,0.58322,0.58323
1781656560000,0.58323,0.58325,0.58322,0.58322
1781656620000,0.58323,0.58329,0.58322,0.58326
1781656680000,0.58324,0.58324,0.58317,0.58318
1781656740000,0.58318,0.58318,0.58313,0.58316
1781656800000,0.58315,0.58323,0.58315,0.5832
1781656860000,0.5832,0.5832,0.58316,0.58319
1781656920000,0.58318,0.58319,0.58317,0.58318
1781656980000,0.58317,0.5832,0.58317,0.58317
1781657040000,0.58318,0.58319,0.58313,0.58316
1781657100000,0.58315,0.58316,0.58308,0.5831
1781657160000,0.58309,0.5831,0.58303,0.58303
1781657220000,0.58304,0.58308,0.58303,0.58307
1781657280000,0.58306,0.58307,0.58305,0.58305
1781657340000,0.58306,0.58306,0.5829,0.58291
1781657400000,0.5829,0.58291,0.58285,0.58287
1781657460000,0.58285,0.58289,0.58281,0.58281
1781657520000,0.58281,0.5829,0.58281,0.58289
1781657580000,0.58289,0.58292,0.58289,0.58289
1781657640000,0.5829,0.5829,0.5828,0.58286
1781657700000,0.58284,0.58294,0.58284,0.5829
1781657760000,0.58291,0.58294,0.5829,0.58293
1781657820000,0.58293,0.58295,0.58292,0.58292
1781657880000,0.58295,0.58295,0.58291,0.58295
1781657940000,0.58297,0.58306,0.58297,0.58306
1781658000000,0.58304,0.58307,0.58296,0.583
1781658060000,0.58302,0.58304,0.58298,0.58298
1781658120000,0.58299,0.5831,0.58299,0.58308
1781658180000,0.58309,0.58315,0.58309,0.58313
1781658240000,0.58312,0.58319,0.5831,0.58317
1781658300000,0.58317,0.5832,0.58313,0.5832
1781658360000,0.58319,0.58332,0.58319,0.58328
1781658420000,0.5833,0.58337,0.5833,0.58333
1781658480000,0.58335,0.5834,0.58331,0.58339
1781658540000,0.5834,0.58345,0.58328,0.58328
1781658600000,0.58328,0.58331,0.58325,0.58329
1781658660000,0.58331,0.58334,0.5833,0.58334
1781658720000,0.58335,0.58336,0.58333,0.58336
1781658780000,0.58334,0.58337,0.58333,0.58336
1781658840000,0.58334,0.58334,0.58323,0.58324
1781658900000,0.58322,0.58322,0.58315,0.58321
1781658960000,0.58322,0.58322,0.58313,0.58316
1781659020000,0.58316,0.58326,0.58315,0.58326
1781659080000,0.58326,0.58329,0.58325,0.58327
1781659140000,0.58326,0.58332,0.58321,0.58332
1781659200000,0.58329,0.58344,0.58327,0.58343
1781659260000,0.58343,0.5835,0.5834,0.58346
1781659320000,0.58345,0.58346,0.58341,0.58342
1781659380000,0.58341,0.58344,0.58331,0.58334
1781659440000,0.58335,0.58335,0.58326,0.58331
1781659500000,0.58331,0.58335,0.58329,0.58332
1781659560000,0.5833,0.5833,0.58326,0.58327
1781659620000,0.58326,0.58329,0.58326,0.58329
1781659680000,0.58329,0.58331,0.58329,0.58329
1781659740000,0.5833,0.5833,0.58315,0.58318
1781659800000,0.58316,0.58316,0.58307,0.58309
1781659860000,0.5831,0.58311,0.58308,0.58309
1781659920000,0.58309,0.58309,0.58296,0.583
1781659980000,0.58302,0.58303,0.58299,0.583
1781660040000,0.58301,0.58301,0.583,0.583
1781660100000,0.58301,0.58306,0.583,0.58305
1781660160000,0.58307,0.58307,0.58305,0.58305
1781660220000,0.58304,0.58304,0.583,0.583
1781660280000,0.58299,0.58299,0.58298,0.58299
1781660340000,0.58297,0.58301,0.58297,0.58298
1781660400000,0.58298,0.58298,0.58289,0.58295
1781660460000,0.58296,0.58301,0.58294,0.583
1781660520000,0.58302,0.58304,0.58298,0.58303
1781660580000,0.58303,0.58306,0.583,0.58302
1781660640000,0.58303,0.58303,0.58296,0.583
1781660700000,0.58299,0.58306,0.58299,0.58305
1781660760000,0.58305,0.58305,0.58296,0.58297
1781660820000,0.58297,0.583,0.58293,0.58293
1781660880000,0.58293,0.58293,0.58287,0.58288
1781660940000,0.58288,0.5829,0.58286,0.58287
1781661000000,0.58287,0.58292,0.58283,0.58292
1781661060000,0.58293,0.58294,0.58293,0.58294
1781661120000,0.58294,0.58296,0.58293,0.58293
1781661180000,0.58291,0.58291,0.58286,0.5829
1781661240000,0.58292,0.58296,0.5829,0.58296
1781661300000,0.58294,0.58302,0.58294,0.58299
1781661360000,0.58298,0.58301,0.58298,0.58301
1781661420000,0.58303,0.58303,0.58299,0.583
1781661480000,0.58299,0.58304,0.58299,0.583
1781661540000,0.58299,0.58301,0.58299,0.583
1781661600000,0.58299,0.58301,0.58296,0.58299
1781661660000,0.58299,0.58302,0.58289,0.58289
1781661720000,0.58289,0.58291,0.58289,0.5829
1781661780000,0.58291,0.58294,0.58284,0.58286
1781661840000,0.58286,0.58287,0.58284,0.58284
1781661900000,0.58284,0.58286,0.58282,0.58285
1781661960000,0.58284,0.58284,0.58279,0.58279
1781662020000,0.58279,0.58281,0.58274,0.58274
1781662080000,0.58272,0.58284,0.58272,0.58283
1781662140000,0.58282,0.58284,0.58279,0.58279
1781662200000,0.58278,0.58279,0.58278,0.58279
1781662260000,0.5828,0.58283,0.58278,0.58278
1781662320000,0.58276,0.58284,0.58276,0.58283
1781662380000,0.58284,0.58286,0.58282,0.58283
1781662440000,0.58285,0.5829,0.58284,0.58289
1781662500000,0.58289,0.5829,0.58286,0.58289
1781662560000,0.58289,0.58289,0.58286,0.58289
1781662620000,0.58292,0.58294,0.58291,0.58291
1781662680000,0.58292,0.58299,0.58292,0.58299
1781662740000,0.58299,0.58299,0.58299,0.58299
1781662800000,0.583,0.58318,0.583,0.58311
1781662860000,0.58311,0.58326,0.58311,0.58322
1781662920000,0.58321,0.58326,0.5832,0.58325
1781662980000,0.58327,0.58331,0.58327,0.5833
1781663040000,0.58331,0.58332,0.58331,0.58332
1781663100000,0.58331,0.58335,0.5833,0.58331
1781663160000,0.5833,0.5833,0.58321,0.58322
1781663220000,0.58324,0.58328,0.58322,0.58322
1781663280000,0.58324,0.58327,0.58324,0.58327
1781663340000,0.58324,0.58325,0.58321,0.58323
1781663400000,0.58322,0.58325,0.5831,0.58311
1781663460000,0.58312,0.58318,0.58312,0.58315
1781663520000,0.58317,0.5832,0.58317,0.5832
1781663580000,0.5832,0.5832,0.58319,0.58319
1781663640000,0.58319,0.5832,0.58319,0.58319
1781663700000,0.58319,0.58325,0.58319,0.5832
1781663760000,0.58321,0.58325,0.58319,0.58319
1781663820000,0.58319,0.58319,0.58305,0.58307
1781663880000,0.58307,0.58314,0.58307,0.58313
1781663940000,0.58315,0.58315,0.5831,0.58311
1781664000000,0.58313,0.58319,0.58313,0.58319
1781664060000,0.58319,0.58323,0.58318,0.5832
1781664120000,0.5832,0.58325,0.58319,0.58325
1781664180000,0.58324,0.58324,0.58321,0.58321
1781664240000,0.58319,0.58321,0.58319,0.58321
1781664300000,0.58319,0.58319,0.58305,0.58309
1781664360000,0.58309,0.58309,0.58309,0.58309
1781664420000,0.58307,0.58307,0.58304,0.58304
1781664480000,0.58305,0.58305,0.58303,0.58305
1781664540000,0.58304,0.58305,0.58304,0.58305
1781664600000,0.58308,0.58309,0.58301,0.58302
1781664660000,0.58302,0.58304,0.58297,0.58298
1781664720000,0.58299,0.583,0.58298,0.583
1781664780000,0.583,0.583,0.58295,0.58296
1781664840000,0.58295,0.58296,0.5829,0.58292
1781664900000,0.58294,0.58301,0.58294,0.58301
1781664960000,0.583,0.58305,0.58294,0.58294
1781665020000,0.58295,0.58295,0.5829,0.58292
1781665080000,0.5829,0.58294,0.5829,0.58293
1781665140000,0.58293,0.58293,0.58278,0.58278
1781665200000,0.58279,0.5829,0.58273,0.5829
1781665260000,0.58289,0.5829,0.58288,0.58289
1781665320000,0.58291,0.58291,0.58284,0.58284
1781665380000,0.58284,0.58286,0.58284,0.58284
1781665440000,0.58283,0.58284,0.58276,0.58276
1781665500000,0.58277,0.58279,0.58272,0.58279
1781665560000,0.5828,0.58285,0.58279,0.58284
1781665620000,0.58285,0.58287,0.58284,0.58284
1781665680000,0.58285,0.58285,0.58283,0.58283
1781665740000,0.58282,0.58286,0.5828,0.58285
1781665800000,0.58284,0.58286,0.58279,0.58279
1781665860000,0.58279,0.58287,0.58279,0.58287
1781665920000,0.58284,0.58284,0.58279,0.58281
1781665980000,0.5828,0.58281,0.58268,0.58268
1781666040000,0.58268,0.58269,0.58264,0.58265
1781666100000,0.58265,0.58265,0.58256,0.58259
1781666160000,0.58258,0.58259,0.58252,0.58259
1781666220000,0.58259,0.5826,0.58255,0.58257
1781666280000,0.58258,0.58263,0.58254,0.58263
1781666340000,0.58263,0.58266,0.58258,0.58258
1781666400000,0.58259,0.58259,0.58254,0.58255
1781666460000,0.58255,0.5826,0.58255,0.58258
1781666520000,0.58262,0.58264,0.5826,0.58262
1781666580000,0.58261,0.58264,0.5826,0.5826
1781666640000,0.58261,0.58264,0.58261,0.58262
1781666700000,0.58262,0.58267,0.58261,0.58267
1781666760000,0.58267,0.5827,0.58266,0.58269
1781666820000,0.58269,0.58272,0.58266,0.58272
1781666880000,0.58272,0.58273,0.58272,0.58272
1781666940000,0.58273,0.58274,0.58273,0.58274
1781667000000,0.58274,0.58277,0.58274,0.58277
1781667060000,0.58277,0.58277,0.58277,0.58277
1781667120000,0.58279,0.58279,0.58277,0.58278
1781667180000,0.58278,0.58279,0.58277,0.58278
1781667240000,0.5828,0.58281,0.5827,0.5827
1781667300000,0.5827,0.58274,0.58268,0.58274
1781667360000,0.58271,0.58271,0.58267,0.58269
1781667420000,0.5827,0.5827,0.58267,0.58269
1781667480000,0.58269,0.5827,0.58269,0.5827
1781667540000,0.58269,0.58269,0.58269,0.58269
1781667600000,0.58268,0.5827,0.58268,0.58269
1781667660000,0.5827,0.58274,0.58267,0.58273
1781667720000,0.58275,0.58277,0.58272,0.58272
1781667780000,0.5827,0.5827,0.58264,0.58266
1781667840000,0.58267,0.58269,0.58266,0.58268
1781667900000,0.58267,0.58267,0.5826,0.58264
1781667960000,0.58264,0.58264,0.58264,0.58264
1781668020000,0.58265,0.58265,0.58263,0.58264
1781668080000,0.58262,0.58269,0.58262,0.58269
1781668140000,0.5827,0.5827,0.58269,0.58269
1781668200000,0.58267,0.58267,0.58262,0.58264
1781668260000,0.58262,0.58262,0.5826,0.58261
1781668320000,0.58261,0.58264,0.58259,0.58262
1781668380000,0.58264,0.58264,0.58259,0.5826
1781668440000,0.58259,0.58264,0.58259,0.58262
1781668500000,0.58262,0.58262,0.58254,0.58254
1781668560000,0.58256,0.58256,0.58255,0.58256
1781668620000,0.58254,0.58258,0.58254,0.58256
1781668680000,0.58255,0.58257,0.58249,0.58252
1781668740000,0.58251,0.58252,0.58248,0.58248
1781668800000,0.58249,0.58254,0.58248,0.58254
1781668860000,0.58253,0.58254,0.58249,0.58251
1781668920000,0.5825,0.58259,0.5825,0.58259
1781668980000,0.58257,0.58257,0.58254,0.58255
1781669040000,0.58256,0.58259,0.58256,0.58258
1781669100000,0.58255,0.58259,0.58255,0.58259
1781669160000,0.58259,0.58264,0.58259,0.58261
1781669220000,0.58262,0.58265,0.5826,0.58261
1781669280000,0.58262,0.58262,0.5826,0.5826
1781669340000,0.5826,0.58262,0.58259,0.58262
1781669400000,0.58263,0.58269,0.58263,0.58269
1781669460000,0.58268,0.58276,0.58268,0.58271
1781669520000,0.58272,0.58275,0.5827,0.58275
1781669580000,0.58275,0.58275,0.5827,0.5827
1781669640000,0.5827,0.5827,0.5826,0.5826
1781669700000,0.58259,0.58265,0.58258,0.58264
1781669760000,0.58265,0.58265,0.58258,0.58258
1781669820000,0.58258,0.58259,0.58258,0.58259
1781669880000,0.5826,0.5826,0.58255,0.58255
1781669940000,0.58257,0.58259,0.58256,0.58258
1781670000000,0.58257,0.58258,0.58251,0.58253
1781670060000,0.58253,0.58253,0.58251,0.58251
1781670120000,0.5825,0.5825,0.58249,0.58249
1781670180000,0.5825,0.5825,0.58247,0.58247
1781670240000,0.58246,0.5825,0.58246,0.58248
1781670300000,0.58247,0.58247,0.58243,0.58245
1781670360000,0.58244,0.5825,0.58243,0.5825
1781670420000,0.58252,0.58252,0.58246,0.58247
1781670480000,0.58248,0.58249,0.58245,0.58247
1781670540000,0.58248,0.58248,0.58243,0.58243
1781670600000,0.58245,0.58249,0.58244,0.58244
1781670660000,0.58247,0.5825,0.58247,0.58249
1781670720000,0.58249,0.58249,0.58249,0.58249
1781670780000,0.58248,0.5825,0.58248,0.58249
1781670840000,0.58248,0.58248,0.58243,0.58243
1781670900000,0.58243,0.58248,0.58243,0.58248
1781670960000,0.58245,0.58247,0.58243,0.58243
1781671020000,0.58241,0.58244,0.58238,0.58244
1781671080000,0.58241,0.58243,0.58239,0.58243
1781671140000,0.58243,0.58244,0.58243,0.58244
1781671200000,0.58244,0.58244,0.58244,0.58244
1781671260000,0.58244,0.58244,0.58241,0.58244
1781671320000,0.58244,0.58247,0.58244,0.58245
1781671380000,0.58245,0.58249,0.58245,0.58249
1781671440000,0.58247,0.58248,0.58245,0.58245
1781671500000,0.58245,0.58246,0.58245,0.58246
1781671560000,0.58244,0.58248,0.58241,0.58246
1781671620000,0.58246,0.5825,0.58245,0.58248
1781671680000,0.58247,0.58251,0.58245,0.58245
1781671740000,0.58246,0.5825,0.58246,0.58248
1781671800000,0.58246,0.58249,0.58241,0.58245
1781671860000,0.58245,0.58249,0.58245,0.58249
1781671920000,0.58248,0.58249,0.58246,0.58249
1781671980000,0.58248,0.58255,0.58248,0.58252
1781672040000,0.58252,0.58256,0.58251,0.58252
1781672100000,0.58254,0.58257,0.58251,0.58251
1781672160000,0.5825,0.58251,0.58243,0.58243
1781672220000,0.58246,0.58246,0.58238,0.58238
1781672280000,0.58239,0.58244,0.58239,0.5824
1781672340000,0.58242,0.58247,0.58242,0.58247
1781672400000,0.58248,0.58254,0.58246,0.58249
1781672460000,0.5825,0.58255,0.5825,0.58254
1781672520000,0.58256,0.58256,0.5825,0.5825
1781672580000,0.58251,0.58251,0.58249,0.58249
1781672640000,0.58249,0.58249,0.58243,0.58243
1781672700000,0.58244,0.58244,0.58235,0.58235
1781672760000,0.58236,0.58238,0.58233,0.58237
1781672820000,0.58238,0.58242,0.58238,0.5824
1781672880000,0.58239,0.5824,0.58235,0.58235
1781672940000,0.58236,0.58236,0.58225,0.58225
1781673000000,0.58224,0.58224,0.58223,0.58223
1781673060000,0.58224,0.58226,0.58224,0.58225
1781673120000,0.58227,0.5823,0.58225,0.58229
1781673180000,0.5823,0.58231,0.58225,0.58225
1781673240000,0.58224,0.58225,0.58224,0.58224
1781673300000,0.58228,0.5823,0.58228,0.58229
1781673360000,0.58229,0.58231,0.58229,0.58229
1781673420000,0.58229,0.58233,0.58229,0.5823
1781673480000,0.5823,0.58235,0.5823,0.58234
1781673540000,0.58232,0.58232,0.5823,0.5823
1781673600000,0.5823,0.58235,0.5823,0.58235
1781673660000,0.58236,0.58246,0.58234,0.58246
1781673720000,0.58244,0.58247,0.58241,0.58246
1781673780000,0.58246,0.58246,0.58241,0.58241
1781673840000,0.58244,0.58244,0.5824,0.5824
1781673900000,0.58241,0.58241,0.58229,0.58229
1781673960000,0.58229,0.58233,0.58229,0.58233
1781674020000,0.58233,0.58236,0.58229,0.58229
1781674080000,0.58231,0.58233,0.5823,0.58231
1781674140000,0.58231,0.58236,0.58231,0.58235
1781674200000,0.58234,0.58239,0.5823,0.58235
1781674260000,0.58237,0.5824,0.58231,0.58231
1781674320000,0.58231,0.58235,0.58231,0.58234
1781674380000,0.58234,0.58238,0.58231,0.58237
1781674440000,0.58236,0.58236,0.58235,0.58236
1781674500000,0.58235,0.58237,0.58235,0.58236
1781674560000,0.58235,0.58236,0.58234,0.58234
1781674620000,0.58233,0.58236,0.58232,0.58235
1781674680000,0.58233,0.58233,0.5823,0.5823
1781674740000,0.5823,0.58231,0.58226,0.58231
1781674800000,0.5823,0.5823,0.5822,0.58225
1781674860000,0.58225,0.58233,0.58225,0.58233
1781674920000,0.58232,0.58235,0.5823,0.58235
1781674980000,0.58234,0.58236,0.58231,0.58231
1781675040000,0.58232,0.58236,0.58232,0.58235
1781675100000,0.58235,0.58235,0.5823,0.5823
1781675160000,0.5823,0.58231,0.58227,0.58229
1781675220000,0.58229,0.58232,0.58226,0.58226
1781675280000,0.58227,0.5823,0.58226,0.58229
1781675340000,0.58229,0.5823,0.58226,0.5823
1781675400000,0.58229,0.5823,0.58227,0.58229
1781675460000,0.58229,0.58229,0.58221,0.58225
1781675520000,0.58222,0.58226,0.5822,0.58226
1781675580000,0.58225,0.58231,0.58225,0.58226
1781675640000,0.58227,0.58228,0.58225,0.58225
1781675700000,0.58225,0.58226,0.5821,0.58211
1781675760000,0.5821,0.5821,0.58196,0.58207
1781675820000,0.58209,0.58215,0.58209,0.58215
1781675880000,0.58215,0.58217,0.58208,0.58216
1781675940000,0.58218,0.5822,0.58211,0.58212
1781676000000,0.5821,0.58214,0.58196,0.58196
1781676060000,0.58194,0.58199,0.58194,0.58199
1781676120000,0.58205,0.58205,0.58199,0.58199
1781676180000,0.58199,0.582,0.58185,0.5819
1781676240000,0.58192,0.58196,0.58187,0.58196
1781676300000,0.58196,0.58198,0.58192,0.58196
1781676360000,0.58195,0.58199,0.5819,0.58199
1781676420000,0.582,0.58205,0.582,0.58203
1781676480000,0.58204,0.58206,0.58202,0.58202
1781676540000,0.58202,0.58205,0.58194,0.58194
1781676600000,0.58195,0.58201,0.58194,0.582
1781676660000,0.582,0.58201,0.58188,0.58194
1781676720000,0.58193,0.58195,0.58188,0.58188
1781676780000,0.58189,0.58194,0.58188,0.5819
1781676840000,0.5819,0.58195,0.5819,0.58191
1781676900000,0.5819,0.58196,0.5819,0.58195
1781676960000,0.58194,0.58197,0.58191,0.58197
1781677020000,0.58194,0.58194,0.58191,0.58191
1781677080000,0.5819,0.58196,0.58189,0.58194
1781677140000,0.58193,0.58193,0.58191,0.58193
1781677200000,0.58191,0.58196,0.58188,0.58188
1781677260000,0.58189,0.58189,0.58177,0.58179
1781677320000,0.5818,0.5819,0.5818,0.58189
1781677380000,0.5819,0.58192,0.58187,0.58187
1781677440000,0.58189,0.58189,0.58182,0.58185
1781677500000,0.58186,0.58186,0.58177,0.58181
1781677560000,0.58181,0.58181,0.58176,0.5818
1781677620000,0.58181,0.58186,0.58181,0.58181
1781677680000,0.58179,0.58179,0.58161,0.58161
1781677740000,0.58161,0.58161,0.58156,0.58158
1781677800000,0.58157,0.58164,0.58156,0.58156
1781677860000,0.58158,0.58159,0.58157,0.58159
1781677920000,0.58157,0.58161,0.5815,0.5815
1781677980000,0.58152,0.58156,0.5815,0.58156
1781678040000,0.58155,0.58171,0.58155,0.58171
1781678100000,0.58172,0.58172,0.58162,0.58166
1781678160000,0.58166,0.58169,0.58164,0.58167
1781678220000,0.5817,0.58171,0.5817,0.5817
1781678280000,0.5817,0.58172,0.58166,0.58171
1781678340000,0.58172,0.58172,0.58171,0.58171
1781678400000,0.58172,0.58182,0.58172,0.5818
1781678460000,0.58181,0.58181,0.58175,0.5818
1781678520000,0.58181,0.58191,0.58181,0.58187
1781678580000,0.58187,0.5819,0.58184,0.58186
1781678640000,0.58185,0.58198,0.58185,0.58198
1781678700000,0.58198,0.582,0.58185,0.58185
1781678760000,0.58186,0.58196,0.58186,0.58194
1781678820000,0.58193,0.58195,0.5819,0.58195
1781678880000,0.58193,0.582,0.58191,0.58195
1781678940000,0.58196,0.58196,0.58191,0.58191
1781679000000,0.58192,0.58196,0.58191,0.58193
1781679060000,0.58193,0.58197,0.58193,0.58197
1781679120000,0.58199,0.58199,0.58195,0.58195
1781679180000,0.58192,0.58198,0.58191,0.58192
1781679240000,0.58192,0.58192,0.58176,0.58176
1781679300000,0.58176,0.5818,0.5817,0.58171
1781679360000,0.58171,0.58172,0.58169,0.58171
1781679420000,0.58171,0.58172,0.58171,0.58171
1781679480000,0.58173,0.58178,0.58173,0.58177
1781679540000,0.58179,0.58187,0.58179,0.58186
1781679600000,0.58186,0.58191,0.58174,0.58174
1781679660000,0.58173,0.58182,0.58173,0.58177
1781679720000,0.58176,0.58186,0.58176,0.58182
1781679780000,0.58184,0.5819,0.5818,0.58188
1781679840000,0.58187,0.58191,0.58186,0.58191
1781679900000,0.58187,0.58191,0.58183,0.58187
1781679960000,0.58188,0.58192,0.58186,0.58191
1781680020000,0.58187,0.58187,0.58185,0.58186
1781680080000,0.58189,0.58196,0.58189,0.58191
1781680140000,0.58193,0.58194,0.58189,0.58191
1781680200000,0.58191,0.58196,0.58187,0.58188
1781680260000,0.58189,0.58193,0.58189,0.58193
1781680320000,0.58193,0.58196,0.5819,0.58191
1781680380000,0.5819,0.58195,0.58189,0.58195
1781680440000,0.58196,0.58201,0.58194,0.58201
1781680500000,0.58202,0.58211,0.58201,0.58211
1781680560000,0.5821,0.5821,0.58202,0.58206
1781680620000,0.58205,0.58206,0.5819,0.58194
1781680680000,0.58194,0.58196,0.58192,0.58195
1781680740000,0.58193,0.58197,0.58192,0.58195
1781680800000,0.58195,0.58202,0.58195,0.58199
1781680860000,0.582,0.58206,0.582,0.58203
1781680920000,0.58202,0.58202,0.58198,0.58202
1781680980000,0.58202,0.58203,0.58195,0.582
1781681040000,0.58198,0.58198,0.58192,0.58192
1781681100000,0.58191,0.58194,0.58185,0.58191
1781681160000,0.5819,0.58193,0.58184,0.58185
1781681220000,0.58185,0.58187,0.58183,0.58185
1781681280000,0.58183,0.58185,0.5818,0.58184
1781681340000,0.58183,0.58186,0.5818,0.58182
1781681400000,0.58179,0.58194,0.58178,0.58193
1781681460000,0.58194,0.58195,0.58183,0.58183
1781681520000,0.58182,0.58186,0.58181,0.58184
1781681580000,0.58183,0.58184,0.58172,0.58173
1781681640000,0.58174,0.58174,0.5817,0.58172
1781681700000,0.5817,0.58176,0.5817,0.58174
1781681760000,0.58174,0.58179,0.58174,0.58178
1781681820000,0.58176,0.58178,0.58174,0.58178
1781681880000,0.58178,0.58187,0.58178,0.58183
1781681940000,0.58184,0.58194,0.58184,0.58194
1781682000000,0.58193,0.582,0.58192,0.58192
1781682060000,0.58192,0.58193,0.58187,0.58187
1781682120000,0.58187,0.58201,0.58186,0.58199
1781682180000,0.58199,0.58204,0.58199,0.58203
1781682240000,0.58203,0.58207,0.58188,0.58194
1781682300000,0.58194,0.58195,0.58193,0.58193
1781682360000,0.58191,0.58197,0.5819,0.58195
1781682420000,0.58195,0.58199,0.58193,0.58197
1781682480000,0.58197,0.58199,0.58194,0.58199
1781682540000,0.58197,0.58199,0.58194,0.58194
1781682600000,0.58194,0.582,0.58191,0.582
1781682660000,0.58199,0.58202,0.58197,0.58202
1781682720000,0.58202,0.58205,0.582,0.58203
1781682780000,0.58202,0.58211,0.58202,0.58211
1781682840000,0.58212,0.58215,0.58207,0.58215
1781682900000,0.58214,0.58216,0.58212,0.58216
1781682960000,0.58217,0.5822,0.58211,0.58211
1781683020000,0.5821,0.58211,0.58208,0.5821
1781683080000,0.58211,0.58215,0.58206,0.58213
1781683140000,0.58212,0.5822,0.58212,0.58219
1781683200000,0.58218,0.58219,0.58211,0.58211
1781683260000,0.58211,0.58214,0.5821,0.5821
1781683320000,0.5821,0.58211,0.58201,0.58206
1781683380000,0.58207,0.58208,0.58203,0.58204
1781683440000,0.58203,0.58205,0.58203,0.58204
1781683500000,0.58204,0.58211,0.58204,0.58211
1781683560000,0.58211,0.58211,0.58201,0.58201
1781683620000,0.58202,0.58203,0.58195,0.58197
1781683680000,0.58198,0.58207,0.58197,0.58207
1781683740000,0.58206,0.58211,0.58206,0.5821
1781683800000,0.58209,0.58209,0.5818,0.5818
1781683860000,0.58179,0.58179,0.58165,0.58171
1781683920000,0.58173,0.58174,0.58165,0.58165
1781683980000,0.58163,0.58174,0.58161,0.58174
1781684040000,0.58174,0.58194,0.58174,0.58185
1781684100000,0.58185,0.58188,0.5818,0.5818
1781684160000,0.58179,0.58179,0.5815,0.58153
1781684220000,0.58156,0.58161,0.58149,0.58158
1781684280000,0.58157,0.58159,0.58149,0.5815
1781684340000,0.5815,0.5815,0.58138,0.58139
1781684400000,0.58138,0.58144,0.58138,0.5814
1781684460000,0.58141,0.58143,0.58135,0.58139
1781684520000,0.5814,0.58143,0.58129,0.58129
1781684580000,0.58131,0.58136,0.58129,0.58129
1781684640000,0.58131,0.58132,0.58126,0.58127
1781684700000,0.58127,0.58131,0.58124,0.58124
1781684760000,0.58123,0.58136,0.5812,0.58135
1781684820000,0.58135,0.58151,0.58135,0.58147
1781684880000,0.58147,0.58147,0.5814,0.58144
1781684940000,0.58142,0.58144,0.58134,0.58142
1781685000000,0.58144,0.58154,0.58139,0.58149
1781685060000,0.58149,0.58152,0.58145,0.58148
1781685120000,0.58147,0.58151,0.58145,0.58151
1781685180000,0.58153,0.5816,0.5815,0.58156
1781685240000,0.58159,0.58162,0.58156,0.58162
1781685300000,0.58161,0.58166,0.58156,0.58156
1781685360000,0.58155,0.58156,0.58154,0.58154
1781685420000,0.58155,0.58155,0.58141,0.58145
1781685480000,0.58145,0.58155,0.58143,0.58153
1781685540000,0.58152,0.58157,0.58146,0.58146
1781685600000,0.58146,0.58148,0.58141,0.58147
1781685660000,0.58146,0.58153,0.58144,0.58151
1781685720000,0.58152,0.58159,0.5815,0.58154
1781685780000,0.58153,0.58156,0.5815,0.5815
1781685840000,0.58151,0.58152,0.58145,0.58148
1781685900000,0.58149,0.58152,0.58145,0.58146
1781685960000,0.58146,0.58153,0.58146,0.5815
1781686020000,0.58149,0.5815,0.58147,0.5815
1781686080000,0.58151,0.58161,0.58146,0.58156
1781686140000,0.58156,0.58156,0.58151,0.58156
1781686200000,0.58157,0.58162,0.58156,0.58161
1781686260000,0.58162,0.58166,0.58162,0.58166
1781686320000,0.58164,0.58175,0.58162,0.58166
1781686380000,0.58163,0.58165,0.58159,0.58162
1781686440000,0.58161,0.58171,0.58161,0.58171
1781686500000,0.5817,0.58173,0.58165,0.58165
1781686560000,0.58163,0.5817,0.58162,0.5817
1781686620000,0.58171,0.58182,0.5817,0.58179
1781686680000,0.58179,0.5818,0.58176,0.58178
1781686740000,0.58177,0.58179,0.58174,0.58178
1781686800000,0.58177,0.58178,0.58171,0.58172
1781686860000,0.58172,0.58175,0.58172,0.58175
1781686920000,0.58176,0.58178,0.58175,0.58178
1781686980000,0.58178,0.58186,0.58176,0.58186
1781687040000,0.58189,0.58195,0.58188,0.58191
1781687100000,0.58191,0.58194,0.58188,0.58191
1781687160000,0.58191,0.58191,0.5818,0.5818
1781687220000,0.58181,0.58185,0.5818,0.58184
1781687280000,0.58184,0.58185,0.5818,0.58184
1781687340000,0.58182,0.58182,0.58178,0.58178
1781687400000,0.58178,0.58178,0.58174,0.58174
1781687460000,0.58172,0.58172,0.5817,0.5817
1781687520000,0.58172,0.58178,0.58171,0.58177
1781687580000,0.58178,0.58178,0.58165,0.58167
1781687640000,0.58164,0.58166,0.58164,0.58164
1781687700000,0.58165,0.58171,0.58165,0.58169
1781687760000,0.58169,0.5817,0.58166,0.58169
1781687820000,0.58168,0.58168,0.58165,0.58166
1781687880000,0.58168,0.58169,0.58164,0.58166
1781687940000,0.58166,0.58169,0.58165,0.58169
1781688000000,0.58168,0.58173,0.58165,0.58165
1781688060000,0.58166,0.58173,0.58165,0.58171
1781688120000,0.5817,0.58172,0.58168,0.58172
1781688180000,0.58169,0.5817,0.58166,0.58168
1781688240000,0.58167,0.58177,0.58166,0.58176
1781688300000,0.58177,0.58184,0.58177,0.58179
1781688360000,0.58177,0.58191,0.58176,0.5819
1781688420000,0.5819,0.5819,0.5818,0.58185
1781688480000,0.58186,0.58186,0.58179,0.5818
1781688540000,0.58182,0.58182,0.58178,0.58179
1781688600000,0.58179,0.58187,0.58179,0.58184
1781688660000,0.58183,0.58183,0.58178,0.58178
1781688720000,0.5818,0.5818,0.58173,0.58173
1781688780000,0.58171,0.58171,0.58166,0.58168
1781688840000,0.58168,0.58171,0.58168,0.58171
1781688900000,0.5817,0.58171,0.58168,0.58168
1781688960000,0.58168,0.58172,0.58168,0.58169
1781689020000,0.58168,0.58168,0.5816,0.58161
1781689080000,0.5816,0.58167,0.5816,0.58161
1781689140000,0.5816,0.58171,0.5816,0.5817
1781689200000,0.5817,0.58171,0.58166,0.58166
1781689260000,0.58166,0.58166,0.58164,0.58165
1781689320000,0.58166,0.5817,0.58161,0.58161
1781689380000,0.58162,0.58163,0.5816,0.5816
1781689440000,0.58158,0.5816,0.58157,0.58157
1781689500000,0.58157,0.58163,0.58157,0.58159
1781689560000,0.58157,0.58159,0.58154,0.58154
1781689620000,0.58155,0.58156,0.58154,0.58154
1781689680000,0.58156,0.58158,0.58155,0.58158
1781689740000,0.5816,0.58161,0.5816,0.58161
1781689800000,0.58161,0.58161,0.58156,0.58156
1781689860000,0.58157,0.58159,0.58156,0.58157
1781689920000,0.58157,0.58158,0.58155,0.58157
1781689980000,0.58157,0.58157,0.58151,0.58151
1781690040000,0.58151,0.58151,0.5815,0.5815
1781690100000,0.58152,0.58155,0.58143,0.58145
1781690160000,0.58145,0.58151,0.58145,0.58151
1781690220000,0.58151,0.58153,0.58147,0.58152
1781690280000,0.58151,0.58157,0.58149,0.58157
1781690340000,0.5816,0.58161,0.58156,0.58157
1781690400000,0.58155,0.58157,0.58143,0.58157
1781690460000,0.58156,0.58157,0.5815,0.5815
1781690520000,0.58148,0.58148,0.58141,0.58141
1781690580000,0.58141,0.58145,0.58141,0.58145
1781690640000,0.58146,0.58147,0.58139,0.58143
1781690700000,0.58145,0.58146,0.5814,0.5814
1781690760000,0.58141,0.58143,0.5814,0.5814
1781690820000,0.58139,0.58139,0.58131,0.58135
1781690880000,0.58136,0.58136,0.58128,0.5813
1781690940000,0.5813,0.58134,0.5813,0.5813
1781691000000,0.58133,0.58147,0.58131,0.58141
1781691060000,0.58141,0.58142,0.58136,0.58136
1781691120000,0.58135,0.58138,0.58132,0.58132
1781691180000,0.58132,0.58136,0.58131,0.58135
1781691240000,0.58137,0.58142,0.58136,0.58138
1781691300000,0.58137,0.58137,0.58131,0.58131
1781691360000,0.58131,0.58131,0.5813,0.5813
1781691420000,0.58131,0.58131,0.58128,0.58128
1781691480000,0.58128,0.58128,0.58121,0.58121
1781691540000,0.58121,0.58122,0.58116,0.58116
1781691600000,0.58116,0.58116,0.58111,0.58115
1781691660000,0.58115,0.58115,0.5811,0.5811
1781691720000,0.5811,0.58111,0.58107,0.58111
1781691780000,0.58111,0.58125,0.58111,0.58125
1781691840000,0.58124,0.58125,0.5812,0.5812
1781691900000,0.58117,0.58122,0.58114,0.58115
1781691960000,0.58115,0.58116,0.58114,0.58115
1781692020000,0.58116,0.58116,0.58116,0.58116
1781692080000,0.58116,0.58117,0.58116,0.58116
1781692140000,0.58117,0.58117,0.58115,0.58116
1781692200000,0.58116,0.58125,0.58116,0.58122
1781692260000,0.58122,0.58124,0.58116,0.58117
1781692320000,0.5812,0.58127,0.5812,0.58124
1781692380000,0.58124,0.58126,0.58121,0.58124
1781692440000,0.58123,0.58125,0.58121,0.58125
1781692500000,0.58122,0.5813,0.58121,0.58125
1781692560000,0.58126,0.58132,0.58126,0.58132
1781692620000,0.5813,0.5813,0.58124,0.58129
1781692680000,0.58128,0.58131,0.58126,0.58127
1781692740000,0.58129,0.58131,0.58127,0.5813
1781692800000,0.5813,0.58131,0.58126,0.58127
1781692860000,0.58129,0.58129,0.58125,0.58126
1781692920000,0.58127,0.58129,0.58124,0.58124
1781692980000,0.58124,0.58124,0.58116,0.58116
1781693040000,0.58116,0.58124,0.58116,0.58121
1781693100000,0.58122,0.58126,0.58121,0.58126
1781693160000,0.58123,0.58124,0.58121,0.58123
1781693220000,0.58122,0.58123,0.58121,0.58123
1781693280000,0.58125,0.58127,0.58122,0.58122
1781693340000,0.58122,0.58122,0.58119,0.58121
1781693400000,0.58121,0.58135,0.58121,0.58135
1781693460000,0.58136,0.58139,0.58131,0.58134
1781693520000,0.58133,0.58134,0.58127,0.58127
1781693580000,0.58128,0.58128,0.5812,0.5812
1781693640000,0.5812,0.58127,0.58114,0.58117
1781693700000,0.58117,0.58118,0.58113,0.58117
1781693760000,0.58116,0.58117,0.58111,0.58115
1781693820000,0.58116,0.58119,0.58111,0.58113
1781693880000,0.58114,0.58118,0.58113,0.58115
1781693940000,0.58115,0.5812,0.58115,0.5812
1781694000000,0.58122,0.58122,0.58116,0.58121
1781694060000,0.58121,0.58126,0.58121,0.58125
1781694120000,0.58126,0.58126,0.58121,0.58122
1781694180000,0.58121,0.58127,0.58121,0.58126
1781694240000,0.58127,0.5813,0.58121,0.58123
1781694300000,0.58121,0.58124,0.5812,0.58121
1781694360000,0.58124,0.58132,0.58124,0.58131
1781694420000,0.58131,0.58136,0.58131,0.58132
1781694480000,0.58132,0.58132,0.58121,0.58124
1781694540000,0.58123,0.58123,0.58115,0.58116
1781694600000,0.58117,0.58117,0.58115,0.58116
1781694660000,0.58115,0.58115,0.58107,0.5811
1781694720000,0.58108,0.58108,0.58105,0.58106
1781694780000,0.58109,0.58109,0.58101,0.58101
1781694840000,0.58101,0.58101,0.58096,0.58099
1781694900000,0.58099,0.58106,0.58097,0.58104
1781694960000,0.58104,0.58117,0.58104,0.58117
1781695020000,0.58116,0.58116,0.58105,0.58105
1781695080000,0.58105,0.58107,0.58105,0.58106
1781695140000,0.58105,0.58106,0.58105,0.58105
1781695200000,0.58105,0.58105,0.58105,0.58105
1781695260000,0.58105,0.58111,0.58105,0.5811
1781695320000,0.58109,0.58109,0.581,0.58101
1781695380000,0.58102,0.58104,0.58101,0.58101
1781695440000,0.581,0.58101,0.581,0.58101
1781695500000,0.581,0.58103,0.58096,0.58102
1781695560000,0.58103,0.58107,0.58101,0.58102
1781695620000,0.58102,0.58105,0.58097,0.58097
1781695680000,0.58097,0.58102,0.58097,0.58098
1781695740000,0.58099,0.58099,0.58096,0.58098
1781695800000,0.58099,0.58099,0.58093,0.58095
1781695860000,0.58095,0.58096,0.58086,0.5809
1781695920000,0.58088,0.5809,0.58084,0.5809
1781695980000,0.5809,0.5809,0.58085,0.58085
1781696040000,0.58083,0.58083,0.58079,0.58081
1781696100000,0.58083,0.5809,0.58082,0.58085
1781696160000,0.58086,0.5809,0.5808,0.58084
1781696220000,0.58085,0.58089,0.58085,0.58086
1781696280000,0.58086,0.58086,0.58081,0.58081
1781696340000,0.58079,0.58086,0.58079,0.58086
1781696400000,0.58087,0.58096,0.58087,0.5809
1781696460000,0.58089,0.58089,0.58082,0.58084
1781696520000,0.58082,0.58083,0.5808,0.58081
1781696580000,0.58082,0.58087,0.58082,0.58087
1781696640000,0.58087,0.58089,0.58085,0.58085
1781696700000,0.58086,0.58093,0.58086,0.58092
1781696760000,0.58093,0.58096,0.58091,0.58091
1781696820000,0.58092,0.58093,0.5809,0.5809
1781696880000,0.5809,0.58091,0.5808,0.58082
1781696940000,0.58083,0.5809,0.58083,0.58087
1781697000000,0.58086,0.58087,0.58086,0.58086
1781697060000,0.58086,0.58091,0.58085,0.58085
1781697120000,0.58086,0.58095,0.58086,0.58092
1781697180000,0.58093,0.581,0.58093,0.581
1781697240000,0.581,0.58103,0.58096,0.58096
1781697300000,0.58095,0.58096,0.5809,0.5809
1781697360000,0.5809,0.5809,0.58078,0.58081
1781697420000,0.58081,0.58082,0.58076,0.58077
1781697480000,0.58079,0.58085,0.58079,0.58082
1781697540000,0.58082,0.58089,0.58082,0.58089
1781697600000,0.58091,0.58098,0.58086,0.58098
1781697660000,0.58099,0.581,0.58096,0.58096
1781697720000,0.58096,0.58097,0.5809,0.58096
1781697780000,0.58096,0.58101,0.58095,0.58096
1781697840000,0.58097,0.58101,0.58094,0.58094
1781697900000,0.58093,0.58095,0.5809,0.5809
1781697960000,0.5809,0.58096,0.58088,0.58096
1781698020000,0.58095,0.58097,0.58094,0.58094
1781698080000,0.58095,0.58096,0.58085,0.58089
1781698140000,0.58089,0.58091,0.58086,0.5809
1781698200000,0.5809,0.58095,0.5809,0.58094
1781698260000,0.58095,0.58095,0.58089,0.58092
1781698320000,0.58092,0.58092,0.58084,0.58092
1781698380000,0.58091,0.58095,0.58091,0.58092
1781698440000,0.58092,0.58095,0.5809,0.58095
1781698500000,0.58095,0.58096,0.58091,0.58091
1781698560000,0.5809,0.58091,0.58087,0.58087
1781698620000,0.58088,0.58103,0.58088,0.58102
1781698680000,0.58103,0.58107,0.58102,0.58106
1781698740000,0.58106,0.58107,0.58104,0.58104
1781698800000,0.58104,0.58111,0.58104,0.58111
1781698860000,0.58111,0.58111,0.58103,0.58105
1781698920000,0.58106,0.58117,0.58106,0.58115
1781698980000,0.58116,0.58123,0.58112,0.58123
1781699040000,0.58122,0.58138,0.58122,0.58133
1781699100000,0.58133,0.58137,0.58131,0.58132
1781699160000,0.58134,0.58137,0.58134,0.58136
1781699220000,0.58136,0.58136,0.5813,0.5813
1781699280000,0.5813,0.58135,0.5813,0.58135
1781699340000,0.58136,0.58138,0.58129,0.58131
1781699400000,0.58126,0.5813,0.58112,0.58121
1781699460000,0.58122,0.5813,0.58115,0.58126
1781699520000,0.58124,0.58129,0.58122,0.58122
1781699580000,0.58122,0.58122,0.58116,0.58117
1781699640000,0.58117,0.58126,0.58116,0.58122
1781699700000,0.58121,0.58125,0.5812,0.58121
1781699760000,0.58122,0.5813,0.58121,0.58127
1781699820000,0.58128,0.58133,0.58127,0.5813
1781699880000,0.5813,0.58137,0.5813,0.58132
1781699940000,0.58133,0.58136,0.58131,0.58134
1781700000000,0.58134,0.58134,0.58129,0.58132
1781700060000,0.58131,0.58137,0.5813,0.58136
1781700120000,0.58135,0.58135,0.5813,0.58131
1781700180000,0.58131,0.58133,0.58127,0.5813
1781700240000,0.5813,0.58135,0.5813,0.5813
1781700300000,0.58131,0.58137,0.5813,0.58136
1781700360000,0.58136,0.58146,0.58136,0.58144
1781700420000,0.58145,0.58146,0.58141,0.58146
1781700480000,0.58144,0.58146,0.58141,0.58146
1781700540000,0.58146,0.58153,0.58146,0.5815
1781700600000,0.5815,0.58156,0.58146,0.58156
1781700660000,0.58155,0.58156,0.58152,0.58155
1781700720000,0.58155,0.58156,0.58151,0.58155
1781700780000,0.58154,0.58156,0.58151,0.58156
1781700840000,0.58156,0.58161,0.58155,0.58156
1781700900000,0.58155,0.58157,0.58151,0.58152
1781700960000,0.58152,0.58157,0.5815,0.5815
1781701020000,0.58151,0.58155,0.58146,0.58155
1781701080000,0.58155,0.58161,0.58155,0.58158
1781701140000,0.58159,0.58159,0.58154,0.58159
1781701200000,0.58158,0.58163,0.58155,0.58159
1781701260000,0.5816,0.58162,0.58156,0.58162
1781701320000,0.58161,0.58163,0.58154,0.58158
1781701380000,0.58156,0.5816,0.58145,0.58147
1781701440000,0.58146,0.58147,0.58142,0.58144
1781701500000,0.58143,0.58151,0.58143,0.58145
1781701560000,0.58143,0.58143,0.5814,0.58141
1781701620000,0.5814,0.58146,0.5814,0.58145
1781701680000,0.58145,0.5815,0.58141,0.58146
1781701740000,0.58146,0.58151,0.58146,0.5815
1781701800000,0.58147,0.58149,0.58139,0.58148
1781701860000,0.58149,0.58154,0.58146,0.58154
1781701920000,0.58154,0.58154,0.5815,0.5815
1781701980000,0.5815,0.58156,0.5815,0.58156
1781702040000,0.58156,0.58157,0.5815,0.58155
1781702100000,0.58155,0.58157,0.5815,0.5815
1781702160000,0.58149,0.58153,0.58145,0.58146
1781702220000,0.58145,0.58151,0.58145,0.5815
1781702280000,0.58151,0.58153,0.58149,0.5815
1781702340000,0.5815,0.5816,0.5815,0.58158
1781702400000,0.5816,0.5816,0.58155,0.58157
1781702460000,0.58158,0.58165,0.58158,0.5816
1781702520000,0.58161,0.58176,0.58159,0.58175
1781702580000,0.58175,0.58177,0.58171,0.58176
1781702640000,0.58175,0.58175,0.58171,0.58171
1781702700000,0.58174,0.58174,0.58167,0.5817
1781702760000,0.5817,0.58174,0.58164,0.58164
1781702820000,0.58165,0.58166,0.5816,0.58161
1781702880000,0.58162,0.58162,0.58155,0.58155
1781702940000,0.58155,0.58161,0.58155,0.58157
1781703000000,0.58157,0.58161,0.58153,0.58156
1781703060000,0.58155,0.58162,0.58149,0.58162
1781703120000,0.58161,0.58163,0.58156,0.5816
1781703180000,0.58161,0.58163,0.58156,0.58161
1781703240000,0.58161,0.58166,0.58153,0.58155
1781703300000,0.58154,0.58165,0.58149,0.58165
1781703360000,0.58168,0.58173,0.58164,0.58169
1781703420000,0.5817,0.58173,0.58166,0.58169
1781703480000,0.58169,0.58171,0.58161,0.58163
1781703540000,0.58164,0.58169,0.58164,0.58165
1781703600000,0.58165,0.5817,0.58161,0.58164
1781703660000,0.58165,0.58176,0.58165,0.58171
1781703720000,0.58169,0.58169,0.58162,0.58167
1781703780000,0.58168,0.58174,0.58166,0.58173
1781703840000,0.58172,0.58173,0.58167,0.58168
1781703900000,0.58168,0.58168,0.58157,0.58159
1781703960000,0.58157,0.58169,0.58156,0.5816
1781704020000,0.58163,0.58163,0.58155,0.58161
1781704080000,0.58163,0.58185,0.58163,0.58185
1781704140000,0.58186,0.58187,0.58176,0.58176
1781704200000,0.58177,0.58193,0.58172,0.58191
1781704260000,0.5819,0.58197,0.58186,0.58192
1781704320000,0.58191,0.58197,0.58184,0.58184
1781704380000,0.58186,0.58187,0.58176,0.58186
1781704440000,0.58185,0.58186,0.58172,0.58175
1781704500000,0.58175,0.58181,0.58171,0.58181
1781704560000,0.5818,0.58181,0.5817,0.58171
1781704620000,0.58173,0.5818,0.58173,0.58174
1781704680000,0.58175,0.58177,0.58175,0.58176
1781704740000,0.58176,0.58176,0.5817,0.58171
1781704800000,0.58169,0.5818,0.58166,0.58173
1781704860000,0.58173,0.58185,0.58173,0.58181
1781704920000,0.5818,0.5818,0.58162,0.58164
1781704980000,0.58164,0.58176,0.58162,0.58175
1781705040000,0.5818,0.58182,0.5817,0.58176
1781705100000,0.58175,0.58189,0.58174,0.58189
1781705160000,0.58192,0.58205,0.58192,0.582
1781705220000,0.58201,0.58207,0.58198,0.58206
1781705280000,0.58206,0.58206,0.58198,0.582
1781705340000,0.58199,0.58199,0.5819,0.58194
1781705400000,0.58196,0.58201,0.58195,0.58196
1781705460000,0.58195,0.58196,0.58191,0.58195
1781705520000,0.58196,0.58208,0.58196,0.58208
1781705580000,0.58207,0.58207,0.58201,0.58203
1781705640000,0.58201,0.58204,0.58197,0.58202
1781705700000,0.58202,0.58206,0.582,0.58206
1781705760000,0.58209,0.58212,0.58205,0.58205
1781705820000,0.58204,0.58206,0.58199,0.58204
1781705880000,0.58204,0.58213,0.58197,0.58213
1781705940000,0.58213,0.5822,0.58213,0.58214
1781706000000,0.58214,0.58215,0.58209,0.58215
1781706060000,0.58214,0.58214,0.58199,0.58201
1781706120000,0.58203,0.58203,0.582,0.58202
1781706180000,0.58202,0.58206,0.58198,0.58206
1781706240000,0.58205,0.58221,0.58204,0.58209
1781706300000,0.5821,0.58211,0.58204,0.58207
1781706360000,0.58205,0.58209,0.582,0.58205
1781706420000,0.58204,0.58208,0.582,0.58206
1781706480000,0.58208,0.58209,0.58202,0.58206
1781706540000,0.58205,0.58216,0.58205,0.58216
1781706600000,0.58216,0.58225,0.58213,0.58221
1781706660000,0.58221,0.58222,0.58218,0.5822
1781706720000,0.58219,0.58225,0.58219,0.58222
1781706780000,0.58221,0.58223,0.58217,0.58217
1781706840000,0.58219,0.58222,0.58216,0.58221
1781706900000,0.58223,0.58223,0.5821,0.58212
1781706960000,0.58211,0.58211,0.58201,0.58202
1781707020000,0.582,0.582,0.5819,0.58197
1781707080000,0.58196,0.58196,0.58188,0.58188
1781707140000,0.58189,0.58205,0.58188,0.58201
1781707200000,0.58201,0.58202,0.58184,0.58184
1781707260000,0.58185,0.58185,0.58173,0.58176
1781707320000,0.58176,0.58195,0.58176,0.58195
1781707380000,0.58195,0.5821,0.58193,0.5821
1781707440000,0.58209,0.58209,0.58199,0.58199
1781707500000,0.58198,0.58205,0.58197,0.58204
1781707560000,0.58202,0.58209,0.58199,0.582
1781707620000,0.582,0.58205,0.58107,0.58132
1781707680000,0.58128,0.58179,0.58128,0.58179
1781707740000,0.58177,0.58177,0.58162,0.58167
1781707800000,0.58167,0.58188,0.58165,0.58185
1781707860000,0.58185,0.58189,0.58181,0.58182
1781707920000,0.5818,0.582,0.5818,0.58197
1781707980000,0.58196,0.58196,0.58174,0.58175
1781708040000,0.58174,0.58176,0.58164,0.58164
1781708100000,0.58164,0.58168,0.5816,0.58164
1781708160000,0.58162,0.58169,0.5816,0.58163
1781708220000,0.58161,0.58164,0.58151,0.58155
1781708280000,0.58155,0.58158,0.58138,0.58138
1781708340000,0.58138,0.58148,0.58138,0.58144
1781708400000,0.58142,0.58145,0.58134,0.58144
1781708460000,0.58143,0.58145,0.58124,0.58125
1781708520000,0.58126,0.58132,0.5812,0.58121
1781708580000,0.58122,0.58146,0.58122,0.58143
1781708640000,0.58144,0.58146,0.58138,0.58144
1781708700000,0.58145,0.58147,0.58126,0.5813
1781708760000,0.58132,0.58145,0.5813,0.58135
1781708820000,0.58134,0.58138,0.58131,0.58138
1781708880000,0.5814,0.58145,0.58139,0.58141
1781708940000,0.5814,0.58142,0.58125,0.58125
1781709000000,0.58124,0.58135,0.58123,0.5813
1781709060000,0.58129,0.58135,0.58129,0.58132
1781709120000,0.58133,0.58138,0.58129,0.58137
1781709180000,0.58137,0.58141,0.5813,0.58141
1781709240000,0.5814,0.58144,0.58139,0.58139
1781709300000,0.58138,0.58152,0.58134,0.58152
1781709360000,0.58149,0.58154,0.58145,0.58149
1781709420000,0.58148,0.58148,0.5814,0.58145
1781709480000,0.58147,0.58157,0.58145,0.58155
1781709540000,0.58154,0.58159,0.5815,0.58159
1781709600000,0.5816,0.5816,0.58147,0.58149
1781709660000,0.58149,0.58155,0.58145,0.58145
1781709720000,0.58145,0.58153,0.58145,0.58147
1781709780000,0.58148,0.58154,0.58146,0.58148
1781709840000,0.58148,0.58151,0.58146,0.58147
1781709900000,0.58146,0.58151,0.58145,0.58146
1781709960000,0.58146,0.58149,0.5814,0.5814
1781710020000,0.5814,0.58149,0.5814,0.58148
1781710080000,0.58148,0.58151,0.58145,0.58149
1781710140000,0.58151,0.58157,0.58151,0.58156
1781710200000,0.58154,0.58156,0.58146,0.5815
1781710260000,0.58151,0.58156,0.58147,0.58152
1781710320000,0.58154,0.58163,0.58152,0.5816
1781710380000,0.58158,0.58166,0.58158,0.58165
1781710440000,0.58165,0.58168,0.5816,0.5816
1781710500000,0.58161,0.58164,0.5816,0.58161
1781710560000,0.58161,0.58165,0.58158,0.58161
1781710620000,0.58161,0.58161,0.58156,0.58156
1781710680000,0.58156,0.58162,0.58156,0.58161
1781710740000,0.58161,0.58166,0.58161,0.58162
1781710800000,0.58159,0.58159,0.58146,0.5815
1781710860000,0.5815,0.58155,0.58149,0.58154
1781710920000,0.58153,0.58163,0.58153,0.58161
1781710980000,0.58161,0.58165,0.58161,0.58161
1781711040000,0.58161,0.58165,0.58156,0.58161
1781711100000,0.58162,0.58166,0.5816,0.58162
1781711160000,0.5816,0.58165,0.58156,0.58156
1781711220000,0.58156,0.58161,0.58156,0.58157
1781711280000,0.58158,0.58163,0.58158,0.58161
1781711340000,0.58162,0.58166,0.58161,0.58162
1781711400000,0.58163,0.58165,0.58156,0.58156
1781711460000,0.58157,0.58157,0.5815,0.58151
1781711520000,0.58154,0.58154,0.58146,0.58147
1781711580000,0.58146,0.5815,0.58145,0.58146
1781711640000,0.58147,0.58149,0.5814,0.58142
1781711700000,0.58145,0.58149,0.58142,0.58148
1781711760000,0.58147,0.58149,0.58145,0.58148
1781711820000,0.58149,0.58151,0.58146,0.58146
1781711880000,0.58145,0.58156,0.58145,0.58155
1781711940000,0.58155,0.58156,0.58151,0.58155
1781712000000,0.58156,0.58161,0.58152,0.58154
1781712060000,0.58153,0.58154,0.58145,0.58147
1781712120000,0.58147,0.58154,0.58146,0.58152
1781712180000,0.58151,0.58154,0.58146,0.58147
1781712240000,0.58148,0.5815,0.58146,0.58146
1781712300000,0.58148,0.58154,0.58144,0.58151
1781712360000,0.58151,0.58152,0.58147,0.58152
1781712420000,0.58152,0.58153,0.58145,0.58145
1781712480000,0.58146,0.58146,0.58136,0.58141
1781712540000,0.58142,0.5815,0.58142,0.58148
1781712600000,0.58148,0.58149,0.58142,0.58143
1781712660000,0.58142,0.58146,0.58139,0.58141
1781712720000,0.58141,0.58143,0.5814,0.5814
1781712780000,0.58138,0.58139,0.58131,0.58131
1781712840000,0.58132,0.58135,0.58126,0.58135
1781712900000,0.58135,0.5814,0.58135,0.5814
1781712960000,0.58142,0.58142,0.58135,0.58136
1781713020000,0.58137,0.58142,0.58137,0.58141
1781713080000,0.5814,0.58145,0.5814,0.58145
1781713140000,0.58143,0.58144,0.58142,0.58144
1781713200000,0.58145,0.58146,0.58144,0.58144
1781713260000,0.58146,0.58146,0.58142,0.58143
1781713320000,0.58144,0.58155,0.58144,0.58151
1781713380000,0.58154,0.5816,0.58154,0.58158
1781713440000,0.58159,0.58162,0.58157,0.5816
1781713500000,0.58159,0.58161,0.58157,0.58161
1781713560000,0.58162,0.58168,0.58162,0.58163
1781713620000,0.58162,0.58163,0.58152,0.58152
1781713680000,0.58153,0.58158,0.58153,0.58157
1781713740000,0.58157,0.5816,0.58155,0.5816
1781713800000,0.5816,0.58162,0.58156,0.58159
1781713860000,0.58158,0.58159,0.58147,0.58147
1781713920000,0.58146,0.5815,0.58144,0.58145
1781713980000,0.58143,0.58146,0.5814,0.5814
1781714040000,0.5814,0.58144,0.5814,0.58141
1781714100000,0.58141,0.58146,0.58141,0.58146
1781714160000,0.58145,0.58145,0.58141,0.58141
1781714220000,0.58141,0.58146,0.5814,0.58142
1781714280000,0.58143,0.58147,0.58142,0.58146
1781714340000,0.58147,0.58151,0.58146,0.58148
1781714400000,0.58147,0.58147,0.58142,0.58144
1781714460000,0.58143,0.58145,0.58142,0.58143
1781714520000,0.58144,0.58146,0.58137,0.58141
1781714580000,0.58143,0.58145,0.58141,0.58145
1781714640000,0.58147,0.58151,0.58146,0.58149
1781714700000,0.58149,0.58149,0.58145,0.58145
1781714760000,0.58145,0.5815,0.58145,0.58145
1781714820000,0.58146,0.58152,0.58146,0.58152
1781714880000,0.58153,0.58155,0.5815,0.5815
1781714940000,0.5815,0.58156,0.5815,0.58154
1781715000000,0.58152,0.58155,0.58151,0.58155
1781715060000,0.58152,0.5816,0.58152,0.58156
1781715120000,0.58156,0.58161,0.58155,0.58158
1781715180000,0.58158,0.58158,0.58151,0.58151
1781715240000,0.58151,0.58151,0.58148,0.58149
1781715300000,0.5815,0.58169,0.5815,0.58167
1781715360000,0.58167,0.58167,0.5816,0.58162
1781715420000,0.58161,0.58161,0.58157,0.58161
1781715480000,0.58161,0.58162,0.58156,0.5816
1781715540000,0.5816,0.58161,0.58157,0.58161
1781715600000,0.58161,0.58161,0.58155,0.58155
1781715660000,0.58155,0.58158,0.58153,0.58153
1781715720000,0.58151,0.58156,0.5815,0.58152
1781715780000,0.58151,0.58156,0.58151,0.58155
1781715840000,0.58156,0.5816,0.58156,0.5816
1781715900000,0.58158,0.58161,0.58158,0.5816
1781715960000,0.58161,0.58163,0.5816,0.5816
1781716020000,0.5816,0.58161,0.58155,0.58155
1781716080000,0.58157,0.58161,0.58134,0.58156
1781716140000,0.58155,0.58158,0.58151,0.58158
1781716200000,0.58158,0.58165,0.58158,0.58161
1781716260000,0.58161,0.58164,0.58158,0.5816
1781716320000,0.58159,0.58161,0.58157,0.58161
1781716380000,0.58163,0.58166,0.58162,0.58165
1781716440000,0.58165,0.5817,0.58163,0.58163
1781716500000,0.58162,0.58162,0.58158,0.58158
1781716560000,0.58158,0.58162,0.58156,0.58156
1781716620000,0.58156,0.58156,0.58153,0.58153
1781716680000,0.58151,0.58156,0.58151,0.58153
1781716740000,0.58154,0.58162,0.58152,0.58161
1781716800000,0.58161,0.58161,0.58153,0.58156
1781716860000,0.58158,0.58161,0.58157,0.5816
1781716920000,0.5816,0.58161,0.58157,0.58161
1781716980000,0.5816,0.5816,0.5815,0.58156
1781717040000,0.58153,0.58159,0.58152,0.58159
1781717100000,0.58159,0.58161,0.58154,0.58156
1781717160000,0.58156,0.58158,0.58153,0.58157
1781717220000,0.58156,0.58158,0.58156,0.58156
1781717280000,0.58157,0.58159,0.58152,0.58158
1781717340000,0.58159,0.58164,0.58158,0.58159
1781717400000,0.58156,0.58157,0.58153,0.58153
1781717460000,0.58154,0.5816,0.58154,0.58158
1781717520000,0.58159,0.5816,0.58155,0.58155
1781717580000,0.58157,0.58168,0.58157,0.58167
1781717640000,0.58167,0.58167,0.58161,0.58165
1781717700000,0.58165,0.58167,0.58162,0.58164
1781717760000,0.58164,0.58167,0.58162,0.58167
1781717820000,0.58168,0.5817,0.58162,0.58162
1781717880000,0.58164,0.58171,0.58162,0.58171
1781717940000,0.58171,0.58175,0.58171,0.58172
1781718000000,0.58172,0.58173,0.58169,0.58172
1781718060000,0.58171,0.58172,0.58171,0.58171
1781718120000,0.58171,0.58177,0.58167,0.58177
1781718180000,0.58176,0.58177,0.58172,0.58176
1781718240000,0.58175,0.58176,0.58172,0.58173
1781718300000,0.58174,0.58176,0.58169,0.58171
1781718360000,0.58172,0.58176,0.58171,0.58172
1781718420000,0.58174,0.58175,0.58166,0.58166
1781718480000,0.58168,0.58171,0.58167,0.5817
1781718540000,0.58171,0.58179,0.58171,0.58177
1781718600000,0.58177,0.58179,0.58177,0.58178
1781718660000,0.58181,0.58182,0.58177,0.58181
1781718720000,0.58181,0.58187,0.58181,0.58186
1781718780000,0.58186,0.5819,0.58186,0.5819
1781718840000,0.5819,0.58192,0.58187,0.58187
1781718900000,0.58188,0.58189,0.58186,0.58186
1781718960000,0.58186,0.58191,0.58185,0.58191
1781719020000,0.58188,0.58188,0.5818,0.58183
1781719080000,0.58185,0.58186,0.5818,0.58186
1781719140000,0.58188,0.58189,0.58182,0.58183
1781719200000,0.58183,0.58189,0.57922,0.57924
1781719260000,0.57923,0.58016,0.57912,0.58012
1781719320000,0.58014,0.58022,0.57975,0.5798
1781719380000,0.57979,0.58005,0.57948,0.57984
1781719440000,0.57986,0.57993,0.57917,0.57932
1781719500000,0.57932,0.57934,0.57894,0.57913
1781719560000,0.57913,0.57955,0.57911,0.57945
1781719620000,0.57944,0.57949,0.57915,0.57915
1781719680000,0.57916,0.57929,0.57883,0.57893
1781719740000,0.57892,0.57923,0.57887,0.57906
1781719800000,0.57906,0.57914,0.57882,0.57882
1781719860000,0.57882,0.57903,0.57877,0.57887
1781719920000,0.57887,0.57905,0.57879,0.57902
1781719980000,0.57902,0.57902,0.57875,0.57879
1781720040000,0.57881,0.57899,0.57875,0.57881
1781720100000,0.5788,0.57918,0.57879,0.57918
1781720160000,0.57916,0.57923,0.57895,0.57916
1781720220000,0.57915,0.57923,0.57902,0.57913
1781720280000,0.57914,0.57935,0.5791,0.57919
1781720340000,0.5792,0.5794,0.57917,0.57929
1781720400000,0.5793,0.57935,0.57914,0.57914
1781720460000,0.57915,0.57944,0.57914,0.57944
1781720520000,0.57944,0.57944,0.5792,0.57925
1781720580000,0.57925,0.5794,0.57924,0.57935
1781720640000,0.57935,0.57941,0.57922,0.5793
1781720700000,0.57932,0.57932,0.57891,0.57901
1781720760000,0.57901,0.57912,0.579,0.57902
1781720820000,0.57901,0.57901,0.5788,0.57883
1781720880000,0.57883,0.57891,0.57881,0.5789
1781720940000,0.57889,0.579,0.57882,0.579
1781721000000,0.57898,0.57906,0.57878,0.57881
1781721060000,0.57882,0.57958,0.57882,0.57958
1781721120000,0.57957,0.58022,0.57873,0.57939
1781721180000,0.57937,0.57943,0.57846,0.57851
1781721240000,0.57851,0.57867,0.57797,0.57802
1781721300000,0.57805,0.57856,0.57805,0.57852
1781721360000,0.57851,0.57889,0.57848,0.57878
1781721420000,0.57878,0.57919,0.57873,0.57889
1781721480000,0.57888,0.57948,0.57886,0.57948
1781721540000,0.57947,0.57991,0.57936,0.57946
1781721600000,0.57948,0.5797,0.57935,0.57938
1781721660000,0.57937,0.57969,0.57895,0.57944
1781721720000,0.57942,0.57972,0.5792,0.57961
1781721780000,0.5796,0.57998,0.57939,0.57993
1781721840000,0.57992,0.58038,0.57985,0.58015
1781721900000,0.58016,0.58027,0.57996,0.58001
1781721960000,0.57999,0.58036,0.57985,0.57985
1781722020000,0.57986,0.58045,0.57973,0.58037
1781722080000,0.58037,0.58037,0.57983,0.58002
1781722140000,0.58005,0.58018,0.57997,0.58007
1781722200000,0.58006,0.58007,0.57972,0.57978
1781722260000,0.57977,0.57997,0.57976,0.57987
1781722320000,0.57987,0.58034,0.57969,0.57997
1781722380000,0.57994,0.57997,0.57959,0.57961
1781722440000,0.57962,0.57988,0.57961,0.57964
1781722500000,0.57961,0.57962,0.57908,0.57915
1781722560000,0.57916,0.57926,0.57903,0.57903
1781722620000,0.57904,0.57916,0.57875,0.57875
1781722680000,0.57877,0.57878,0.57832,0.57835
1781722740000,0.57836,0.5786,0.57834,0.57851
1781722800000,0.5785,0.57874,0.57832,0.57867
1781722860000,0.57867,0.57882,0.57836,0.57841
1781722920000,0.57843,0.57872,0.57801,0.57805
1781722980000,0.57806,0.57814,0.57778,0.57798
1781723040000,0.57796,0.57803,0.57759,0.5776
1781723100000,0.57761,0.57775,0.5775,0.57768
1781723160000,0.57767,0.57801,0.57758,0.5776
1781723220000,0.57762,0.57775,0.57748,0.57755
1781723280000,0.57752,0.57783,0.57751,0.57756
1781723340000,0.5776,0.57761,0.57745,0.57747
1781723400000,0.57745,0.57747,0.57718,0.5772
1781723460000,0.5772,0.57724,0.57703,0.57706
1781723520000,0.57708,0.57714,0.57697,0.57705
1781723580000,0.57705,0.57783,0.57702,0.57775
1781723640000,0.57773,0.57775,0.57753,0.57775
1781723700000,0.57775,0.5778,0.57733,0.57754
1781723760000,0.57753,0.57763,0.57738,0.57738
1781723820000,0.57737,0.57744,0.57708,0.57708
1781723880000,0.57709,0.5771,0.57697,0.577
1781723940000,0.57703,0.5772,0.57702,0.57704
1781724000000,0.57703,0.57704,0.57682,0.57688
1781724060000,0.57687,0.57687,0.57662,0.57675
1781724120000,0.57678,0.57693,0.57662,0.57663
1781724180000,0.57663,0.57664,0.57637,0.57643
1781724240000,0.57643,0.57643,0.5762,0.5762
1781724300000,0.57619,0.57643,0.57618,0.57629
1781724360000,0.5763,0.57646,0.57626,0.57629
1781724420000,0.57629,0.57645,0.57617,0.5762
1781724480000,0.57621,0.5763,0.57602,0.57611
1781724540000,0.5761,0.57619,0.57599,0.576
1781724600000,0.576,0.57605,0.57576,0.57585
1781724660000,0.57583,0.57622,0.57583,0.5759
1781724720000,0.57592,0.57594,0.57577,0.57585
1781724780000,0.57585,0.57592,0.57577,0.57578
1781724840000,0.57576,0.57579,0.57555,0.57558
1781724900000,0.57557,0.57574,0.57553,0.57569
1781724960000,0.57567,0.5758,0.57559,0.57565
1781725020000,0.57565,0.57577,0.57559,0.57562
1781725080000,0.57561,0.57567,0.5752,0.57522
1781725140000,0.5752,0.57537,0.57518,0.57531
1781725200000,0.57531,0.57552,0.57524,0.57534
1781725260000,0.57534,0.5757,0.57534,0.57546
1781725320000,0.57546,0.5755,0.57528,0.57536
1781725380000,0.57535,0.57557,0.57526,0.57555
1781725440000,0.57556,0.57559,0.57535,0.57556
1781725500000,0.57557,0.57579,0.57557,0.57566
1781725560000,0.57568,0.57587,0.57558,0.5758
1781725620000,0.57579,0.57587,0.57574,0.57585
1781725680000,0.57585,0.5759,0.5758,0.57585
1781725740000,0.57586,0.57588,0.57559,0.5758
1781725800000,0.57579,0.57614,0.5755,0.57582
1781725860000,0.57584,0.57598,0.57583,0.57595
1781725920000,0.57594,0.57594,0.57573,0.57579
1781725980000,0.57578,0.5759,0.57577,0.57582
1781726040000,0.57585,0.57605,0.57582,0.576
1781726100000,0.57605,0.57627,0.57605,0.57625
1781726160000,0.57624,0.57627,0.57619,0.57622
1781726220000,0.5762,0.57621,0.57607,0.57612
1781726280000,0.57612,0.57619,0.57604,0.57604
1781726340000,0.57604,0.57618,0.57604,0.57615
1781726400000,0.57615,0.57647,0.57615,0.57645
1781726460000,0.57645,0.57652,0.57645,0.57646
1781726520000,0.57646,0.5765,0.57639,0.57645
1781726580000,0.57644,0.57645,0.57628,0.5763
1781726640000,0.57632,0.57632,0.57604,0.57612
1781726700000,0.57612,0.57628,0.57612,0.57626
1781726760000,0.57626,0.57637,0.57625,0.57634
1781726820000,0.57634,0.57643,0.57633,0.57633
1781726880000,0.57633,0.57634,0.57629,0.57629
1781726940000,0.5763,0.57635,0.57629,0.57634
1781727000000,0.57637,0.57645,0.57637,0.57644
1781727060000,0.57644,0.57647,0.57638,0.57639
1781727120000,0.5764,0.5764,0.57633,0.57633
1781727180000,0.57633,0.57636,0.57627,0.5763
1781727240000,0.57631,0.57635,0.57622,0.57622
1781727300000,0.57619,0.57619,0.5759,0.576
1781727360000,0.57602,0.57611,0.57601,0.57611
1781727420000,0.57611,0.57618,0.57608,0.57615
1781727480000,0.57616,0.57653,0.57616,0.57647
1781727540000,0.57648,0.57648,0.5764,0.57646
1781727600000,0.57647,0.57657,0.57646,0.57651
1781727660000,0.57652,0.57658,0.57652,0.57652
1781727720000,0.57651,0.57672,0.57647,0.57672
1781727780000,0.57671,0.57676,0.57658,0.57658
1781727840000,0.57657,0.57657,0.5765,0.57657
1781727900000,0.57657,0.5766,0.57651,0.57653
1781727960000,0.57651,0.57662,0.57651,0.57662
1781728020000,0.57663,0.57667,0.57658,0.57666
1781728080000,0.57665,0.57666,0.5766,0.57664
1781728140000,0.57663,0.57673,0.57661,0.57672
1781728200000,0.57672,0.57678,0.57671,0.57673
1781728260000,0.57673,0.57688,0.57671,0.57686
1781728320000,0.57688,0.57693,0.57685,0.57691
1781728380000,0.57692,0.57692,0.57683,0.57683
1781728440000,0.57684,0.57691,0.57681,0.57686
1781728500000,0.57685,0.57685,0.57673,0.57674
1781728560000,0.57675,0.57685,0.57673,0.57682
1781728620000,0.57683,0.57687,0.57682,0.57684
1781728680000,0.57683,0.57698,0.57682,0.57698
1781728740000,0.57696,0.577,0.57691,0.57691
1781728800000,0.57695,0.57695,0.57683,0.57686
1781728860000,0.57686,0.57695,0.57683,0.57694
1781728920000,0.57694,0.57694,0.57683,0.57684
1781728980000,0.57683,0.57686,0.57681,0.57681
1781729040000,0.57681,0.57685,0.57673,0.57673
1781729100000,0.57675,0.5768,0.57668,0.57678
1781729160000,0.57679,0.57683,0.57678,0.5768
1781729220000,0.57679,0.57683,0.57676,0.5768
1781729280000,0.5768,0.5768,0.57672,0.57672
1781729340000,0.57675,0.57676,0.57667,0.5767
1781729400000,0.5767,0.57682,0.5767,0.57675
1781729460000,0.57674,0.57676,0.57669,0.5767
1781729520000,0.57671,0.57678,0.5767,0.57671
1781729580000,0.57671,0.57672,0.57671,0.57672
1781729640000,0.57671,0.57676,0.57671,0.57675
1781729700000,0.57674,0.57676,0.5767,0.57673
1781729760000,0.57674,0.57678,0.57673,0.57676
1781729820000,0.57675,0.57677,0.57668,0.57668
1781729880000,0.57673,0.5768,0.57663,0.57663
1781729940000,0.57663,0.57679,0.5765,0.57653
1781730000000,0.57653,0.57653,0.57632,0.57632
1781730060000,0.57632,0.57632,0.57632,0.57632
1781730120000,0.57632,0.57632,0.57632,0.57632
1781730180000,0.57632,0.57632,0.57632,0.57632
1781730240000,0.57652,0.57663,0.57652,0.57663
1781730300000,0.57665,0.57669,0.5766,0.57662
1781730360000,0.57668,0.57668,0.5765,0.57653
1781730420000,0.57652,0.57669,0.57652,0.57669
1781730480000,0.57673,0.57674,0.57669,0.57674
1781730540000,0.5767,0.57692,0.57654,0.57692
1781730600000,0.57692,0.57692,0.57664,0.57664
1781730660000,0.57663,0.57663,0.57653,0.57658
1781730720000,0.57661,0.57668,0.5766,0.57667
1781730780000,0.57667,0.57668,0.5766,0.57661
1781730840000,0.5766,0.57702,0.57654,0.57654
1781730900000,0.57666,0.57677,0.57654,0.57656
1781730960000,0.57655,0.5767,0.57654,0.57668
1781731020000,0.57654,0.57668,0.57654,0.57668
1781731080000,0.57667,0.57667,0.57667,0.57667
1781731140000,0.57661,0.57669,0.57658,0.57669
1781731200000,0.57669,0.57676,0.57653,0.57676
1781731260000,0.57667,0.57688,0.5765,0.57688
1781731320000,0.57658,0.57675,0.57658,0.57668
1781731380000,0.5767,0.57672,0.57658,0.5767
1781731440000,0.57654,0.57654,0.57628,0.57639
1781731500000,0.57632,0.57641,0.5763,0.57638
1781731560000,0.57638,0.57644,0.57638,0.5764
1781731620000,0.57637,0.57664,0.57633,0.57658
1781731680000,0.57659,0.57687,0.57658,0.57668
1781731740000,0.57669,0.57682,0.57668,0.57669
1781731800000,0.57672,0.57679,0.57669,0.57672
1781731860000,0.57672,0.57683,0.57666,0.57667
1781731920000,0.57668,0.57677,0.57667,0.57677
1781731980000,0.57677,0.57678,0.57676,0.57678
1781732040000,0.57677,0.57678,0.57676,0.57678
1781732100000,0.57678,0.5768,0.57677,0.5768
1781732160000,0.5768,0.57685,0.57677,0.5768
1781732220000,0.57681,0.57681,0.57665,0.57667
1781732280000,0.57665,0.57667,0.57665,0.57666
1781732340000,0.57667,0.57667,0.57664,0.57666
1781732400000,0.5766,0.5766,0.57639,0.57642
1781732460000,0.57645,0.57648,0.57645,0.57648
1781732520000,0.57647,0.57649,0.57645,0.57647
1781732580000,0.57646,0.57658,0.57646,0.57656
1781732640000,0.57655,0.57656,0.57653,0.57655
1781732700000,0.5766,0.57671,0.57659,0.57668
1781732760000,0.57668,0.5767,0.57647,0.57647
1781732820000,0.57646,0.57648,0.57643,0.57644
1781732880000,0.57645,0.57645,0.57641,0.57642
1781732940000,0.57644,0.57662,0.57644,0.57661
1781733000000,0.5766,0.5767,0.5766,0.5767
1781733060000,0.57671,0.57677,0.57671,0.57676
1781733120000,0.57673,0.57677,0.57673,0.57677
1781733180000,0.57683,0.57695,0.57683,0.57691
1781733240000,0.5769,0.57696,0.5769,0.57696
1781733300000,0.57695,0.57698,0.57693,0.57695
1781733360000,0.57695,0.57701,0.57693,0.57694
1781733420000,0.57696,0.577,0.57647,0.57654
1781733480000,0.57667,0.57689,0.57649,0.57663
1781733540000,0.57663,0.57679,0.57663,0.57677
1781733600000,0.57677,0.57683,0.57669,0.57675
1781733660000,0.57677,0.57677,0.57673,0.57675
1781733720000,0.57672,0.57678,0.57667,0.57677
1781733780000,0.57678,0.57679,0.57676,0.57677
1781733840000,0.57677,0.57682,0.57677,0.57682
1781733900000,0.57688,0.57703,0.57679,0.57703
1781733960000,0.57701,0.57703,0.57701,0.57702
1781734020000,0.57701,0.57705,0.57701,0.57705
1781734080000,0.57703,0.57706,0.57699,0.57699
1781734140000,0.57699,0.57707,0.57699,0.57703
1781734200000,0.57702,0.57708,0.57698,0.57706
1781734260000,0.57706,0.57711,0.577,0.57703
1781734320000,0.57703,0.57707,0.57703,0.57706
1781734380000,0.5771,0.57715,0.57706,0.57711
1781734440000,0.57712,0.57713,0.57706,0.57709
1781734500000,0.57707,0.57711,0.57707,0.57709
1781734560000,0.57707,0.5771,0.57707,0.5771
1781734620000,0.57708,0.57711,0.57708,0.5771
1781734680000,0.5771,0.57711,0.5771,0.57711
1781734740000,0.57711,0.57711,0.57704,0.57707
1781734800000,0.57706,0.57711,0.57706,0.57711
1781734860000,0.5771,0.57713,0.5771,0.57713
1781734920000,0.57712,0.57712,0.57711,0.57711
1781734980000,0.5771,0.5771,0.57706,0.57709
1781735040000,0.5771,0.5771,0.5771,0.5771
1781735100000,0.57709,0.57711,0.57709,0.57711
1781735160000,0.5771,0.57716,0.5771,0.57715
1781735220000,0.57715,0.57716,0.57709,0.57709
1781735280000,0.57709,0.5772,0.57709,0.57719
1781735340000,0.5772,0.5772,0.57714,0.57715
1781735400000,0.57714,0.57715,0.57709,0.57709
1781735460000,0.57709,0.57711,0.57709,0.57709
1781735520000,0.57709,0.57712,0.57709,0.57712
1781735580000,0.57713,0.57714,0.57713,0.57713
1781735640000,0.57713,0.57716,0.57713,0.57714
1781735700000,0.57715,0.57715,0.57715,0.57715
1781735760000,0.57715,0.57715,0.57715,0.57715
1781735820000,0.57714,0.57719,0.57712,0.57718
1781735880000,0.57718,0.57726,0.57718,0.57725
1781735940000,0.57725,0.57726,0.5772,0.5772
1781736000000,0.57725,0.57725,0.57722,0.57723
1781736060000,0.57724,0.5773,0.57724,0.5773
1781736120000,0.57729,0.57729,0.57726,0.57727
1781736180000,0.57727,0.57727,0.57723,0.57723
1781736240000,0.57721,0.57729,0.5772,0.5772
1781736300000,0.57722,0.57776,0.57722,0.5776
1781736360000,0.5776,0.5776,0.57748,0.57754
1781736420000,0.57753,0.57756,0.57749,0.57749
1781736480000,0.57746,0.57746,0.57738,0.57739
1781736540000,0.57741,0.57754,0.57741,0.57752
1781736600000,0.57754,0.57754,0.57748,0.57748
1781736660000,0.57749,0.5775,0.57749,0.57749
1781736720000,0.57752,0.57756,0.57749,0.57754
1781736780000,0.57754,0.57759,0.57751,0.57759
1781736840000,0.5776,0.57761,0.57758,0.57758
1781736900000,0.57757,0.57757,0.57749,0.57749
1781736960000,0.57749,0.57749,0.57749,0.57749
1781737020000,0.57749,0.57749,0.57741,0.57742
1781737080000,0.57742,0.57744,0.57742,0.57743
1781737140000,0.57742,0.57753,0.57741,0.57752
1781737200000,0.57753,0.57757,0.57752,0.57752
1781737260000,0.57754,0.57754,0.57747,0.57748
1781737320000,0.57748,0.57751,0.57739,0.57742
1781737380000,0.57742,0.57742,0.57742,0.57742
1781737440000,0.57742,0.57744,0.57742,0.57744
1781737500000,0.57743,0.57744,0.57739,0.57742
1781737560000,0.57741,0.57745,0.57736,0.57737
1781737620000,0.57738,0.57739,0.57737,0.57738
1781737680000,0.57738,0.57747,0.57738,0.57743
1781737740000,0.57743,0.57745,0.57742,0.57742
1781737800000,0.57745,0.57745,0.57737,0.57737
1781737860000,0.57737,0.5774,0.57737,0.5774
1781737920000,0.5774,0.5774,0.5774,0.5774
1781737980000,0.5774,0.57751,0.5774,0.5775
1781738040000,0.57751,0.5776,0.57751,0.57756
1781738100000,0.57755,0.5776,0.57755,0.57756
1781738160000,0.57756,0.57756,0.57754,0.57755
1781738220000,0.57756,0.57756,0.57755,0.57755
1781738280000,0.57751,0.57755,0.57751,0.57755
1781738340000,0.57755,0.57755,0.57755,0.57755
1781738400000,0.57756,0.57756,0.57756,0.57756
1781738460000,0.57755,0.5776,0.57755,0.5776
1781738520000,0.5776,0.57765,0.5776,0.57764
1781738580000,0.57763,0.57763,0.57758,0.57759
1781738640000,0.57762,0.57762,0.57756,0.57757
1781738700000,0.57759,0.57759,0.57758,0.57759
1781738760000,0.57764,0.57772,0.57764,0.5777
1781738820000,0.5777,0.5777,0.57768,0.57769
1781738880000,0.57767,0.57769,0.57756,0.57757
1781738940000,0.57758,0.57761,0.57757,0.5776
1781739000000,0.5776,0.57761,0.57751,0.57751
1781739060000,0.57749,0.57749,0.57745,0.57745
1781739120000,0.57742,0.57744,0.5774,0.5774
1781739180000,0.57739,0.5774,0.57737,0.5774
1781739240000,0.5774,0.57747,0.5774,0.57747
1781739300000,0.57746,0.57748,0.57744,0.57745
1781739360000,0.57747,0.57756,0.57747,0.57756
1781739420000,0.57756,0.57759,0.57756,0.57759
1781739480000,0.57757,0.57762,0.57754,0.5776
1781739540000,0.5776,0.57761,0.57745,0.57751
1781739600000,0.5775,0.5775,0.5773,0.5773
1781739660000,0.57732,0.57733,0.57731,0.57731
1781739720000,0.57731,0.57737,0.57731,0.57737
1781739780000,0.57739,0.57745,0.57739,0.57742
1781739840000,0.57741,0.5775,0.57741,0.5775
1781739900000,0.57748,0.57751,0.57741,0.57741
1781739960000,0.57742,0.57757,0.57742,0.57757
1781740020000,0.57756,0.57756,0.57746,0.57751
1781740080000,0.5775,0.57756,0.57749,0.57756
1781740140000,0.57757,0.57757,0.57755,0.57755
1781740200000,0.57756,0.57756,0.57747,0.57747
1781740260000,0.57747,0.57747,0.5774,0.57745
1781740320000,0.57748,0.57752,0.57734,0.57742
1781740380000,0.57739,0.57741,0.57736,0.57736
1781740440000,0.57734,0.57737,0.5773,0.57736
1781740500000,0.57734,0.57738,0.57734,0.57738
1781740560000,0.57737,0.57737,0.57726,0.57726
1781740620000,0.57727,0.57735,0.57726,0.5773
1781740680000,0.5773,0.57731,0.57728,0.57731
1781740740000,0.57731,0.57736,0.5773,0.57735
1781740800000,0.57736,0.57774,0.57735,0.57774
1781740860000,0.57776,0.57794,0.57775,0.57793
1781740920000,0.57792,0.57795,0.57785,0.57791
1781740980000,0.57795,0.5781,0.57793,0.57806
1781741040000,0.57806,0.5781,0.578,0.5781
1781741100000,0.57808,0.57825,0.57808,0.5782
1781741160000,0.57821,0.57855,0.57821,0.57846
1781741220000,0.57849,0.57849,0.57837,0.57845
1781741280000,0.57843,0.57843,0.57816,0.57819
1781741340000,0.57821,0.57821,0.57797,0.578
1781741400000,0.57801,0.57806,0.57794,0.57797
1781741460000,0.57797,0.5781,0.57797,0.57807
1781741520000,0.57806,0.57811,0.57803,0.57803
1781741580000,0.57803,0.57805,0.57789,0.578
1781741640000,0.57799,0.578,0.57794,0.57797
1781741700000,0.57797,0.57805,0.57788,0.5779
1781741760000,0.57791,0.57801,0.57791,0.57793
1781741820000,0.57795,0.57795,0.57787,0.57792
1781741880000,0.57793,0.57795,0.57785,0.57787
1781741940000,0.57786,0.57786,0.57776,0.57776
1781742000000,0.57775,0.57782,0.57769,0.57775
1781742060000,0.57778,0.57778,0.57773,0.57773
1781742120000,0.57772,0.57774,0.57765,0.57769
1781742180000,0.57768,0.57774,0.57766,0.57772
1781742240000,0.57773,0.57778,0.5777,0.57774
1781742300000,0.57773,0.57773,0.57768,0.57768
1781742360000,0.57769,0.57773,0.5776,0.57763
1781742420000,0.57764,0.57766,0.57754,0.57755
1781742480000,0.57754,0.57754,0.57749,0.5775
1781742540000,0.57751,0.5776,0.57749,0.5776
1781742600000,0.57759,0.57768,0.57757,0.57764
1781742660000,0.57766,0.57789,0.57764,0.57789
1781742720000,0.57789,0.57797,0.57788,0.57792
1781742780000,0.57792,0.57803,0.57791,0.57796
1781742840000,0.57795,0.57802,0.57795,0.578
1781742900000,0.57801,0.57803,0.57796,0.57801
1781742960000,0.57801,0.57801,0.57798,0.578
1781743020000,0.57799,0.57807,0.57798,0.57802
1781743080000,0.57804,0.57812,0.57795,0.57796
1781743140000,0.57795,0.57801,0.57791,0.57801
1781743200000,0.57801,0.57801,0.57789,0.57792
1781743260000,0.57794,0.578,0.5779,0.57794
1781743320000,0.57794,0.578,0.5779,0.57797
1781743380000,0.57795,0.57796,0.57784,0.57784
1781743440000,0.57784,0.57804,0.57784,0.57801
1781743500000,0.578,0.57804,0.57797,0.578
1781743560000,0.57801,0.57801,0.57797,0.578
1781743620000,0.57803,0.57806,0.57802,0.57802
1781743680000,0.57802,0.57802,0.57795,0.57795
1781743740000,0.57795,0.578,0.57792,0.57799
1781743800000,0.578,0.57803,0.57795,0.57803
1781743860000,0.57801,0.57801,0.57796,0.57797
1781743920000,0.57795,0.57797,0.57783,0.57785
1781743980000,0.57784,0.57799,0.57781,0.57797
1781744040000,0.57797,0.57798,0.57788,0.57788
1781744100000,0.57791,0.57791,0.57775,0.57781
1781744160000,0.57781,0.57782,0.57776,0.57781
1781744220000,0.57783,0.57792,0.57783,0.57787
1781744280000,0.57788,0.57793,0.57788,0.57788
1781744340000,0.57788,0.57791,0.57778,0.57778
1781744400000,0.57778,0.57799,0.57775,0.57799
1781744460000,0.57799,0.57807,0.57799,0.57807
1781744520000,0.57807,0.57815,0.57804,0.57809
1781744580000,0.57808,0.57831,0.57806,0.5783
1781744640000,0.57827,0.57831,0.57818,0.57821
1781744700000,0.57821,0.57832,0.5782,0.57828
1781744760000,0.57829,0.57842,0.57829,0.57836
1781744820000,0.5784,0.5784,0.57826,0.5783
1781744880000,0.57831,0.57836,0.57826,0.57831
1781744940000,0.57829,0.57831,0.57825,0.57826
1781745000000,0.57826,0.57831,0.57824,0.5783
1781745060000,0.57832,0.57841,0.5783,0.57841
1781745120000,0.57842,0.57843,0.57836,0.57836
1781745180000,0.57838,0.57846,0.57838,0.57846
1781745240000,0.57846,0.57847,0.57841,0.57842
1781745300000,0.57841,0.57851,0.57835,0.57836
1781745360000,0.57837,0.57846,0.57834,0.57841
1781745420000,0.57842,0.57842,0.57838,0.57841
1781745480000,0.57841,0.57846,0.57836,0.57846
1781745540000,0.57848,0.57851,0.57845,0.57851
1781745600000,0.5785,0.57866,0.5785,0.57866
1781745660000,0.57866,0.57879,0.57866,0.57876
1781745720000,0.57876,0.57881,0.57871,0.57881
1781745780000,0.57877,0.57886,0.57875,0.57886
1781745840000,0.57886,0.57889,0.57885,0.57887
1781745900000,0.57889,0.57896,0.57887,0.57888
1781745960000,0.57891,0.57893,0.57888,0.5789
1781746020000,0.5789,0.57904,0.5789,0.57904
1781746080000,0.57904,0.57907,0.57893,0.57906
1781746140000,0.57906,0.57906,0.57891,0.57894
1781746200000,0.57894,0.57902,0.57894,0.57901
1781746260000,0.57902,0.57902,0.57896,0.57901
1781746320000,0.579,0.57902,0.57898,0.57902
1781746380000,0.57905,0.57916,0.57905,0.57911
1781746440000,0.57911,0.57911,0.57897,0.57897
1781746500000,0.579,0.57901,0.57898,0.57901
1781746560000,0.57901,0.57909,0.57898,0.57909
1781746620000,0.57907,0.57907,0.57902,0.57906
1781746680000,0.57906,0.57908,0.57905,0.57905
1781746740000,0.57905,0.57906,0.57901,0.57903
1781746800000,0.57904,0.57908,0.57902,0.57905
1781746860000,0.57903,0.57907,0.57899,0.579
1781746920000,0.57898,0.57901,0.57895,0.57899
1781746980000,0.57899,0.57906,0.57897,0.57906
1781747040000,0.57906,0.57907,0.579,0.57901
1781747100000,0.57901,0.57901,0.57893,0.57897
1781747160000,0.57897,0.57898,0.57888,0.57895
1781747220000,0.57894,0.57895,0.57876,0.57877
1781747280000,0.57878,0.5788,0.57866,0.57869
1781747340000,0.57871,0.57876,0.57869,0.57869
1781747400000,0.57869,0.57872,0.57865,0.5787
1781747460000,0.57868,0.57868,0.57857,0.57858
1781747520000,0.5786,0.57868,0.5786,0.57866
1781747580000,0.57867,0.57875,0.57867,0.57875
1781747640000,0.57875,0.57883,0.57873,0.57877
1781747700000,0.57876,0.5788,0.57871,0.57876
1781747760000,0.57878,0.5788,0.57875,0.57877
1781747820000,0.57877,0.5788,0.57872,0.57874
1781747880000,0.57875,0.57889,0.57873,0.57889
1781747940000,0.57888,0.5789,0.57883,0.57888
1781748000000,0.5789,0.57895,0.5789,0.57892
1781748060000,0.5789,0.57891,0.57887,0.5789
1781748120000,0.57891,0.57891,0.57873,0.57884
1781748180000,0.57884,0.57887,0.57881,0.57881
1781748240000,0.57882,0.5789,0.57882,0.57889
1781748300000,0.5789,0.57892,0.5789,0.5789
1781748360000,0.57889,0.57889,0.57874,0.57876
1781748420000,0.57876,0.5788,0.57876,0.57879
1781748480000,0.57878,0.57881,0.57873,0.57874
1781748540000,0.57875,0.5788,0.5787,0.5787
1781748600000,0.57871,0.57873,0.57868,0.57872
1781748660000,0.57872,0.57873,0.57868,0.57873
1781748720000,0.57872,0.57882,0.57866,0.57882
1781748780000,0.57882,0.57891,0.57882,0.57891
1781748840000,0.57889,0.5789,0.5788,0.57882
1781748900000,0.57881,0.57883,0.57875,0.57878
1781748960000,0.57879,0.57879,0.57872,0.57873
1781749020000,0.57872,0.57882,0.57872,0.57882
1781749080000,0.5788,0.57883,0.57874,0.57874
1781749140000,0.57876,0.57879,0.57873,0.57877
1781749200000,0.57879,0.57884,0.57879,0.57882
1781749260000,0.57884,0.57884,0.57876,0.57876
1781749320000,0.57876,0.5788,0.57869,0.57869
1781749380000,0.5787,0.5788,0.5787,0.57879
1781749440000,0.5788,0.5788,0.57878,0.57879
1781749500000,0.57877,0.57883,0.57874,0.57881
1781749560000,0.57881,0.57884,0.5788,0.57884
1781749620000,0.57886,0.57892,0.57886,0.57891
1781749680000,0.57892,0.57899,0.5789,0.57898
1781749740000,0.57899,0.57906,0.57896,0.57906
1781749800000,0.57905,0.57906,0.57902,0.57904
1781749860000,0.57902,0.57906,0.57896,0.57905
1781749920000,0.57903,0.57903,0.579,0.57902
1781749980000,0.57902,0.57913,0.57901,0.57913
1781750040000,0.57914,0.5793,0.57914,0.5793
1781750100000,0.57932,0.57932,0.57918,0.57919
1781750160000,0.57919,0.57922,0.57917,0.5792
1781750220000,0.57918,0.57927,0.57918,0.57923
1781750280000,0.57922,0.57927,0.57922,0.57924
1781750340000,0.57922,0.57922,0.57919,0.5792
1781750400000,0.5792,0.57939,0.5792,0.57939
1781750460000,0.57938,0.57946,0.57934,0.57934
1781750520000,0.57936,0.57941,0.57931,0.57941
1781750580000,0.57941,0.57946,0.57941,0.57946
1781750640000,0.57946,0.57947,0.57941,0.57941
1781750700000,0.57941,0.57944,0.5794,0.57942
1781750760000,0.57941,0.57942,0.57931,0.57935
1781750820000,0.57936,0.57941,0.57932,0.57936
1781750880000,0.57936,0.5795,0.57936,0.5795
1781750940000,0.57949,0.57951,0.57946,0.57946
1781751000000,0.57946,0.57947,0.57945,0.57946
1781751060000,0.57946,0.57946,0.57942,0.57946
1781751120000,0.57946,0.5795,0.57945,0.5795
1781751180000,0.57949,0.5795,0.57936,0.57936
1781751240000,0.57939,0.57939,0.57925,0.57925
1781751300000,0.57927,0.57929,0.57924,0.57929
1781751360000,0.57929,0.57932,0.57926,0.57929
1781751420000,0.57926,0.57927,0.57917,0.57918
1781751480000,0.57917,0.57922,0.57916,0.57921
1781751540000,0.57921,0.57921,0.57919,0.57919
1781751600000,0.57921,0.57925,0.57919,0.57922
1781751660000,0.5792,0.57921,0.57916,0.57916
1781751720000,0.57917,0.57921,0.57916,0.5792
1781751780000,0.57921,0.57925,0.57915,0.57922
1781751840000,0.57922,0.57936,0.57921,0.57936
1781751900000,0.57936,0.57937,0.57931,0.57931
1781751960000,0.57932,0.57944,0.57931,0.57943
1781752020000,0.57942,0.57942,0.57931,0.57931
1781752080000,0.57932,0.57937,0.57931,0.57936
1781752140000,0.57938,0.5794,0.57936,0.57936
1781752200000,0.57938,0.57949,0.57938,0.57946
1781752260000,0.57946,0.57946,0.57934,0.57934
1781752320000,0.57934,0.57941,0.57934,0.5794
1781752380000,0.5794,0.57941,0.5794,0.57941
1781752440000,0.5794,0.57946,0.5794,0.57946
1781752500000,0.57947,0.57954,0.57947,0.5795
1781752560000,0.5795,0.5795,0.5794,0.5794
1781752620000,0.57941,0.57946,0.57939,0.57945
1781752680000,0.57944,0.57953,0.57941,0.57953
1781752740000,0.57952,0.57955,0.57946,0.57948
1781752800000,0.57947,0.57954,0.57945,0.57953
1781752860000,0.57953,0.57957,0.57952,0.57956
1781752920000,0.57956,0.57957,0.57945,0.57945
1781752980000,0.57945,0.57945,0.57945,0.57945
1781753040000,0.57945,0.5795,0.57945,0.57949
1781753100000,0.5795,0.5795,0.57945,0.57949
1781753160000,0.57951,0.57959,0.57951,0.57958
1781753220000,0.57957,0.57959,0.57952,0.57959
1781753280000,0.57962,0.57962,0.57957,0.57957
1781753340000,0.57959,0.57962,0.57954,0.57957
1781753400000,0.57958,0.57962,0.57954,0.57959
1781753460000,0.57961,0.57971,0.57959,0.5797
1781753520000,0.57971,0.57972,0.5796,0.5796
1781753580000,0.57961,0.57962,0.57958,0.57958
1781753640000,0.57957,0.57957,0.57949,0.57951
1781753700000,0.57952,0.57952,0.57948,0.57949
1781753760000,0.5795,0.5795,0.57944,0.57948
1781753820000,0.57947,0.57951,0.57944,0.5795
1781753880000,0.57951,0.57955,0.57951,0.57955
1781753940000,0.57954,0.57958,0.57953,0.57954
1781754000000,0.57955,0.57958,0.57954,0.57954
1781754060000,0.57953,0.57954,0.57951,0.57951
1781754120000,0.57949,0.5795,0.57946,0.57948
1781754180000,0.57948,0.57949,0.57947,0.57948
1781754240000,0.5795,0.57951,0.57949,0.57949
1781754300000,0.57951,0.57952,0.57951,0.57952
1781754360000,0.57954,0.57954,0.57949,0.5795
1781754420000,0.57951,0.57953,0.57951,0.57953
1781754480000,0.57955,0.57963,0.57955,0.57963
1781754540000,0.57963,0.57963,0.57958,0.57959
1781754600000,0.57958,0.57961,0.57953,0.57961
1781754660000,0.57963,0.57971,0.57963,0.57969
1781754720000,0.57969,0.57971,0.57968,0.57971
1781754780000,0.5797,0.57973,0.5797,0.5797
1781754840000,0.5797,0.57976,0.57969,0.57976
1781754900000,0.57975,0.57975,0.57972,0.57972
1781754960000,0.57971,0.57974,0.57968,0.57974
1781755020000,0.57976,0.57976,0.57972,0.57973
1781755080000,0.57973,0.57974,0.5797,0.5797
1781755140000,0.57971,0.57971,0.57969,0.57971
1781755200000,0.5797,0.57975,0.57968,0.57975
1781755260000,0.57976,0.57981,0.57975,0.5798
1781755320000,0.5798,0.57986,0.57979,0.57985
1781755380000,0.57985,0.57985,0.57977,0.5798
1781755440000,0.57978,0.5798,0.5797,0.5797
1781755500000,0.5797,0.5797,0.57969,0.57969
1781755560000,0.5797,0.57976,0.57962,0.57964
1781755620000,0.57965,0.57965,0.5796,0.57962
1781755680000,0.57963,0.57964,0.57962,0.57964
1781755740000,0.57964,0.57965,0.57959,0.57965
1781755800000,0.57964,0.57964,0.57959,0.57959
1781755860000,0.57958,0.57958,0.57949,0.5795
1781755920000,0.57948,0.57949,0.57945,0.57949
1781755980000,0.5795,0.5795,0.57949,0.57949
1781756040000,0.57951,0.57954,0.57949,0.57949
1781756100000,0.57951,0.5796,0.57951,0.5796
1781756160000,0.57959,0.57962,0.57959,0.5796
1781756220000,0.57961,0.57966,0.5796,0.57964
1781756280000,0.57964,0.57965,0.5796,0.5796
1781756340000,0.57961,0.57964,0.57956,0.57956
1781756400000,0.57956,0.5796,0.5795,0.57955
1781756460000,0.57957,0.57964,0.57955,0.57963
1781756520000,0.57964,0.57966,0.5796,0.57965
1781756580000,0.57963,0.57964,0.5796,0.5796
1781756640000,0.57961,0.57961,0.57949,0.57949
1781756700000,0.5795,0.57952,0.57949,0.5795
1781756760000,0.57951,0.57953,0.57949,0.57952
1781756820000,0.57952,0.57954,0.57951,0.57951
1781756880000,0.57952,0.57954,0.57951,0.57952
1781756940000,0.57951,0.57961,0.57949,0.57961
1781757000000,0.57959,0.57959,0.5795,0.57952
1781757060000,0.57952,0.57952,0.57948,0.57951
1781757120000,0.57952,0.57954,0.57949,0.57954
1781757180000,0.57955,0.57955,0.57951,0.57951
1781757240000,0.57953,0.57955,0.57953,0.57955
1781757300000,0.57954,0.57962,0.57954,0.57959
1781757360000,0.57957,0.57959,0.57953,0.57954
1781757420000,0.57952,0.57952,0.57945,0.57948
1781757480000,0.57949,0.57949,0.57948,0.57949
1781757540000,0.57947,0.57947,0.57944,0.57945
1781757600000,0.57942,0.5795,0.57942,0.57948
1781757660000,0.57948,0.57953,0.57948,0.57953
1781757720000,0.57952,0.57958,0.57952,0.57958
1781757780000,0.57958,0.57959,0.57953,0.57953
1781757840000,0.57953,0.57955,0.57952,0.57954
1781757900000,0.57952,0.57955,0.57947,0.57949
1781757960000,0.57948,0.57954,0.57945,0.57954
1781758020000,0.57951,0.5796,0.57949,0.5796
1781758080000,0.5796,0.5796,0.57951,0.57953
1781758140000,0.57953,0.57955,0.57951,0.57955
1781758200000,0.57956,0.57961,0.57956,0.57958
1781758260000,0.57957,0.57959,0.57956,0.57958
1781758320000,0.5796,0.57964,0.5796,0.57963
1781758380000,0.57965,0.57969,0.57963,0.57964
1781758440000,0.57965,0.57965,0.5796,0.57965
1781758500000,0.57965,0.57967,0.57958,0.57958
1781758560000,0.57957,0.57961,0.57956,0.5796
1781758620000,0.57961,0.57965,0.57959,0.5796
1781758680000,0.57959,0.57959,0.57953,0.57953
1781758740000,0.57951,0.57951,0.57947,0.57947
1781758800000,0.57946,0.57949,0.57937,0.57939
1781758860000,0.57938,0.5794,0.57937,0.57937
1781758920000,0.57938,0.57939,0.57928,0.57938
1781758980000,0.57938,0.57945,0.57938,0.57944
1781759040000,0.57943,0.57955,0.57943,0.57954
1781759100000,0.57952,0.57958,0.57952,0.57957
1781759160000,0.57957,0.57961,0.57953,0.57961
1781759220000,0.57959,0.57965,0.57959,0.5796
1781759280000,0.5796,0.57967,0.5796,0.57966
1781759340000,0.57966,0.57966,0.57962,0.57964
1781759400000,0.57962,0.57962,0.57956,0.57961
1781759460000,0.57959,0.57963,0.57958,0.57961
1781759520000,0.57959,0.57959,0.57955,0.57955
1781759580000,0.57956,0.5796,0.57956,0.5796
1781759640000,0.57962,0.57963,0.57955,0.57958
1781759700000,0.57958,0.57959,0.57953,0.57958
1781759760000,0.57959,0.57961,0.57958,0.5796
1781759820000,0.57959,0.57961,0.57957,0.57961
1781759880000,0.57962,0.57972,0.57962,0.57971
1781759940000,0.57973,0.57974,0.57965,0.57966
1781760000000,0.57965,0.5797,0.57963,0.57968
1781760060000,0.57967,0.57969,0.57961,0.57961
1781760120000,0.57962,0.57964,0.57952,0.57952
1781760180000,0.57951,0.5796,0.57951,0.57957
1781760240000,0.57957,0.57957,0.57948,0.57949
1781760300000,0.5795,0.5795,0.57942,0.57946
1781760360000,0.57946,0.57951,0.57946,0.57948
1781760420000,0.57949,0.5795,0.57943,0.57943
1781760480000,0.57944,0.57946,0.57936,0.57936
1781760540000,0.57934,0.57935,0.57932,0.57932
1781760600000,0.57934,0.57935,0.57925,0.57931
1781760660000,0.57932,0.57937,0.57929,0.57932
1781760720000,0.57934,0.57937,0.57932,0.57933
1781760780000,0.57932,0.57948,0.57932,0.57943
1781760840000,0.57943,0.57945,0.57939,0.57941
1781760900000,0.57939,0.57944,0.57939,0.57944
1781760960000,0.57944,0.57947,0.57935,0.57936
1781761020000,0.57935,0.57937,0.57929,0.57931
1781761080000,0.57931,0.57934,0.57926,0.57931
1781761140000,0.57932,0.57933,0.57921,0.57931
1781761200000,0.57932,0.57935,0.57931,0.57934
1781761260000,0.57936,0.57937,0.57934,0.57934
1781761320000,0.57937,0.57943,0.57937,0.5794
1781761380000,0.57942,0.57943,0.57934,0.57935
1781761440000,0.57936,0.57941,0.57934,0.57934
1781761500000,0.57936,0.57938,0.57932,0.57934
1781761560000,0.57933,0.57933,0.5792,0.57923
1781761620000,0.57924,0.57926,0.57915,0.57917
1781761680000,0.57917,0.57918,0.57913,0.57917
1781761740000,0.57917,0.57921,0.57913,0.57913
1781761800000,0.57912,0.57912,0.57904,0.57906
1781761860000,0.57909,0.57909,0.57901,0.57906
1781761920000,0.57906,0.57912,0.57906,0.5791
1781761980000,0.57909,0.57915,0.57906,0.5791
1781762040000,0.5791,0.57911,0.57905,0.57906
1781762100000,0.57907,0.5791,0.57905,0.57906
1781762160000,0.57906,0.57906,0.57895,0.57897
1781762220000,0.57895,0.57895,0.57886,0.57892
1781762280000,0.57893,0.57895,0.57888,0.57889
1781762340000,0.5789,0.57891,0.57887,0.57889
1781762400000,0.57895,0.57906,0.57895,0.57895
1781762460000,0.57893,0.57903,0.57887,0.57897
1781762520000,0.579,0.57908,0.57898,0.579
1781762580000,0.57902,0.57912,0.57901,0.57901
1781762640000,0.57902,0.57909,0.57898,0.57908
1781762700000,0.57908,0.57912,0.57902,0.57911
1781762760000,0.5791,0.57914,0.57899,0.57899
1781762820000,0.57901,0.57901,0.57887,0.5789
1781762880000,0.57888,0.57889,0.57876,0.57879
1781762940000,0.5788,0.57884,0.57876,0.57882
1781763000000,0.57881,0.57891,0.57879,0.5789
1781763060000,0.57892,0.57902,0.5789,0.57897
1781763120000,0.57896,0.57913,0.57894,0.57909
1781763180000,0.57907,0.57909,0.579,0.57908
1781763240000,0.5791,0.57926,0.5791,0.57922
1781763300000,0.57921,0.57926,0.57914,0.57916
1781763360000,0.57915,0.57919,0.57904,0.57908
1781763420000,0.57907,0.5791,0.579,0.5791
1781763480000,0.57907,0.57916,0.57907,0.57909
1781763540000,0.57911,0.57911,0.57904,0.57907
1781763600000,0.57906,0.57914,0.57904,0.57912
1781763660000,0.57913,0.5792,0.5791,0.57916
1781763720000,0.57918,0.57933,0.57913,0.57933
1781763780000,0.57932,0.57932,0.57927,0.57928
1781763840000,0.5793,0.5794,0.57929,0.57934
1781763900000,0.57932,0.5794,0.57926,0.5794
1781763960000,0.5794,0.57954,0.5794,0.57954
1781764020000,0.57953,0.57954,0.57944,0.57946
1781764080000,0.57948,0.57951,0.57945,0.57949
1781764140000,0.57947,0.57959,0.57947,0.57958
1781764200000,0.57957,0.57957,0.57944,0.57951
1781764260000,0.57951,0.57958,0.57947,0.57948
1781764320000,0.57947,0.57947,0.57936,0.5794
1781764380000,0.5794,0.57951,0.5794,0.5795
1781764440000,0.57949,0.57951,0.57949,0.5795
1781764500000,0.5795,0.57951,0.57935,0.57937
1781764560000,0.57937,0.57937,0.57915,0.57917
1781764620000,0.57918,0.57922,0.57903,0.57903
1781764680000,0.57904,0.57914,0.57899,0.5791
1781764740000,0.57911,0.57916,0.57908,0.57911
1781764800000,0.57912,0.57916,0.57906,0.57906
1781764860000,0.57908,0.57914,0.57902,0.57914
1781764920000,0.57912,0.57912,0.57905,0.57905
1781764980000,0.57907,0.57927,0.57907,0.57921
1781765040000,0.57922,0.57932,0.57922,0.57931
1781765100000,0.57931,0.57932,0.57919,0.5792
1781765160000,0.57921,0.57931,0.57919,0.5793
1781765220000,0.57931,0.57933,0.57926,0.57928
1781765280000,0.57926,0.57929,0.57921,0.57925
1781765340000,0.57926,0.57926,0.57919,0.5792
1781765400000,0.57919,0.57925,0.57916,0.57916
1781765460000,0.57915,0.5792,0.57914,0.5792
1781765520000,0.57921,0.57926,0.57916,0.57916
1781765580000,0.57918,0.5792,0.57915,0.57916
1781765640000,0.57916,0.5792,0.57915,0.57919
1781765700000,0.57916,0.57918,0.57906,0.57909
1781765760000,0.57909,0.57911,0.57904,0.57905
1781765820000,0.57905,0.57906,0.57894,0.57904
1781765880000,0.57903,0.57907,0.57896,0.57901
1781765940000,0.57902,0.57902,0.57897,0.57898
1781766000000,0.57896,0.57908,0.57892,0.57896
1781766060000,0.57896,0.57898,0.57888,0.57892
1781766120000,0.57892,0.57892,0.57874,0.5788
1781766180000,0.57881,0.57886,0.57874,0.57874
1781766240000,0.57873,0.57877,0.57868,0.57869
1781766300000,0.57869,0.57876,0.57855,0.57855
1781766360000,0.57857,0.57859,0.57844,0.57854
1781766420000,0.57853,0.57869,0.57853,0.57869
1781766480000,0.57868,0.57869,0.57859,0.57865
1781766540000,0.57866,0.57868,0.57863,0.57865
1781766600000,0.57864,0.57865,0.57849,0.57855
1781766660000,0.57855,0.57859,0.5785,0.57859
1781766720000,0.5786,0.57861,0.57851,0.5786
1781766780000,0.57862,0.57867,0.57858,0.57859
1781766840000,0.57857,0.57858,0.57855,0.57856
1781766900000,0.57856,0.57868,0.57854,0.57868
1781766960000,0.57867,0.57867,0.57856,0.57856
1781767020000,0.57856,0.57856,0.57852,0.57856
1781767080000,0.5786,0.57866,0.5786,0.57866
1781767140000,0.57867,0.57872,0.57861,0.57861
1781767200000,0.57861,0.57861,0.57856,0.57856
1781767260000,0.57855,0.57867,0.57855,0.57855
1781767320000,0.57855,0.57864,0.57855,0.5786
1781767380000,0.57861,0.57864,0.57851,0.57851
1781767440000,0.57851,0.57852,0.57841,0.57841
1781767500000,0.57842,0.57846,0.57831,0.57831
1781767560000,0.57833,0.57835,0.57827,0.57835
1781767620000,0.57836,0.57836,0.57829,0.57834
1781767680000,0.57832,0.57839,0.57829,0.57837
1781767740000,0.5784,0.57846,0.57837,0.57846
1781767800000,0.57846,0.57847,0.5784,0.5784
1781767860000,0.57841,0.57841,0.57823,0.57824
1781767920000,0.57822,0.57822,0.57802,0.57802
1781767980000,0.57806,0.57808,0.57788,0.57797
1781768040000,0.57798,0.57803,0.5779,0.57801
1781768100000,0.57803,0.57805,0.5779,0.57793
1781768160000,0.57792,0.57797,0.57792,0.57792
1781768220000,0.57793,0.57811,0.57793,0.57811
1781768280000,0.57809,0.5781,0.57804,0.5781
1781768340000,0.57808,0.57811,0.57805,0.57811
1781768400000,0.57812,0.57831,0.57812,0.57824
1781768460000,0.57823,0.57829,0.57816,0.57826
1781768520000,0.57829,0.57837,0.57822,0.57835
1781768580000,0.57834,0.57842,0.57834,0.57839
1781768640000,0.57839,0.57855,0.57837,0.57854
1781768700000,0.57854,0.57866,0.57853,0.57866
1781768760000,0.57866,0.57867,0.57856,0.57857
1781768820000,0.57858,0.57863,0.57851,0.57856
1781768880000,0.57857,0.57859,0.57849,0.57853
1781768940000,0.57854,0.57863,0.57851,0.57854
1781769000000,0.57855,0.57872,0.57854,0.57872
1781769060000,0.57873,0.57873,0.57852,0.57853
1781769120000,0.57854,0.57861,0.57854,0.57861
1781769180000,0.5786,0.57861,0.5785,0.5785
1781769240000,0.57851,0.57851,0.5784,0.57846
1781769300000,0.57845,0.5785,0.57834,0.57835
1781769360000,0.57836,0.57844,0.57836,0.57842
1781769420000,0.57842,0.57842,0.57835,0.57835
1781769480000,0.57836,0.5784,0.57834,0.57837
1781769540000,0.57838,0.57842,0.57833,0.57841
1781769600000,0.57842,0.57844,0.57824,0.57829
1781769660000,0.57829,0.57836,0.57829,0.57835
1781769720000,0.57838,0.57845,0.57836,0.5784
1781769780000,0.5784,0.5784,0.5782,0.57822
1781769840000,0.57823,0.57832,0.57822,0.57826
1781769900000,0.57827,0.57842,0.57824,0.57835
1781769960000,0.57835,0.57838,0.57816,0.5782
1781770020000,0.57821,0.57831,0.57819,0.57831
1781770080000,0.57831,0.57832,0.57823,0.57824
1781770140000,0.57826,0.57841,0.57826,0.57834
1781770200000,0.57836,0.57836,0.57825,0.57826
1781770260000,0.57825,0.57829,0.57817,0.57819
1781770320000,0.57819,0.5784,0.57819,0.5784
1781770380000,0.57838,0.57838,0.57815,0.57816
1781770440000,0.57815,0.57815,0.57803,0.57804
1781770500000,0.57804,0.57808,0.57799,0.57801
1781770560000,0.57799,0.57808,0.57797,0.57801
1781770620000,0.57801,0.57807,0.57801,0.57804
1781770680000,0.57805,0.5781,0.57804,0.57806
1781770740000,0.57806,0.57812,0.57806,0.57806
1781770800000,0.57806,0.57815,0.578,0.57814
1781770860000,0.57812,0.57815,0.57808,0.57813
1781770920000,0.57815,0.57815,0.57804,0.57804
1781770980000,0.57806,0.57806,0.578,0.57801
1781771040000,0.57801,0.57801,0.57794,0.57796
1781771100000,0.578,0.57801,0.57791,0.57795
1781771160000,0.57795,0.57801,0.57794,0.57795
1781771220000,0.57795,0.57795,0.57786,0.5779
1781771280000,0.57791,0.57794,0.5778,0.57784
1781771340000,0.57783,0.57786,0.57779,0.57786
1781771400000,0.57786,0.57787,0.5778,0.57781
1781771460000,0.57781,0.57785,0.57777,0.57778
1781771520000,0.57777,0.57799,0.57777,0.57786
1781771580000,0.57785,0.57785,0.57772,0.57774
1781771640000,0.57776,0.57779,0.57761,0.57764
1781771700000,0.57763,0.57765,0.57751,0.57756
1781771760000,0.57755,0.57763,0.57754,0.57761
1781771820000,0.57761,0.57761,0.5775,0.57754
1781771880000,0.57756,0.5776,0.57754,0.57756
1781771940000,0.57755,0.57755,0.57746,0.57752
1781772000000,0.57752,0.57756,0.57748,0.57754
1781772060000,0.57755,0.57758,0.57744,0.57745
1781772120000,0.57746,0.57751,0.57744,0.57744
1781772180000,0.57744,0.57744,0.57735,0.57736
1781772240000,0.57738,0.57738,0.5773,0.57732
1781772300000,0.57731,0.57733,0.57725,0.57725
1781772360000,0.57727,0.57728,0.57716,0.57719
1781772420000,0.57719,0.57721,0.57703,0.57703
1781772480000,0.57705,0.57715,0.577,0.57715
1781772540000,0.57714,0.57715,0.57705,0.5771
1781772600000,0.5771,0.5771,0.57706,0.57706
1781772660000,0.57705,0.57714,0.57703,0.5771
1781772720000,0.57711,0.57714,0.57703,0.57703
1781772780000,0.57703,0.57704,0.57692,0.57697
1781772840000,0.57698,0.57703,0.57698,0.57699
1781772900000,0.577,0.577,0.5769,0.5769
1781772960000,0.57689,0.57691,0.57685,0.57687
1781773020000,0.57689,0.5769,0.57675,0.57676
1781773080000,0.57677,0.57679,0.57665,0.57668
1781773140000,0.5767,0.57683,0.5767,0.57676
1781773200000,0.57679,0.5768,0.57656,0.57665
1781773260000,0.57666,0.57685,0.5766,0.57683
1781773320000,0.57681,0.57702,0.5768,0.57692
1781773380000,0.57693,0.57712,0.57692,0.57698
1781773440000,0.57695,0.57705,0.5769,0.57705
1781773500000,0.57706,0.57707,0.57693,0.57694
1781773560000,0.57693,0.57693,0.57679,0.57679
1781773620000,0.5768,0.57682,0.57667,0.57669
1781773680000,0.57669,0.5767,0.57664,0.57664
1781773740000,0.57664,0.5767,0.57662,0.57663
1781773800000,0.57664,0.57671,0.57659,0.57663
1781773860000,0.57662,0.57662,0.57646,0.57648
1781773920000,0.57649,0.57653,0.57636,0.57652
1781773980000,0.57652,0.57654,0.57647,0.57648
1781774040000,0.57648,0.57654,0.57646,0.57649
1781774100000,0.57648,0.57674,0.57648,0.57674
1781774160000,0.57674,0.57675,0.57659,0.57667
1781774220000,0.57667,0.57684,0.57667,0.5768
1781774280000,0.5768,0.57687,0.57678,0.5768
1781774340000,0.57678,0.57686,0.57674,0.57686
1781774400000,0.57685,0.5769,0.57674,0.57675
1781774460000,0.57674,0.57674,0.57664,0.57666
1781774520000,0.57667,0.57674,0.57665,0.57674
1781774580000,0.57674,0.5768,0.5767,0.57674
1781774640000,0.57673,0.57676,0.57661,0.57661
1781774700000,0.57661,0.57665,0.57659,0.57662
1781774760000,0.5766,0.57663,0.57654,0.57661
1781774820000,0.5766,0.5766,0.57651,0.57653
1781774880000,0.57652,0.57658,0.57646,0.57648
1781774940000,0.57649,0.57651,0.57648,0.57649
1781775000000,0.57649,0.57663,0.57645,0.57661
1781775060000,0.57661,0.57663,0.57649,0.5765
1781775120000,0.5765,0.57658,0.5765,0.57651
1781775180000,0.57651,0.57662,0.57651,0.57652
1781775240000,0.57654,0.57661,0.57654,0.57655
1781775300000,0.57655,0.5766,0.57652,0.57659
1781775360000,0.57659,0.57661,0.57653,0.57653
1781775420000,0.57654,0.57657,0.57651,0.57653
1781775480000,0.57651,0.57663,0.57651,0.57663
1781775540000,0.57664,0.57682,0.57664,0.57681
1781775600000,0.57681,0.57682,0.57672,0.57676
1781775660000,0.57677,0.57686,0.57675,0.57686
1781775720000,0.57685,0.57686,0.57677,0.57682
1781775780000,0.57681,0.57687,0.57675,0.57687
1781775840000,0.57687,0.57696,0.57687,0.57693
1781775900000,0.57693,0.57697,0.57688,0.57688
1781775960000,0.57688,0.57696,0.57687,0.57687
1781776020000,0.57685,0.57691,0.57683,0.57683
1781776080000,0.57684,0.57694,0.57684,0.57691
1781776140000,0.57693,0.57698,0.57692,0.57695
1781776200000,0.57696,0.57696,0.57688,0.57691
1781776260000,0.57691,0.57692,0.57684,0.57687
1781776320000,0.57689,0.57691,0.57685,0.57689
1781776380000,0.57688,0.57691,0.57685,0.57685
1781776440000,0.57684,0.57684,0.57677,0.57678
1781776500000,0.57677,0.57682,0.57676,0.57679
1781776560000,0.57679,0.57679,0.57675,0.57678
1781776620000,0.57678,0.57682,0.57669,0.5767
1781776680000,0.57671,0.57674,0.57669,0.5767
1781776740000,0.57671,0.57671,0.57659,0.5766
1781776800000,0.57659,0.5766,0.57648,0.57649
1781776860000,0.57648,0.57648,0.5763,0.57633
1781776920000,0.57632,0.57634,0.57615,0.57616
1781776980000,0.57616,0.57616,0.5761,0.57615
1781777040000,0.57613,0.57616,0.57609,0.57609
1781777100000,0.57611,0.57617,0.57605,0.57607
1781777160000,0.57608,0.57608,0.57587,0.57589
1781777220000,0.57591,0.57593,0.57579,0.5759
1781777280000,0.57595,0.57595,0.5759,0.57593
1781777340000,0.57596,0.57597,0.57589,0.57589
1781777400000,0.5759,0.57594,0.57579,0.57579
1781777460000,0.57579,0.57585,0.57574,0.57576
1781777520000,0.57577,0.57585,0.57577,0.57582
1781777580000,0.57583,0.57623,0.57583,0.57623
1781777640000,0.57622,0.57631,0.57617,0.57625
1781777700000,0.57625,0.57636,0.57625,0.57633
1781777760000,0.57635,0.57647,0.57635,0.57645
1781777820000,0.57645,0.57646,0.5763,0.57633
1781777880000,0.57634,0.57634,0.57619,0.57622
1781777940000,0.57624,0.57648,0.57624,0.57648
1781778000000,0.57648,0.5765,0.5764,0.57649
1781778060000,0.57649,0.57649,0.57642,0.57646
1781778120000,0.57646,0.57653,0.57638,0.57639
1781778180000,0.57639,0.57641,0.57635,0.57641
1781778240000,0.57641,0.57641,0.57627,0.5763
1781778300000,0.57629,0.57648,0.57629,0.57638
1781778360000,0.57637,0.57639,0.57629,0.57629
1781778420000,0.57627,0.57636,0.57626,0.57634
1781778480000,0.57632,0.5764,0.57632,0.57639
1781778540000,0.5764,0.57649,0.5764,0.57647
1781778600000,0.57648,0.57655,0.57645,0.57645
1781778660000,0.57646,0.57651,0.57644,0.57644
1781778720000,0.57646,0.5765,0.57646,0.57648
1781778780000,0.57649,0.57649,0.57625,0.57625
1781778840000,0.57627,0.57635,0.57627,0.57629
1781778900000,0.5763,0.57636,0.5763,0.57635
1781778960000,0.57634,0.57636,0.57623,0.5763
1781779020000,0.5763,0.57631,0.57624,0.57624
1781779080000,0.57626,0.57626,0.57615,0.5762
1781779140000,0.57619,0.57625,0.57615,0.57624
1781779200000,0.57622,0.57623,0.57616,0.57618
1781779260000,0.57619,0.5762,0.57613,0.57618
1781779320000,0.57617,0.57617,0.57605,0.57608
1781779380000,0.57605,0.57608,0.57599,0.576
1781779440000,0.57603,0.5761,0.57598,0.57598
1781779500000,0.57599,0.57607,0.57598,0.57598
1781779560000,0.57597,0.57603,0.57596,0.57598
1781779620000,0.57599,0.57609,0.57599,0.57607
1781779680000,0.57608,0.57611,0.57603,0.57603
1781779740000,0.57602,0.57607,0.57599,0.57605
1781779800000,0.57603,0.57609,0.57598,0.57606
1781779860000,0.57605,0.57605,0.576,0.57603
1781779920000,0.57604,0.57604,0.57598,0.576
1781779980000,0.57599,0.57602,0.57595,0.57595
1781780040000,0.57594,0.576,0.57592,0.57593
1781780100000,0.57594,0.57598,0.57592,0.57594
1781780160000,0.57594,0.57597,0.57586,0.57593
1781780220000,0.57593,0.57593,0.57588,0.57588
1781780280000,0.57587,0.57587,0.57583,0.57584
1781780340000,0.57586,0.57586,0.57586,0.57586
1781780400000,0.57588,0.57595,0.57583,0.57589
1781780460000,0.57591,0.57591,0.57582,0.5759
1781780520000,0.57591,0.57604,0.57586,0.57595
1781780580000,0.57595,0.57595,0.57583,0.5759
1781780640000,0.57589,0.57591,0.57585,0.57585
1781780700000,0.57584,0.57589,0.57583,0.57586
1781780760000,0.57586,0.576,0.57586,0.57596
1781780820000,0.57596,0.57615,0.57592,0.57613
1781780880000,0.57612,0.57614,0.57607,0.57614
1781780940000,0.57613,0.57613,0.57585,0.57595
1781781000000,0.57595,0.57598,0.57585,0.57585
1781781060000,0.57586,0.57589,0.57582,0.57584
1781781120000,0.57582,0.57585,0.5758,0.5758
1781781180000,0.5758,0.57584,0.5758,0.57582
1781781240000,0.57583,0.57595,0.5758,0.57592
1781781300000,0.57592,0.57596,0.57585,0.57586
1781781360000,0.57588,0.57592,0.57582,0.57584
1781781420000,0.57582,0.57583,0.57566,0.57568
1781781480000,0.57567,0.57567,0.5755,0.57558
1781781540000,0.57556,0.57557,0.57548,0.57557
1781781600000,0.57556,0.57558,0.57549,0.57549
1781781660000,0.57551,0.57573,0.57549,0.57572
1781781720000,0.57572,0.5758,0.5757,0.57576
1781781780000,0.57576,0.57595,0.57576,0.57588
1781781840000,0.57586,0.57611,0.57586,0.5761
1781781900000,0.57611,0.57617,0.576,0.576
1781781960000,0.57602,0.5761,0.57599,0.5761
1781782020000,0.57607,0.57607,0.57591,0.57595
1781782080000,0.57596,0.57598,0.57589,0.57589
1781782140000,0.5759,0.57602,0.5759,0.576
1781782200000,0.57598,0.57599,0.57588,0.57597
1781782260000,0.57598,0.57607,0.57593,0.57605
1781782320000,0.57608,0.57616,0.57604,0.57616
1781782380000,0.57615,0.57618,0.57609,0.57615
1781782440000,0.57616,0.57625,0.57616,0.57624
1781782500000,0.57622,0.57628,0.57619,0.57619
1781782560000,0.57619,0.57623,0.57616,0.57619
1781782620000,0.57619,0.57623,0.5761,0.57622
1781782680000,0.57623,0.5763,0.57615,0.57623
1781782740000,0.57623,0.57628,0.57609,0.57609
1781782800000,0.5761,0.5761,0.57595,0.57605
1781782860000,0.57602,0.57603,0.57592,0.57594
1781782920000,0.57595,0.57599,0.57589,0.57589
1781782980000,0.57591,0.57598,0.5759,0.57593
1781783040000,0.57595,0.576,0.57593,0.57594
1781783100000,0.57595,0.57605,0.57595,0.57603
1781783160000,0.57601,0.57608,0.576,0.57604
1781783220000,0.57603,0.57604,0.57595,0.57595
1781783280000,0.57595,0.57609,0.57594,0.57602
1781783340000,0.576,0.57605,0.576,0.57602
1781783400000,0.57601,0.57601,0.5759,0.57594
1781783460000,0.57592,0.57597,0.5759,0.5759
1781783520000,0.5759,0.57594,0.57585,0.57588
1781783580000,0.57587,0.5759,0.57584,0.57588
1781783640000,0.57589,0.5759,0.57584,0.5759
1781783700000,0.57591,0.57594,0.57581,0.57585
1781783760000,0.57587,0.57588,0.57581,0.57587
1781783820000,0.57588,0.57591,0.57585,0.57587
1781783880000,0.57587,0.57589,0.57585,0.57585
1781783940000,0.57585,0.5759,0.57585,0.5759
1781784000000,0.5759,0.57597,0.57588,0.57597
1781784060000,0.57597,0.576,0.57583,0.57595
1781784120000,0.57595,0.57595,0.57583,0.57585
1781784180000,0.57584,0.576,0.57584,0.57594
1781784240000,0.57597,0.57604,0.57594,0.57599
1781784300000,0.57598,0.57605,0.57594,0.57594
1781784360000,0.57595,0.576,0.5759,0.57599
1781784420000,0.57603,0.57613,0.57599,0.57613
1781784480000,0.5761,0.57617,0.5761,0.57611
1781784540000,0.57611,0.57624,0.57608,0.57621
1781784600000,0.57621,0.57633,0.57619,0.5763
1781784660000,0.57631,0.57649,0.57631,0.57648
1781784720000,0.57649,0.57669,0.57647,0.57669
1781784780000,0.57668,0.57674,0.5766,0.57674
1781784840000,0.57671,0.57681,0.5767,0.57677
1781784900000,0.57677,0.57686,0.57674,0.57685
1781784960000,0.57685,0.57687,0.57661,0.57661
1781785020000,0.57663,0.57671,0.5766,0.5767
1781785080000,0.57669,0.57676,0.57666,0.57674
1781785140000,0.57673,0.5768,0.57668,0.57678
1781785200000,0.57678,0.57715,0.57677,0.57711
1781785260000,0.57712,0.57746,0.57708,0.57732
1781785320000,0.57734,0.57741,0.57705,0.57705
1781785380000,0.57706,0.57719,0.57705,0.57711
1781785440000,0.57713,0.5773,0.57711,0.57725
1781785500000,0.57725,0.57744,0.57722,0.57741
1781785560000,0.57741,0.57741,0.57726,0.5773
1781785620000,0.5773,0.5773,0.57697,0.57697
1781785680000,0.57698,0.57716,0.57698,0.57704
1781785740000,0.57702,0.57709,0.57702,0.57704
1781785800000,0.57703,0.57713,0.57692,0.57702
1781785860000,0.57701,0.57716,0.57698,0.57711
1781785920000,0.57712,0.57712,0.57695,0.57696
1781785980000,0.57697,0.5771,0.57696,0.577
1781786040000,0.57701,0.57702,0.57688,0.57691
1781786100000,0.57689,0.577,0.57688,0.57696
1781786160000,0.57695,0.57697,0.57689,0.57691
1781786220000,0.5769,0.57692,0.57681,0.57681
1781786280000,0.57682,0.57693,0.57679,0.57684
1781786340000,0.57683,0.57683,0.57661,0.57661
1781786400000,0.57661,0.5767,0.57661,0.5767
1781786460000,0.57672,0.57685,0.57672,0.57682
1781786520000,0.57681,0.577,0.57681,0.57694
1781786580000,0.57693,0.57693,0.57681,0.57685
1781786640000,0.57686,0.57688,0.5766,0.57666
1781786700000,0.57666,0.57691,0.57665,0.57681
1781786760000,0.57681,0.57696,0.57675,0.57692
1781786820000,0.57691,0.57698,0.57687,0.57693
1781786880000,0.57694,0.57702,0.5769,0.57695
1781786940000,0.57696,0.57701,0.5769,0.577
1781787000000,0.57701,0.57712,0.57698,0.57711
1781787060000,0.5771,0.57716,0.5771,0.57716
1781787120000,0.57716,0.57716,0.57697,0.57706
1781787180000,0.57706,0.57709,0.57696,0.57704
1781787240000,0.57705,0.57705,0.57698,0.577
1781787300000,0.57701,0.57717,0.57701,0.57714
1781787360000,0.57714,0.57715,0.57695,0.57699
1781787420000,0.57697,0.5772,0.57687,0.57713
1781787480000,0.57714,0.57719,0.57703,0.57703
1781787540000,0.57704,0.5771,0.57701,0.57707
1781787600000,0.57706,0.57715,0.57706,0.57706
1781787660000,0.57705,0.57705,0.57695,0.57697
1781787720000,0.57697,0.57702,0.57689,0.57695
1781787780000,0.57694,0.57701,0.57679,0.57686
1781787840000,0.57689,0.57689,0.57674,0.57675
1781787900000,0.57675,0.57681,0.57671,0.57679
1781787960000,0.5768,0.57695,0.57674,0.57679
1781788020000,0.57679,0.57679,0.57669,0.57674
1781788080000,0.57673,0.5768,0.57667,0.57675
1781788140000,0.57676,0.57692,0.57676,0.57681
1781788200000,0.57682,0.57708,0.57682,0.57704
1781788260000,0.57705,0.57717,0.57705,0.57712
1781788320000,0.57713,0.57713,0.57697,0.57704
1781788380000,0.57706,0.57709,0.57699,0.57706
1781788440000,0.57706,0.5771,0.57703,0.57709
1781788500000,0.57707,0.57714,0.57689,0.57689
1781788560000,0.57688,0.57693,0.57669,0.57674
1781788620000,0.57674,0.57678,0.57666,0.57678
1781788680000,0.57677,0.57689,0.57675,0.57686
1781788740000,0.57686,0.57692,0.5768,0.57681
1781788800000,0.5768,0.57681,0.57666,0.5767
1781788860000,0.5767,0.57672,0.57663,0.5767
1781788920000,0.57668,0.57677,0.57668,0.57676
1781788980000,0.57674,0.57678,0.57665,0.57678
1781789040000,0.57679,0.57682,0.57671,0.57675
1781789100000,0.57679,0.57696,0.57673,0.57681
1781789160000,0.57682,0.57689,0.57681,0.57683
1781789220000,0.57683,0.57696,0.57682,0.57696
1781789280000,0.57695,0.57726,0.57691,0.57726
1781789340000,0.57726,0.57728,0.57712,0.57727
1781789400000,0.57727,0.57746,0.57725,0.5774
1781789460000,0.57738,0.57758,0.57733,0.57758
1781789520000,0.57757,0.57762,0.57754,0.57762
1781789580000,0.57763,0.57773,0.57752,0.57757
1781789640000,0.5776,0.57778,0.5776,0.57769
1781789700000,0.57768,0.57776,0.57764,0.57767
1781789760000,0.5777,0.5778,0.5776,0.5776
1781789820000,0.5776,0.57777,0.57756,0.57768
1781789880000,0.57767,0.57772,0.5776,0.57771
1781789940000,0.57768,0.5779,0.57765,0.57787
1781790000000,0.57789,0.57791,0.57761,0.57768
1781790060000,0.57766,0.57781,0.57763,0.57772
1781790120000,0.57771,0.57778,0.57769,0.57776
1781790180000,0.57777,0.5778,0.57757,0.57762
1781790240000,0.57762,0.57772,0.57751,0.57755
1781790300000,0.57754,0.57762,0.57742,0.5775
1781790360000,0.57749,0.57759,0.57745,0.57757
1781790420000,0.57757,0.5776,0.57745,0.57746
1781790480000,0.57746,0.57761,0.57741,0.57742
1781790540000,0.57742,0.57759,0.57731,0.57755
1781790600000,0.57751,0.57754,0.57746,0.57748
1781790660000,0.57748,0.57755,0.57744,0.57752
1781790720000,0.57752,0.57752,0.5774,0.57748
1781790780000,0.57746,0.5775,0.57736,0.57737
1781790840000,0.57739,0.5774,0.57722,0.57723
1781790900000,0.57724,0.57739,0.57724,0.57733
1781790960000,0.57733,0.57737,0.57729,0.57736
1781791020000,0.57735,0.57735,0.57721,0.57724
1781791080000,0.57725,0.57729,0.57721,0.57729
1781791140000,0.57729,0.57736,0.57716,0.57736
1781791200000,0.57733,0.57735,0.57704,0.57725
1781791260000,0.57724,0.57731,0.57702,0.57705
1781791320000,0.57706,0.57709,0.57694,0.57704
1781791380000,0.57707,0.57719,0.57699,0.57701
1781791440000,0.57701,0.57707,0.57697,0.57706
1781791500000,0.57705,0.57714,0.577,0.57712
1781791560000,0.57711,0.57718,0.57702,0.57711
1781791620000,0.57711,0.57722,0.57706,0.5772
1781791680000,0.57721,0.57721,0.57702,0.5771
1781791740000,0.5771,0.57717,0.57707,0.57707
1781791800000,0.57709,0.5771,0.57682,0.57686
1781791860000,0.57686,0.57696,0.57683,0.57686
1781791920000,0.57685,0.57691,0.57671,0.57673
1781791980000,0.57673,0.5768,0.5767,0.57678
1781792040000,0.57679,0.57696,0.57676,0.57693
1781792100000,0.57692,0.57692,0.57675,0.57677
1781792160000,0.57675,0.57702,0.57675,0.57701
1781792220000,0.57701,0.5771,0.57692,0.57707
1781792280000,0.57707,0.57715,0.577,0.57711
1781792340000,0.57711,0.57725,0.57711,0.57725
1781792400000,0.57724,0.57727,0.57715,0.57726
1781792460000,0.57727,0.5775,0.57727,0.57749
1781792520000,0.57749,0.57753,0.57735,0.57735
1781792580000,0.57736,0.57752,0.5773,0.57741
1781792640000,0.57741,0.57749,0.57735,0.57745
1781792700000,0.57745,0.57752,0.5774,0.57751
1781792760000,0.5775,0.57751,0.57734,0.57735
1781792820000,0.57734,0.57738,0.57729,0.57729
1781792880000,0.5773,0.57731,0.57714,0.57718
1781792940000,0.57719,0.5772,0.57709,0.57711
1781793000000,0.57711,0.57716,0.57693,0.57694
1781793060000,0.57695,0.57704,0.57692,0.57692
1781793120000,0.57693,0.57709,0.57692,0.57701
1781793180000,0.577,0.57715,0.57699,0.5771
1781793240000,0.5771,0.57718,0.57705,0.57717
1781793300000,0.57717,0.57721,0.57703,0.57705
1781793360000,0.57702,0.57723,0.57702,0.57714
1781793420000,0.57712,0.5772,0.5771,0.57713
1781793480000,0.57713,0.57718,0.57704,0.57705
1781793540000,0.57703,0.57719,0.577,0.57715
1781793600000,0.57717,0.5772,0.57712,0.57714
1781793660000,0.57714,0.5772,0.57706,0.57708
1781793720000,0.57711,0.57713,0.57704,0.5771
1781793780000,0.57712,0.57717,0.57705,0.57709
1781793840000,0.5771,0.57715,0.57706,0.57707
1781793900000,0.57706,0.5773,0.57705,0.57715
1781793960000,0.57716,0.57719,0.57712,0.57719
1781794020000,0.57718,0.57719,0.57707,0.57712
1781794080000,0.57713,0.5772,0.57709,0.57718
1781794140000,0.57718,0.5773,0.57717,0.57725
1781794200000,0.57725,0.57731,0.57722,0.5773
1781794260000,0.57728,0.57737,0.57722,0.57737
1781794320000,0.57736,0.57736,0.57726,0.57726
1781794380000,0.57729,0.57738,0.57726,0.57728
1781794440000,0.57729,0.57746,0.57727,0.57746
1781794500000,0.57744,0.57752,0.5774,0.57745
1781794560000,0.57745,0.57752,0.57745,0.57749
1781794620000,0.57749,0.57763,0.57748,0.57761
1781794680000,0.5776,0.57765,0.57754,0.57756
1781794740000,0.57757,0.57757,0.57747,0.57749
1781794800000,0.57749,0.57752,0.57745,0.57748
1781794860000,0.57748,0.57752,0.57737,0.5774
1781794920000,0.5774,0.57742,0.57719,0.57725
1781794980000,0.57725,0.57729,0.57713,0.57717
1781795040000,0.57716,0.57721,0.57714,0.57714
1781795100000,0.57715,0.57719,0.57708,0.57709
1781795160000,0.57709,0.57718,0.577,0.57702
1781795220000,0.57702,0.57715,0.57702,0.57712
1781795280000,0.57711,0.57719,0.57709,0.57712
1781795340000,0.57713,0.57715,0.57706,0.57707
1781795400000,0.57708,0.57716,0.57708,0.57714
1781795460000,0.57713,0.57716,0.57707,0.57709
1781795520000,0.57709,0.5771,0.57703,0.57709
1781795580000,0.5771,0.57718,0.57705,0.57705
1781795640000,0.57706,0.57708,0.5768,0.57681
1781795700000,0.57684,0.57695,0.57684,0.57691
1781795760000,0.5769,0.57691,0.57682,0.57682
1781795820000,0.57682,0.57682,0.57678,0.57681
1781795880000,0.5768,0.57684,0.57676,0.57676
1781795940000,0.57676,0.57676,0.57669,0.57675
1781796000000,0.57676,0.57685,0.57675,0.57676
1781796060000,0.57674,0.57685,0.57674,0.57684
1781796120000,0.57684,0.57686,0.57668,0.57671
1781796180000,0.57671,0.57674,0.57664,0.5767
1781796240000,0.57669,0.57672,0.5766,0.57662
1781796300000,0.57662,0.57668,0.57659,0.57659
1781796360000,0.5766,0.57665,0.57658,0.5766
1781796420000,0.57662,0.57679,0.57658,0.57676
1781796480000,0.57676,0.57677,0.5767,0.5767
1781796540000,0.57671,0.57675,0.57666,0.5767
1781796600000,0.5767,0.57679,0.57665,0.57679
1781796660000,0.5768,0.57681,0.57669,0.5767
1781796720000,0.5767,0.57672,0.57651,0.57654
1781796780000,0.57653,0.57653,0.57637,0.57641
1781796840000,0.57644,0.57651,0.57638,0.57642
1781796900000,0.57643,0.57643,0.57627,0.57634
1781796960000,0.57635,0.57641,0.57623,0.57628
1781797020000,0.57628,0.57633,0.57625,0.57629
1781797080000,0.57629,0.5763,0.57601,0.57601
1781797140000,0.57601,0.57608,0.57598,0.57598
1781797200000,0.57597,0.57617,0.57596,0.57613
1781797260000,0.57612,0.57624,0.57612,0.57618
1781797320000,0.57618,0.57618,0.57608,0.57608
1781797380000,0.57608,0.57611,0.57601,0.57606
1781797440000,0.57606,0.57611,0.57605,0.57606
1781797500000,0.57606,0.57607,0.57598,0.57606
1781797560000,0.57604,0.57604,0.57595,0.57603
1781797620000,0.57603,0.57606,0.57596,0.57606
1781797680000,0.57605,0.57614,0.576,0.57614
1781797740000,0.57615,0.57621,0.57609,0.57614
1781797800000,0.57615,0.5762,0.57606,0.57606
1781797860000,0.57605,0.57607,0.57601,0.57602
1781797920000,0.57601,0.57612,0.576,0.57609
1781797980000,0.57608,0.57612,0.57606,0.57606
1781798040000,0.57606,0.57606,0.57581,0.57581
1781798100000,0.57582,0.5759,0.57581,0.57586
1781798160000,0.57585,0.57591,0.57581,0.57582
1781798220000,0.57582,0.57589,0.5758,0.57588
1781798280000,0.57585,0.57591,0.57585,0.57585
1781798340000,0.57584,0.57585,0.57565,0.57565
1781798400000,0.57565,0.57585,0.57565,0.57583
1781798460000,0.57583,0.57583,0.57561,0.57561
1781798520000,0.57559,0.57565,0.57555,0.57557
1781798580000,0.57555,0.57559,0.57549,0.57554
1781798640000,0.57553,0.57561,0.5755,0.57554
1781798700000,0.57554,0.5756,0.5755,0.57553
1781798760000,0.57551,0.57564,0.5755,0.57555
1781798820000,0.57555,0.57555,0.57543,0.57552
1781798880000,0.57554,0.57565,0.57552,0.57554
1781798940000,0.57551,0.5757,0.57549,0.57569
1781799000000,0.5757,0.57571,0.57564,0.57566
1781799060000,0.57566,0.57581,0.57566,0.57576
1781799120000,0.57576,0.57577,0.57571,0.57577
1781799180000,0.57575,0.57577,0.57567,0.57567
1781799240000,0.57569,0.57571,0.57561,0.57565
1781799300000,0.57564,0.57566,0.57557,0.57561
1781799360000,0.5756,0.57561,0.5755,0.57555
1781799420000,0.57555,0.57556,0.57551,0.57551
1781799480000,0.57552,0.57554,0.57541,0.57544
1781799540000,0.57544,0.5755,0.57543,0.5755
1781799600000,0.57548,0.57556,0.57546,0.57555
1781799660000,0.57555,0.57556,0.57549,0.57554
1781799720000,0.57552,0.57552,0.57543,0.57544
1781799780000,0.57541,0.57551,0.57538,0.57549
1781799840000,0.57548,0.57559,0.57546,0.57559
1781799900000,0.57558,0.57572,0.57557,0.57571
1781799960000,0.5757,0.57584,0.5757,0.57577
1781800020000,0.57575,0.57585,0.57569,0.57582
1781800080000,0.5758,0.57585,0.57578,0.57581
1781800140000,0.5758,0.57585,0.57578,0.57579
1781800200000,0.57578,0.57581,0.57571,0.57579
1781800260000,0.5758,0.57583,0.57579,0.5758
1781800320000,0.5758,0.5758,0.57567,0.57569
1781800380000,0.57569,0.57569,0.57561,0.57562
1781800440000,0.57565,0.57567,0.5756,0.57561
1781800500000,0.57563,0.57565,0.57555,0.57555
1781800560000,0.57552,0.57552,0.57546,0.5755
1781800620000,0.57552,0.57576,0.57552,0.57572
1781800680000,0.5757,0.57576,0.57565,0.5757
1781800740000,0.57571,0.57581,0.57571,0.57581
1781800800000,0.57579,0.57584,0.57575,0.57581
1781800860000,0.57581,0.57585,0.57573,0.57573
1781800920000,0.57571,0.57576,0.57565,0.57572
1781800980000,0.5757,0.57574,0.57569,0.57571
1781801040000,0.57572,0.57575,0.5757,0.5757
1781801100000,0.57571,0.57575,0.57571,0.57571
1781801160000,0.57571,0.57573,0.57569,0.5757
1781801220000,0.5757,0.57574,0.57566,0.57566
1781801280000,0.57567,0.57569,0.5756,0.57561
1781801340000,0.5756,0.57571,0.57555,0.57555
1781801400000,0.57556,0.57557,0.57543,0.57545
1781801460000,0.57544,0.57551,0.5754,0.5754
1781801520000,0.5754,0.57549,0.5754,0.57549
1781801580000,0.5755,0.57552,0.57546,0.57549
1781801640000,0.57549,0.57553,0.57548,0.57549
1781801700000,0.5755,0.5755,0.57542,0.57544
1781801760000,0.57545,0.57548,0.57542,0.57542
1781801820000,0.57543,0.57551,0.57541,0.57548
1781801880000,0.57548,0.5756,0.57546,0.5756
1781801940000,0.5756,0.57573,0.5756,0.5757
1781802000000,0.57571,0.57571,0.57553,0.57557
1781802060000,0.57557,0.57562,0.57556,0.57557
1781802120000,0.57557,0.57571,0.57557,0.57569
1781802180000,0.57569,0.57569,0.57563,0.57564
1781802240000,0.57564,0.57577,0.57561,0.57576
1781802300000,0.57576,0.57584,0.57574,0.57583
1781802360000,0.57584,0.57586,0.57573,0.57577
1781802420000,0.57576,0.5758,0.57576,0.57578
1781802480000,0.57579,0.57586,0.57578,0.57583
1781802540000,0.57583,0.57587,0.57583,0.57586
1781802600000,0.57586,0.57587,0.5758,0.5758
1781802660000,0.5758,0.57586,0.57577,0.57586
1781802720000,0.57586,0.57597,0.57586,0.57595
1781802780000,0.57597,0.57598,0.57596,0.57596
1781802840000,0.57596,0.57598,0.57591,0.57595
1781802900000,0.57595,0.57597,0.57592,0.57595
1781802960000,0.57595,0.57603,0.57595,0.57601
1781803020000,0.57602,0.57606,0.576,0.57601
1781803080000,0.57601,0.57604,0.576,0.57602
1781803140000,0.57602,0.57602,0.57599,0.57599
1781803200000,0.57601,0.57605,0.576,0.57603
1781803260000,0.57601,0.57601,0.57596,0.57599
1781803320000,0.576,0.57601,0.57595,0.576
1781803380000,0.57601,0.57605,0.57597,0.57603
1781803440000,0.57603,0.57605,0.57597,0.57597
1781803500000,0.57598,0.57599,0.57595,0.57595
1781803560000,0.57597,0.57597,0.57594,0.57596
1781803620000,0.57595,0.57595,0.57591,0.57595
1781803680000,0.57596,0.57596,0.5759,0.57595
1781803740000,0.57594,0.57599,0.57591,0.57591
1781803800000,0.57592,0.57592,0.57585,0.57589
1781803860000,0.57589,0.57589,0.57589,0.57589
1781803920000,0.57588,0.57591,0.57588,0.57591
1781803980000,0.5759,0.57591,0.57585,0.57585
1781804040000,0.57587,0.57589,0.57584,0.57584
1781804100000,0.57583,0.57586,0.5758,0.5758
1781804160000,0.5758,0.57582,0.57577,0.5758
1781804220000,0.57579,0.57582,0.57578,0.57579
1781804280000,0.5758,0.5758,0.57579,0.57579
1781804340000,0.57579,0.57579,0.57566,0.57569
1781804400000,0.57571,0.57576,0.5757,0.57575
1781804460000,0.57575,0.57575,0.5757,0.5757
1781804520000,0.5757,0.5757,0.5756,0.5756
1781804580000,0.57562,0.57567,0.5756,0.57564
1781804640000,0.57566,0.57575,0.57565,0.5757
1781804700000,0.57569,0.57569,0.57564,0.57564
1781804760000,0.57563,0.57565,0.5756,0.57565
1781804820000,0.57564,0.57565,0.57559,0.57559
1781804880000,0.5756,0.57564,0.57556,0.57558
1781804940000,0.57559,0.5756,0.57556,0.57556
1781805000000,0.57556,0.5756,0.57555,0.57559
1781805060000,0.57559,0.57561,0.57555,0.57559
1781805120000,0.57559,0.57565,0.57558,0.57559
1781805180000,0.57559,0.57562,0.57558,0.57559
1781805240000,0.57559,0.57562,0.57553,0.57554
1781805300000,0.57552,0.57554,0.5755,0.57553
1781805360000,0.57552,0.57557,0.57552,0.57555
1781805420000,0.57556,0.57557,0.57553,0.57555
1781805480000,0.57555,0.57555,0.57548,0.57548
1781805540000,0.57549,0.5755,0.57545,0.57545
1781805600000,0.57547,0.57549,0.57533,0.57534
1781805660000,0.57533,0.57538,0.57533,0.57534
1781805720000,0.57533,0.57535,0.57528,0.5753
1781805780000,0.57531,0.57533,0.57529,0.57531
1781805840000,0.57532,0.57536,0.57532,0.57534
1781805900000,0.57535,0.57549,0.57535,0.57547
1781805960000,0.57548,0.57548,0.57536,0.57536
1781806020000,0.57538,0.57543,0.57536,0.5754
1781806080000,0.57541,0.57549,0.57541,0.57549
1781806140000,0.57548,0.57553,0.57548,0.57553
1781806200000,0.57555,0.57557,0.57551,0.57556
1781806260000,0.57556,0.57559,0.57555,0.57556
1781806320000,0.57556,0.57556,0.57555,0.57555
1781806380000,0.57556,0.57559,0.57554,0.57556
1781806440000,0.57556,0.57562,0.57556,0.5756
1781806500000,0.5756,0.5756,0.57556,0.57556
1781806560000,0.57555,0.57558,0.57554,0.57555
1781806620000,0.57554,0.57554,0.57549,0.5755
1781806680000,0.5755,0.5756,0.5755,0.57559
1781806740000,0.5756,0.57562,0.57559,0.57559
1781806800000,0.57559,0.57559,0.57551,0.57552
1781806860000,0.57554,0.5756,0.57554,0.5756
1781806920000,0.57559,0.57565,0.57556,0.57564
1781806980000,0.57565,0.57565,0.57561,0.57565
1781807040000,0.57563,0.57566,0.5756,0.57563
1781807100000,0.57564,0.57572,0.57564,0.5757
1781807160000,0.57568,0.57568,0.57561,0.57561
1781807220000,0.5756,0.57566,0.57557,0.57565
1781807280000,0.57565,0.57565,0.57551,0.57555
1781807340000,0.57556,0.57556,0.57552,0.57554
1781807400000,0.57552,0.57556,0.57545,0.57556
1781807460000,0.57555,0.57556,0.57551,0.57555
1781807520000,0.57554,0.57556,0.57547,0.57547
1781807580000,0.5755,0.5755,0.57545,0.57549
1781807640000,0.57551,0.57555,0.5755,0.5755
1781807700000,0.5755,0.57555,0.5755,0.57555
1781807760000,0.57556,0.57556,0.5755,0.5755
1781807820000,0.57551,0.57559,0.57551,0.57556
1781807880000,0.57557,0.5756,0.57555,0.57558
1781807940000,0.57559,0.5756,0.57556,0.57559
1781808000000,0.57557,0.57561,0.57556,0.57561
1781808060000,0.5756,0.57564,0.5756,0.57564
1781808120000,0.57564,0.57569,0.57564,0.57565
1781808180000,0.57565,0.57571,0.57565,0.57568
1781808240000,0.57568,0.57569,0.57566,0.57567
1781808300000,0.57567,0.57571,0.57565,0.57566
1781808360000,0.57567,0.5757,0.57561,0.57562
1781808420000,0.57563,0.57563,0.57556,0.57556
1781808480000,0.57556,0.57556,0.5754,0.5754
1781808540000,0.5754,0.57542,0.57531,0.57541
1781808600000,0.57543,0.57546,0.5754,0.57542
1781808660000,0.57542,0.57545,0.5754,0.57542
1781808720000,0.57542,0.57551,0.57541,0.57546
1781808780000,0.57547,0.5755,0.57546,0.57547
1781808840000,0.57547,0.57551,0.57541,0.57542
1781808900000,0.57546,0.57553,0.57542,0.57551
1781808960000,0.57551,0.57554,0.57547,0.57551
1781809020000,0.57551,0.57551,0.57535,0.57537
1781809080000,0.57538,0.5754,0.57538,0.57539
1781809140000,0.57539,0.57545,0.5753,0.5753
1781809200000,0.57531,0.57536,0.57526,0.5753
1781809260000,0.5753,0.5753,0.57518,0.57519
1781809320000,0.57519,0.57521,0.57506,0.57506
1781809380000,0.57508,0.57511,0.57504,0.57506
1781809440000,0.57506,0.57506,0.575,0.575
1781809500000,0.57501,0.5751,0.575,0.57505
1781809560000,0.57505,0.57507,0.575,0.57506
1781809620000,0.57508,0.5751,0.57499,0.575
1781809680000,0.575,0.57505,0.57497,0.575
1781809740000,0.57501,0.57506,0.57499,0.575
1781809800000,0.57499,0.57502,0.57484,0.57492
1781809860000,0.57492,0.57495,0.5749,0.5749
1781809920000,0.57489,0.57492,0.57486,0.57492
1781809980000,0.57495,0.57505,0.57495,0.57501
1781810040000,0.575,0.57512,0.575,0.57506
1781810100000,0.57506,0.57506,0.57502,0.57506
1781810160000,0.57505,0.57506,0.57491,0.57491
1781810220000,0.57495,0.57506,0.57495,0.57498
1781810280000,0.57501,0.57501,0.57487,0.57493
1781810340000,0.57495,0.57511,0.57495,0.57511
1781810400000,0.57512,0.57512,0.57506,0.5751
1781810460000,0.5751,0.5751,0.57501,0.57501
1781810520000,0.57504,0.57509,0.57502,0.57508
1781810580000,0.57511,0.57511,0.57492,0.57493
1781810640000,0.57494,0.57496,0.57489,0.57491
1781810700000,0.57491,0.57491,0.57488,0.57491
1781810760000,0.57491,0.57492,0.57489,0.57489
1781810820000,0.5749,0.5749,0.57488,0.5749
1781810880000,0.57489,0.57496,0.57486,0.57495
1781810940000,0.57493,0.57501,0.57491,0.57498
1781811000000,0.57496,0.57524,0.57496,0.57511
1781811060000,0.5751,0.57516,0.57507,0.57516
1781811120000,0.57517,0.57517,0.57509,0.5751
1781811180000,0.57509,0.57511,0.57509,0.57509
1781811240000,0.57509,0.57509,0.57504,0.57509
1781811300000,0.5751,0.57515,0.5751,0.5751
1781811360000,0.57511,0.57516,0.57506,0.57511
1781811420000,0.57511,0.57515,0.57509,0.57515
1781811480000,0.57514,0.57523,0.57511,0.57517
1781811540000,0.57517,0.57522,0.57515,0.57522
1781811600000,0.57521,0.57547,0.57521,0.57533
1781811660000,0.57534,0.57541,0.57532,0.57534
1781811720000,0.57536,0.57541,0.57535,0.57541
1781811780000,0.57541,0.57541,0.57533,0.57541
1781811840000,0.57544,0.57546,0.57541,0.57541
1781811900000,0.57542,0.57545,0.57541,0.57543
1781811960000,0.57545,0.57553,0.57544,0.5755
1781812020000,0.5755,0.5755,0.57545,0.57545
1781812080000,0.57546,0.57547,0.57545,0.57547
1781812140000,0.57548,0.57555,0.57547,0.57551
1781812200000,0.57553,0.57562,0.57547,0.57557
1781812260000,0.57559,0.57561,0.57558,0.57558
1781812320000,0.57559,0.5757,0.57559,0.5757
1781812380000,0.57571,0.57571,0.5756,0.57565
1781812440000,0.57565,0.57568,0.57561,0.57565
1781812500000,0.57565,0.57567,0.5756,0.57561
1781812560000,0.57562,0.57567,0.57551,0.57551
1781812620000,0.57552,0.57556,0.57549,0.5755
1781812680000,0.57549,0.57551,0.57545,0.57549
1781812740000,0.5755,0.57553,0.5754,0.57541
1781812800000,0.5754,0.57544,0.57529,0.57531
1781812860000,0.57533,0.57543,0.57532,0.57542
1781812920000,0.57542,0.57551,0.57542,0.5755
1781812980000,0.57551,0.57562,0.57551,0.57562
1781813040000,0.57562,0.57567,0.57561,0.57567
1781813100000,0.57568,0.57569,0.57566,0.57569
1781813160000,0.57567,0.57568,0.57566,0.57568
1781813220000,0.57567,0.5757,0.57564,0.57569
1781813280000,0.57567,0.5757,0.57565,0.57569
1781813340000,0.57568,0.57571,0.57565,0.57571
1781813400000,0.57571,0.57574,0.57571,0.57574
1781813460000,0.57575,0.5758,0.57575,0.5758
1781813520000,0.57581,0.57581,0.5758,0.5758
1781813580000,0.57582,0.5759,0.57582,0.5759
1781813640000,0.57589,0.57589,0.57585,0.57586
1781813700000,0.57586,0.57586,0.57586,0.57586
1781813760000,0.57586,0.5759,0.57586,0.57589
1781813820000,0.57588,0.57588,0.57585,0.57587
1781813880000,0.57586,0.5759,0.57586,0.5759
1781813940000,0.5759,0.57595,0.57589,0.57594
1781814000000,0.57595,0.57595,0.57581,0.57584
1781814060000,0.57585,0.57586,0.57585,0.57585
1781814120000,0.57584,0.57584,0.57584,0.57584
1781814180000,0.57583,0.57583,0.5758,0.5758
1781814240000,0.57579,0.57579,0.57579,0.57579
1781814300000,0.57577,0.57577,0.57575,0.57576
1781814360000,0.57576,0.5758,0.57576,0.57576
1781814420000,0.57576,0.57576,0.57576,0.57576
1781814480000,0.57578,0.57581,0.57578,0.57581
1781814540000,0.5758,0.57587,0.5758,0.57587
1781814600000,0.57585,0.57589,0.57585,0.57586
1781814660000,0.57587,0.57588,0.57582,0.57583
1781814720000,0.57583,0.57583,0.5758,0.5758
1781814780000,0.5758,0.5758,0.57577,0.57578
1781814840000,0.57577,0.57582,0.57577,0.57581
1781814900000,0.57582,0.57582,0.57569,0.57572
1781814960000,0.57573,0.57573,0.57569,0.5757
1781815020000,0.57571,0.57571,0.57567,0.57569
1781815080000,0.57568,0.57569,0.57567,0.57568
1781815140000,0.57567,0.57569,0.57566,0.57569
1781815200000,0.57569,0.57571,0.57565,0.57565
1781815260000,0.57565,0.57565,0.57565,0.57565
1781815320000,0.57562,0.57562,0.57559,0.57559
1781815380000,0.5756,0.5756,0.57554,0.57554
1781815440000,0.57553,0.57553,0.5755,0.5755
1781815500000,0.57548,0.57552,0.57545,0.5755
1781815560000,0.57548,0.57548,0.57547,0.57547
1781815620000,0.57548,0.57548,0.57546,0.57546
1781815680000,0.57546,0.57546,0.57546,0.57546
1781815740000,0.57549,0.57549,0.57547,0.57547
1781815800000,0.5755,0.57551,0.57539,0.57539
1781815860000,0.57538,0.57538,0.57532,0.57538
1781815920000,0.57539,0.57539,0.57539,0.57539
1781815980000,0.57538,0.57538,0.57535,0.57535
1781816040000,0.57536,0.57536,0.57535,0.57535
1781816100000,0.57532,0.57536,0.5753,0.57535
1781816160000,0.57536,0.57536,0.57528,0.5753
1781816220000,0.5753,0.57533,0.57528,0.5753
1781816280000,0.57531,0.57538,0.57531,0.57535
1781816340000,0.57533,0.57535,0.57527,0.57529
1781816400000,0.57514,0.57514,0.57508,0.57508
1781816460000,0.57508,0.57508,0.57508,0.57508
1781816520000,0.57508,0.57508,0.57508,0.57508
1781816580000,0.57508,0.57508,0.57508,0.57508
1781816640000,0.57508,0.57508,0.57508,0.57508
1781816700000,0.57614,0.57614,0.575,0.57501
1781816760000,0.57501,0.57505,0.57501,0.57505
1781816820000,0.57505,0.57548,0.57505,0.57546
1781816880000,0.57545,0.57545,0.57505,0.57505
1781816940000,0.57511,0.57512,0.5751,0.57511
1781817000000,0.57513,0.57524,0.57504,0.57524
1781817060000,0.5752,0.57521,0.57518,0.57518
1781817120000,0.5752,0.57535,0.5752,0.57531
1781817180000,0.57533,0.57554,0.57529,0.57541
1781817240000,0.57546,0.57551,0.57541,0.57543
1781817300000,0.57546,0.5755,0.57543,0.57546
1781817360000,0.57546,0.57551,0.57543,0.57549
1781817420000,0.57546,0.57548,0.57529,0.5753
1781817480000,0.57531,0.57531,0.57511,0.57515
1781817540000,0.57516,0.57516,0.57505,0.57508
1781817600000,0.57507,0.57508,0.57506,0.57507
1781817660000,0.57507,0.57507,0.57472,0.57472
1781817720000,0.57453,0.57484,0.57453,0.57484
1781817780000,0.57489,0.57514,0.57489,0.57513
1781817840000,0.57513,0.57514,0.57513,0.57513
1781817900000,0.57513,0.57519,0.57513,0.57519
1781817960000,0.57518,0.57519,0.57518,0.57519
1781818020000,0.57519,0.57519,0.57513,0.57513
1781818080000,0.57513,0.57514,0.57513,0.57513
1781818140000,0.57516,0.57538,0.57516,0.57536
1781818200000,0.57537,0.57539,0.57536,0.57539
1781818260000,0.57539,0.57553,0.57531,0.57549
1781818320000,0.57554,0.57556,0.57553,0.57554
1781818380000,0.57553,0.57564,0.57553,0.57559
1781818440000,0.57564,0.57571,0.57555,0.57556
1781818500000,0.57557,0.57561,0.57555,0.57561
1781818560000,0.57561,0.57562,0.57557,0.57561
1781818620000,0.57561,0.57561,0.5756,0.5756
1781818680000,0.5756,0.5756,0.57559,0.57559
1781818740000,0.57559,0.57561,0.57559,0.5756
1781818800000,0.5756,0.57561,0.57557,0.57557
1781818860000,0.57557,0.57559,0.57545,0.57545
1781818920000,0.57544,0.57544,0.57538,0.57538
1781818980000,0.57537,0.57537,0.57529,0.5753
1781819040000,0.57527,0.57527,0.57527,0.57527
1781819100000,0.57526,0.57527,0.57493,0.57507
1781819160000,0.57507,0.57512,0.57507,0.5751
1781819220000,0.5751,0.57512,0.57509,0.5751
1781819280000,0.57511,0.57512,0.57509,0.57512
1781819340000,0.57512,0.57516,0.57512,0.57514
1781819400000,0.57513,0.57515,0.57513,0.57514
1781819460000,0.57515,0.57515,0.57513,0.57515
1781819520000,0.57513,0.57516,0.57513,0.57515
1781819580000,0.57514,0.57514,0.57509,0.57509
1781819640000,0.57509,0.57509,0.57504,0.57504
1781819700000,0.57493,0.57509,0.57491,0.57508
1781819760000,0.57504,0.57511,0.57504,0.57511
1781819820000,0.5751,0.57514,0.57509,0.57509
1781819880000,0.57509,0.57516,0.57509,0.57514
1781819940000,0.57513,0.57528,0.57513,0.57525
1781820000000,0.57526,0.57529,0.57509,0.57527
1781820060000,0.57528,0.57529,0.57525,0.57526
1781820120000,0.57522,0.57522,0.57518,0.57519
1781820180000,0.57519,0.57523,0.57518,0.57519
1781820240000,0.57519,0.57524,0.57519,0.57523
1781820300000,0.57523,0.57529,0.57522,0.57527
1781820360000,0.5753,0.57535,0.57528,0.57533
1781820420000,0.57534,0.57539,0.57533,0.57538
1781820480000,0.57538,0.57539,0.57535,0.57537
1781820540000,0.57537,0.5754,0.57534,0.5754
1781820600000,0.57539,0.57556,0.57539,0.57554
1781820660000,0.57554,0.57554,0.57546,0.57546
1781820720000,0.57549,0.57549,0.57548,0.57549
1781820780000,0.57549,0.57549,0.57548,0.57548
1781820840000,0.57548,0.5755,0.57545,0.57545
1781820900000,0.57545,0.57548,0.57545,0.57546
1781820960000,0.57546,0.57546,0.57546,0.57546
1781821020000,0.57548,0.57548,0.57546,0.57547
1781821080000,0.57546,0.57546,0.57539,0.57539
1781821140000,0.57539,0.57541,0.57538,0.5754
1781821200000,0.5754,0.57541,0.57538,0.57539
1781821260000,0.57539,0.5754,0.57539,0.57539
1781821320000,0.57542,0.57542,0.57539,0.57539
1781821380000,0.57539,0.57545,0.57539,0.57544
1781821440000,0.57544,0.57545,0.57542,0.57542
1781821500000,0.57545,0.57545,0.57541,0.57542
1781821560000,0.57547,0.57554,0.57547,0.57552
1781821620000,0.57552,0.57555,0.57551,0.57555
1781821680000,0.57554,0.57557,0.57554,0.57557
1781821740000,0.57558,0.57558,0.57558,0.57558
1781821800000,0.57559,0.57564,0.57557,0.57563
1781821860000,0.57563,0.57563,0.57563,0.57563
1781821920000,0.57563,0.57563,0.57563,0.57563
1781821980000,0.57564,0.57564,0.57564,0.57564
1781822040000,0.57564,0.57564,0.57564,0.57564
1781822100000,0.57569,0.57572,0.57569,0.57572
1781822160000,0.57572,0.57572,0.57569,0.5757
1781822220000,0.57571,0.57574,0.5757,0.5757
1781822280000,0.5757,0.5757,0.5757,0.5757
1781822340000,0.57566,0.57566,0.57563,0.57564
1781822400000,0.57563,0.57564,0.57562,0.57562
1781822460000,0.57562,0.57562,0.57562,0.57562
1781822520000,0.57563,0.57563,0.57563,0.57563
1781822580000,0.57563,0.57563,0.57563,0.57563
1781822640000,0.57564,0.57569,0.57564,0.57569
1781822700000,0.57569,0.57574,0.57569,0.57569
1781822760000,0.57569,0.57571,0.57569,0.57571
1781822820000,0.57571,0.57571,0.57568,0.57569
1781822880000,0.57574,0.57574,0.57574,0.57574
1781822940000,0.57576,0.57576,0.57576,0.57576
1781823000000,0.57576,0.57581,0.57574,0.5758
1781823060000,0.57579,0.5758,0.57579,0.57579
1781823120000,0.57579,0.57579,0.57579,0.57579
1781823180000,0.57581,0.57585,0.57581,0.57582
1781823240000,0.57584,0.57584,0.57579,0.5758
1781823300000,0.57579,0.57585,0.57579,0.57584
1781823360000,0.57584,0.57584,0.57584,0.57584
1781823420000,0.57585,0.57585,0.57585,0.57585
1781823480000,0.57582,0.57584,0.57582,0.57583
1781823540000,0.57582,0.57583,0.5758,0.57581
1781823600000,0.57582,0.57583,0.57577,0.5758
1781823660000,0.57581,0.57586,0.57581,0.57582
1781823720000,0.57585,0.57589,0.57582,0.57583
1781823780000,0.57582,0.57588,0.5758,0.57587
1781823840000,0.57588,0.57594,0.57588,0.57588
1781823900000,0.5759,0.57593,0.5759,0.57592
1781823960000,0.57592,0.57596,0.57588,0.57594
1781824020000,0.57594,0.57596,0.57594,0.57594
1781824080000,0.57595,0.57595,0.57594,0.57595
1781824140000,0.57595,0.57596,0.57594,0.57594
1781824200000,0.57595,0.57596,0.57594,0.57594
1781824260000,0.57594,0.57594,0.57594,0.57594
1781824320000,0.57594,0.57594,0.57594,0.57594
1781824380000,0.57594,0.57596,0.57592,0.57595
1781824440000,0.57596,0.57596,0.57589,0.5759
1781824500000,0.5759,0.57596,0.5759,0.57593
1781824560000,0.57593,0.57593,0.5759,0.5759
1781824620000,0.57589,0.5759,0.57586,0.5759
1781824680000,0.57591,0.57591,0.57581,0.57582
1781824740000,0.57582,0.57583,0.57581,0.57581
1781824800000,0.57583,0.57585,0.57582,0.57582
1781824860000,0.57581,0.57581,0.57576,0.57578
1781824920000,0.57581,0.57582,0.5758,0.57582
1781824980000,0.57582,0.57584,0.5758,0.5758
1781825040000,0.5758,0.5758,0.5758,0.5758
1781825100000,0.5758,0.5758,0.57576,0.5758
1781825160000,0.5758,0.5758,0.5758,0.5758
1781825220000,0.57581,0.57581,0.57581,0.57581
1781825280000,0.57581,0.57582,0.57581,0.57581
1781825340000,0.57581,0.57581,0.5758,0.5758
1781825400000,0.57581,0.57583,0.57581,0.57581
1781825460000,0.57581,0.57581,0.57577,0.57577
1781825520000,0.57577,0.57577,0.57577,0.57577
1781825580000,0.57576,0.57578,0.5757,0.5757
1781825640000,0.57571,0.57571,0.57565,0.57565
1781825700000,0.57565,0.5757,0.57559,0.57569
1781825760000,0.57567,0.57573,0.57566,0.57572
1781825820000,0.57571,0.57577,0.57571,0.57576
1781825880000,0.57576,0.57576,0.57576,0.57576
1781825940000,0.57576,0.5758,0.57576,0.5758
1781826000000,0.57579,0.57585,0.57575,0.57575
1781826060000,0.57578,0.57584,0.57578,0.57581
1781826120000,0.57581,0.57581,0.57571,0.57573
1781826180000,0.57572,0.57572,0.57565,0.57565
1781826240000,0.57565,0.57565,0.57564,0.57564
1781826300000,0.57566,0.57571,0.5756,0.5757
1781826360000,0.5757,0.57576,0.5757,0.57576
1781826420000,0.57577,0.57581,0.57575,0.5758
1781826480000,0.5758,0.5758,0.57571,0.57571
1781826540000,0.57569,0.5757,0.57557,0.57561
1781826600000,0.57562,0.57565,0.57554,0.57559
1781826660000,0.57558,0.57559,0.57555,0.57555
1781826720000,0.57554,0.57555,0.57554,0.57554
1781826780000,0.57555,0.57555,0.57554,0.57554
1781826840000,0.57552,0.5756,0.57549,0.57557
1781826900000,0.57557,0.5756,0.57556,0.5756
1781826960000,0.57559,0.5756,0.57549,0.5755
1781827020000,0.57549,0.57549,0.57547,0.57547
1781827080000,0.57546,0.57548,0.57545,0.57545
1781827140000,0.57543,0.57543,0.57538,0.57541
1781827200000,0.57539,0.57563,0.57538,0.5756
1781827260000,0.5756,0.57576,0.57559,0.5757
1781827320000,0.57569,0.57571,0.57569,0.57569
1781827380000,0.57569,0.57575,0.57567,0.57569
1781827440000,0.57568,0.57576,0.57563,0.57574
1781827500000,0.57577,0.57582,0.57569,0.57574
1781827560000,0.57573,0.57579,0.57572,0.57572
1781827620000,0.57573,0.57576,0.57565,0.57565
1781827680000,0.57564,0.5757,0.57558,0.57558
1781827740000,0.57559,0.57564,0.57558,0.57559
1781827800000,0.57563,0.57568,0.57554,0.57554
1781827860000,0.57555,0.57567,0.57555,0.57565
1781827920000,0.57567,0.57567,0.57558,0.5756
1781827980000,0.57561,0.5757,0.57561,0.57566
1781828040000,0.57565,0.57566,0.57561,0.57565
1781828100000,0.57565,0.57574,0.57564,0.57574
1781828160000,0.57577,0.57581,0.5757,0.57581
1781828220000,0.57582,0.57585,0.57574,0.57574
1781828280000,0.57578,0.57579,0.5757,0.5757
1781828340000,0.5757,0.5758,0.5757,0.57576
1781828400000,0.57575,0.5758,0.57574,0.57576
1781828460000,0.57576,0.57576,0.5757,0.5757
1781828520000,0.57571,0.57576,0.57571,0.57575
1781828580000,0.57576,0.5758,0.57575,0.57576
1781828640000,0.57577,0.57583,0.57577,0.57583
1781828700000,0.57582,0.57582,0.57575,0.57579
1781828760000,0.5758,0.57583,0.57575,0.57578
1781828820000,0.57578,0.57579,0.57576,0.57576
1781828880000,0.57577,0.57582,0.57577,0.57581
1781828940000,0.5758,0.57581,0.57571,0.57571
1781829000000,0.57571,0.57582,0.57571,0.57582
1781829060000,0.5758,0.57586,0.57577,0.57582
1781829120000,0.57581,0.57584,0.5758,0.5758
1781829180000,0.5758,0.5758,0.57579,0.57579
1781829240000,0.5758,0.5758,0.57578,0.5758
1781829300000,0.5758,0.57583,0.57576,0.57583
1781829360000,0.57584,0.576,0.5758,0.576
1781829420000,0.57599,0.576,0.57579,0.5758
1781829480000,0.5758,0.57584,0.57575,0.57583
1781829540000,0.57584,0.57584,0.57575,0.57584
1781829600000,0.57585,0.57585,0.57579,0.5758
1781829660000,0.57579,0.57585,0.57579,0.57585
1781829720000,0.57585,0.57585,0.57581,0.57585
1781829780000,0.57583,0.57589,0.57583,0.57589
1781829840000,0.5759,0.57591,0.57585,0.57591
1781829900000,0.57593,0.57599,0.5759,0.57599
1781829960000,0.57599,0.576,0.57597,0.57599
1781830020000,0.576,0.576,0.57595,0.576
1781830080000,0.57599,0.576,0.57597,0.57598
1781830140000,0.57599,0.5761,0.57599,0.57606
1781830200000,0.57605,0.57605,0.576,0.57605
1781830260000,0.57604,0.57604,0.576,0.576
1781830320000,0.57601,0.57613,0.57597,0.5761
1781830380000,0.57613,0.57614,0.5761,0.57612
1781830440000,0.57613,0.57619,0.57611,0.57619
1781830500000,0.57617,0.57617,0.57606,0.57616
1781830560000,0.57615,0.57615,0.5761,0.5761
1781830620000,0.5761,0.57615,0.57606,0.57611
1781830680000,0.57611,0.57611,0.57598,0.576
1781830740000,0.576,0.57602,0.57595,0.57596
1781830800000,0.57596,0.576,0.57595,0.57597
1781830860000,0.57596,0.57601,0.5759,0.57592
1781830920000,0.5759,0.57591,0.57589,0.57591
1781830980000,0.5759,0.57601,0.5759,0.576
1781831040000,0.576,0.57602,0.57595,0.57597
1781831100000,0.57595,0.57598,0.57584,0.57588
1781831160000,0.57589,0.5759,0.57585,0.57585
1781831220000,0.57586,0.57586,0.57581,0.57582
1781831280000,0.57581,0.57584,0.5758,0.5758
1781831340000,0.5758,0.57581,0.57575,0.57577
1781831400000,0.57575,0.57576,0.57573,0.57576
1781831460000,0.57575,0.57576,0.57566,0.57575
1781831520000,0.57575,0.57575,0.5757,0.57573
1781831580000,0.57574,0.57574,0.57557,0.57558
1781831640000,0.5756,0.57561,0.57558,0.5756
1781831700000,0.57559,0.57563,0.57559,0.57561
1781831760000,0.57563,0.57564,0.57559,0.57559
1781831820000,0.57559,0.5756,0.57549,0.57549
1781831880000,0.57549,0.57551,0.57545,0.57546
1781831940000,0.57546,0.57546,0.57539,0.57541
1781832000000,0.57537,0.57541,0.5753,0.5753
1781832060000,0.57527,0.57539,0.57526,0.57538
1781832120000,0.57537,0.57542,0.57535,0.57542
1781832180000,0.57543,0.57544,0.57535,0.57535
1781832240000,0.57532,0.57532,0.57502,0.57502
1781832300000,0.57505,0.57525,0.57504,0.5752
1781832360000,0.57521,0.57529,0.57519,0.57521
1781832420000,0.57523,0.57525,0.57523,0.57524
1781832480000,0.57524,0.57526,0.57521,0.57525
1781832540000,0.57524,0.57534,0.57524,0.57533
1781832600000,0.57533,0.57534,0.57514,0.57516
1781832660000,0.57515,0.57523,0.57514,0.57514
1781832720000,0.57514,0.57517,0.57511,0.57515
1781832780000,0.57515,0.57518,0.57514,0.57514
1781832840000,0.57515,0.5752,0.57515,0.57519
1781832900000,0.57518,0.57523,0.57516,0.57516
1781832960000,0.57516,0.57516,0.57504,0.57504
1781833020000,0.57504,0.57508,0.57498,0.57498
1781833080000,0.57499,0.575,0.57498,0.57499
1781833140000,0.57499,0.57501,0.57497,0.57497
1781833200000,0.57497,0.57499,0.57491,0.57491
1781833260000,0.57491,0.57491,0.57486,0.57489
1781833320000,0.57491,0.57492,0.57487,0.57491
1781833380000,0.57491,0.57493,0.5749,0.57491
1781833440000,0.5749,0.5749,0.57486,0.57486
1781833500000,0.57485,0.57485,0.57479,0.5748
1781833560000,0.57479,0.5748,0.57475,0.57475
1781833620000,0.57476,0.5748,0.57475,0.57476
1781833680000,0.57477,0.57479,0.5747,0.5747
1781833740000,0.57469,0.5748,0.57469,0.57469
1781833800000,0.57471,0.57474,0.57471,0.57473
1781833860000,0.5747,0.5747,0.57463,0.57464
1781833920000,0.57464,0.57466,0.57464,0.57464
1781833980000,0.57464,0.57467,0.57464,0.57465
1781834040000,0.57464,0.57465,0.57462,0.57464
1781834100000,0.57464,0.57464,0.57459,0.57459
1781834160000,0.5746,0.57465,0.5746,0.57465
1781834220000,0.57467,0.5747,0.57464,0.57465
1781834280000,0.57465,0.57465,0.57456,0.57459
1781834340000,0.5746,0.57465,0.57459,0.5746
1781834400000,0.5746,0.57467,0.5746,0.57465
1781834460000,0.57465,0.57465,0.5746,0.57461
1781834520000,0.57462,0.57465,0.57461,0.57461
1781834580000,0.57463,0.57466,0.5746,0.57465
1781834640000,0.57466,0.5747,0.57465,0.57468
1781834700000,0.57466,0.57467,0.57464,0.57464
1781834760000,0.57464,0.57477,0.57459,0.57474
1781834820000,0.57474,0.57475,0.5746,0.5746
1781834880000,0.57459,0.5746,0.57458,0.57459
1781834940000,0.5746,0.5747,0.5746,0.5747
1781835000000,0.57472,0.57474,0.5747,0.57474
1781835060000,0.57473,0.57481,0.57471,0.57481
1781835120000,0.57481,0.57481,0.57476,0.57481
1781835180000,0.5748,0.57484,0.5748,0.5748
1781835240000,0.5748,0.57485,0.57477,0.57485
1781835300000,0.57485,0.57486,0.57476,0.57478
1781835360000,0.57478,0.57481,0.57475,0.57478
1781835420000,0.57478,0.57478,0.57475,0.57475
1781835480000,0.57475,0.57484,0.57475,0.5748
1781835540000,0.57481,0.57483,0.57476,0.57476
1781835600000,0.57477,0.57491,0.57476,0.57488
1781835660000,0.57487,0.57506,0.57487,0.57506
1781835720000,0.57505,0.57512,0.57501,0.57501
1781835780000,0.57501,0.57506,0.575,0.57505
1781835840000,0.57504,0.57507,0.57503,0.57504
1781835900000,0.57503,0.57503,0.575,0.575
1781835960000,0.575,0.57507,0.575,0.57505
1781836020000,0.57507,0.57512,0.57506,0.57511
1781836080000,0.57512,0.5752,0.57512,0.57516
1781836140000,0.57516,0.57522,0.57514,0.57522
1781836200000,0.57522,0.57525,0.57521,0.57525
1781836260000,0.57526,0.57535,0.57517,0.57534
1781836320000,0.57533,0.5754,0.57533,0.57535
1781836380000,0.57537,0.57537,0.57529,0.57533
1781836440000,0.57534,0.57535,0.57532,0.57534
1781836500000,0.57532,0.57535,0.5753,0.57535
1781836560000,0.57535,0.57535,0.57525,0.57525
1781836620000,0.57523,0.57523,0.57519,0.5752
1781836680000,0.57519,0.57521,0.57514,0.57515
1781836740000,0.57515,0.57516,0.57512,0.57516
1781836800000,0.57516,0.57523,0.57515,0.57519
1781836860000,0.57516,0.57523,0.57516,0.57521
1781836920000,0.57519,0.57522,0.57519,0.5752
1781836980000,0.57521,0.57521,0.57516,0.57519
1781837040000,0.57519,0.57523,0.57517,0.57521
1781837100000,0.57519,0.57519,0.57515,0.57515
1781837160000,0.57513,0.57515,0.57505,0.57505
1781837220000,0.57505,0.57505,0.57504,0.57504
1781837280000,0.57506,0.57508,0.57505,0.57506
1781837340000,0.57505,0.57509,0.57504,0.57504
1781837400000,0.57502,0.57502,0.57498,0.57499
1781837460000,0.57497,0.57499,0.57493,0.57495
1781837520000,0.57494,0.57495,0.57493,0.57493
1781837580000,0.57492,0.57492,0.57488,0.57488
1781837640000,0.57489,0.57489,0.57489,0.57489
1781837700000,0.57492,0.57498,0.5749,0.57495
1781837760000,0.57496,0.57496,0.57491,0.57491
1781837820000,0.57493,0.57493,0.57488,0.5749
1781837880000,0.57489,0.57496,0.57488,0.57493
1781837940000,0.57494,0.57497,0.57493,0.57496
1781838000000,0.57496,0.57501,0.57496,0.57501
1781838060000,0.57501,0.57501,0.57493,0.57497
1781838120000,0.57495,0.57499,0.57493,0.57496
1781838180000,0.57494,0.57496,0.57491,0.57494
1781838240000,0.57492,0.57497,0.57483,0.57494
1781838300000,0.57493,0.57494,0.57489,0.57489
1781838360000,0.57489,0.57492,0.57488,0.57491
1781838420000,0.57492,0.57496,0.57491,0.57495
1781838480000,0.57495,0.57495,0.5749,0.5749
1781838540000,0.57487,0.5749,0.57482,0.57484
1781838600000,0.57487,0.57487,0.57483,0.57484
1781838660000,0.57484,0.57488,0.57479,0.57485
1781838720000,0.57484,0.57484,0.57478,0.57478
1781838780000,0.57477,0.5748,0.57474,0.57477
1781838840000,0.57477,0.57477,0.57463,0.57463
1781838900000,0.57464,0.57464,0.57452,0.57456
1781838960000,0.57456,0.57457,0.57438,0.5744
1781839020000,0.57441,0.57441,0.57424,0.57424
1781839080000,0.57424,0.5743,0.57421,0.57425
1781839140000,0.57424,0.57431,0.57423,0.57429
1781839200000,0.5743,0.57436,0.57425,0.57433
1781839260000,0.57432,0.57444,0.57432,0.57442
1781839320000,0.57443,0.57447,0.57436,0.57436
1781839380000,0.57439,0.57441,0.57434,0.5744
1781839440000,0.5744,0.57441,0.57434,0.57439
1781839500000,0.5744,0.57441,0.5743,0.5743
1781839560000,0.57428,0.57429,0.57424,0.57428
1781839620000,0.57429,0.5743,0.57423,0.57424
1781839680000,0.57423,0.57425,0.57412,0.57412
1781839740000,0.57413,0.57414,0.57407,0.57411
1781839800000,0.57412,0.57414,0.57405,0.5741
1781839860000,0.57412,0.57413,0.57391,0.57394
1781839920000,0.57394,0.57403,0.57394,0.574
1781839980000,0.574,0.57402,0.57392,0.57392
1781840040000,0.57394,0.574,0.57393,0.57396
1781840100000,0.57395,0.57395,0.57388,0.57389
1781840160000,0.57389,0.57396,0.57389,0.57396
1781840220000,0.57397,0.57404,0.57394,0.574
1781840280000,0.57398,0.57398,0.57382,0.57382
1781840340000,0.57384,0.57387,0.57378,0.57387
1781840400000,0.57389,0.57396,0.57386,0.57394
1781840460000,0.57392,0.57395,0.57389,0.57394
1781840520000,0.57394,0.57394,0.57383,0.57383
1781840580000,0.57383,0.57389,0.57379,0.57389
1781840640000,0.57389,0.57393,0.57389,0.57393
1781840700000,0.57394,0.57394,0.5738,0.57383
1781840760000,0.57385,0.57388,0.5738,0.57384
1781840820000,0.57383,0.57386,0.5738,0.57382
1781840880000,0.57382,0.57388,0.5738,0.57382
1781840940000,0.57381,0.57384,0.57378,0.5738
1781841000000,0.57379,0.57389,0.57378,0.57385
1781841060000,0.57387,0.57387,0.57378,0.5738
1781841120000,0.5738,0.57387,0.57379,0.57383
1781841180000,0.57384,0.57384,0.57377,0.57377
1781841240000,0.57377,0.57377,0.57368,0.57368
1781841300000,0.57369,0.57376,0.57369,0.57374
1781841360000,0.57374,0.57378,0.57373,0.57376
1781841420000,0.57376,0.57378,0.57373,0.57373
1781841480000,0.57374,0.57374,0.57354,0.57361
1781841540000,0.57359,0.57361,0.57349,0.57355
1781841600000,0.57356,0.57357,0.57349,0.57349
1781841660000,0.57349,0.5735,0.57339,0.57345
1781841720000,0.57344,0.57344,0.57323,0.57329
1781841780000,0.57329,0.57333,0.57321,0.57327
1781841840000,0.57327,0.5733,0.57323,0.57325
1781841900000,0.57324,0.57327,0.57321,0.57323
1781841960000,0.57325,0.57328,0.57322,0.57324
1781842020000,0.57325,0.57326,0.57317,0.57322
1781842080000,0.57325,0.57338,0.57325,0.57337
1781842140000,0.57336,0.57336,0.57332,0.57334
1781842200000,0.57335,0.57346,0.57335,0.57344
1781842260000,0.57345,0.57349,0.57344,0.57346
1781842320000,0.57346,0.57346,0.57339,0.57339
1781842380000,0.57341,0.57344,0.57335,0.57335
1781842440000,0.57334,0.57339,0.5733,0.57339
1781842500000,0.57336,0.57337,0.57325,0.57329
1781842560000,0.5733,0.57338,0.5733,0.57335
1781842620000,0.57336,0.57342,0.57334,0.57341
1781842680000,0.57338,0.57343,0.57334,0.57334
1781842740000,0.57336,0.5734,0.57334,0.57336
1781842800000,0.57335,0.57336,0.5733,0.57335
1781842860000,0.57334,0.5734,0.57334,0.57335
1781842920000,0.57335,0.57336,0.5733,0.57335
1781842980000,0.57334,0.57346,0.57334,0.57345
1781843040000,0.57345,0.57351,0.57345,0.5735
1781843100000,0.57349,0.57349,0.57345,0.57349
1781843160000,0.57347,0.57349,0.57345,0.57345
1781843220000,0.57345,0.57346,0.57339,0.57341
1781843280000,0.57341,0.57349,0.57335,0.57347
1781843340000,0.57346,0.5735,0.57344,0.5735
1781843400000,0.57352,0.57356,0.5735,0.57351
1781843460000,0.5735,0.57355,0.5735,0.57354
1781843520000,0.57354,0.57362,0.57345,0.57361
1781843580000,0.57364,0.57366,0.57361,0.57362
1781843640000,0.57361,0.57362,0.57347,0.57348
1781843700000,0.57348,0.57349,0.57335,0.57335
1781843760000,0.57335,0.57342,0.57331,0.57335
1781843820000,0.57334,0.57334,0.57326,0.57329
1781843880000,0.57331,0.57331,0.57321,0.57325
1781843940000,0.57325,0.57325,0.57318,0.57319
1781844000000,0.57318,0.57318,0.57316,0.57316
1781844060000,0.57316,0.57316,0.57308,0.57314
1781844120000,0.57313,0.5732,0.57312,0.57319
1781844180000,0.57317,0.57321,0.57316,0.57318
1781844240000,0.57316,0.57321,0.57313,0.5732
1781844300000,0.57318,0.57318,0.57309,0.57313
1781844360000,0.57313,0.57315,0.57312,0.57312
1781844420000,0.5731,0.57311,0.57306,0.57306
1781844480000,0.57305,0.57308,0.57303,0.57306
1781844540000,0.57306,0.57311,0.57298,0.57299
1781844600000,0.57298,0.573,0.57296,0.57298
1781844660000,0.57298,0.57303,0.57298,0.57299
1781844720000,0.573,0.57304,0.57299,0.57301
1781844780000,0.57301,0.57303,0.57299,0.573
1781844840000,0.573,0.573,0.57284,0.57289
1781844900000,0.5729,0.573,0.5729,0.57294
1781844960000,0.57294,0.57296,0.57289,0.57289
1781845020000,0.5729,0.5729,0.57278,0.5728
1781845080000,0.5728,0.57291,0.5728,0.57291
1781845140000,0.57289,0.57294,0.57289,0.57294
1781845200000,0.57294,0.57295,0.57285,0.57285
1781845260000,0.57286,0.57291,0.57285,0.57289
1781845320000,0.5729,0.57293,0.57275,0.5728
1781845380000,0.5728,0.57282,0.5727,0.57273
1781845440000,0.57274,0.57288,0.57271,0.57275
1781845500000,0.57275,0.5728,0.5727,0.57273
1781845560000,0.57271,0.57271,0.57253,0.57254
1781845620000,0.57254,0.57256,0.57244,0.57248
1781845680000,0.57249,0.57253,0.57238,0.57241
1781845740000,0.57241,0.57254,0.5724,0.57253
1781845800000,0.57254,0.57265,0.57254,0.57255
1781845860000,0.57255,0.57258,0.5725,0.57257
1781845920000,0.57258,0.57259,0.57254,0.57255
1781845980000,0.57254,0.57262,0.57254,0.57259
1781846040000,0.57259,0.57263,0.5725,0.57252
1781846100000,0.57253,0.57258,0.57248,0.57255
1781846160000,0.57256,0.57261,0.57245,0.57259
1781846220000,0.57257,0.57257,0.57245,0.57246
1781846280000,0.57247,0.57249,0.5724,0.57242
1781846340000,0.57243,0.57245,0.57236,0.57243
1781846400000,0.57244,0.57247,0.57231,0.57231
1781846460000,0.57232,0.57254,0.57232,0.57253
1781846520000,0.57254,0.57255,0.57238,0.57239
1781846580000,0.57238,0.57243,0.57236,0.57241
1781846640000,0.57241,0.57247,0.57236,0.57237
1781846700000,0.57236,0.57248,0.57233,0.57248
1781846760000,0.57246,0.57248,0.5724,0.57243
1781846820000,0.57242,0.57242,0.57227,0.57227
1781846880000,0.5723,0.57232,0.57226,0.5723
1781846940000,0.5723,0.5725,0.57229,0.57245
1781847000000,0.57245,0.57267,0.57245,0.57265
1781847060000,0.57266,0.57269,0.57254,0.57254
1781847120000,0.57255,0.57256,0.57249,0.57249
1781847180000,0.5725,0.57255,0.57249,0.57251
1781847240000,0.5725,0.5725,0.57244,0.57249
1781847300000,0.57251,0.5726,0.57251,0.5726
1781847360000,0.57261,0.57264,0.57256,0.5726
1781847420000,0.57261,0.57263,0.57254,0.57254
1781847480000,0.57254,0.57255,0.57245,0.57247
1781847540000,0.57248,0.57249,0.57246,0.57247
1781847600000,0.5725,0.5727,0.5725,0.57265
1781847660000,0.57266,0.57266,0.57256,0.57258
1781847720000,0.57255,0.57264,0.57255,0.57262
1781847780000,0.57263,0.57269,0.57263,0.57267
1781847840000,0.57268,0.5727,0.57263,0.57264
1781847900000,0.57266,0.57274,0.57266,0.5727
1781847960000,0.57271,0.57278,0.57269,0.57274
1781848020000,0.57272,0.57275,0.57268,0.57269
1781848080000,0.5727,0.57273,0.57269,0.5727
1781848140000,0.57271,0.57282,0.57271,0.5728
1781848200000,0.57281,0.57299,0.57279,0.57299
1781848260000,0.573,0.57312,0.573,0.57311
1781848320000,0.57311,0.57315,0.57305,0.57307
1781848380000,0.57305,0.5732,0.57304,0.57315
1781848440000,0.57316,0.57346,0.57315,0.57344
1781848500000,0.57342,0.57342,0.57332,0.57335
1781848560000,0.57334,0.57336,0.57312,0.57312
1781848620000,0.5731,0.5731,0.57283,0.57286
1781848680000,0.57285,0.57299,0.57282,0.57299
1781848740000,0.57298,0.57299,0.57288,0.57288
1781848800000,0.57289,0.57311,0.57286,0.57309
1781848860000,0.57307,0.57315,0.57304,0.57315
1781848920000,0.57313,0.57315,0.57307,0.5731
1781848980000,0.5731,0.57327,0.5731,0.57327
1781849040000,0.57324,0.57335,0.57324,0.57326
1781849100000,0.57329,0.57336,0.57323,0.57323
1781849160000,0.57325,0.57328,0.57314,0.57325
1781849220000,0.57325,0.57325,0.57313,0.57325
1781849280000,0.57324,0.57327,0.5732,0.57325
1781849340000,0.57323,0.57326,0.57319,0.57326
1781849400000,0.57328,0.57337,0.57321,0.57325
1781849460000,0.57323,0.57327,0.57321,0.57323
1781849520000,0.57322,0.57329,0.57322,0.57327
1781849580000,0.57328,0.57344,0.57328,0.57344
1781849640000,0.57345,0.57345,0.5734,0.57341
1781849700000,0.5734,0.5734,0.57331,0.57331
1781849760000,0.57329,0.57337,0.57329,0.57337
1781849820000,0.57339,0.57347,0.57337,0.57347
1781849880000,0.57346,0.57348,0.57338,0.57346
1781849940000,0.57348,0.5736,0.57347,0.5736
1781850000000,0.57361,0.57374,0.57357,0.57364
1781850060000,0.57363,0.57378,0.57362,0.57375
1781850120000,0.57375,0.57382,0.57375,0.57381
1781850180000,0.57381,0.57381,0.57369,0.57369
1781850240000,0.57372,0.57378,0.57371,0.57373
1781850300000,0.57372,0.5738,0.57372,0.5738
1781850360000,0.57381,0.57381,0.57374,0.5738
1781850420000,0.5738,0.57387,0.57377,0.57385
1781850480000,0.57387,0.57392,0.57381,0.57382
1781850540000,0.57385,0.57396,0.57383,0.57384
1781850600000,0.57384,0.5739,0.57384,0.57385
1781850660000,0.57385,0.57389,0.57375,0.57375
1781850720000,0.57373,0.57373,0.57361,0.57361
1781850780000,0.57362,0.57369,0.57343,0.57343
1781850840000,0.57344,0.5735,0.5733,0.57349
1781850900000,0.57348,0.57348,0.57337,0.57338
1781850960000,0.57339,0.57341,0.57333,0.57335
1781851020000,0.57334,0.57347,0.57334,0.57344
1781851080000,0.57346,0.57359,0.57341,0.57355
1781851140000,0.57356,0.57359,0.57347,0.57347
1781851200000,0.57349,0.57361,0.57349,0.57361
1781851260000,0.5736,0.57366,0.57351,0.5736
1781851320000,0.5736,0.57365,0.5736,0.57364
1781851380000,0.57364,0.5737,0.57364,0.57364
1781851440000,0.57365,0.57366,0.57359,0.57361
1781851500000,0.57359,0.57359,0.57348,0.57357
1781851560000,0.57359,0.57359,0.57356,0.57359
1781851620000,0.5736,0.57372,0.5736,0.5737
1781851680000,0.5737,0.57379,0.57367,0.57371
1781851740000,0.57373,0.57374,0.57361,0.57369
1781851800000,0.57367,0.57368,0.5736,0.57366
1781851860000,0.57364,0.57369,0.57356,0.57369
1781851920000,0.5737,0.57386,0.5737,0.57386
1781851980000,0.57386,0.57387,0.57382,0.57385
1781852040000,0.57384,0.57391,0.57381,0.57391
1781852100000,0.57391,0.57391,0.57381,0.57384
1781852160000,0.57388,0.57396,0.57387,0.5739
1781852220000,0.5739,0.574,0.57387,0.574
1781852280000,0.57399,0.574,0.57395,0.57395
1781852340000,0.57396,0.57406,0.57396,0.57401
1781852400000,0.57402,0.57411,0.57396,0.57405
1781852460000,0.57403,0.57416,0.57403,0.5741
1781852520000,0.57408,0.57421,0.57405,0.57414
1781852580000,0.57416,0.5742,0.57409,0.57419
1781852640000,0.57419,0.57427,0.57416,0.57427
1781852700000,0.57427,0.57435,0.5742,0.57425
1781852760000,0.57425,0.57437,0.57425,0.57427
1781852820000,0.57426,0.57436,0.57426,0.57431
1781852880000,0.57431,0.57431,0.5742,0.57422
1781852940000,0.57424,0.57427,0.5742,0.5742
1781853000000,0.57419,0.5742,0.57405,0.5741
1781853060000,0.57411,0.57416,0.5741,0.57416
1781853120000,0.57417,0.57417,0.57404,0.57407
1781853180000,0.57406,0.57406,0.57396,0.574
1781853240000,0.574,0.57409,0.574,0.57407
1781853300000,0.57406,0.57409,0.57402,0.57409
1781853360000,0.57408,0.57408,0.5739,0.5739
1781853420000,0.5739,0.57392,0.5739,0.57391
1781853480000,0.5739,0.57395,0.57385,0.57388
1781853540000,0.57389,0.57391,0.57384,0.57386
1781853600000,0.57387,0.57389,0.57376,0.5738
1781853660000,0.57379,0.57379,0.57364,0.57367
1781853720000,0.57365,0.57376,0.57363,0.57375
1781853780000,0.57371,0.57375,0.57359,0.57374
1781853840000,0.57374,0.57374,0.5736,0.57363
1781853900000,0.57362,0.57365,0.57354,0.57355
1781853960000,0.57355,0.57356,0.5735,0.57352
1781854020000,0.57351,0.57369,0.5735,0.57361
1781854080000,0.5736,0.57369,0.57359,0.57364
1781854140000,0.57364,0.57367,0.57358,0.57359
1781854200000,0.57359,0.5737,0.57359,0.57368
1781854260000,0.57366,0.57366,0.57358,0.57358
1781854320000,0.57357,0.5736,0.57354,0.57359
1781854380000,0.57361,0.57365,0.57355,0.57355
1781854440000,0.57354,0.57358,0.57354,0.57358
1781854500000,0.57356,0.57356,0.57348,0.57349
1781854560000,0.57349,0.57351,0.57345,0.57347
1781854620000,0.57348,0.57359,0.57348,0.57359
1781854680000,0.57355,0.57355,0.57351,0.57351
1781854740000,0.57352,0.57356,0.5735,0.57356
1781854800000,0.57359,0.57364,0.57357,0.57361
1781854860000,0.57363,0.5737,0.57363,0.5737
1781854920000,0.57369,0.57377,0.57365,0.57372
1781854980000,0.57371,0.57376,0.57369,0.57369
1781855040000,0.57372,0.57372,0.57361,0.57363
1781855100000,0.57366,0.57368,0.57361,0.57361
1781855160000,0.57361,0.57361,0.57353,0.57359
1781855220000,0.57356,0.57359,0.57348,0.57348
1781855280000,0.57349,0.57352,0.57343,0.57343
1781855340000,0.57342,0.57345,0.57333,0.57336
1781855400000,0.57333,0.57347,0.5733,0.57346
1781855460000,0.57345,0.57352,0.57344,0.57352
1781855520000,0.57354,0.57355,0.57345,0.57345
1781855580000,0.57343,0.57347,0.57337,0.57337
1781855640000,0.57338,0.57339,0.57332,0.57332
1781855700000,0.57332,0.57335,0.57329,0.57331
1781855760000,0.57333,0.57338,0.57331,0.57334
1781855820000,0.57336,0.5735,0.57335,0.57349
1781855880000,0.57347,0.5735,0.57339,0.57344
1781855940000,0.57343,0.57347,0.57336,0.57336
1781856000000,0.57337,0.57341,0.57332,0.57339
1781856060000,0.57338,0.57352,0.57333,0.57352
1781856120000,0.57352,0.57355,0.57342,0.57355
1781856180000,0.57356,0.57368,0.57355,0.57366
1781856240000,0.57366,0.57387,0.57362,0.5738
1781856300000,0.5738,0.57381,0.57367,0.57381
1781856360000,0.57381,0.57386,0.57381,0.57382
1781856420000,0.57381,0.57382,0.57376,0.57382
1781856480000,0.57385,0.57388,0.57379,0.57383
1781856540000,0.57387,0.57389,0.57383,0.57385
1781856600000,0.57386,0.57389,0.5738,0.57382
1781856660000,0.57383,0.57386,0.5738,0.57382
1781856720000,0.57381,0.57386,0.5738,0.57384
1781856780000,0.57383,0.57383,0.57368,0.57368
1781856840000,0.5737,0.57371,0.57362,0.57362
1781856900000,0.57362,0.57381,0.57359,0.57381
1781856960000,0.57384,0.57395,0.57384,0.57395
1781857020000,0.57396,0.57408,0.57393,0.57406
1781857080000,0.57405,0.57409,0.57399,0.57402
1781857140000,0.574,0.574,0.57393,0.57399
1781857200000,0.57399,0.57399,0.57391,0.57391
1781857260000,0.57391,0.57396,0.5739,0.57392
1781857320000,0.57391,0.57402,0.5739,0.57402
1781857380000,0.57401,0.57412,0.574,0.57412
1781857440000,0.57411,0.57418,0.5741,0.57415
1781857500000,0.57416,0.57418,0.57406,0.5741
1781857560000,0.5741,0.5741,0.5741,0.5741
1781857620000,0.57409,0.57411,0.57395,0.57395
1781857680000,0.57396,0.57396,0.57391,0.57394
1781857740000,0.57394,0.57399,0.57391,0.57394
1781857800000,0.57395,0.57402,0.57392,0.57394
1781857860000,0.57394,0.57401,0.57394,0.574
1781857920000,0.57401,0.57405,0.57387,0.57387
1781857980000,0.57386,0.57387,0.57377,0.57378
1781858040000,0.57377,0.57379,0.57366,0.57374
1781858100000,0.57375,0.5739,0.57374,0.57383
1781858160000,0.57381,0.57386,0.57379,0.57384
1781858220000,0.57385,0.57387,0.5738,0.5738
1781858280000,0.5738,0.5738,0.57374,0.5738
1781858340000,0.5738,0.5738,0.5737,0.57376
1781858400000,0.57378,0.57389,0.57376,0.57387
1781858460000,0.57385,0.57399,0.57384,0.57395
1781858520000,0.57396,0.57402,0.57395,0.57399
1781858580000,0.574,0.57406,0.574,0.57403
1781858640000,0.57401,0.57402,0.57397,0.57399
1781858700000,0.57397,0.57398,0.57394,0.57394
1781858760000,0.57395,0.57396,0.57391,0.57391
1781858820000,0.5739,0.57394,0.57385,0.5739
1781858880000,0.5739,0.57401,0.5739,0.57401
1781858940000,0.57401,0.57401,0.57393,0.57398
1781859000000,0.57397,0.57403,0.5739,0.57391
1781859060000,0.57389,0.57394,0.57387,0.57387
1781859120000,0.57389,0.57396,0.57387,0.57394
1781859180000,0.57395,0.57397,0.57392,0.57396
1781859240000,0.57397,0.57403,0.57397,0.57402
1781859300000,0.57404,0.57406,0.57402,0.57404
1781859360000,0.57405,0.57415,0.57404,0.57411
1781859420000,0.57414,0.57415,0.57412,0.57413
1781859480000,0.57411,0.57413,0.57406,0.57411
1781859540000,0.57412,0.57425,0.57412,0.57425
1781859600000,0.57425,0.57429,0.5742,0.57425
1781859660000,0.57425,0.57426,0.57396,0.57396
1781859720000,0.57395,0.574,0.57394,0.57397
1781859780000,0.57396,0.57403,0.57396,0.574
1781859840000,0.57401,0.57402,0.57397,0.57397
1781859900000,0.57395,0.57403,0.57394,0.57402
1781859960000,0.57403,0.5741,0.57402,0.57408
1781860020000,0.57408,0.57413,0.57405,0.57405
1781860080000,0.57408,0.57408,0.57401,0.57401
1781860140000,0.57401,0.57406,0.57395,0.57395
1781860200000,0.57397,0.57404,0.57397,0.57401
1781860260000,0.57399,0.57401,0.57395,0.57401
1781860320000,0.57402,0.57408,0.574,0.57405
1781860380000,0.57406,0.5741,0.57405,0.57405
1781860440000,0.57405,0.5741,0.57405,0.5741
1781860500000,0.5741,0.57417,0.57407,0.57411
1781860560000,0.57413,0.57423,0.57413,0.57421
1781860620000,0.5742,0.57425,0.57417,0.57421
1781860680000,0.5742,0.57425,0.5742,0.57421
1781860740000,0.57421,0.57423,0.57421,0.57421
1781860800000,0.57421,0.57423,0.57415,0.57423
1781860860000,0.57422,0.57425,0.57409,0.57409
1781860920000,0.5741,0.57412,0.57406,0.5741
1781860980000,0.57411,0.5742,0.57409,0.5741
1781861040000,0.57409,0.5741,0.57404,0.57404
1781861100000,0.57405,0.57413,0.57404,0.57411
1781861160000,0.57411,0.57416,0.5741,0.57415
1781861220000,0.57412,0.57414,0.57407,0.57412
1781861280000,0.57411,0.57412,0.57408,0.57409
1781861340000,0.57411,0.57414,0.5741,0.5741
1781861400000,0.57411,0.57421,0.5741,0.5742
1781861460000,0.5742,0.57426,0.57415,0.57422
1781861520000,0.57422,0.57431,0.57421,0.57427
1781861580000,0.57427,0.57437,0.57426,0.57437
1781861640000,0.57438,0.57438,0.57435,0.57436
1781861700000,0.57436,0.57436,0.57434,0.57435
1781861760000,0.57435,0.57437,0.57432,0.57437
1781861820000,0.57439,0.57446,0.57438,0.57445
1781861880000,0.57445,0.57446,0.57438,0.5744
1781861940000,0.5744,0.5744,0.57436,0.57437
1781862000000,0.57438,0.57446,0.57438,0.57445
1781862060000,0.57445,0.57447,0.57441,0.57441
1781862120000,0.57441,0.57441,0.57436,0.57439
1781862180000,0.57437,0.57442,0.57435,0.57435
1781862240000,0.57436,0.57438,0.5743,0.5743
1781862300000,0.5743,0.57431,0.57425,0.57426
1781862360000,0.57427,0.57434,0.57422,0.57434
1781862420000,0.57434,0.57439,0.57432,0.57439
1781862480000,0.57438,0.5744,0.57431,0.57431
1781862540000,0.57431,0.57431,0.57425,0.57425
1781862600000,0.57425,0.57437,0.57425,0.57436
1781862660000,0.57437,0.57438,0.57436,0.57437
1781862720000,0.57437,0.57442,0.57437,0.57441
1781862780000,0.57441,0.57448,0.5744,0.57448
1781862840000,0.57448,0.57449,0.57443,0.57445
1781862900000,0.57443,0.57445,0.57439,0.5744
1781862960000,0.5744,0.57444,0.5744,0.57442
1781863020000,0.57441,0.57441,0.57435,0.57435
1781863080000,0.57435,0.57439,0.5743,0.5743
1781863140000,0.5743,0.57434,0.57426,0.57431
1781863200000,0.57432,0.57441,0.5743,0.57441
1781863260000,0.57442,0.57442,0.57436,0.5744
1781863320000,0.57437,0.57445,0.57437,0.57441
1781863380000,0.57441,0.57441,0.57429,0.5743
1781863440000,0.57429,0.57431,0.57426,0.57426
1781863500000,0.57427,0.57432,0.57426,0.5743
1781863560000,0.5743,0.57432,0.57428,0.5743
1781863620000,0.57429,0.57431,0.57429,0.5743
1781863680000,0.57429,0.57429,0.57422,0.57422
1781863740000,0.57422,0.57433,0.57422,0.57433
1781863800000,0.57433,0.57433,0.5743,0.57432
1781863860000,0.5743,0.57431,0.57425,0.57425
1781863920000,0.57427,0.57431,0.57426,0.57429
1781863980000,0.57428,0.5743,0.57426,0.5743
1781864040000,0.5743,0.5743,0.57423,0.57423
1781864100000,0.57422,0.57422,0.5742,0.57421
1781864160000,0.57422,0.57424,0.57416,0.57421
1781864220000,0.57423,0.57423,0.57415,0.57415
1781864280000,0.57415,0.5742,0.57412,0.57417
1781864340000,0.57416,0.57417,0.57411,0.57411
1781864400000,0.57412,0.57413,0.57405,0.57405
1781864460000,0.57406,0.57409,0.57405,0.57409
1781864520000,0.57408,0.57408,0.574,0.574
1781864580000,0.574,0.57401,0.57395,0.57395
1781864640000,0.57397,0.57412,0.57396,0.57412
1781864700000,0.57412,0.57421,0.57411,0.57411
1781864760000,0.57412,0.57417,0.57411,0.57416
1781864820000,0.57416,0.57416,0.57411,0.57413
1781864880000,0.57413,0.57416,0.57411,0.57412
1781864940000,0.57413,0.57417,0.57411,0.57411
1781865000000,0.57412,0.57412,0.57407,0.5741
1781865060000,0.57412,0.57412,0.5741,0.57411
1781865120000,0.57413,0.57414,0.57411,0.57414
1781865180000,0.57415,0.57416,0.57414,0.57415
1781865240000,0.57417,0.57421,0.57416,0.5742
1781865300000,0.57421,0.57431,0.5742,0.5742
1781865360000,0.57421,0.57421,0.5741,0.57411
1781865420000,0.57413,0.57414,0.57411,0.57411
1781865480000,0.57411,0.57411,0.57402,0.57411
1781865540000,0.57411,0.57411,0.57402,0.57402
1781865600000,0.57402,0.57411,0.57395,0.57396
1781865660000,0.57395,0.574,0.57394,0.57398
1781865720000,0.57399,0.57399,0.57391,0.57391
1781865780000,0.5739,0.57395,0.57387,0.57394
1781865840000,0.57393,0.57394,0.57385,0.57387
1781865900000,0.57387,0.57399,0.57387,0.57399
1781865960000,0.57398,0.574,0.57383,0.57396
1781866020000,0.57397,0.57404,0.57389,0.57391
1781866080000,0.57392,0.57398,0.5739,0.57397
1781866140000,0.57395,0.57399,0.57387,0.57387
1781866200000,0.57386,0.57397,0.57384,0.5739
1781866260000,0.57389,0.5739,0.57384,0.57384
1781866320000,0.57386,0.57401,0.57386,0.57396
1781866380000,0.57397,0.57398,0.57391,0.57396
1781866440000,0.57396,0.57396,0.57387,0.57388
1781866500000,0.57389,0.57398,0.57389,0.57396
1781866560000,0.57395,0.57403,0.57393,0.57403
1781866620000,0.57402,0.57408,0.57399,0.574
1781866680000,0.57398,0.57409,0.57398,0.57409
1781866740000,0.57408,0.5741,0.57406,0.57408
1781866800000,0.57408,0.57408,0.57394,0.574
1781866860000,0.574,0.57404,0.57395,0.57395
1781866920000,0.57394,0.5741,0.57394,0.57409
1781866980000,0.57406,0.57417,0.57405,0.5741
1781867040000,0.57412,0.57416,0.57411,0.57411
1781867100000,0.57414,0.57417,0.57414,0.57415
1781867160000,0.57414,0.57417,0.57409,0.57409
1781867220000,0.57407,0.57412,0.57391,0.57391
1781867280000,0.57392,0.57396,0.57384,0.57393
1781867340000,0.57394,0.57409,0.57394,0.57403
1781867400000,0.57404,0.57415,0.57402,0.57415
1781867460000,0.57417,0.5742,0.57414,0.57419
1781867520000,0.5742,0.57422,0.57412,0.57415
1781867580000,0.57416,0.57416,0.57409,0.57409
1781867640000,0.57411,0.57411,0.57405,0.57405
1781867700000,0.57407,0.57416,0.57406,0.57416
1781867760000,0.57418,0.5742,0.57417,0.57419
1781867820000,0.57419,0.57422,0.57419,0.57421
1781867880000,0.57421,0.57426,0.5742,0.57426
1781867940000,0.57426,0.57431,0.57425,0.5743
1781868000000,0.5743,0.57434,0.5743,0.57431
1781868060000,0.5743,0.57434,0.5743,0.57434
1781868120000,0.57435,0.57435,0.5743,0.57431
1781868180000,0.57431,0.57435,0.57429,0.57429
1781868240000,0.57429,0.5743,0.57426,0.5743
1781868300000,0.57428,0.5743,0.57424,0.57424
1781868360000,0.57423,0.57423,0.57419,0.57419
1781868420000,0.57417,0.5742,0.57415,0.57415
1781868480000,0.57415,0.57415,0.5741,0.57411
1781868540000,0.57412,0.57415,0.57396,0.57398
1781868600000,0.57399,0.57405,0.57396,0.57405
1781868660000,0.57404,0.57404,0.574,0.57401
1781868720000,0.57401,0.57403,0.57395,0.57396
1781868780000,0.57397,0.57399,0.57392,0.57393
1781868840000,0.57394,0.57395,0.5739,0.57394
1781868900000,0.57391,0.57401,0.5739,0.57401
1781868960000,0.574,0.57401,0.57396,0.57396
1781869020000,0.57397,0.574,0.57389,0.57389
1781869080000,0.5739,0.57392,0.57389,0.5739
1781869140000,0.5739,0.57397,0.5739,0.57397
1781869200000,0.574,0.57406,0.57397,0.57405
1781869260000,0.57405,0.57408,0.57402,0.57407
1781869320000,0.57407,0.57407,0.574,0.574
1781869380000,0.574,0.57402,0.57399,0.57402
1781869440000,0.57403,0.57413,0.57403,0.57412
1781869500000,0.57412,0.57416,0.57411,0.57415
1781869560000,0.57417,0.57422,0.57417,0.57421
1781869620000,0.57422,0.57425,0.57421,0.57423
1781869680000,0.57422,0.57428,0.57417,0.57417
1781869740000,0.57418,0.57421,0.57416,0.57417
1781869800000,0.57416,0.57421,0.57409,0.57409
1781869860000,0.57409,0.57417,0.57409,0.57416
1781869920000,0.57416,0.57417,0.57415,0.57416
1781869980000,0.57417,0.57417,0.5741,0.57416
1781870040000,0.57413,0.57413,0.57406,0.57406
1781870100000,0.57406,0.57406,0.57395,0.57396
1781870160000,0.57395,0.57396,0.57395,0.57396
1781870220000,0.57396,0.57404,0.57396,0.57404
1781870280000,0.57404,0.57404,0.574,0.574
1781870340000,0.57401,0.57401,0.57401,0.57401
1781870400000,0.57406,0.57412,0.57404,0.57411
1781870460000,0.57414,0.57424,0.57414,0.57424
1781870520000,0.57424,0.57424,0.57409,0.5741
1781870580000,0.57411,0.57414,0.5741,0.57413
1781870640000,0.57413,0.57416,0.57412,0.57416
1781870700000,0.57416,0.57416,0.57401,0.57402
1781870760000,0.57401,0.57412,0.57401,0.5741
1781870820000,0.57411,0.57412,0.57411,0.57411
1781870880000,0.57411,0.57418,0.57411,0.57418
1781870940000,0.5742,0.57433,0.5742,0.57427
1781871000000,0.57428,0.57432,0.57427,0.5743
1781871060000,0.57435,0.57435,0.5743,0.5743
1781871120000,0.5743,0.57431,0.57426,0.57426
1781871180000,0.57426,0.57431,0.57424,0.5743
1781871240000,0.5743,0.57431,0.5743,0.5743
1781871300000,0.57431,0.57435,0.5743,0.57434
1781871360000,0.57435,0.57435,0.57434,0.57435
1781871420000,0.57435,0.57435,0.57431,0.57434
1781871480000,0.57434,0.57434,0.5742,0.57427
1781871540000,0.57428,0.57435,0.57426,0.57434
1781871600000,0.57434,0.57434,0.57425,0.57426
1781871660000,0.57427,0.57431,0.57426,0.57431
1781871720000,0.57432,0.57436,0.5743,0.5743
1781871780000,0.57431,0.57431,0.57421,0.57421
1781871840000,0.57421,0.57426,0.5742,0.57422
1781871900000,0.57422,0.5743,0.57421,0.5743
1781871960000,0.57428,0.57436,0.57427,0.57431
1781872020000,0.5743,0.5743,0.57421,0.57422
1781872080000,0.57422,0.57426,0.5742,0.5742
1781872140000,0.57417,0.57417,0.57415,0.57415
1781872200000,0.57415,0.57416,0.5741,0.5741
1781872260000,0.57412,0.57417,0.5741,0.57416
1781872320000,0.57416,0.57416,0.57411,0.57416
1781872380000,0.57416,0.57417,0.57411,0.57411
1781872440000,0.57412,0.57416,0.57411,0.57415
1781872500000,0.57414,0.57415,0.5741,0.57415
1781872560000,0.57415,0.57415,0.5741,0.5741
1781872620000,0.57407,0.57409,0.57389,0.57397
1781872680000,0.57399,0.57411,0.57397,0.57409
1781872740000,0.57407,0.57407,0.57402,0.57405
1781872800000,0.57405,0.57406,0.57399,0.57404
1781872860000,0.57402,0.5741,0.57402,0.57406
1781872920000,0.57407,0.57411,0.57407,0.57411
1781872980000,0.57407,0.57407,0.574,0.57401
1781873040000,0.57401,0.57407,0.574,0.57405
1781873100000,0.57404,0.57405,0.57403,0.57405
1781873160000,0.57404,0.57404,0.574,0.574
1781873220000,0.57399,0.57399,0.5739,0.57393
1781873280000,0.57395,0.57401,0.57395,0.57401
1781873340000,0.57401,0.57401,0.57399,0.57399
1781873400000,0.57398,0.5744,0.57394,0.57439
1781873460000,0.57436,0.57475,0.5743,0.5746
1781873520000,0.5746,0.57472,0.57444,0.57471
1781873580000,0.57471,0.5749,0.57467,0.57475
1781873640000,0.57472,0.57486,0.57471,0.57481
1781873700000,0.57482,0.57483,0.57451,0.57451
1781873760000,0.57453,0.57482,0.57451,0.5747
1781873820000,0.5747,0.57477,0.5747,0.57471
1781873880000,0.57471,0.57471,0.57464,0.57466
1781873940000,0.57466,0.57471,0.57465,0.57465
1781874000000,0.57467,0.57471,0.57456,0.57464
1781874060000,0.57463,0.5747,0.57462,0.57465
1781874120000,0.57465,0.57466,0.57446,0.57449
1781874180000,0.57449,0.57449,0.5743,0.5743
1781874240000,0.57429,0.57435,0.57426,0.57435
1781874300000,0.57437,0.57444,0.57431,0.57431
1781874360000,0.5743,0.57431,0.57425,0.5743
1781874420000,0.57428,0.57432,0.57425,0.5743
1781874480000,0.57432,0.57439,0.57431,0.57435
1781874540000,0.57436,0.5744,0.57435,0.5744
1781874600000,0.57439,0.57439,0.57432,0.57432
1781874660000,0.57431,0.57431,0.57419,0.5742
1781874720000,0.57422,0.57427,0.57418,0.5742
1781874780000,0.57419,0.57421,0.5741,0.5741
1781874840000,0.57409,0.57409,0.57393,0.57393
1781874900000,0.57394,0.57409,0.57394,0.57399
1781874960000,0.574,0.57405,0.57394,0.57399
1781875020000,0.57401,0.57407,0.574,0.574
1781875080000,0.57403,0.5741,0.57403,0.57406
1781875140000,0.57404,0.57405,0.574,0.57402
1781875200000,0.57402,0.57402,0.57391,0.57391
1781875260000,0.5739,0.5739,0.57381,0.57385
1781875320000,0.57385,0.57388,0.5738,0.57386
1781875380000,0.57386,0.57387,0.57381,0.57382
1781875440000,0.57383,0.57386,0.57382,0.57386
1781875500000,0.57386,0.57386,0.57381,0.57381
1781875560000,0.57385,0.57391,0.57385,0.5739
1781875620000,0.5739,0.5739,0.5738,0.57386
1781875680000,0.57387,0.57389,0.57383,0.57383
1781875740000,0.57384,0.5739,0.5738,0.5739
1781875800000,0.5739,0.57396,0.57385,0.57392
1781875860000,0.5739,0.5739,0.57385,0.57386
1781875920000,0.57386,0.57387,0.57375,0.57376
1781875980000,0.57376,0.57381,0.57375,0.57377
1781876040000,0.57376,0.57381,0.57376,0.57377
1781876100000,0.5738,0.57382,0.57374,0.57376
1781876160000,0.57379,0.57379,0.57371,0.57371
1781876220000,0.57374,0.57374,0.57353,0.57353
1781876280000,0.57353,0.57364,0.5735,0.5736
1781876340000,0.57359,0.5736,0.57355,0.57359
1781876400000,0.57362,0.57362,0.57351,0.57355
1781876460000,0.57355,0.57357,0.57355,0.57357
1781876520000,0.57357,0.57366,0.57357,0.57366
1781876580000,0.57363,0.57368,0.57361,0.57366
1781876640000,0.57365,0.57366,0.5735,0.57357
1781876700000,0.57357,0.57363,0.57357,0.57362
1781876760000,0.57362,0.57364,0.5736,0.57361
1781876820000,0.57362,0.57365,0.5736,0.57364
1781876880000,0.57362,0.57364,0.57359,0.5736
1781876940000,0.5736,0.57361,0.5736,0.57361
1781877000000,0.5736,0.57367,0.5736,0.57366
1781877060000,0.57365,0.5737,0.57359,0.5736
1781877120000,0.57361,0.57365,0.5736,0.57364
1781877180000,0.57362,0.57375,0.57361,0.57366
1781877240000,0.57365,0.57369,0.57359,0.57359
1781877300000,0.57361,0.57364,0.57359,0.57359
1781877360000,0.57361,0.57377,0.5736,0.57362
1781877420000,0.57362,0.57365,0.5735,0.5735
1781877480000,0.5735,0.5735,0.57339,0.57346
1781877540000,0.57346,0.5735,0.57341,0.57342
1781877600000,0.57342,0.57344,0.57334,0.57341
1781877660000,0.57342,0.57347,0.57341,0.57344
1781877720000,0.57344,0.57349,0.57341,0.57345
1781877780000,0.57345,0.57345,0.57336,0.57345
1781877840000,0.57344,0.57345,0.57339,0.57344
1781877900000,0.57345,0.57349,0.57341,0.57341
1781877960000,0.57341,0.57342,0.57336,0.5734
1781878020000,0.57339,0.57341,0.57336,0.57341
1781878080000,0.5734,0.57346,0.57337,0.57339
1781878140000,0.57339,0.57344,0.57338,0.5734
1781878200000,0.57339,0.5734,0.57335,0.57336
1781878260000,0.57336,0.57342,0.57333,0.57334
1781878320000,0.57334,0.57337,0.57331,0.57336
1781878380000,0.57336,0.5734,0.57335,0.57339
1781878440000,0.57338,0.57338,0.57332,0.57333
1781878500000,0.57333,0.5734,0.57333,0.57335
1781878560000,0.57336,0.57337,0.57334,0.57335
1781878620000,0.57336,0.57338,0.5733,0.57334
1781878680000,0.57333,0.57333,0.5732,0.57324
1781878740000,0.57322,0.57324,0.57318,0.57318
1781878800000,0.57318,0.57323,0.57312,0.57312
1781878860000,0.57312,0.57313,0.57306,0.57308
1781878920000,0.57309,0.5731,0.57304,0.57304
1781878980000,0.57304,0.57305,0.57298,0.57304
1781879040000,0.57304,0.5731,0.57301,0.5731
1781879100000,0.5731,0.57323,0.5731,0.57323
1781879160000,0.57324,0.57327,0.57303,0.57307
1781879220000,0.57307,0.57316,0.57306,0.57309
1781879280000,0.5731,0.57313,0.57309,0.5731
1781879340000,0.5731,0.57312,0.57309,0.57311
1781879400000,0.57311,0.5732,0.57309,0.57313
1781879460000,0.57314,0.57315,0.57308,0.57309
1781879520000,0.5731,0.5731,0.57304,0.57308
1781879580000,0.57308,0.5731,0.57304,0.57306
1781879640000,0.57307,0.57311,0.57306,0.5731
1781879700000,0.57311,0.57316,0.57311,0.57315
1781879760000,0.57316,0.5732,0.57315,0.57315
1781879820000,0.57314,0.57316,0.57312,0.57315
1781879880000,0.57313,0.57316,0.57309,0.57316
1781879940000,0.57316,0.57321,0.57315,0.57316
1781880000000,0.57316,0.57328,0.57316,0.57326
1781880060000,0.57326,0.57326,0.57321,0.57321
1781880120000,0.57321,0.57321,0.57315,0.57316
1781880180000,0.57316,0.57326,0.57316,0.57325
1781880240000,0.57325,0.57327,0.5732,0.5732
1781880300000,0.57321,0.57336,0.5732,0.57329
1781880360000,0.5733,0.57334,0.57325,0.57325
1781880420000,0.57325,0.57334,0.57325,0.57331
1781880480000,0.57331,0.57331,0.57324,0.57324
1781880540000,0.57326,0.57326,0.57322,0.57324
1781880600000,0.57325,0.57325,0.57319,0.5732
1781880660000,0.57321,0.57329,0.57321,0.57326
1781880720000,0.57326,0.57336,0.57323,0.57336
1781880780000,0.57336,0.57337,0.57323,0.57323
1781880840000,0.57323,0.57342,0.57321,0.57339
1781880900000,0.57339,0.57371,0.57339,0.57356
1781880960000,0.57356,0.57372,0.57355,0.5737
1781881020000,0.5737,0.57383,0.57359,0.57375
1781881080000,0.57374,0.57382,0.57369,0.57378
1781881140000,0.57378,0.57384,0.57371,0.57384
1781881200000,0.57383,0.57383,0.57378,0.57382
1781881260000,0.57382,0.57389,0.57377,0.57388
1781881320000,0.57389,0.57402,0.57376,0.57376
1781881380000,0.57375,0.57376,0.57372,0.57372
1781881440000,0.57372,0.57372,0.57364,0.5737
1781881500000,0.5737,0.57382,0.57366,0.57381
1781881560000,0.57381,0.57385,0.57377,0.57377
1781881620000,0.57379,0.57388,0.57379,0.57388
1781881680000,0.57388,0.57388,0.57381,0.57382
1781881740000,0.57385,0.57393,0.57385,0.57391
1781881800000,0.57391,0.57399,0.57391,0.57393
1781881860000,0.57394,0.57397,0.57382,0.57387
1781881920000,0.57387,0.57387,0.5738,0.5738
1781881980000,0.5738,0.57381,0.57371,0.57374
1781882040000,0.57374,0.57377,0.5737,0.57371
1781882100000,0.57371,0.57371,0.57367,0.57367
1781882160000,0.57367,0.57371,0.57367,0.57371
1781882220000,0.57371,0.57373,0.5737,0.57371
1781882280000,0.57372,0.57372,0.57369,0.5737
1781882340000,0.5737,0.57375,0.5737,0.57375
1781882400000,0.57376,0.57384,0.57375,0.57382
1781882460000,0.57381,0.57382,0.57375,0.57376
1781882520000,0.57374,0.57375,0.5737,0.57372
1781882580000,0.57372,0.57373,0.5737,0.5737
1781882640000,0.57371,0.57377,0.57367,0.57371
1781882700000,0.57373,0.57376,0.57372,0.57376
1781882760000,0.57375,0.57381,0.57371,0.57376
1781882820000,0.57376,0.57381,0.57375,0.57381
1781882880000,0.57381,0.57388,0.57381,0.57388
1781882940000,0.57386,0.57386,0.57382,0.57385
1781883000000,0.57384,0.57384,0.57371,0.57371
1781883060000,0.57371,0.57372,0.57364,0.57371
1781883120000,0.5737,0.57371,0.57365,0.57369
1781883180000,0.57369,0.5737,0.57365,0.57365
1781883240000,0.57366,0.5737,0.57365,0.5737
1781883300000,0.5737,0.5737,0.57365,0.57369
1781883360000,0.57367,0.57367,0.5736,0.5736
1781883420000,0.57361,0.57361,0.57354,0.57354
1781883480000,0.57354,0.57354,0.57349,0.57351
1781883540000,0.5735,0.57352,0.57349,0.5735
1781883600000,0.57352,0.57358,0.57351,0.57358
1781883660000,0.57358,0.57359,0.57354,0.57354
1781883720000,0.57353,0.57355,0.57353,0.57354
1781883780000,0.57355,0.5736,0.57355,0.5736
1781883840000,0.5736,0.57364,0.57355,0.57359
1781883900000,0.5736,0.57363,0.5736,0.57363
1781883960000,0.57362,0.57366,0.57361,0.57365
1781884020000,0.57367,0.57367,0.57364,0.57367
1781884080000,0.57367,0.57368,0.57364,0.57365
1781884140000,0.57369,0.57369,0.57363,0.57363
1781884200000,0.57363,0.57365,0.57363,0.57364
1781884260000,0.57364,0.57364,0.57356,0.5736
1781884320000,0.5736,0.57365,0.5736,0.57364
1781884380000,0.57367,0.57369,0.57364,0.57364
1781884440000,0.57365,0.57365,0.5736,0.57361
1781884500000,0.5736,0.57364,0.57359,0.5736
1781884560000,0.57359,0.5736,0.57358,0.57359
1781884620000,0.57362,0.57364,0.57359,0.57362
1781884680000,0.57361,0.57361,0.57356,0.57356
1781884740000,0.57356,0.5736,0.57355,0.5736
1781884800000,0.5736,0.57364,0.57359,0.57359
1781884860000,0.57362,0.57365,0.57359,0.57364
1781884920000,0.57364,0.57368,0.57362,0.57362
1781884980000,0.57364,0.57366,0.57363,0.57366
1781885040000,0.57365,0.57369,0.57365,0.57366
1781885100000,0.57365,0.57368,0.57359,0.57359
1781885160000,0.5736,0.57363,0.5736,0.57363
1781885220000,0.57364,0.57364,0.57359,0.5736
1781885280000,0.57361,0.57361,0.57356,0.57358
1781885340000,0.57359,0.5736,0.57357,0.5736
1781885400000,0.5736,0.57361,0.57358,0.57358
1781885460000,0.57358,0.57364,0.57358,0.57361
1781885520000,0.57362,0.57364,0.57362,0.57363
1781885580000,0.57364,0.57364,0.57361,0.57362
1781885640000,0.57361,0.57364,0.57361,0.57363
1781885700000,0.57364,0.57365,0.57363,0.57363
1781885760000,0.57363,0.57365,0.57362,0.57363
1781885820000,0.57363,0.57363,0.57361,0.57361
1781885880000,0.57362,0.57362,0.57362,0.57362
1781885940000,0.57363,0.57364,0.57357,0.57357
1781886000000,0.57358,0.57362,0.57357,0.57362
1781886060000,0.57363,0.57367,0.57362,0.57367
1781886120000,0.57366,0.57369,0.57365,0.57369
1781886180000,0.57369,0.57374,0.57369,0.57374
1781886240000,0.57374,0.5738,0.57374,0.57379
1781886300000,0.57379,0.5738,0.57379,0.5738
1781886360000,0.5738,0.57382,0.5738,0.57382
1781886420000,0.57385,0.57385,0.57385,0.57385
1781886480000,0.57388,0.57388,0.57388,0.57388
1781886540000,0.57386,0.57386,0.57381,0.57382
1781886600000,0.57381,0.57381,0.57374,0.57379
1781886660000,0.57381,0.57381,0.57381,0.57381
1781886720000,0.57379,0.57379,0.57375,0.57376
1781886780000,0.57376,0.57376,0.5737,0.57372
1781886840000,0.57374,0.57374,0.5737,0.5737
1781886900000,0.57369,0.5737,0.57366,0.57368
1781886960000,0.57368,0.57368,0.57355,0.57357
1781887020000,0.57359,0.57361,0.57358,0.5736
1781887080000,0.57364,0.57365,0.57362,0.57364
1781887140000,0.57363,0.57364,0.57363,0.57364
1781887200000,0.57364,0.57366,0.57364,0.57364
1781887260000,0.57366,0.57366,0.57363,0.57365
1781887320000,0.57362,0.57366,0.57362,0.57364
1781887380000,0.57365,0.57365,0.57364,0.57364
1781887440000,0.57366,0.57369,0.57365,0.57366
1781887500000,0.57366,0.57369,0.57366,0.57368
1781887560000,0.57369,0.57369,0.57368,0.57369
1781887620000,0.57368,0.5737,0.57368,0.57369
1781887680000,0.5737,0.57372,0.57369,0.57369
1781887740000,0.57369,0.57371,0.57368,0.57371
1781887800000,0.5737,0.57371,0.57369,0.57371
1781887860000,0.5737,0.5737,0.57367,0.57368
1781887920000,0.57367,0.57367,0.57359,0.57362
1781887980000,0.57363,0.57363,0.57361,0.57363
1781888040000,0.57361,0.57361,0.57358,0.57358
1781888100000,0.57359,0.57361,0.57358,0.57358
1781888160000,0.57358,0.57362,0.57358,0.57362
1781888220000,0.57363,0.57363,0.57359,0.57359
1781888280000,0.57361,0.57366,0.57361,0.57366
1781888340000,0.57366,0.57369,0.57363,0.57365
1781888400000,0.57365,0.5737,0.57364,0.57368
1781888460000,0.57368,0.5737,0.57367,0.5737
1781888520000,0.57371,0.57371,0.57366,0.57368
1781888580000,0.57368,0.57373,0.57366,0.57372
1781888640000,0.57373,0.57373,0.57367,0.5737
1781888700000,0.5737,0.57372,0.57368,0.57368
1781888760000,0.57369,0.57372,0.57369,0.57372
1781888820000,0.57371,0.57372,0.5737,0.5737
1781888880000,0.57371,0.57372,0.57368,0.57369
1781888940000,0.5737,0.5737,0.57367,0.57367
1781889000000,0.57368,0.57368,0.57364,0.57366
1781889060000,0.57367,0.57367,0.57364,0.57365
1781889120000,0.57365,0.57366,0.57364,0.57364
1781889180000,0.57365,0.57366,0.57363,0.57365
1781889240000,0.57366,0.57367,0.57366,0.57367
1781889300000,0.57368,0.5737,0.57367,0.57368
1781889360000,0.57369,0.5737,0.57368,0.57369
1781889420000,0.57369,0.5737,0.57368,0.57369
1781889480000,0.5737,0.5737,0.57368,0.57368
1781889540000,0.57369,0.57375,0.57369,0.57374
1781889600000,0.57374,0.57375,0.57374,0.57374
1781889660000,0.57374,0.57374,0.57372,0.57373
1781889720000,0.57373,0.57377,0.57373,0.57375
1781889780000,0.57375,0.57383,0.57375,0.57381
1781889840000,0.57381,0.57382,0.57381,0.57382
1781889900000,0.57382,0.57382,0.57381,0.57381
1781889960000,0.57381,0.57382,0.57378,0.57381
1781890020000,0.5738,0.57382,0.5738,0.57381
1781890080000,0.57381,0.57382,0.57381,0.57381
1781890140000,0.57381,0.57382,0.57381,0.57382
1781890200000,0.57384,0.57384,0.57382,0.57383
1781890260000,0.57381,0.57383,0.5738,0.57381
1781890320000,0.57381,0.57383,0.57381,0.57383
1781890380000,0.57383,0.57383,0.57383,0.57383
1781890440000,0.57383,0.57384,0.57382,0.57383
1781890500000,0.57383,0.57385,0.57383,0.57385
1781890560000,0.57385,0.57385,0.57385,0.57385
1781890620000,0.57386,0.57386,0.57385,0.57385
1781890680000,0.57385,0.57385,0.57384,0.57384
1781890740000,0.57383,0.57384,0.57383,0.57384
1781890800000,0.57383,0.57388,0.57383,0.57384
1781890860000,0.57386,0.57386,0.57379,0.57381
1781890920000,0.57382,0.57387,0.57382,0.57387
1781890980000,0.57388,0.57388,0.57386,0.57387
1781891040000,0.57387,0.57389,0.57387,0.57387
1781891100000,0.57388,0.57388,0.57386,0.57387
1781891160000,0.57387,0.57391,0.57386,0.5739
1781891220000,0.57391,0.57393,0.5739,0.57393
1781891280000,0.57393,0.57393,0.57391,0.57392
1781891340000,0.5739,0.5739,0.57389,0.57389
1781891400000,0.5739,0.57391,0.57389,0.57391
1781891460000,0.5739,0.57391,0.5739,0.57391
1781891520000,0.5739,0.57398,0.5739,0.57398
1781891580000,0.57397,0.57399,0.57396,0.57396
1781891640000,0.57396,0.57397,0.57395,0.57396
1781891700000,0.57398,0.57401,0.57392,0.57396
1781891760000,0.57397,0.57399,0.57396,0.57398
1781891820000,0.57398,0.57404,0.57394,0.57399
1781891880000,0.57398,0.57398,0.57391,0.57394
1781891940000,0.57396,0.57397,0.57393,0.57397
1781892000000,0.57398,0.574,0.57397,0.57397
1781892060000,0.57397,0.57398,0.57395,0.57397
1781892120000,0.57397,0.57397,0.57394,0.57395
1781892180000,0.57394,0.57395,0.57393,0.57393
1781892240000,0.57393,0.57393,0.5739,0.5739
1781892300000,0.57391,0.57392,0.5739,0.5739
1781892360000,0.57391,0.57391,0.57388,0.5739
1781892420000,0.5739,0.5739,0.57387,0.57388
1781892480000,0.57387,0.57388,0.57387,0.57387
1781892540000,0.57388,0.57389,0.57386,0.57387
1781892600000,0.57387,0.57393,0.57386,0.57391
1781892660000,0.57392,0.57394,0.57391,0.57393
1781892720000,0.57394,0.57395,0.57391,0.57392
1781892780000,0.57391,0.57394,0.57391,0.57392
1781892840000,0.57393,0.57394,0.57391,0.57393
1781892900000,0.57393,0.57397,0.57391,0.57393
1781892960000,0.57394,0.57399,0.57393,0.57395
1781893020000,0.57397,0.57398,0.57395,0.57396
1781893080000,0.57398,0.57398,0.57395,0.57396
1781893140000,0.57397,0.57399,0.57396,0.57396
1781893200000,0.57398,0.57398,0.57395,0.57395
1781893260000,0.57394,0.57397,0.57393,0.57394
1781893320000,0.57396,0.57398,0.57395,0.57397
1781893380000,0.57395,0.57398,0.57395,0.57396
1781893440000,0.57395,0.574,0.57395,0.57399
1781893500000,0.574,0.57403,0.57398,0.574
1781893560000,0.574,0.57406,0.574,0.57404
1781893620000,0.57406,0.57406,0.574,0.57404
1781893680000,0.57404,0.57404,0.57398,0.57402
1781893740000,0.57402,0.57404,0.57399,0.57401
1781893800000,0.57402,0.57405,0.574,0.57404
1781893860000,0.57402,0.57405,0.57401,0.57404
1781893920000,0.57403,0.57404,0.57401,0.57402
1781893980000,0.57403,0.57413,0.57402,0.57404
1781894040000,0.57404,0.57408,0.57404,0.57405
1781894100000,0.57406,0.57407,0.57403,0.57403
1781894160000,0.57404,0.57406,0.57404,0.57406
1781894220000,0.57405,0.57411,0.57404,0.57406
1781894280000,0.57406,0.57406,0.57405,0.57405
1781894340000,0.57404,0.57407,0.57404,0.57405
1781894400000,0.57406,0.57408,0.57405,0.57406
1781894460000,0.57405,0.57413,0.57405,0.57409
1781894520000,0.57409,0.57413,0.57409,0.57412
1781894580000,0.57411,0.57414,0.57409,0.57413
1781894640000,0.57413,0.57413,0.5741,0.57413
1781894700000,0.57412,0.57415,0.5741,0.57415
1781894760000,0.57412,0.57413,0.57412,0.57413
1781894820000,0.57412,0.57415,0.5741,0.57415
1781894880000,0.57413,0.57413,0.57411,0.57411
1781894940000,0.57412,0.57412,0.57412,0.57412
1781895000000,0.57411,0.57421,0.57411,0.57417
1781895060000,0.57416,0.57421,0.57416,0.57416
1781895120000,0.57419,0.57419,0.57414,0.57414
1781895180000,0.57414,0.57416,0.57414,0.57414
1781895240000,0.57415,0.57415,0.57413,0.57414
1781895300000,0.57414,0.57416,0.57409,0.57413
1781895360000,0.57417,0.57417,0.57411,0.57413
1781895420000,0.57414,0.57415,0.57409,0.57409
1781895480000,0.5741,0.57412,0.57407,0.57407
1781895540000,0.57406,0.57408,0.574,0.57406
1781895600000,0.57405,0.57418,0.57399,0.57416
1781895660000,0.57416,0.57424,0.57416,0.5742
1781895720000,0.57419,0.57422,0.57415,0.5742
1781895780000,0.57419,0.57423,0.57417,0.5742
1781895840000,0.57422,0.57426,0.57418,0.57421
1781895900000,0.57419,0.57424,0.57418,0.57424
1781895960000,0.57421,0.57425,0.57419,0.57423
1781896020000,0.57422,0.57427,0.57422,0.57424
1781896080000,0.57422,0.57427,0.5742,0.57422
1781896140000,0.57422,0.57427,0.57419,0.57427
1781896200000,0.57426,0.57428,0.57417,0.57421
1781896260000,0.57418,0.57433,0.57416,0.57423
1781896320000,0.57425,0.5743,0.57421,0.57423
1781896380000,0.57425,0.57426,0.57418,0.57423
1781896440000,0.57424,0.57432,0.5742,0.57427
1781896500000,0.57428,0.5743,0.57421,0.57422
1781896560000,0.57423,0.57426,0.57418,0.57419
1781896620000,0.57418,0.57421,0.57412,0.57413
1781896680000,0.57415,0.57417,0.57408,0.57412
1781896740000,0.57409,0.57414,0.57406,0.57409
1781896800000,0.57406,0.57412,0.57402,0.57405
1781896860000,0.57404,0.57408,0.57403,0.57404
1781896920000,0.57406,0.57411,0.57402,0.57411
1781896980000,0.57407,0.57413,0.57404,0.57409
1781897040000,0.57409,0.57413,0.57404,0.57404
1781897100000,0.57403,0.57405,0.57398,0.57404
1781897160000,0.57404,0.57407,0.57401,0.57407
1781897220000,0.57406,0.57415,0.57406,0.57413
1781897280000,0.57412,0.57414,0.57407,0.5741
1781897340000,0.5741,0.57415,0.5741,0.57412
1781897400000,0.57414,0.57418,0.57411,0.57413
1781897460000,0.57414,0.57416,0.57413,0.57415
1781897520000,0.57415,0.57417,0.57413,0.57416
1781897580000,0.57416,0.57417,0.57413,0.57415
1781897640000,0.57416,0.57418,0.57413,0.57415
1781897700000,0.57414,0.57418,0.57414,0.57416
1781897760000,0.57416,0.57427,0.57414,0.57419
1781897820000,0.57419,0.57423,0.57415,0.57417
1781897880000,0.57418,0.57423,0.57417,0.57418
1781897940000,0.57418,0.5742,0.57414,0.57415
1781898000000,0.57415,0.57419,0.57415,0.57415
1781898060000,0.57415,0.57417,0.57413,0.57413
1781898120000,0.57415,0.57416,0.57411,0.57414
1781898180000,0.57413,0.57415,0.57411,0.57411
1781898240000,0.57411,0.57412,0.57406,0.57407
1781898300000,0.57409,0.5741,0.57406,0.57407
1781898360000,0.57408,0.57409,0.57406,0.57408
1781898420000,0.57409,0.5741,0.57406,0.57408
1781898480000,0.57409,0.5741,0.57407,0.57408
1781898540000,0.5741,0.5741,0.57407,0.5741
1781898600000,0.57409,0.57411,0.57407,0.5741
1781898660000,0.57409,0.57409,0.57404,0.57407
1781898720000,0.57407,0.5741,0.57402,0.57406
1781898780000,0.57406,0.57417,0.57397,0.57401
1781898840000,0.57402,0.57406,0.57397,0.57405
1781898900000,0.57404,0.57409,0.57403,0.57408
1781898960000,0.57409,0.57409,0.57404,0.57406
1781899020000,0.57405,0.57405,0.57401,0.57405
1781899080000,0.57407,0.57408,0.57395,0.57396
1781899140000,0.57395,0.57399,0.5739,0.57393
1781899200000,0.57395,0.57399,0.57394,0.57395
1781899260000,0.57395,0.57401,0.57394,0.57397
1781899320000,0.57396,0.57397,0.57392,0.57393
1781899380000,0.57394,0.57397,0.57391,0.57396
1781899440000,0.57394,0.574,0.5739,0.57398
1781899500000,0.57398,0.57402,0.57397,0.574
1781899560000,0.57398,0.57406,0.57398,0.57404
1781899620000,0.57404,0.57409,0.57403,0.57403
1781899680000,0.57404,0.57405,0.57399,0.574
1781899740000,0.574,0.57406,0.574,0.57402
1781899800000,0.57403,0.57409,0.574,0.57409
1781899860000,0.57407,0.57408,0.574,0.574
1781899920000,0.574,0.57405,0.57395,0.57403
1781899980000,0.57404,0.57406,0.57398,0.57402
1781900040000,0.57403,0.57411,0.57401,0.57405
1781900100000,0.57406,0.57413,0.57401,0.57405
1781900160000,0.57405,0.57406,0.57397,0.57402
1781900220000,0.57402,0.57406,0.57385,0.57387
1781900280000,0.57387,0.57388,0.57385,0.57385
1781900340000,0.57385,0.57385,0.57379,0.57381
1781900400000,0.57382,0.57388,0.57378,0.57385
1781900460000,0.57384,0.57385,0.57384,0.57384
1781900520000,0.57385,0.57386,0.57377,0.57377
1781900580000,0.57377,0.57384,0.57377,0.57379
1781900640000,0.5738,0.57383,0.57374,0.57374
1781900700000,0.57372,0.57379,0.57371,0.57378
1781900760000,0.57376,0.57378,0.57371,0.57374
1781900820000,0.57374,0.57377,0.5737,0.57371
1781900880000,0.57372,0.57378,0.57371,0.57374
1781900940000,0.57374,0.57377,0.57371,0.57376
1781901000000,0.57375,0.57375,0.57375,0.57375
1781901060000,0.57375,0.57376,0.5737,0.57372
1781901120000,0.57374,0.57385,0.57374,0.57383
1781901180000,0.57384,0.5739,0.57384,0.57385
1781901240000,0.57385,0.57385,0.57385,0.57385
1781901300000,0.57385,0.57385,0.57377,0.57383
1781901360000,0.57381,0.57389,0.5738,0.57386
1781901420000,0.57385,0.57392,0.57379,0.57389
1781901480000,0.57388,0.57389,0.57382,0.57386
1781901540000,0.57388,0.57388,0.5738,0.57381
1781901600000,0.57381,0.57382,0.5738,0.57382
1781901660000,0.57382,0.57387,0.57382,0.57382
1781901720000,0.57384,0.57386,0.57384,0.57384
1781901780000,0.57384,0.57392,0.57383,0.57387
1781901840000,0.57387,0.57389,0.57384,0.57384
1781901900000,0.57383,0.57383,0.57378,0.57381
1781901960000,0.57378,0.57379,0.57378,0.57378
1781902020000,0.57379,0.57379,0.57378,0.57378
1781902080000,0.57379,0.57381,0.57379,0.5738
1781902140000,0.57377,0.57379,0.5737,0.57371
1781902200000,0.57372,0.57373,0.57369,0.57371
1781902260000,0.57371,0.57372,0.57368,0.57372
1781902320000,0.5737,0.57371,0.5736,0.57362
1781902380000,0.57364,0.57365,0.57362,0.57365
1781902440000,0.57363,0.57382,0.57363,0.57379
1781902500000,0.57384,0.57391,0.57377,0.57383
1781902560000,0.57384,0.57386,0.5738,0.57382
1781902620000,0.5738,0.57383,0.5738,0.57381
1781902680000,0.57379,0.5738,0.57345,0.57373
1781902740000,0.57348,0.57356,0.57347,0.57348
1781902800000,0.57348,0.57348,0.57348,0.57348
1781902860000,0.57348,0.57348,0.57348,0.57348
1781902920000,0.57348,0.57348,0.57348,0.57348
1781902980000,0.57348,0.57348,0.57348,0.57348
1781903040000,0.57348,0.57348,0.57348,0.57348
1781903100000,0.57348,0.57348,0.57348,0.57348
1781903160000,0.57348,0.57348,0.57348,0.57348
1781903220000,0.57348,0.57348,0.57348,0.57348
1781903280000,0.57348,0.57348,0.57348,0.57348
1781903340000,0.57348,0.57348,0.57348,0.57348
1781903400000,0.57348,0.57348,0.57348,0.57348
1781903460000,0.57348,0.57348,0.57348,0.57348
1781903520000,0.57348,0.57348,0.57348,0.57348
1781903580000,0.57348,0.57348,0.57348,0.57348
1781903640000,0.57348,0.57348,0.57348,0.57348
1781903700000,0.57348,0.57348,0.57348,0.57348
1781903760000,0.57348,0.57348,0.57348,0.57348
1781903820000,0.57348,0.57348,0.57348,0.57348
1781903880000,0.57348,0.57348,0.57348,0.57348
1781903940000,0.57348,0.57348,0.57348,0.57348
1781904000000,0.57348,0.57348,0.57348,0.57348
1781904060000,0.57348,0.57348,0.57348,0.57348
1781904120000,0.57348,0.57348,0.57348,0.57348
1781904180000,0.57348,0.57348,0.57348,0.57348
1781904240000,0.57348,0.57348,0.57348,0.57348
1781904300000,0.57348,0.57348,0.57348,0.57348
1781904360000,0.57348,0.57348,0.57348,0.57348
1781904420000,0.57348,0.57348,0.57348,0.57348
1781904480000,0.57348,0.57348,0.57348,0.57348
1781904540000,0.57348,0.57348,0.57348,0.57348
1781904600000,0.57348,0.57348,0.57348,0.57348
1781904660000,0.57348,0.57348,0.57348,0.57348
1781904720000,0.57348,0.57348,0.57348,0.57348
1781904780000,0.57348,0.57348,0.57348,0.57348
1781904840000,0.57348,0.57348,0.57348,0.57348
1781904900000,0.57348,0.57348,0.57348,0.57348
1781904960000,0.57348,0.57348,0.57348,0.57348
1781905020000,0.57348,0.57348,0.57348,0.57348
1781905080000,0.57348,0.57348,0.57348,0.57348
1781905140000,0.57348,0.57348,0.57348,0.57348
1781905200000,0.57348,0.57348,0.57348,0.57348
1781905260000,0.57348,0.57348,0.57348,0.57348
1781905320000,0.57348,0.57348,0.57348,0.57348
1781905380000,0.57348,0.57348,0.57348,0.57348
1781905440000,0.57348,0.57348,0.57348,0.57348
1781905500000,0.57348,0.57348,0.57348,0.57348
1781905560000,0.57348,0.57348,0.57348,0.57348
1781905620000,0.57348,0.57348,0.57348,0.57348
1781905680000,0.57348,0.57348,0.57348,0.57348
1781905740000,0.57348,0.57348,0.57348,0.57348
1781905800000,0.57348,0.57348,0.57348,0.57348
1781905860000,0.57348,0.57348,0.57348,0.57348
1781905920000,0.57348,0.57348,0.57348,0.57348
1781905980000,0.57348,0.57348,0.57348,0.57348
1781906040000,0.57348,0.57348,0.57348,0.57348
1781906100000,0.57348,0.57348,0.57348,0.57348
1781906160000,0.57348,0.57348,0.57348,0.57348
1781906220000,0.57348,0.57348,0.57348,0.57348
1781906280000,0.57348,0.57348,0.57348,0.57348
1781906340000,0.57348,0.57348,0.57348,0.57348
1781906400000,0.57348,0.57348,0.57348,0.57348
1781906460000,0.57348,0.57348,0.57348,0.57348
1781906520000,0.57348,0.57348,0.57348,0.57348
1781906580000,0.57348,0.57348,0.57348,0.57348
1781906640000,0.57348,0.57348,0.57348,0.57348
1781906700000,0.57348,0.57348,0.57348,0.57348
1781906760000,0.57348,0.57348,0.57348,0.57348
1781906820000,0.57348,0.57348,0.57348,0.57348
1781906880000,0.57348,0.57348,0.57348,0.57348
1781906940000,0.57348,0.57348,0.57348,0.57348
1781907000000,0.57348,0.57348,0.57348,0.57348
1781907060000,0.57348,0.57348,0.57348,0.57348
1781907120000,0.57348,0.57348,0.57348,0.57348
1781907180000,0.57348,0.57348,0.57348,0.57348
1781907240000,0.57348,0.57348,0.57348,0.57348
1781907300000,0.57348,0.57348,0.57348,0.57348
1781907360000,0.57348,0.57348,0.57348,0.57348
1781907420000,0.57348,0.57348,0.57348,0.57348
1781907480000,0.57348,0.57348,0.57348,0.57348
1781907540000,0.57348,0.57348,0.57348,0.57348
1781907600000,0.57348,0.57348,0.57348,0.57348
1781907660000,0.57348,0.57348,0.57348,0.57348
1781907720000,0.57348,0.57348,0.57348,0.57348
1781907780000,0.57348,0.57348,0.57348,0.57348
1781907840000,0.57348,0.57348,0.57348,0.57348
1781907900000,0.57348,0.57348,0.57348,0.57348
1781907960000,0.57348,0.57348,0.57348,0.57348
1781908020000,0.57348,0.57348,0.57348,0.57348
1781908080000,0.57348,0.57348,0.57348,0.57348
1781908140000,0.57348,0.57348,0.57348,0.57348
1781908200000,0.57348,0.57348,0.57348,0.57348
1781908260000,0.57348,0.57348,0.57348,0.57348
1781908320000,0.57348,0.57348,0.57348,0.57348
1781908380000,0.57348,0.57348,0.57348,0.57348
1781908440000,0.57348,0.57348,0.57348,0.57348
1781908500000,0.57348,0.57348,0.57348,0.57348
1781908560000,0.57348,0.57348,0.57348,0.57348
1781908620000,0.57348,0.57348,0.57348,0.57348
1781908680000,0.57348,0.57348,0.57348,0.57348
1781908740000,0.57348,0.57348,0.57348,0.57348
1781908800000,0.57348,0.57348,0.57348,0.57348
1781908860000,0.57348,0.57348,0.57348,0.57348
1781908920000,0.57348,0.57348,0.57348,0.57348
1781908980000,0.57348,0.57348,0.57348,0.57348
1781909040000,0.57348,0.57348,0.57348,0.57348
1781909100000,0.57348,0.57348,0.57348,0.57348
1781909160000,0.57348,0.57348,0.57348,0.57348
1781909220000,0.57348,0.57348,0.57348,0.57348
1781909280000,0.57348,0.57348,0.57348,0.57348
1781909340000,0.57348,0.57348,0.57348,0.57348
1781909400000,0.57348,0.57348,0.57348,0.57348
1781909460000,0.57348,0.57348,0.57348,0.57348
1781909520000,0.57348,0.57348,0.57348,0.57348
1781909580000,0.57348,0.57348,0.57348,0.57348
1781909640000,0.57348,0.57348,0.57348,0.57348
1781909700000,0.57348,0.57348,0.57348,0.57348
1781909760000,0.57348,0.57348,0.57348,0.57348
1781909820000,0.57348,0.57348,0.57348,0.57348
1781909880000,0.57348,0.57348,0.57348,0.57348
1781909940000,0.57348,0.57348,0.57348,0.57348
1781910000000,0.57348,0.57348,0.57348,0.57348
1781910060000,0.57348,0.57348,0.57348,0.57348
1781910120000,0.57348,0.57348,0.57348,0.57348
1781910180000,0.57348,0.57348,0.57348,0.57348
1781910240000,0.57348,0.57348,0.57348,0.57348
1781910300000,0.57348,0.57348,0.57348,0.57348
1781910360000,0.57348,0.57348,0.57348,0.57348
1781910420000,0.57348,0.57348,0.57348,0.57348
1781910480000,0.57348,0.57348,0.57348,0.57348
1781910540000,0.57348,0.57348,0.57348,0.57348
1781910600000,0.57348,0.57348,0.57348,0.57348
1781910660000,0.57348,0.57348,0.57348,0.57348
1781910720000,0.57348,0.57348,0.57348,0.57348
1781910780000,0.57348,0.57348,0.57348,0.57348
1781910840000,0.57348,0.57348,0.57348,0.57348
1781910900000,0.57348,0.57348,0.57348,0.57348
1781910960000,0.57348,0.57348,0.57348,0.57348
1781911020000,0.57348,0.57348,0.57348,0.57348
1781911080000,0.57348,0.57348,0.57348,0.57348
1781911140000,0.57348,0.57348,0.57348,0.57348
1781911200000,0.57348,0.57348,0.57348,0.57348
1781911260000,0.57348,0.57348,0.57348,0.57348
1781911320000,0.57348,0.57348,0.57348,0.57348
1781911380000,0.57348,0.57348,0.57348,0.57348
1781911440000,0.57348,0.57348,0.57348,0.57348
1781911500000,0.57348,0.57348,0.57348,0.57348
1781911560000,0.57348,0.57348,0.57348,0.57348
1781911620000,0.57348,0.57348,0.57348,0.57348
1781911680000,0.57348,0.57348,0.57348,0.57348
1781911740000,0.57348,0.57348,0.57348,0.57348
1781911800000,0.57348,0.57348,0.57348,0.57348
1781911860000,0.57348,0.57348,0.57348,0.57348
1781911920000,0.57348,0.57348,0.57348,0.57348
1781911980000,0.57348,0.57348,0.57348,0.57348
1781912040000,0.57348,0.57348,0.57348,0.57348
1781912100000,0.57348,0.57348,0.57348,0.57348
1781912160000,0.57348,0.57348,0.57348,0.57348
1781912220000,0.57348,0.57348,0.57348,0.57348
1781912280000,0.57348,0.57348,0.57348,0.57348
1781912340000,0.57348,0.57348,0.57348,0.57348
1781912400000,0.57348,0.57348,0.57348,0.57348
1781912460000,0.57348,0.57348,0.57348,0.57348
1781912520000,0.57348,0.57348,0.57348,0.57348
1781912580000,0.57348,0.57348,0.57348,0.57348
1781912640000,0.57348,0.57348,0.57348,0.57348
1781912700000,0.57348,0.57348,0.57348,0.57348
1781912760000,0.57348,0.57348,0.57348,0.57348
1781912820000,0.57348,0.57348,0.57348,0.57348
1781912880000,0.57348,0.57348,0.57348,0.57348
1781912940000,0.57348,0.57348,0.57348,0.57348
1781913000000,0.57348,0.57348,0.57348,0.57348
1781913060000,0.57348,0.57348,0.57348,0.57348
1781913120000,0.57348,0.57348,0.57348,0.57348
1781913180000,0.57348,0.57348,0.57348,0.57348
1781913240000,0.57348,0.57348,0.57348,0.57348
1781913300000,0.57348,0.57348,0.57348,0.57348
1781913360000,0.57348,0.57348,0.57348,0.57348
1781913420000,0.57348,0.57348,0.57348,0.57348
1781913480000,0.57348,0.57348,0.57348,0.57348
1781913540000,0.57348,0.57348,0.57348,0.57348
1782000000000,0.57348,0.57348,0.57348,0.57348
1782000060000,0.57348,0.57348,0.57348,0.57348
1782000120000,0.57348,0.57348,0.57348,0.57348
1782000180000,0.57348,0.57348,0.57348,0.57348
1782000240000,0.57348,0.57348,0.57348,0.57348
1782000300000,0.57348,0.57348,0.57348,0.57348
1782000360000,0.57348,0.57348,0.57348,0.57348
1782000420000,0.57348,0.57348,0.57348,0.57348
1782000480000,0.57348,0.57348,0.57348,0.57348
1782000540000,0.57348,0.57348,0.57348,0.57348
1782000600000,0.57348,0.57348,0.57348,0.57348
1782000660000,0.57348,0.57348,0.57348,0.57348
1782000720000,0.57348,0.57348,0.57348,0.57348
1782000780000,0.57348,0.57348,0.57348,0.57348
1782000840000,0.57348,0.57348,0.57348,0.57348
1782000900000,0.57348,0.57348,0.57348,0.57348
1782000960000,0.57348,0.57348,0.57348,0.57348
1782001020000,0.57348,0.57348,0.57348,0.57348
1782001080000,0.57348,0.57348,0.57348,0.57348
1782001140000,0.57348,0.57348,0.57348,0.57348
1782001200000,0.57348,0.57348,0.57348,0.57348
1782001260000,0.57348,0.57348,0.57348,0.57348
1782001320000,0.57348,0.57348,0.57348,0.57348
1782001380000,0.57348,0.57348,0.57348,0.57348
1782001440000,0.57348,0.57348,0.57348,0.57348
1782001500000,0.57348,0.57348,0.57348,0.57348
1782001560000,0.57348,0.57348,0.57348,0.57348
1782001620000,0.57348,0.57348,0.57348,0.57348
1782001680000,0.57348,0.57348,0.57348,0.57348
1782001740000,0.57348,0.57348,0.57348,0.57348
1782001800000,0.57348,0.57348,0.57348,0.57348
1782001860000,0.57348,0.57348,0.57348,0.57348
1782001920000,0.57348,0.57348,0.57348,0.57348
1782001980000,0.57348,0.57348,0.57348,0.57348
1782002040000,0.57348,0.57348,0.57348,0.57348
1782002100000,0.57348,0.57348,0.57348,0.57348
1782002160000,0.57348,0.57348,0.57348,0.57348
1782002220000,0.57348,0.57348,0.57348,0.57348
1782002280000,0.57348,0.57348,0.57348,0.57348
1782002340000,0.57348,0.57348,0.57348,0.57348
1782002400000,0.57348,0.57348,0.57348,0.57348
1782002460000,0.57348,0.57348,0.57348,0.57348
1782002520000,0.57348,0.57348,0.57348,0.57348
1782002580000,0.57348,0.57348,0.57348,0.57348
1782002640000,0.57348,0.57348,0.57348,0.57348
1782002700000,0.57348,0.57348,0.57348,0.57348
1782002760000,0.57348,0.57348,0.57348,0.57348
1782002820000,0.57348,0.57348,0.57348,0.57348
1782002880000,0.57348,0.57348,0.57348,0.57348
1782002940000,0.57348,0.57348,0.57348,0.57348
1782003000000,0.57348,0.57348,0.57348,0.57348
1782003060000,0.57348,0.57348,0.57348,0.57348
1782003120000,0.57348,0.57348,0.57348,0.57348
1782003180000,0.57348,0.57348,0.57348,0.57348
1782003240000,0.57348,0.57348,0.57348,0.57348
1782003300000,0.57348,0.57348,0.57348,0.57348
1782003360000,0.57348,0.57348,0.57348,0.57348
1782003420000,0.57348,0.57348,0.57348,0.57348
1782003480000,0.57348,0.57348,0.57348,0.57348
1782003540000,0.57348,0.57348,0.57348,0.57348
1782003600000,0.57348,0.57348,0.57348,0.57348
1782003660000,0.57348,0.57348,0.57348,0.57348
1782003720000,0.57348,0.57348,0.57348,0.57348
1782003780000,0.57348,0.57348,0.57348,0.57348
1782003840000,0.57348,0.57348,0.57348,0.57348
1782003900000,0.57348,0.57348,0.57348,0.57348
1782003960000,0.57348,0.57348,0.57348,0.57348
1782004020000,0.57348,0.57348,0.57348,0.57348
1782004080000,0.57348,0.57348,0.57348,0.57348
1782004140000,0.57348,0.57348,0.57348,0.57348
1782004200000,0.57348,0.57348,0.57348,0.57348
1782004260000,0.57348,0.57348,0.57348,0.57348
1782004320000,0.57348,0.57348,0.57348,0.57348
1782004380000,0.57348,0.57348,0.57348,0.57348
1782004440000,0.57348,0.57348,0.57348,0.57348
1782004500000,0.57348,0.57348,0.57348,0.57348
1782004560000,0.57348,0.57348,0.57348,0.57348
1782004620000,0.57348,0.57348,0.57348,0.57348
1782004680000,0.57348,0.57348,0.57348,0.57348
1782004740000,0.57348,0.57348,0.57348,0.57348
1782004800000,0.57348,0.57348,0.57348,0.57348
1782004860000,0.57348,0.57348,0.57348,0.57348
1782004920000,0.57348,0.57348,0.57348,0.57348
1782004980000,0.57348,0.57348,0.57348,0.57348
1782005040000,0.57348,0.57348,0.57348,0.57348
1782005100000,0.57348,0.57348,0.57348,0.57348
1782005160000,0.57348,0.57348,0.57348,0.57348
1782005220000,0.57348,0.57348,0.57348,0.57348
1782005280000,0.57348,0.57348,0.57348,0.57348
1782005340000,0.57348,0.57348,0.57348,0.57348
1782005400000,0.57348,0.57348,0.57348,0.57348
1782005460000,0.57348,0.57348,0.57348,0.57348
1782005520000,0.57348,0.57348,0.57348,0.57348
1782005580000,0.57348,0.57348,0.57348,0.57348
1782005640000,0.57348,0.57348,0.57348,0.57348
1782005700000,0.57348,0.57348,0.57348,0.57348
1782005760000,0.57348,0.57348,0.57348,0.57348
1782005820000,0.57348,0.57348,0.57348,0.57348
1782005880000,0.57348,0.57348,0.57348,0.57348
1782005940000,0.57348,0.57348,0.57348,0.57348
1782006000000,0.57348,0.57348,0.57348,0.57348
1782006060000,0.57348,0.57348,0.57348,0.57348
1782006120000,0.57348,0.57348,0.57348,0.57348
1782006180000,0.57348,0.57348,0.57348,0.57348
1782006240000,0.57348,0.57348,0.57348,0.57348
1782006300000,0.57348,0.57348,0.57348,0.57348
1782006360000,0.57348,0.57348,0.57348,0.57348
1782006420000,0.57348,0.57348,0.57348,0.57348
1782006480000,0.57348,0.57348,0.57348,0.57348
1782006540000,0.57348,0.57348,0.57348,0.57348
1782006600000,0.57348,0.57348,0.57348,0.57348
1782006660000,0.57348,0.57348,0.57348,0.57348
1782006720000,0.57348,0.57348,0.57348,0.57348
1782006780000,0.57348,0.57348,0.57348,0.57348
1782006840000,0.57348,0.57348,0.57348,0.57348
1782006900000,0.57348,0.57348,0.57348,0.57348
1782006960000,0.57348,0.57348,0.57348,0.57348
1782007020000,0.57348,0.57348,0.57348,0.57348
1782007080000,0.57348,0.57348,0.57348,0.57348
1782007140000,0.57348,0.57348,0.57348,0.57348
1782007200000,0.57348,0.57348,0.57348,0.57348
1782007260000,0.57348,0.57348,0.57348,0.57348
1782007320000,0.57348,0.57348,0.57348,0.57348
1782007380000,0.57348,0.57348,0.57348,0.57348
1782007440000,0.57348,0.57348,0.57348,0.57348
1782007500000,0.57348,0.57348,0.57348,0.57348
1782007560000,0.57348,0.57348,0.57348,0.57348
1782007620000,0.57348,0.57348,0.57348,0.57348
1782007680000,0.57348,0.57348,0.57348,0.57348
1782007740000,0.57348,0.57348,0.57348,0.57348
1782007800000,0.57348,0.57348,0.57348,0.57348
1782007860000,0.57348,0.57348,0.57348,0.57348
1782007920000,0.57348,0.57348,0.57348,0.57348
1782007980000,0.57348,0.57348,0.57348,0.57348
1782008040000,0.57348,0.57348,0.57348,0.57348
1782008100000,0.57348,0.57348,0.57348,0.57348
1782008160000,0.57348,0.57348,0.57348,0.57348
1782008220000,0.57348,0.57348,0.57348,0.57348
1782008280000,0.57348,0.57348,0.57348,0.57348
1782008340000,0.57348,0.57348,0.57348,0.57348
1782008400000,0.57348,0.57348,0.57348,0.57348
1782008460000,0.57348,0.57348,0.57348,0.57348
1782008520000,0.57348,0.57348,0.57348,0.57348
1782008580000,0.57348,0.57348,0.57348,0.57348
1782008640000,0.57348,0.57348,0.57348,0.57348
1782008700000,0.57348,0.57348,0.57348,0.57348
1782008760000,0.57348,0.57348,0.57348,0.57348
1782008820000,0.57348,0.57348,0.57348,0.57348
1782008880000,0.57348,0.57348,0.57348,0.57348
1782008940000,0.57348,0.57348,0.57348,0.57348
1782009000000,0.57348,0.57348,0.57348,0.57348
1782009060000,0.57348,0.57348,0.57348,0.57348
1782009120000,0.57348,0.57348,0.57348,0.57348
1782009180000,0.57348,0.57348,0.57348,0.57348
1782009240000,0.57348,0.57348,0.57348,0.57348
1782009300000,0.57348,0.57348,0.57348,0.57348
1782009360000,0.57348,0.57348,0.57348,0.57348
1782009420000,0.57348,0.57348,0.57348,0.57348
1782009480000,0.57348,0.57348,0.57348,0.57348
1782009540000,0.57348,0.57348,0.57348,0.57348
1782009600000,0.57348,0.57348,0.57348,0.57348
1782009660000,0.57348,0.57348,0.57348,0.57348
1782009720000,0.57348,0.57348,0.57348,0.57348
1782009780000,0.57348,0.57348,0.57348,0.57348
1782009840000,0.57348,0.57348,0.57348,0.57348
1782009900000,0.57348,0.57348,0.57348,0.57348
1782009960000,0.57348,0.57348,0.57348,0.57348
1782010020000,0.57348,0.57348,0.57348,0.57348
1782010080000,0.57348,0.57348,0.57348,0.57348
1782010140000,0.57348,0.57348,0.57348,0.57348
1782010200000,0.57348,0.57348,0.57348,0.57348
1782010260000,0.57348,0.57348,0.57348,0.57348
1782010320000,0.57348,0.57348,0.57348,0.57348
1782010380000,0.57348,0.57348,0.57348,0.57348
1782010440000,0.57348,0.57348,0.57348,0.57348
1782010500000,0.57348,0.57348,0.57348,0.57348
1782010560000,0.57348,0.57348,0.57348,0.57348
1782010620000,0.57348,0.57348,0.57348,0.57348
1782010680000,0.57348,0.57348,0.57348,0.57348
1782010740000,0.57348,0.57348,0.57348,0.57348
1782010800000,0.57348,0.57348,0.57348,0.57348
1782010860000,0.57348,0.57348,0.57348,0.57348
1782010920000,0.57348,0.57348,0.57348,0.57348
1782010980000,0.57348,0.57348,0.57348,0.57348
1782011040000,0.57348,0.57348,0.57348,0.57348
1782011100000,0.57348,0.57348,0.57348,0.57348
1782011160000,0.57348,0.57348,0.57348,0.57348
1782011220000,0.57348,0.57348,0.57348,0.57348
1782011280000,0.57348,0.57348,0.57348,0.57348
1782011340000,0.57348,0.57348,0.57348,0.57348
1782011400000,0.57348,0.57348,0.57348,0.57348
1782011460000,0.57348,0.57348,0.57348,0.57348
1782011520000,0.57348,0.57348,0.57348,0.57348
1782011580000,0.57348,0.57348,0.57348,0.57348
1782011640000,0.57348,0.57348,0.57348,0.57348
1782011700000,0.57348,0.57348,0.57348,0.57348
1782011760000,0.57348,0.57348,0.57348,0.57348
1782011820000,0.57348,0.57348,0.57348,0.57348
1782011880000,0.57348,0.57348,0.57348,0.57348
1782011940000,0.57348,0.57348,0.57348,0.57348
1782012000000,0.57348,0.57348,0.57348,0.57348
1782012060000,0.57348,0.57348,0.57348,0.57348
1782012120000,0.57348,0.57348,0.57348,0.57348
1782012180000,0.57348,0.57348,0.57348,0.57348
1782012240000,0.57348,0.57348,0.57348,0.57348
1782012300000,0.57348,0.57348,0.57348,0.57348
1782012360000,0.57348,0.57348,0.57348,0.57348
1782012420000,0.57348,0.57348,0.57348,0.57348
1782012480000,0.57348,0.57348,0.57348,0.57348
1782012540000,0.57348,0.57348,0.57348,0.57348
1782012600000,0.57348,0.57348,0.57348,0.57348
1782012660000,0.57348,0.57348,0.57348,0.57348
1782012720000,0.57348,0.57348,0.57348,0.57348
1782012780000,0.57348,0.57348,0.57348,0.57348
1782012840000,0.57348,0.57348,0.57348,0.57348
1782012900000,0.57348,0.57348,0.57348,0.57348
1782012960000,0.57348,0.57348,0.57348,0.57348
1782013020000,0.57348,0.57348,0.57348,0.57348
1782013080000,0.57348,0.57348,0.57348,0.57348
1782013140000,0.57348,0.57348,0.57348,0.57348
1782013200000,0.57348,0.57348,0.57348,0.57348
1782013260000,0.57348,0.57348,0.57348,0.57348
1782013320000,0.57348,0.57348,0.57348,0.57348
1782013380000,0.57348,0.57348,0.57348,0.57348
1782013440000,0.57348,0.57348,0.57348,0.57348
1782013500000,0.57348,0.57348,0.57348,0.57348
1782013560000,0.57348,0.57348,0.57348,0.57348
1782013620000,0.57348,0.57348,0.57348,0.57348
1782013680000,0.57348,0.57348,0.57348,0.57348
1782013740000,0.57348,0.57348,0.57348,0.57348
1782013800000,0.57348,0.57348,0.57348,0.57348
1782013860000,0.57348,0.57348,0.57348,0.57348
1782013920000,0.57348,0.57348,0.57348,0.57348
1782013980000,0.57348,0.57348,0.57348,0.57348
1782014040000,0.57348,0.57348,0.57348,0.57348
1782014100000,0.57348,0.57348,0.57348,0.57348
1782014160000,0.57348,0.57348,0.57348,0.57348
1782014220000,0.57348,0.57348,0.57348,0.57348
1782014280000,0.57348,0.57348,0.57348,0.57348
1782014340000,0.57348,0.57348,0.57348,0.57348
1782014400000,0.57348,0.57348,0.57348,0.57348
1782014460000,0.57348,0.57348,0.57348,0.57348
1782014520000,0.57348,0.57348,0.57348,0.57348
1782014580000,0.57348,0.57348,0.57348,0.57348
1782014640000,0.57348,0.57348,0.57348,0.57348
1782014700000,0.57348,0.57348,0.57348,0.57348
1782014760000,0.57348,0.57348,0.57348,0.57348
1782014820000,0.57348,0.57348,0.57348,0.57348
1782014880000,0.57348,0.57348,0.57348,0.57348
1782014940000,0.57348,0.57348,0.57348,0.57348
1782015000000,0.57348,0.57348,0.57348,0.57348
1782015060000,0.57348,0.57348,0.57348,0.57348
1782015120000,0.57348,0.57348,0.57348,0.57348
1782015180000,0.57348,0.57348,0.57348,0.57348
1782015240000,0.57348,0.57348,0.57348,0.57348
1782015300000,0.57348,0.57348,0.57348,0.57348
1782015360000,0.57348,0.57348,0.57348,0.57348
1782015420000,0.57348,0.57348,0.57348,0.57348
1782015480000,0.57348,0.57348,0.57348,0.57348
1782015540000,0.57348,0.57348,0.57348,0.57348
1782015600000,0.57348,0.57348,0.57348,0.57348
1782015660000,0.57348,0.57348,0.57348,0.57348
1782015720000,0.57348,0.57348,0.57348,0.57348
1782015780000,0.57348,0.57348,0.57348,0.57348
1782015840000,0.57348,0.57348,0.57348,0.57348
1782015900000,0.57348,0.57348,0.57348,0.57348
1782015960000,0.57348,0.57348,0.57348,0.57348
1782016020000,0.57348,0.57348,0.57348,0.57348
1782016080000,0.57348,0.57348,0.57348,0.57348
1782016140000,0.57348,0.57348,0.57348,0.57348
1782016200000,0.57348,0.57348,0.57348,0.57348
1782016260000,0.57348,0.57348,0.57348,0.57348
1782016320000,0.57348,0.57348,0.57348,0.57348
1782016380000,0.57348,0.57348,0.57348,0.57348
1782016440000,0.57348,0.57348,0.57348,0.57348
1782016500000,0.57348,0.57348,0.57348,0.57348
1782016560000,0.57348,0.57348,0.57348,0.57348
1782016620000,0.57348,0.57348,0.57348,0.57348
1782016680000,0.57348,0.57348,0.57348,0.57348
1782016740000,0.57348,0.57348,0.57348,0.57348
1782016800000,0.57348,0.57348,0.57348,0.57348
1782016860000,0.57348,0.57348,0.57348,0.57348
1782016920000,0.57348,0.57348,0.57348,0.57348
1782016980000,0.57348,0.57348,0.57348,0.57348
1782017040000,0.57348,0.57348,0.57348,0.57348
1782017100000,0.57348,0.57348,0.57348,0.57348
1782017160000,0.57348,0.57348,0.57348,0.57348
1782017220000,0.57348,0.57348,0.57348,0.57348
1782017280000,0.57348,0.57348,0.57348,0.57348
1782017340000,0.57348,0.57348,0.57348,0.57348
1782017400000,0.57348,0.57348,0.57348,0.57348
1782017460000,0.57348,0.57348,0.57348,0.57348
1782017520000,0.57348,0.57348,0.57348,0.57348
1782017580000,0.57348,0.57348,0.57348,0.57348
1782017640000,0.57348,0.57348,0.57348,0.57348
1782017700000,0.57348,0.57348,0.57348,0.57348
1782017760000,0.57348,0.57348,0.57348,0.57348
1782017820000,0.57348,0.57348,0.57348,0.57348
1782017880000,0.57348,0.57348,0.57348,0.57348
1782017940000,0.57348,0.57348,0.57348,0.57348
1782018000000,0.57348,0.57348,0.57348,0.57348
1782018060000,0.57348,0.57348,0.57348,0.57348
1782018120000,0.57348,0.57348,0.57348,0.57348
1782018180000,0.57348,0.57348,0.57348,0.57348
1782018240000,0.57348,0.57348,0.57348,0.57348
1782018300000,0.57348,0.57348,0.57348,0.57348
1782018360000,0.57348,0.57348,0.57348,0.57348
1782018420000,0.57348,0.57348,0.57348,0.57348
1782018480000,0.57348,0.57348,0.57348,0.57348
1782018540000,0.57348,0.57348,0.57348,0.57348
1782018600000,0.57348,0.57348,0.57348,0.57348
1782018660000,0.57348,0.57348,0.57348,0.57348
1782018720000,0.57348,0.57348,0.57348,0.57348
1782018780000,0.57348,0.57348,0.57348,0.57348
1782018840000,0.57348,0.57348,0.57348,0.57348
1782018900000,0.57348,0.57348,0.57348,0.57348
1782018960000,0.57348,0.57348,0.57348,0.57348
1782019020000,0.57348,0.57348,0.57348,0.57348
1782019080000,0.57348,0.57348,0.57348,0.57348
1782019140000,0.57348,0.57348,0.57348,0.57348
1782019200000,0.57348,0.57348,0.57348,0.57348
1782019260000,0.57348,0.57348,0.57348,0.57348
1782019320000,0.57348,0.57348,0.57348,0.57348
1782019380000,0.57348,0.57348,0.57348,0.57348
1782019440000,0.57348,0.57348,0.57348,0.57348
1782019500000,0.57348,0.57348,0.57348,0.57348
1782019560000,0.57348,0.57348,0.57348,0.57348
1782019620000,0.57348,0.57348,0.57348,0.57348
1782019680000,0.57348,0.57348,0.57348,0.57348
1782019740000,0.57348,0.57348,0.57348,0.57348
1782019800000,0.57348,0.57348,0.57348,0.57348
1782019860000,0.57348,0.57348,0.57348,0.57348
1782019920000,0.57348,0.57348,0.57348,0.57348
1782019980000,0.57348,0.57348,0.57348,0.57348
1782020040000,0.57348,0.57348,0.57348,0.57348
1782020100000,0.57348,0.57348,0.57348,0.57348
1782020160000,0.57348,0.57348,0.57348,0.57348
1782020220000,0.57348,0.57348,0.57348,0.57348
1782020280000,0.57348,0.57348,0.57348,0.57348
1782020340000,0.57348,0.57348,0.57348,0.57348
1782020400000,0.57348,0.57348,0.57348,0.57348
1782020460000,0.57348,0.57348,0.57348,0.57348
1782020520000,0.57348,0.57348,0.57348,0.57348
1782020580000,0.57348,0.57348,0.57348,0.57348
1782020640000,0.57348,0.57348,0.57348,0.57348
1782020700000,0.57348,0.57348,0.57348,0.57348
1782020760000,0.57348,0.57348,0.57348,0.57348
1782020820000,0.57348,0.57348,0.57348,0.57348
1782020880000,0.57348,0.57348,0.57348,0.57348
1782020940000,0.57348,0.57348,0.57348,0.57348
1782021000000,0.57348,0.57348,0.57348,0.57348
1782021060000,0.57348,0.57348,0.57348,0.57348
1782021120000,0.57348,0.57348,0.57348,0.57348
1782021180000,0.57348,0.57348,0.57348,0.57348
1782021240000,0.57348,0.57348,0.57348,0.57348
1782021300000,0.57348,0.57348,0.57348,0.57348
1782021360000,0.57348,0.57348,0.57348,0.57348
1782021420000,0.57348,0.57348,0.57348,0.57348
1782021480000,0.57348,0.57348,0.57348,0.57348
1782021540000,0.57348,0.57348,0.57348,0.57348
1782021600000,0.57348,0.57348,0.57348,0.57348
1782021660000,0.57348,0.57348,0.57348,0.57348
1782021720000,0.57348,0.57348,0.57348,0.57348
1782021780000,0.57348,0.57348,0.57348,0.57348
1782021840000,0.57348,0.57348,0.57348,0.57348
1782021900000,0.57348,0.57348,0.57348,0.57348
1782021960000,0.57348,0.57348,0.57348,0.57348
1782022020000,0.57348,0.57348,0.57348,0.57348
1782022080000,0.57348,0.57348,0.57348,0.57348
1782022140000,0.57348,0.57348,0.57348,0.57348
1782022200000,0.57348,0.57348,0.57348,0.57348
1782022260000,0.57348,0.57348,0.57348,0.57348
1782022320000,0.57348,0.57348,0.57348,0.57348
1782022380000,0.57348,0.57348,0.57348,0.57348
1782022440000,0.57348,0.57348,0.57348,0.57348
1782022500000,0.57348,0.57348,0.57348,0.57348
1782022560000,0.57348,0.57348,0.57348,0.57348
1782022620000,0.57348,0.57348,0.57348,0.57348
1782022680000,0.57348,0.57348,0.57348,0.57348
1782022740000,0.57348,0.57348,0.57348,0.57348
1782022800000,0.57348,0.57348,0.57348,0.57348
1782022860000,0.57348,0.57348,0.57348,0.57348
1782022920000,0.57348,0.57348,0.57348,0.57348
1782022980000,0.57348,0.57348,0.57348,0.57348
1782023040000,0.57348,0.57348,0.57348,0.57348
1782023100000,0.57348,0.57348,0.57348,0.57348
1782023160000,0.57348,0.57348,0.57348,0.57348
1782023220000,0.57348,0.57348,0.57348,0.57348
1782023280000,0.57348,0.57348,0.57348,0.57348
1782023340000,0.57348,0.57348,0.57348,0.57348
1782023400000,0.57348,0.57348,0.57348,0.57348
1782023460000,0.57348,0.57348,0.57348,0.57348
1782023520000,0.57348,0.57348,0.57348,0.57348
1782023580000,0.57348,0.57348,0.57348,0.57348
1782023640000,0.57348,0.57348,0.57348,0.57348
1782023700000,0.57348,0.57348,0.57348,0.57348
1782023760000,0.57348,0.57348,0.57348,0.57348
1782023820000,0.57348,0.57348,0.57348,0.57348
1782023880000,0.57348,0.57348,0.57348,0.57348
1782023940000,0.57348,0.57348,0.57348,0.57348
1782024000000,0.57348,0.57348,0.57348,0.57348
1782024060000,0.57348,0.57348,0.57348,0.57348
1782024120000,0.57348,0.57348,0.57348,0.57348
1782024180000,0.57348,0.57348,0.57348,0.57348
1782024240000,0.57348,0.57348,0.57348,0.57348
1782024300000,0.57348,0.57348,0.57348,0.57348
1782024360000,0.57348,0.57348,0.57348,0.57348
1782024420000,0.57348,0.57348,0.57348,0.57348
1782024480000,0.57348,0.57348,0.57348,0.57348
1782024540000,0.57348,0.57348,0.57348,0.57348
1782024600000,0.57348,0.57348,0.57348,0.57348
1782024660000,0.57348,0.57348,0.57348,0.57348
1782024720000,0.57348,0.57348,0.57348,0.57348
1782024780000,0.57348,0.57348,0.57348,0.57348
1782024840000,0.57348,0.57348,0.57348,0.57348
1782024900000,0.57348,0.57348,0.57348,0.57348
1782024960000,0.57348,0.57348,0.57348,0.57348
1782025020000,0.57348,0.57348,0.57348,0.57348
1782025080000,0.57348,0.57348,0.57348,0.57348
1782025140000,0.57348,0.57348,0.57348,0.57348
1782025200000,0.57348,0.57348,0.57348,0.57348
1782025260000,0.57348,0.57348,0.57348,0.57348
1782025320000,0.57348,0.57348,0.57348,0.57348
1782025380000,0.57348,0.57348,0.57348,0.57348
1782025440000,0.57348,0.57348,0.57348,0.57348
1782025500000,0.57348,0.57348,0.57348,0.57348
1782025560000,0.57348,0.57348,0.57348,0.57348
1782025620000,0.57348,0.57348,0.57348,0.57348
1782025680000,0.57348,0.57348,0.57348,0.57348
1782025740000,0.57348,0.57348,0.57348,0.57348
1782025800000,0.57348,0.57348,0.57348,0.57348
1782025860000,0.57348,0.57348,0.57348,0.57348
1782025920000,0.57348,0.57348,0.57348,0.57348
1782025980000,0.57348,0.57348,0.57348,0.57348
1782026040000,0.57348,0.57348,0.57348,0.57348
1782026100000,0.57348,0.57348,0.57348,0.57348
1782026160000,0.57348,0.57348,0.57348,0.57348
1782026220000,0.57348,0.57348,0.57348,0.57348
1782026280000,0.57348,0.57348,0.57348,0.57348
1782026340000,0.57348,0.57348,0.57348,0.57348
1782026400000,0.57348,0.57348,0.57348,0.57348
1782026460000,0.57348,0.57348,0.57348,0.57348
1782026520000,0.57348,0.57348,0.57348,0.57348
1782026580000,0.57348,0.57348,0.57348,0.57348
1782026640000,0.57348,0.57348,0.57348,0.57348
1782026700000,0.57348,0.57348,0.57348,0.57348
1782026760000,0.57348,0.57348,0.57348,0.57348
1782026820000,0.57348,0.57348,0.57348,0.57348
1782026880000,0.57348,0.57348,0.57348,0.57348
1782026940000,0.57348,0.57348,0.57348,0.57348
1782027000000,0.57348,0.57348,0.57348,0.57348
1782027060000,0.57348,0.57348,0.57348,0.57348
1782027120000,0.57348,0.57348,0.57348,0.57348
1782027180000,0.57348,0.57348,0.57348,0.57348
1782027240000,0.57348,0.57348,0.57348,0.57348
1782027300000,0.57348,0.57348,0.57348,0.57348
1782027360000,0.57348,0.57348,0.57348,0.57348
1782027420000,0.57348,0.57348,0.57348,0.57348
1782027480000,0.57348,0.57348,0.57348,0.57348
1782027540000,0.57348,0.57348,0.57348,0.57348
1782027600000,0.57348,0.57348,0.57348,0.57348
1782027660000,0.57348,0.57348,0.57348,0.57348
1782027720000,0.57348,0.57348,0.57348,0.57348
1782027780000,0.57348,0.57348,0.57348,0.57348
1782027840000,0.57348,0.57348,0.57348,0.57348
1782027900000,0.57348,0.57348,0.57348,0.57348
1782027960000,0.57348,0.57348,0.57348,0.57348
1782028020000,0.57348,0.57348,0.57348,0.57348
1782028080000,0.57348,0.57348,0.57348,0.57348
1782028140000,0.57348,0.57348,0.57348,0.57348
1782028200000,0.57348,0.57348,0.57348,0.57348
1782028260000,0.57348,0.57348,0.57348,0.57348
1782028320000,0.57348,0.57348,0.57348,0.57348
1782028380000,0.57348,0.57348,0.57348,0.57348
1782028440000,0.57348,0.57348,0.57348,0.57348
1782028500000,0.57348,0.57348,0.57348,0.57348
1782028560000,0.57348,0.57348,0.57348,0.57348
1782028620000,0.57348,0.57348,0.57348,0.57348
1782028680000,0.57348,0.57348,0.57348,0.57348
1782028740000,0.57348,0.57348,0.57348,0.57348
1782028800000,0.57348,0.57348,0.57348,0.57348
1782028860000,0.57348,0.57348,0.57348,0.57348
1782028920000,0.57348,0.57348,0.57348,0.57348
1782028980000,0.57348,0.57348,0.57348,0.57348
1782029040000,0.57348,0.57348,0.57348,0.57348
1782029100000,0.57348,0.57348,0.57348,0.57348
1782029160000,0.57348,0.57348,0.57348,0.57348
1782029220000,0.57348,0.57348,0.57348,0.57348
1782029280000,0.57348,0.57348,0.57348,0.57348
1782029340000,0.57348,0.57348,0.57348,0.57348
1782029400000,0.57348,0.57348,0.57348,0.57348
1782029460000,0.57348,0.57348,0.57348,0.57348
1782029520000,0.57348,0.57348,0.57348,0.57348
1782029580000,0.57348,0.57348,0.57348,0.57348
1782029640000,0.57348,0.57348,0.57348,0.57348
1782029700000,0.57348,0.57348,0.57348,0.57348
1782029760000,0.57348,0.57348,0.57348,0.57348
1782029820000,0.57348,0.57348,0.57348,0.57348
1782029880000,0.57348,0.57348,0.57348,0.57348
1782029940000,0.57348,0.57348,0.57348,0.57348
1782030000000,0.57348,0.57348,0.57348,0.57348
1782030060000,0.57348,0.57348,0.57348,0.57348
1782030120000,0.57348,0.57348,0.57348,0.57348
1782030180000,0.57348,0.57348,0.57348,0.57348
1782030240000,0.57348,0.57348,0.57348,0.57348
1782030300000,0.57348,0.57348,0.57348,0.57348
1782030360000,0.57348,0.57348,0.57348,0.57348
1782030420000,0.57348,0.57348,0.57348,0.57348
1782030480000,0.57348,0.57348,0.57348,0.57348
1782030540000,0.57348,0.57348,0.57348,0.57348
1782030600000,0.57348,0.57348,0.57348,0.57348
1782030660000,0.57348,0.57348,0.57348,0.57348
1782030720000,0.57348,0.57348,0.57348,0.57348
1782030780000,0.57348,0.57348,0.57348,0.57348
1782030840000,0.57348,0.57348,0.57348,0.57348
1782030900000,0.57348,0.57348,0.57348,0.57348
1782030960000,0.57348,0.57348,0.57348,0.57348
1782031020000,0.57348,0.57348,0.57348,0.57348
1782031080000,0.57348,0.57348,0.57348,0.57348
1782031140000,0.57348,0.57348,0.57348,0.57348
1782031200000,0.57348,0.57348,0.57348,0.57348
1782031260000,0.57348,0.57348,0.57348,0.57348
1782031320000,0.57348,0.57348,0.57348,0.57348
1782031380000,0.57348,0.57348,0.57348,0.57348
1782031440000,0.57348,0.57348,0.57348,0.57348
1782031500000,0.57348,0.57348,0.57348,0.57348
1782031560000,0.57348,0.57348,0.57348,0.57348
1782031620000,0.57348,0.57348,0.57348,0.57348
1782031680000,0.57348,0.57348,0.57348,0.57348
1782031740000,0.57348,0.57348,0.57348,0.57348
1782031800000,0.57348,0.57348,0.57348,0.57348
1782031860000,0.57348,0.57348,0.57348,0.57348
1782031920000,0.57348,0.57348,0.57348,0.57348
1782031980000,0.57348,0.57348,0.57348,0.57348
1782032040000,0.57348,0.57348,0.57348,0.57348
1782032100000,0.57348,0.57348,0.57348,0.57348
1782032160000,0.57348,0.57348,0.57348,0.57348
1782032220000,0.57348,0.57348,0.57348,0.57348
1782032280000,0.57348,0.57348,0.57348,0.57348
1782032340000,0.57348,0.57348,0.57348,0.57348
1782032400000,0.57348,0.57348,0.57348,0.57348
1782032460000,0.57348,0.57348,0.57348,0.57348
1782032520000,0.57348,0.57348,0.57348,0.57348
1782032580000,0.57348,0.57348,0.57348,0.57348
1782032640000,0.57348,0.57348,0.57348,0.57348
1782032700000,0.57348,0.57348,0.57348,0.57348
1782032760000,0.57348,0.57348,0.57348,0.57348
1782032820000,0.57348,0.57348,0.57348,0.57348
1782032880000,0.57348,0.57348,0.57348,0.57348
1782032940000,0.57348,0.57348,0.57348,0.57348
1782033000000,0.57348,0.57348,0.57348,0.57348
1782033060000,0.57348,0.57348,0.57348,0.57348
1782033120000,0.57348,0.57348,0.57348,0.57348
1782033180000,0.57348,0.57348,0.57348,0.57348
1782033240000,0.57348,0.57348,0.57348,0.57348
1782033300000,0.57348,0.57348,0.57348,0.57348
1782033360000,0.57348,0.57348,0.57348,0.57348
1782033420000,0.57348,0.57348,0.57348,0.57348
1782033480000,0.57348,0.57348,0.57348,0.57348
1782033540000,0.57348,0.57348,0.57348,0.57348
1782033600000,0.57348,0.57348,0.57348,0.57348
1782033660000,0.57348,0.57348,0.57348,0.57348
1782033720000,0.57348,0.57348,0.57348,0.57348
1782033780000,0.57348,0.57348,0.57348,0.57348
1782033840000,0.57348,0.57348,0.57348,0.57348
1782033900000,0.57348,0.57348,0.57348,0.57348
1782033960000,0.57348,0.57348,0.57348,0.57348
1782034020000,0.57348,0.57348,0.57348,0.57348
1782034080000,0.57348,0.57348,0.57348,0.57348
1782034140000,0.57348,0.57348,0.57348,0.57348
1782034200000,0.57348,0.57348,0.57348,0.57348
1782034260000,0.57348,0.57348,0.57348,0.57348
1782034320000,0.57348,0.57348,0.57348,0.57348
1782034380000,0.57348,0.57348,0.57348,0.57348
1782034440000,0.57348,0.57348,0.57348,0.57348
1782034500000,0.57348,0.57348,0.57348,0.57348
1782034560000,0.57348,0.57348,0.57348,0.57348
1782034620000,0.57348,0.57348,0.57348,0.57348
1782034680000,0.57348,0.57348,0.57348,0.57348
1782034740000,0.57348,0.57348,0.57348,0.57348
1782034800000,0.57348,0.57348,0.57348,0.57348
1782034860000,0.57348,0.57348,0.57348,0.57348
1782034920000,0.57348,0.57348,0.57348,0.57348
1782034980000,0.57348,0.57348,0.57348,0.57348
1782035040000,0.57348,0.57348,0.57348,0.57348
1782035100000,0.57348,0.57348,0.57348,0.57348
1782035160000,0.57348,0.57348,0.57348,0.57348
1782035220000,0.57348,0.57348,0.57348,0.57348
1782035280000,0.57348,0.57348,0.57348,0.57348
1782035340000,0.57348,0.57348,0.57348,0.57348
1782035400000,0.57348,0.57348,0.57348,0.57348
1782035460000,0.57348,0.57348,0.57348,0.57348
1782035520000,0.57348,0.57348,0.57348,0.57348
1782035580000,0.57348,0.57348,0.57348,0.57348
1782035640000,0.57348,0.57348,0.57348,0.57348
1782035700000,0.57348,0.57348,0.57348,0.57348
1782035760000,0.57348,0.57348,0.57348,0.57348
1782035820000,0.57348,0.57348,0.57348,0.57348
1782035880000,0.57348,0.57348,0.57348,0.57348
1782035940000,0.57348,0.57348,0.57348,0.57348
1782036000000,0.57348,0.57348,0.57348,0.57348
1782036060000,0.57348,0.57348,0.57348,0.57348
1782036120000,0.57348,0.57348,0.57348,0.57348
1782036180000,0.57348,0.57348,0.57348,0.57348
1782036240000,0.57348,0.57348,0.57348,0.57348
1782036300000,0.57348,0.57348,0.57348,0.57348
1782036360000,0.57348,0.57348,0.57348,0.57348
1782036420000,0.57348,0.57348,0.57348,0.57348
1782036480000,0.57348,0.57348,0.57348,0.57348
1782036540000,0.57348,0.57348,0.57348,0.57348
1782036600000,0.57348,0.57348,0.57348,0.57348
1782036660000,0.57348,0.57348,0.57348,0.57348
1782036720000,0.57348,0.57348,0.57348,0.57348
1782036780000,0.57348,0.57348,0.57348,0.57348
1782036840000,0.57348,0.57348,0.57348,0.57348
1782036900000,0.57348,0.57348,0.57348,0.57348
1782036960000,0.57348,0.57348,0.57348,0.57348
1782037020000,0.57348,0.57348,0.57348,0.57348
1782037080000,0.57348,0.57348,0.57348,0.57348
1782037140000,0.57348,0.57348,0.57348,0.57348
1782037200000,0.57348,0.57348,0.57348,0.57348
1782037260000,0.57348,0.57348,0.57348,0.57348
1782037320000,0.57348,0.57348,0.57348,0.57348
1782037380000,0.57348,0.57348,0.57348,0.57348
1782037440000,0.57348,0.57348,0.57348,0.57348
1782037500000,0.57348,0.57348,0.57348,0.57348
1782037560000,0.57348,0.57348,0.57348,0.57348
1782037620000,0.57348,0.57348,0.57348,0.57348
1782037680000,0.57348,0.57348,0.57348,0.57348
1782037740000,0.57348,0.57348,0.57348,0.57348
1782037800000,0.57348,0.57348,0.57348,0.57348
1782037860000,0.57348,0.57348,0.57348,0.57348
1782037920000,0.57348,0.57348,0.57348,0.57348
1782037980000,0.57348,0.57348,0.57348,0.57348
1782038040000,0.57348,0.57348,0.57348,0.57348
1782038100000,0.57348,0.57348,0.57348,0.57348
1782038160000,0.57348,0.57348,0.57348,0.57348
1782038220000,0.57348,0.57348,0.57348,0.57348
1782038280000,0.57348,0.57348,0.57348,0.57348
1782038340000,0.57348,0.57348,0.57348,0.57348
1782038400000,0.57348,0.57348,0.57348,0.57348
1782038460000,0.57348,0.57348,0.57348,0.57348
1782038520000,0.57348,0.57348,0.57348,0.57348
1782038580000,0.57348,0.57348,0.57348,0.57348
1782038640000,0.57348,0.57348,0.57348,0.57348
1782038700000,0.57348,0.57348,0.57348,0.57348
1782038760000,0.57348,0.57348,0.57348,0.57348
1782038820000,0.57348,0.57348,0.57348,0.57348
1782038880000,0.57348,0.57348,0.57348,0.57348
1782038940000,0.57348,0.57348,0.57348,0.57348
1782039000000,0.57348,0.57348,0.57348,0.57348
1782039060000,0.57348,0.57348,0.57348,0.57348
1782039120000,0.57348,0.57348,0.57348,0.57348
1782039180000,0.57348,0.57348,0.57348,0.57348
1782039240000,0.57348,0.57348,0.57348,0.57348
1782039300000,0.57348,0.57348,0.57348,0.57348
1782039360000,0.57348,0.57348,0.57348,0.57348
1782039420000,0.57348,0.57348,0.57348,0.57348
1782039480000,0.57348,0.57348,0.57348,0.57348
1782039540000,0.57348,0.57348,0.57348,0.57348
1782039600000,0.57348,0.57348,0.57348,0.57348
1782039660000,0.57348,0.57348,0.57348,0.57348
1782039720000,0.57348,0.57348,0.57348,0.57348
1782039780000,0.57348,0.57348,0.57348,0.57348
1782039840000,0.57348,0.57348,0.57348,0.57348
1782039900000,0.57348,0.57348,0.57348,0.57348
1782039960000,0.57348,0.57348,0.57348,0.57348
1782040020000,0.57348,0.57348,0.57348,0.57348
1782040080000,0.57348,0.57348,0.57348,0.57348
1782040140000,0.57348,0.57348,0.57348,0.57348
1782040200000,0.57348,0.57348,0.57348,0.57348
1782040260000,0.57348,0.57348,0.57348,0.57348
1782040320000,0.57348,0.57348,0.57348,0.57348
1782040380000,0.57348,0.57348,0.57348,0.57348
1782040440000,0.57348,0.57348,0.57348,0.57348
1782040500000,0.57348,0.57348,0.57348,0.57348
1782040560000,0.57348,0.57348,0.57348,0.57348
1782040620000,0.57348,0.57348,0.57348,0.57348
1782040680000,0.57348,0.57348,0.57348,0.57348
1782040740000,0.57348,0.57348,0.57348,0.57348
1782040800000,0.57348,0.57348,0.57348,0.57348
1782040860000,0.57348,0.57348,0.57348,0.57348
1782040920000,0.57348,0.57348,0.57348,0.57348
1782040980000,0.57348,0.57348,0.57348,0.57348
1782041040000,0.57348,0.57348,0.57348,0.57348
1782041100000,0.57348,0.57348,0.57348,0.57348
1782041160000,0.57348,0.57348,0.57348,0.57348
1782041220000,0.57348,0.57348,0.57348,0.57348
1782041280000,0.57348,0.57348,0.57348,0.57348
1782041340000,0.57348,0.57348,0.57348,0.57348
1782041400000,0.57348,0.57348,0.57348,0.57348
1782041460000,0.57348,0.57348,0.57348,0.57348
1782041520000,0.57348,0.57348,0.57348,0.57348
1782041580000,0.57348,0.57348,0.57348,0.57348
1782041640000,0.57348,0.57348,0.57348,0.57348
1782041700000,0.57348,0.57348,0.57348,0.57348
1782041760000,0.57348,0.57348,0.57348,0.57348
1782041820000,0.57348,0.57348,0.57348,0.57348
1782041880000,0.57348,0.57348,0.57348,0.57348
1782041940000,0.57348,0.57348,0.57348,0.57348
1782042000000,0.57348,0.57348,0.57348,0.57348
1782042060000,0.57348,0.57348,0.57348,0.57348
1782042120000,0.57348,0.57348,0.57348,0.57348
1782042180000,0.57348,0.57348,0.57348,0.57348
1782042240000,0.57348,0.57348,0.57348,0.57348
1782042300000,0.57348,0.57348,0.57348,0.57348
1782042360000,0.57348,0.57348,0.57348,0.57348
1782042420000,0.57348,0.57348,0.57348,0.57348
1782042480000,0.57348,0.57348,0.57348,0.57348
1782042540000,0.57348,0.57348,0.57348,0.57348
1782042600000,0.57348,0.57348,0.57348,0.57348
1782042660000,0.57348,0.57348,0.57348,0.57348
1782042720000,0.57348,0.57348,0.57348,0.57348
1782042780000,0.57348,0.57348,0.57348,0.57348
1782042840000,0.57348,0.57348,0.57348,0.57348
1782042900000,0.57348,0.57348,0.57348,0.57348
1782042960000,0.57348,0.57348,0.57348,0.57348
1782043020000,0.57348,0.57348,0.57348,0.57348
1782043080000,0.57348,0.57348,0.57348,0.57348
1782043140000,0.57348,0.57348,0.57348,0.57348
1782043200000,0.57348,0.57348,0.57348,0.57348
1782043260000,0.57348,0.57348,0.57348,0.57348
1782043320000,0.57348,0.57348,0.57348,0.57348
1782043380000,0.57348,0.57348,0.57348,0.57348
1782043440000,0.57348,0.57348,0.57348,0.57348
1782043500000,0.57348,0.57348,0.57348,0.57348
1782043560000,0.57348,0.57348,0.57348,0.57348
1782043620000,0.57348,0.57348,0.57348,0.57348
1782043680000,0.57348,0.57348,0.57348,0.57348
1782043740000,0.57348,0.57348,0.57348,0.57348
1782043800000,0.57348,0.57348,0.57348,0.57348
1782043860000,0.57348,0.57348,0.57348,0.57348
1782043920000,0.57348,0.57348,0.57348,0.57348
1782043980000,0.57348,0.57348,0.57348,0.57348
1782044040000,0.57348,0.57348,0.57348,0.57348
1782044100000,0.57348,0.57348,0.57348,0.57348
1782044160000,0.57348,0.57348,0.57348,0.57348
1782044220000,0.57348,0.57348,0.57348,0.57348
1782044280000,0.57348,0.57348,0.57348,0.57348
1782044340000,0.57348,0.57348,0.57348,0.57348
1782044400000,0.57348,0.57348,0.57348,0.57348
1782044460000,0.57348,0.57348,0.57348,0.57348
1782044520000,0.57348,0.57348,0.57348,0.57348
1782044580000,0.57348,0.57348,0.57348,0.57348
1782044640000,0.57348,0.57348,0.57348,0.57348
1782044700000,0.57348,0.57348,0.57348,0.57348
1782044760000,0.57348,0.57348,0.57348,0.57348
1782044820000,0.57348,0.57348,0.57348,0.57348
1782044880000,0.57348,0.57348,0.57348,0.57348
1782044940000,0.57348,0.57348,0.57348,0.57348
1782045000000,0.57348,0.57348,0.57348,0.57348
1782045060000,0.57348,0.57348,0.57348,0.57348
1782045120000,0.57348,0.57348,0.57348,0.57348
1782045180000,0.57348,0.57348,0.57348,0.57348
1782045240000,0.57348,0.57348,0.57348,0.57348
1782045300000,0.57348,0.57348,0.57348,0.57348
1782045360000,0.57348,0.57348,0.57348,0.57348
1782045420000,0.57348,0.57348,0.57348,0.57348
1782045480000,0.57348,0.57348,0.57348,0.57348
1782045540000,0.57348,0.57348,0.57348,0.57348
1782045600000,0.57348,0.57348,0.57348,0.57348
1782045660000,0.57348,0.57348,0.57348,0.57348
1782045720000,0.57348,0.57348,0.57348,0.57348
1782045780000,0.57348,0.57348,0.57348,0.57348
1782045840000,0.57348,0.57348,0.57348,0.57348
1782045900000,0.57348,0.57348,0.57348,0.57348
1782045960000,0.57348,0.57348,0.57348,0.57348
1782046020000,0.57348,0.57348,0.57348,0.57348
1782046080000,0.57348,0.57348,0.57348,0.57348
1782046140000,0.57348,0.57348,0.57348,0.57348
1782046200000,0.57348,0.57348,0.57348,0.57348
1782046260000,0.57348,0.57348,0.57348,0.57348
1782046320000,0.57348,0.57348,0.57348,0.57348
1782046380000,0.57348,0.57348,0.57348,0.57348
1782046440000,0.57348,0.57348,0.57348,0.57348
1782046500000,0.57348,0.57348,0.57348,0.57348
1782046560000,0.57348,0.57348,0.57348,0.57348
1782046620000,0.57348,0.57348,0.57348,0.57348
1782046680000,0.57348,0.57348,0.57348,0.57348
1782046740000,0.57348,0.57348,0.57348,0.57348
1782046800000,0.57348,0.57348,0.57348,0.57348
1782046860000,0.57348,0.57348,0.57348,0.57348
1782046920000,0.57348,0.57348,0.57348,0.57348
1782046980000,0.57348,0.57348,0.57348,0.57348
1782047040000,0.57348,0.57348,0.57348,0.57348
1782047100000,0.57348,0.57348,0.57348,0.57348
1782047160000,0.57348,0.57348,0.57348,0.57348
1782047220000,0.57348,0.57348,0.57348,0.57348
1782047280000,0.57348,0.57348,0.57348,0.57348
1782047340000,0.57348,0.57348,0.57348,0.57348
1782047400000,0.57348,0.57348,0.57348,0.57348
1782047460000,0.57348,0.57348,0.57348,0.57348
1782047520000,0.57348,0.57348,0.57348,0.57348
1782047580000,0.57348,0.57348,0.57348,0.57348
1782047640000,0.57348,0.57348,0.57348,0.57348
1782047700000,0.57348,0.57348,0.57348,0.57348
1782047760000,0.57348,0.57348,0.57348,0.57348
1782047820000,0.57348,0.57348,0.57348,0.57348
1782047880000,0.57348,0.57348,0.57348,0.57348
1782047940000,0.57348,0.57348,0.57348,0.57348
1782048000000,0.57348,0.57348,0.57348,0.57348
1782048060000,0.57348,0.57348,0.57348,0.57348
1782048120000,0.57348,0.57348,0.57348,0.57348
1782048180000,0.57348,0.57348,0.57348,0.57348
1782048240000,0.57348,0.57348,0.57348,0.57348
1782048300000,0.57348,0.57348,0.57348,0.57348
1782048360000,0.57348,0.57348,0.57348,0.57348
1782048420000,0.57348,0.57348,0.57348,0.57348
1782048480000,0.57348,0.57348,0.57348,0.57348
1782048540000,0.57348,0.57348,0.57348,0.57348
1782048600000,0.57348,0.57348,0.57348,0.57348
1782048660000,0.57348,0.57348,0.57348,0.57348
1782048720000,0.57348,0.57348,0.57348,0.57348
1782048780000,0.57348,0.57348,0.57348,0.57348
1782048840000,0.57348,0.57348,0.57348,0.57348
1782048900000,0.57348,0.57348,0.57348,0.57348
1782048960000,0.57348,0.57348,0.57348,0.57348
1782049020000,0.57348,0.57348,0.57348,0.57348
1782049080000,0.57348,0.57348,0.57348,0.57348
1782049140000,0.57348,0.57348,0.57348,0.57348
1782049200000,0.57348,0.57348,0.57348,0.57348
1782049260000,0.57348,0.57348,0.57348,0.57348
1782049320000,0.57348,0.57348,0.57348,0.57348
1782049380000,0.57348,0.57348,0.57348,0.57348
1782049440000,0.57348,0.57348,0.57348,0.57348
1782049500000,0.57348,0.57348,0.57348,0.57348
1782049560000,0.57348,0.57348,0.57348,0.57348
1782049620000,0.57348,0.57348,0.57348,0.57348
1782049680000,0.57348,0.57348,0.57348,0.57348
1782049740000,0.57348,0.57348,0.57348,0.57348
1782049800000,0.57348,0.57348,0.57348,0.57348
1782049860000,0.57348,0.57348,0.57348,0.57348
1782049920000,0.57348,0.57348,0.57348,0.57348
1782049980000,0.57348,0.57348,0.57348,0.57348
1782050040000,0.57348,0.57348,0.57348,0.57348
1782050100000,0.57348,0.57348,0.57348,0.57348
1782050160000,0.57348,0.57348,0.57348,0.57348
1782050220000,0.57348,0.57348,0.57348,0.57348
1782050280000,0.57348,0.57348,0.57348,0.57348
1782050340000,0.57348,0.57348,0.57348,0.57348
1782050400000,0.57348,0.57348,0.57348,0.57348
1782050460000,0.57348,0.57348,0.57348,0.57348
1782050520000,0.57348,0.57348,0.57348,0.57348
1782050580000,0.57348,0.57348,0.57348,0.57348
1782050640000,0.57348,0.57348,0.57348,0.57348
1782050700000,0.57348,0.57348,0.57348,0.57348
1782050760000,0.57348,0.57348,0.57348,0.57348
1782050820000,0.57348,0.57348,0.57348,0.57348
1782050880000,0.57348,0.57348,0.57348,0.57348
1782050940000,0.57348,0.57348,0.57348,0.57348
1782051000000,0.57348,0.57348,0.57348,0.57348
1782051060000,0.57348,0.57348,0.57348,0.57348
1782051120000,0.57348,0.57348,0.57348,0.57348
1782051180000,0.57348,0.57348,0.57348,0.57348
1782051240000,0.57348,0.57348,0.57348,0.57348
1782051300000,0.57348,0.57348,0.57348,0.57348
1782051360000,0.57348,0.57348,0.57348,0.57348
1782051420000,0.57348,0.57348,0.57348,0.57348
1782051480000,0.57348,0.57348,0.57348,0.57348
1782051540000,0.57348,0.57348,0.57348,0.57348
1782051600000,0.57348,0.57348,0.57348,0.57348
1782051660000,0.57348,0.57348,0.57348,0.57348
1782051720000,0.57348,0.57348,0.57348,0.57348
1782051780000,0.57348,0.57348,0.57348,0.57348
1782051840000,0.57348,0.57348,0.57348,0.57348
1782051900000,0.57348,0.57348,0.57348,0.57348
1782051960000,0.57348,0.57348,0.57348,0.57348
1782052020000,0.57348,0.57348,0.57348,0.57348
1782052080000,0.57348,0.57348,0.57348,0.57348
1782052140000,0.57348,0.57348,0.57348,0.57348
1782052200000,0.57348,0.57348,0.57348,0.57348
1782052260000,0.57348,0.57348,0.57348,0.57348
1782052320000,0.57348,0.57348,0.57348,0.57348
1782052380000,0.57348,0.57348,0.57348,0.57348
1782052440000,0.57348,0.57348,0.57348,0.57348
1782052500000,0.57348,0.57348,0.57348,0.57348
1782052560000,0.57348,0.57348,0.57348,0.57348
1782052620000,0.57348,0.57348,0.57348,0.57348
1782052680000,0.57348,0.57348,0.57348,0.57348
1782052740000,0.57348,0.57348,0.57348,0.57348
1782052800000,0.57348,0.57348,0.57348,0.57348
1782052860000,0.57348,0.57348,0.57348,0.57348
1782052920000,0.57348,0.57348,0.57348,0.57348
1782052980000,0.57348,0.57348,0.57348,0.57348
1782053040000,0.57348,0.57348,0.57348,0.57348
1782053100000,0.57348,0.57348,0.57348,0.57348
1782053160000,0.57348,0.57348,0.57348,0.57348
1782053220000,0.57348,0.57348,0.57348,0.57348
1782053280000,0.57348,0.57348,0.57348,0.57348
1782053340000,0.57348,0.57348,0.57348,0.57348
1782053400000,0.57348,0.57348,0.57348,0.57348
1782053460000,0.57348,0.57348,0.57348,0.57348
1782053520000,0.57348,0.57348,0.57348,0.57348
1782053580000,0.57348,0.57348,0.57348,0.57348
1782053640000,0.57348,0.57348,0.57348,0.57348
1782053700000,0.57348,0.57348,0.57348,0.57348
1782053760000,0.57348,0.57348,0.57348,0.57348
1782053820000,0.57348,0.57348,0.57348,0.57348
1782053880000,0.57348,0.57348,0.57348,0.57348
1782053940000,0.57348,0.57348,0.57348,0.57348
1782054000000,0.57348,0.57348,0.57348,0.57348
1782054060000,0.57348,0.57348,0.57348,0.57348
1782054120000,0.57348,0.57348,0.57348,0.57348
1782054180000,0.57348,0.57348,0.57348,0.57348
1782054240000,0.57348,0.57348,0.57348,0.57348
1782054300000,0.57348,0.57348,0.57348,0.57348
1782054360000,0.57348,0.57348,0.57348,0.57348
1782054420000,0.57348,0.57348,0.57348,0.57348
1782054480000,0.57348,0.57348,0.57348,0.57348
1782054540000,0.57348,0.57348,0.57348,0.57348
1782054600000,0.57348,0.57348,0.57348,0.57348
1782054660000,0.57348,0.57348,0.57348,0.57348
1782054720000,0.57348,0.57348,0.57348,0.57348
1782054780000,0.57348,0.57348,0.57348,0.57348
1782054840000,0.57348,0.57348,0.57348,0.57348
1782054900000,0.57348,0.57348,0.57348,0.57348
1782054960000,0.57348,0.57348,0.57348,0.57348
1782055020000,0.57348,0.57348,0.57348,0.57348
1782055080000,0.57348,0.57348,0.57348,0.57348
1782055140000,0.57348,0.57348,0.57348,0.57348
1782055200000,0.57348,0.57348,0.57348,0.57348
1782055260000,0.57348,0.57348,0.57348,0.57348
1782055320000,0.57348,0.57348,0.57348,0.57348
1782055380000,0.57348,0.57348,0.57348,0.57348
1782055440000,0.57348,0.57348,0.57348,0.57348
1782055500000,0.57348,0.57348,0.57348,0.57348
1782055560000,0.57348,0.57348,0.57348,0.57348
1782055620000,0.57348,0.57348,0.57348,0.57348
1782055680000,0.57348,0.57348,0.57348,0.57348
1782055740000,0.57348,0.57348,0.57348,0.57348
1782055800000,0.57348,0.57348,0.57348,0.57348
1782055860000,0.57348,0.57348,0.57348,0.57348
1782055920000,0.57348,0.57348,0.57348,0.57348
1782055980000,0.57348,0.57348,0.57348,0.57348
1782056040000,0.57348,0.57348,0.57348,0.57348
1782056100000,0.57348,0.57348,0.57348,0.57348
1782056160000,0.57348,0.57348,0.57348,0.57348
1782056220000,0.57348,0.57348,0.57348,0.57348
1782056280000,0.57348,0.57348,0.57348,0.57348
1782056340000,0.57348,0.57348,0.57348,0.57348
1782056400000,0.57348,0.57348,0.57348,0.57348
1782056460000,0.57348,0.57348,0.57348,0.57348
1782056520000,0.57348,0.57348,0.57348,0.57348
1782056580000,0.57348,0.57348,0.57348,0.57348
1782056640000,0.57348,0.57348,0.57348,0.57348
1782056700000,0.57348,0.57348,0.57348,0.57348
1782056760000,0.57348,0.57348,0.57348,0.57348
1782056820000,0.57348,0.57348,0.57348,0.57348
1782056880000,0.57348,0.57348,0.57348,0.57348
1782056940000,0.57348,0.57348,0.57348,0.57348
1782057000000,0.57348,0.57348,0.57348,0.57348
1782057060000,0.57348,0.57348,0.57348,0.57348
1782057120000,0.57348,0.57348,0.57348,0.57348
1782057180000,0.57348,0.57348,0.57348,0.57348
1782057240000,0.57348,0.57348,0.57348,0.57348
1782057300000,0.57348,0.57348,0.57348,0.57348
1782057360000,0.57348,0.57348,0.57348,0.57348
1782057420000,0.57348,0.57348,0.57348,0.57348
1782057480000,0.57348,0.57348,0.57348,0.57348
1782057540000,0.57348,0.57348,0.57348,0.57348
1782057600000,0.57348,0.57348,0.57348,0.57348
1782057660000,0.57348,0.57348,0.57348,0.57348
1782057720000,0.57348,0.57348,0.57348,0.57348
1782057780000,0.57348,0.57348,0.57348,0.57348
1782057840000,0.57348,0.57348,0.57348,0.57348
1782057900000,0.57348,0.57348,0.57348,0.57348
1782057960000,0.57348,0.57348,0.57348,0.57348
1782058020000,0.57348,0.57348,0.57348,0.57348
1782058080000,0.57348,0.57348,0.57348,0.57348
1782058140000,0.57348,0.57348,0.57348,0.57348
1782058200000,0.57348,0.57348,0.57348,0.57348
1782058260000,0.57348,0.57348,0.57348,0.57348
1782058320000,0.57348,0.57348,0.57348,0.57348
1782058380000,0.57348,0.57348,0.57348,0.57348
1782058440000,0.57348,0.57348,0.57348,0.57348
1782058500000,0.57348,0.57348,0.57348,0.57348
1782058560000,0.57348,0.57348,0.57348,0.57348
1782058620000,0.57348,0.57348,0.57348,0.57348
1782058680000,0.57348,0.57348,0.57348,0.57348
1782058740000,0.57348,0.57348,0.57348,0.57348
1782058800000,0.57348,0.57348,0.57348,0.57348
1782058860000,0.57348,0.57348,0.57348,0.57348
1782058920000,0.57348,0.57348,0.57348,0.57348
1782058980000,0.57348,0.57348,0.57348,0.57348
1782059040000,0.57348,0.57348,0.57348,0.57348
1782059100000,0.57348,0.57348,0.57348,0.57348
1782059160000,0.57348,0.57348,0.57348,0.57348
1782059220000,0.57348,0.57348,0.57348,0.57348
1782059280000,0.57348,0.57348,0.57348,0.57348
1782059340000,0.57348,0.57348,0.57348,0.57348
1782059400000,0.57348,0.57348,0.57348,0.57348
1782059460000,0.57348,0.57348,0.57348,0.57348
1782059520000,0.57348,0.57348,0.57348,0.57348
1782059580000,0.57348,0.57348,0.57348,0.57348
1782059640000,0.57348,0.57348,0.57348,0.57348
1782059700000,0.57348,0.57348,0.57348,0.57348
1782059760000,0.57348,0.57348,0.57348,0.57348
1782059820000,0.57348,0.57348,0.57348,0.57348
1782059880000,0.57348,0.57348,0.57348,0.57348
1782059940000,0.57348,0.57348,0.57348,0.57348
1782060000000,0.57348,0.57348,0.57348,0.57348
1782060060000,0.57348,0.57348,0.57348,0.57348
1782060120000,0.57348,0.57348,0.57348,0.57348
1782060180000,0.57348,0.57348,0.57348,0.57348
1782060240000,0.57348,0.57348,0.57348,0.57348
1782060300000,0.57348,0.57348,0.57348,0.57348
1782060360000,0.57348,0.57348,0.57348,0.57348
1782060420000,0.57348,0.57348,0.57348,0.57348
1782060480000,0.57348,0.57348,0.57348,0.57348
1782060540000,0.57348,0.57348,0.57348,0.57348
1782060600000,0.57348,0.57348,0.57348,0.57348
1782060660000,0.57348,0.57348,0.57348,0.57348
1782060720000,0.57348,0.57348,0.57348,0.57348
1782060780000,0.57348,0.57348,0.57348,0.57348
1782060840000,0.57348,0.57348,0.57348,0.57348
1782060900000,0.57348,0.57348,0.57348,0.57348
1782060960000,0.57348,0.57348,0.57348,0.57348
1782061020000,0.57348,0.57348,0.57348,0.57348
1782061080000,0.57348,0.57348,0.57348,0.57348
1782061140000,0.57348,0.57348,0.57348,0.57348
1782061200000,0.57348,0.57348,0.57348,0.57348
1782061260000,0.57348,0.57348,0.57348,0.57348
1782061320000,0.57348,0.57348,0.57348,0.57348
1782061380000,0.57348,0.57348,0.57348,0.57348
1782061440000,0.57348,0.57348,0.57348,0.57348
1782061500000,0.57348,0.57348,0.57348,0.57348
1782061560000,0.57348,0.57348,0.57348,0.57348
1782061620000,0.57348,0.57348,0.57348,0.57348
1782061680000,0.57348,0.57348,0.57348,0.57348
1782061740000,0.57348,0.57348,0.57348,0.57348
1782061800000,0.57348,0.57348,0.57348,0.57348
1782061860000,0.57348,0.57348,0.57348,0.57348
1782061920000,0.57348,0.57348,0.57348,0.57348
1782061980000,0.57348,0.57348,0.57348,0.57348
1782062040000,0.57348,0.57348,0.57348,0.57348
1782062100000,0.57348,0.57348,0.57348,0.57348
1782062160000,0.57348,0.57348,0.57348,0.57348
1782062220000,0.57348,0.57348,0.57348,0.57348
1782062280000,0.57348,0.57348,0.57348,0.57348
1782062340000,0.57348,0.57348,0.57348,0.57348
1782062400000,0.57348,0.57348,0.57348,0.57348
1782062460000,0.57348,0.57348,0.57348,0.57348
1782062520000,0.57348,0.57348,0.57348,0.57348
1782062580000,0.57348,0.57348,0.57348,0.57348
1782062640000,0.57348,0.57348,0.57348,0.57348
1782062700000,0.57348,0.57348,0.57348,0.57348
1782062760000,0.57348,0.57348,0.57348,0.57348
1782062820000,0.57348,0.57348,0.57348,0.57348
1782062880000,0.57348,0.57348,0.57348,0.57348
1782062940000,0.57348,0.57348,0.57348,0.57348
1782063000000,0.57348,0.57348,0.57348,0.57348
1782063060000,0.57348,0.57348,0.57348,0.57348
1782063120000,0.57348,0.57348,0.57348,0.57348
1782063180000,0.57348,0.57348,0.57348,0.57348
1782063240000,0.57348,0.57348,0.57348,0.57348
1782063300000,0.57348,0.57348,0.57348,0.57348
1782063360000,0.57348,0.57348,0.57348,0.57348
1782063420000,0.57348,0.57348,0.57348,0.57348
1782063480000,0.57348,0.57348,0.57348,0.57348
1782063540000,0.57348,0.57348,0.57348,0.57348
1782063600000,0.57348,0.57348,0.57348,0.57348
1782063660000,0.57348,0.57348,0.57348,0.57348
1782063720000,0.57348,0.57348,0.57348,0.57348
1782063780000,0.57348,0.57348,0.57348,0.57348
1782063840000,0.57348,0.57348,0.57348,0.57348
1782063900000,0.57348,0.57348,0.57348,0.57348
1782063960000,0.57348,0.57348,0.57348,0.57348
1782064020000,0.57348,0.57348,0.57348,0.57348
1782064080000,0.57348,0.57348,0.57348,0.57348
1782064140000,0.57348,0.57348,0.57348,0.57348
1782064200000,0.57348,0.57348,0.57348,0.57348
1782064260000,0.57348,0.57348,0.57348,0.57348
1782064320000,0.57348,0.57348,0.57348,0.57348
1782064380000,0.57348,0.57348,0.57348,0.57348
1782064440000,0.57348,0.57348,0.57348,0.57348
1782064500000,0.57348,0.57348,0.57348,0.57348
1782064560000,0.57348,0.57348,0.57348,0.57348
1782064620000,0.57348,0.57348,0.57348,0.57348
1782064680000,0.57348,0.57348,0.57348,0.57348
1782064740000,0.57348,0.57348,0.57348,0.57348
1782064800000,0.57348,0.57348,0.57348,0.57348
1782064860000,0.57348,0.57348,0.57348,0.57348
1782064920000,0.57348,0.57348,0.57348,0.57348
1782064980000,0.57348,0.57348,0.57348,0.57348
1782065040000,0.57348,0.57348,0.57348,0.57348
1782065100000,0.57348,0.57348,0.57348,0.57348
1782065160000,0.57348,0.57348,0.57348,0.57348
1782065220000,0.57348,0.57348,0.57348,0.57348
1782065280000,0.57348,0.57348,0.57348,0.57348
1782065340000,0.57348,0.57348,0.57348,0.57348
1782065400000,0.57348,0.57348,0.57348,0.57348
1782065460000,0.57348,0.57348,0.57348,0.57348
1782065520000,0.57348,0.57348,0.57348,0.57348
1782065580000,0.57348,0.57348,0.57348,0.57348
1782065640000,0.57348,0.57348,0.57348,0.57348
1782065700000,0.57348,0.57348,0.57348,0.57348
1782065760000,0.57348,0.57348,0.57348,0.57348
1782065820000,0.57348,0.57348,0.57348,0.57348
1782065880000,0.57348,0.57348,0.57348,0.57348
1782065940000,0.57348,0.57348,0.57348,0.57348
1782066000000,0.57348,0.57348,0.57348,0.57348
1782066060000,0.57348,0.57348,0.57348,0.57348
1782066120000,0.57348,0.57348,0.57348,0.57348
1782066180000,0.57348,0.57348,0.57348,0.57348
1782066240000,0.57348,0.57348,0.57348,0.57348
1782066300000,0.57348,0.57348,0.57348,0.57348
1782066360000,0.57348,0.57348,0.57348,0.57348
1782066420000,0.57348,0.57348,0.57348,0.57348
1782066480000,0.57348,0.57348,0.57348,0.57348
1782066540000,0.57348,0.57348,0.57348,0.57348
1782066600000,0.57348,0.57348,0.57348,0.57348
1782066660000,0.57348,0.57348,0.57348,0.57348
1782066720000,0.57348,0.57348,0.57348,0.57348
1782066780000,0.57348,0.57348,0.57348,0.57348
1782066840000,0.57348,0.57348,0.57348,0.57348
1782066900000,0.57348,0.57348,0.57348,0.57348
1782066960000,0.57348,0.57348,0.57348,0.57348
1782067020000,0.57348,0.57348,0.57348,0.57348
1782067080000,0.57348,0.57348,0.57348,0.57348
1782067140000,0.57348,0.57348,0.57348,0.57348
1782067200000,0.57348,0.57348,0.57348,0.57348
1782067260000,0.57348,0.57348,0.57348,0.57348
1782067320000,0.57348,0.57348,0.57348,0.57348
1782067380000,0.57348,0.57348,0.57348,0.57348
1782067440000,0.57348,0.57348,0.57348,0.57348
1782067500000,0.57348,0.57348,0.57348,0.57348
1782067560000,0.57348,0.57348,0.57348,0.57348
1782067620000,0.57348,0.57348,0.57348,0.57348
1782067680000,0.57348,0.57348,0.57348,0.57348
1782067740000,0.57348,0.57348,0.57348,0.57348
1782067800000,0.57348,0.57348,0.57348,0.57348
1782067860000,0.57348,0.57348,0.57348,0.57348
1782067920000,0.57348,0.57348,0.57348,0.57348
1782067980000,0.57348,0.57348,0.57348,0.57348
1782068040000,0.57348,0.57348,0.57348,0.57348
1782068100000,0.57348,0.57348,0.57348,0.57348
1782068160000,0.57348,0.57348,0.57348,0.57348
1782068220000,0.57348,0.57348,0.57348,0.57348
1782068280000,0.57348,0.57348,0.57348,0.57348
1782068340000,0.57348,0.57348,0.57348,0.57348
1782068400000,0.57348,0.57348,0.57348,0.57348
1782068460000,0.57348,0.57348,0.57348,0.57348
1782068520000,0.57348,0.57348,0.57348,0.57348
1782068580000,0.57348,0.57348,0.57348,0.57348
1782068640000,0.57348,0.57348,0.57348,0.57348
1782068700000,0.57348,0.57348,0.57348,0.57348
1782068760000,0.57348,0.57348,0.57348,0.57348
1782068820000,0.57348,0.57348,0.57348,0.57348
1782068880000,0.57348,0.57348,0.57348,0.57348
1782068940000,0.57348,0.57348,0.57348,0.57348
1782069000000,0.57348,0.57348,0.57348,0.57348
1782069060000,0.57348,0.57348,0.57348,0.57348
1782069120000,0.57348,0.57348,0.57348,0.57348
1782069180000,0.57348,0.57348,0.57348,0.57348
1782069240000,0.57348,0.57348,0.57348,0.57348
1782069300000,0.57348,0.57348,0.57348,0.57348
1782069360000,0.57348,0.57348,0.57348,0.57348
1782069420000,0.57348,0.57348,0.57348,0.57348
1782069480000,0.57348,0.57348,0.57348,0.57348
1782069540000,0.57348,0.57348,0.57348,0.57348
1782069600000,0.57348,0.57348,0.57348,0.57348
1782069660000,0.57348,0.57348,0.57348,0.57348
1782069720000,0.57348,0.57348,0.57348,0.57348
1782069780000,0.57348,0.57348,0.57348,0.57348
1782069840000,0.57348,0.57348,0.57348,0.57348
1782069900000,0.57348,0.57348,0.57348,0.57348
1782069960000,0.57348,0.57348,0.57348,0.57348
1782070020000,0.57348,0.57348,0.57348,0.57348
1782070080000,0.57348,0.57348,0.57348,0.57348
1782070140000,0.57348,0.57348,0.57348,0.57348
1782070200000,0.57348,0.57348,0.57348,0.57348
1782070260000,0.57348,0.57348,0.57348,0.57348
1782070320000,0.57348,0.57348,0.57348,0.57348
1782070380000,0.57348,0.57348,0.57348,0.57348
1782070440000,0.57348,0.57348,0.57348,0.57348
1782070500000,0.57348,0.57348,0.57348,0.57348
1782070560000,0.57348,0.57348,0.57348,0.57348
1782070620000,0.57348,0.57348,0.57348,0.57348
1782070680000,0.57348,0.57348,0.57348,0.57348
1782070740000,0.57348,0.57348,0.57348,0.57348
1782070800000,0.57348,0.57348,0.57348,0.57348
1782070860000,0.57348,0.57348,0.57348,0.57348
1782070920000,0.57348,0.57348,0.57348,0.57348
1782070980000,0.57348,0.57348,0.57348,0.57348
1782071040000,0.57348,0.57348,0.57348,0.57348
1782071100000,0.57348,0.57348,0.57348,0.57348
1782071160000,0.57348,0.57348,0.57348,0.57348
1782071220000,0.57348,0.57348,0.57348,0.57348
1782071280000,0.57348,0.57348,0.57348,0.57348
1782071340000,0.57348,0.57348,0.57348,0.57348
1782071400000,0.57348,0.57348,0.57348,0.57348
1782071460000,0.57348,0.57348,0.57348,0.57348
1782071520000,0.57348,0.57348,0.57348,0.57348
1782071580000,0.57348,0.57348,0.57348,0.57348
1782071640000,0.57348,0.57348,0.57348,0.57348
1782071700000,0.57348,0.57348,0.57348,0.57348
1782071760000,0.57348,0.57348,0.57348,0.57348
1782071820000,0.57348,0.57348,0.57348,0.57348
1782071880000,0.57348,0.57348,0.57348,0.57348
1782071940000,0.57348,0.57348,0.57348,0.57348
1782072000000,0.57348,0.57348,0.57348,0.57348
1782072060000,0.57348,0.57348,0.57348,0.57348
1782072120000,0.57348,0.57348,0.57348,0.57348
1782072180000,0.57348,0.57348,0.57348,0.57348
1782072240000,0.57348,0.57348,0.57348,0.57348
1782072300000,0.57348,0.57348,0.57348,0.57348
1782072360000,0.57348,0.57348,0.57348,0.57348
1782072420000,0.57348,0.57348,0.57348,0.57348
1782072480000,0.57348,0.57348,0.57348,0.57348
1782072540000,0.57348,0.57348,0.57348,0.57348
1782072600000,0.57348,0.57348,0.57348,0.57348
1782072660000,0.57348,0.57348,0.57348,0.57348
1782072720000,0.57348,0.57348,0.57348,0.57348
1782072780000,0.57348,0.57348,0.57348,0.57348
1782072840000,0.57348,0.57348,0.57348,0.57348
1782072900000,0.57348,0.57348,0.57348,0.57348
1782072960000,0.57348,0.57348,0.57348,0.57348
1782073020000,0.57348,0.57348,0.57348,0.57348
1782073080000,0.57348,0.57348,0.57348,0.57348
1782073140000,0.57348,0.57348,0.57348,0.57348
1782073200000,0.57348,0.57348,0.57348,0.57348
1782073260000,0.57348,0.57348,0.57348,0.57348
1782073320000,0.57348,0.57348,0.57348,0.57348
1782073380000,0.57348,0.57348,0.57348,0.57348
1782073440000,0.57348,0.57348,0.57348,0.57348
1782073500000,0.57348,0.57348,0.57348,0.57348
1782073560000,0.57348,0.57348,0.57348,0.57348
1782073620000,0.57348,0.57348,0.57348,0.57348
1782073680000,0.57348,0.57348,0.57348,0.57348
1782073740000,0.57348,0.57348,0.57348,0.57348
1782073800000,0.57348,0.57348,0.57348,0.57348
1782073860000,0.57348,0.57348,0.57348,0.57348
1782073920000,0.57348,0.57348,0.57348,0.57348
1782073980000,0.57348,0.57348,0.57348,0.57348
1782074040000,0.57348,0.57348,0.57348,0.57348
1782074100000,0.57348,0.57348,0.57348,0.57348
1782074160000,0.57348,0.57348,0.57348,0.57348
1782074220000,0.57348,0.57348,0.57348,0.57348
1782074280000,0.57348,0.57348,0.57348,0.57348
1782074340000,0.57348,0.57348,0.57348,0.57348
1782074400000,0.57348,0.57348,0.57348,0.57348
1782074460000,0.57348,0.57348,0.57348,0.57348
1782074520000,0.57348,0.57348,0.57348,0.57348
1782074580000,0.57348,0.57348,0.57348,0.57348
1782074640000,0.57348,0.57348,0.57348,0.57348
1782074700000,0.57348,0.57348,0.57348,0.57348
1782074760000,0.57348,0.57348,0.57348,0.57348
1782074820000,0.57348,0.57348,0.57348,0.57348
1782074880000,0.57348,0.57348,0.57348,0.57348
1782074940000,0.57348,0.57348,0.57348,0.57348
1782075000000,0.57348,0.57348,0.57348,0.57348
1782075060000,0.57348,0.57348,0.57348,0.57348
1782075120000,0.57348,0.57348,0.57348,0.57348
1782075180000,0.57348,0.57348,0.57348,0.57348
1782075240000,0.57348,0.57348,0.57348,0.57348
1782075300000,0.57348,0.57348,0.57348,0.57348
1782075360000,0.57348,0.57348,0.57348,0.57348
1782075420000,0.57348,0.57348,0.57348,0.57348
1782075480000,0.57348,0.57348,0.57348,0.57348
1782075540000,0.57348,0.57348,0.57348,0.57348
1782075600000,0.5727,0.5727,0.57256,0.5726
1782075660000,0.5726,0.5726,0.5726,0.5726
1782075720000,0.5726,0.5726,0.5726,0.5726
1782075780000,0.5726,0.5726,0.5726,0.5726
1782075840000,0.57235,0.57291,0.57235,0.57291
1782075900000,0.57288,0.57313,0.57288,0.57313
1782075960000,0.57304,0.57308,0.57304,0.57308
1782076020000,0.57313,0.57313,0.57291,0.57291
1782076080000,0.57302,0.57304,0.57302,0.57304
1782076140000,0.57304,0.57304,0.57304,0.57304
1782076200000,0.57295,0.573,0.57295,0.573
1782076260000,0.57299,0.57299,0.57299,0.57299
1782076320000,0.57293,0.57305,0.57293,0.57304
1782076380000,0.57305,0.57305,0.57305,0.57305
1782076440000,0.57304,0.57304,0.57304,0.57304
1782076500000,0.57307,0.57307,0.57307,0.57307
1782076560000,0.57304,0.57304,0.57304,0.57304
1782076620000,0.57305,0.57305,0.57305,0.57305
1782076680000,0.57305,0.57305,0.57305,0.57305
1782076740000,0.57305,0.57305,0.57305,0.57305
1782076800000,0.57309,0.57309,0.57282,0.57282
1782076860000,0.57283,0.57283,0.57283,0.57283
1782076920000,0.57277,0.57278,0.57276,0.57278
1782076980000,0.57278,0.57284,0.57278,0.57284
1782077040000,0.57284,0.57285,0.57284,0.57285
1782077100000,0.57284,0.57286,0.57283,0.57286
1782077160000,0.57285,0.57285,0.57285,0.57285
1782077220000,0.57286,0.57287,0.57286,0.57287
1782077280000,0.57287,0.57287,0.57287,0.57287
1782077340000,0.57285,0.57286,0.57285,0.57286
1782077400000,0.57287,0.57287,0.57286,0.57286
1782077460000,0.57286,0.57287,0.57286,0.57286
1782077520000,0.57286,0.57286,0.57286,0.57286
1782077580000,0.57281,0.57322,0.57281,0.57312
1782077640000,0.57317,0.5734,0.57313,0.57333
1782077700000,0.57336,0.57343,0.57336,0.57343
1782077760000,0.57345,0.57347,0.57342,0.57343
1782077820000,0.57343,0.57344,0.57341,0.57341
1782077880000,0.57333,0.57342,0.57333,0.57342
1782077940000,0.57341,0.57341,0.57341,0.57341
1782078000000,0.57341,0.57342,0.57341,0.57342
1782078060000,0.57342,0.57342,0.57342,0.57342
1782078120000,0.57333,0.57343,0.57333,0.57343
1782078180000,0.57341,0.57342,0.57341,0.57341
1782078240000,0.57341,0.57341,0.57341,0.57341
1782078300000,0.57332,0.57341,0.57332,0.57341
1782078360000,0.5734,0.57344,0.5734,0.57341
1782078420000,0.57343,0.57344,0.57338,0.57344
1782078480000,0.57344,0.57345,0.57344,0.57345
1782078540000,0.57345,0.57345,0.57345,0.57345
1782078600000,0.5735,0.5735,0.57349,0.5735
1782078660000,0.57354,0.57355,0.57354,0.57354
1782078720000,0.57356,0.57357,0.57356,0.57357
1782078780000,0.57357,0.57357,0.57357,0.57357
1782078840000,0.57359,0.57359,0.57306,0.5731
1782078900000,0.57309,0.5732,0.57301,0.57302
1782078960000,0.57301,0.57301,0.57294,0.57294
1782079020000,0.57295,0.57298,0.57294,0.57294
1782079080000,0.57295,0.57295,0.57294,0.57294
1782079140000,0.57294,0.57295,0.57292,0.57294
1782079200000,0.57301,0.57323,0.57296,0.57302
1782079260000,0.57301,0.57317,0.57301,0.57316
1782079320000,0.57316,0.57325,0.57312,0.57322
1782079380000,0.57319,0.57327,0.57316,0.57324
1782079440000,0.57323,0.5733,0.57319,0.5733
1782079500000,0.57329,0.57342,0.57323,0.57324
1782079560000,0.57324,0.57334,0.5732,0.57323
1782079620000,0.57323,0.57327,0.57319,0.57322
1782079680000,0.57321,0.57323,0.57305,0.57311
1782079740000,0.57308,0.57312,0.573,0.57308
1782079800000,0.57308,0.5731,0.57305,0.57309
1782079860000,0.57307,0.5731,0.57305,0.57308
1782079920000,0.57305,0.57306,0.57301,0.57304
1782079980000,0.57301,0.57307,0.57301,0.57305
1782080040000,0.57303,0.57307,0.57303,0.57306
1782080100000,0.57308,0.57312,0.57302,0.57302
1782080160000,0.57304,0.57306,0.57301,0.57304
1782080220000,0.57303,0.57305,0.573,0.57303
1782080280000,0.57302,0.5731,0.57302,0.57309
1782080340000,0.57307,0.5731,0.57305,0.5731
1782080400000,0.57308,0.57323,0.57308,0.57319
1782080460000,0.57316,0.57317,0.57316,0.57316
1782080520000,0.57317,0.57317,0.57316,0.57316
1782080580000,0.57318,0.57319,0.57316,0.57319
1782080640000,0.57319,0.57319,0.57315,0.57318
1782080700000,0.57318,0.57319,0.57318,0.57318
1782080760000,0.57318,0.57321,0.57317,0.57319
1782080820000,0.57319,0.57319,0.57317,0.57317
1782080880000,0.57317,0.57319,0.57311,0.57315
1782080940000,0.57314,0.57316,0.5731,0.5731
1782081000000,0.57312,0.57318,0.57312,0.57317
1782081060000,0.57317,0.5732,0.57315,0.57315
1782081120000,0.57316,0.57318,0.57316,0.57318
1782081180000,0.57317,0.57317,0.57304,0.57306
1782081240000,0.57306,0.57313,0.57305,0.57311
1782081300000,0.57311,0.57312,0.573,0.57302
1782081360000,0.57303,0.57315,0.57302,0.57315
1782081420000,0.57314,0.57315,0.57311,0.57314
1782081480000,0.57314,0.57315,0.57313,0.57314
1782081540000,0.57314,0.57314,0.57309,0.57314
1782081600000,0.57316,0.57316,0.57314,0.57314
1782081660000,0.57315,0.57317,0.57314,0.57315
1782081720000,0.57314,0.57314,0.57314,0.57314
1782081780000,0.57314,0.5732,0.57312,0.57319
1782081840000,0.57318,0.57319,0.57318,0.57318
1782081900000,0.57319,0.5732,0.57318,0.5732
1782081960000,0.57322,0.57323,0.57317,0.57321
1782082020000,0.57322,0.57322,0.57316,0.57319
1782082080000,0.5732,0.57323,0.57318,0.57323
1782082140000,0.5732,0.57329,0.5732,0.57329
1782082200000,0.57329,0.57334,0.57326,0.57331
1782082260000,0.57329,0.57333,0.57327,0.57327
1782082320000,0.57328,0.57328,0.57321,0.57321
1782082380000,0.57322,0.57327,0.57321,0.57327
1782082440000,0.57327,0.57327,0.57327,0.57327
1782082500000,0.57322,0.57327,0.57322,0.57327
1782082560000,0.57327,0.57327,0.57327,0.57327
1782082620000,0.57321,0.57329,0.57318,0.57329
1782082680000,0.57328,0.57328,0.57324,0.57326
1782082740000,0.57327,0.57328,0.57324,0.57327
1782082800000,0.57328,0.57337,0.57323,0.57337
1782082860000,0.57336,0.57336,0.57318,0.57326
1782082920000,0.57322,0.57328,0.5732,0.57325
1782082980000,0.57323,0.57331,0.57321,0.5733
1782083040000,0.57327,0.57332,0.57325,0.57328
1782083100000,0.57327,0.57329,0.57322,0.57327
1782083160000,0.57328,0.57331,0.57323,0.57326
1782083220000,0.57324,0.57345,0.57324,0.57345
1782083280000,0.57345,0.57347,0.57342,0.57342
1782083340000,0.57342,0.57357,0.57341,0.57353
1782083400000,0.57353,0.57356,0.57346,0.57349
1782083460000,0.57351,0.57351,0.57345,0.57349
1782083520000,0.57348,0.57349,0.57343,0.57344
1782083580000,0.57345,0.57347,0.57342,0.57343
1782083640000,0.57341,0.57341,0.57333,0.57333
1782083700000,0.57333,0.57336,0.57332,0.57333
1782083760000,0.57332,0.57334,0.57329,0.57332
1782083820000,0.57334,0.57336,0.57332,0.57336
1782083880000,0.57335,0.5734,0.57333,0.57339
1782083940000,0.57339,0.57342,0.57332,0.57332
1782084000000,0.57334,0.57339,0.57329,0.57337
1782084060000,0.57336,0.57337,0.5733,0.57336
1782084120000,0.57336,0.57336,0.57336,0.57336
1782084180000,0.57337,0.57343,0.57337,0.57343
1782084240000,0.57343,0.57343,0.57338,0.5734
1782084300000,0.57342,0.57342,0.57337,0.57337
1782084360000,0.57336,0.57339,0.57336,0.57339
1782084420000,0.57337,0.57337,0.57336,0.57336
1782084480000,0.57337,0.57339,0.57336,0.57337
1782084540000,0.57337,0.57343,0.57337,0.57343
1782084600000,0.57345,0.57345,0.57332,0.57337
1782084660000,0.57337,0.57337,0.57331,0.57331
1782084720000,0.57332,0.57333,0.5733,0.5733
1782084780000,0.57329,0.57329,0.57327,0.57329
1782084840000,0.57328,0.5733,0.57327,0.5733
1782084900000,0.57327,0.57327,0.5732,0.57321
1782084960000,0.5732,0.5732,0.5731,0.57315
1782085020000,0.57315,0.5732,0.57315,0.57318
1782085080000,0.57318,0.57319,0.57316,0.57318
1782085140000,0.57319,0.57321,0.57317,0.5732
1782085200000,0.57318,0.57318,0.5731,0.57311
1782085260000,0.57312,0.57312,0.5731,0.5731
1782085320000,0.5731,0.5731,0.57304,0.57305
1782085380000,0.57306,0.57309,0.57306,0.57309
1782085440000,0.57309,0.57309,0.57309,0.57309
1782085500000,0.5731,0.57312,0.57306,0.5731
1782085560000,0.5731,0.5731,0.57307,0.57309
1782085620000,0.57307,0.57308,0.573,0.57303
1782085680000,0.57301,0.57303,0.57296,0.57299
1782085740000,0.57299,0.57301,0.5729,0.5729
1782085800000,0.57292,0.57294,0.5729,0.57294
1782085860000,0.57292,0.57299,0.57292,0.57295
1782085920000,0.57299,0.57299,0.5729,0.57295
1782085980000,0.57295,0.57296,0.57291,0.57295
1782086040000,0.57296,0.57297,0.57291,0.57292
1782086100000,0.57294,0.57305,0.57293,0.57304
1782086160000,0.57303,0.57308,0.57303,0.57308
1782086220000,0.5731,0.5732,0.5731,0.5732
1782086280000,0.57319,0.57327,0.57318,0.57325
1782086340000,0.57324,0.57333,0.57324,0.57333
1782086400000,0.57335,0.57345,0.57334,0.5734
1782086460000,0.57341,0.57356,0.5734,0.57356
1782086520000,0.57356,0.57356,0.5734,0.57342
1782086580000,0.57342,0.57354,0.57341,0.57343
1782086640000,0.57344,0.57349,0.57342,0.57349
1782086700000,0.57349,0.57351,0.57337,0.57342
1782086760000,0.57341,0.57345,0.57338,0.5734
1782086820000,0.5734,0.57341,0.57338,0.57341
1782086880000,0.57342,0.57346,0.5734,0.57341
1782086940000,0.5734,0.57354,0.5734,0.5735
1782087000000,0.5735,0.57354,0.5734,0.57341
1782087060000,0.57341,0.57341,0.57334,0.57334
1782087120000,0.57334,0.57344,0.5733,0.57344
1782087180000,0.57344,0.57347,0.57324,0.57329
1782087240000,0.5733,0.57334,0.57328,0.57332
1782087300000,0.57332,0.57342,0.57332,0.57332
1782087360000,0.57331,0.57341,0.5733,0.57337
1782087420000,0.57336,0.57342,0.57331,0.57334
1782087480000,0.57336,0.57348,0.57336,0.57345
1782087540000,0.57344,0.57344,0.57335,0.57339
1782087600000,0.5734,0.5734,0.57333,0.57336
1782087660000,0.57336,0.57336,0.57328,0.57329
1782087720000,0.57328,0.57333,0.57323,0.57328
1782087780000,0.5733,0.57333,0.57328,0.57332
1782087840000,0.57333,0.57336,0.57325,0.57332
1782087900000,0.5733,0.57335,0.57329,0.57335
1782087960000,0.57335,0.57342,0.57333,0.57342
1782088020000,0.5734,0.57345,0.57335,0.57344
1782088080000,0.57343,0.57343,0.57329,0.57329
1782088140000,0.5733,0.57343,0.5733,0.5734
1782088200000,0.57342,0.57346,0.5734,0.5734
1782088260000,0.57338,0.5734,0.57335,0.57335
1782088320000,0.57335,0.57337,0.57333,0.57333
1782088380000,0.57333,0.57335,0.57325,0.57329
1782088440000,0.57328,0.57333,0.57325,0.57327
1782088500000,0.57327,0.57333,0.57327,0.57332
1782088560000,0.57331,0.57332,0.57328,0.5733
1782088620000,0.5733,0.5733,0.57325,0.57329
1782088680000,0.57328,0.57337,0.57326,0.57336
1782088740000,0.57335,0.57336,0.57333,0.57333
1782088800000,0.57333,0.57333,0.57327,0.57329
1782088860000,0.57329,0.57333,0.5731,0.57311
1782088920000,0.57311,0.57312,0.57304,0.57311
1782088980000,0.57312,0.5732,0.57309,0.5732
1782089040000,0.57319,0.57323,0.57314,0.57314
1782089100000,0.57314,0.57321,0.57314,0.57317
1782089160000,0.57316,0.57316,0.5731,0.5731
1782089220000,0.57308,0.57314,0.57305,0.57307
1782089280000,0.57307,0.57309,0.57305,0.57305
1782089340000,0.57305,0.57315,0.57305,0.57313
1782089400000,0.57312,0.57312,0.57307,0.57311
1782089460000,0.57312,0.57313,0.57308,0.57312
1782089520000,0.57312,0.5732,0.57311,0.57311
1782089580000,0.57309,0.5731,0.57304,0.57308
1782089640000,0.57308,0.5732,0.57307,0.5732
1782089700000,0.57322,0.57349,0.57319,0.57341
1782089760000,0.57339,0.57342,0.57334,0.57339
1782089820000,0.57339,0.57349,0.57338,0.57348
1782089880000,0.57349,0.57351,0.57343,0.57349
1782089940000,0.57351,0.57358,0.5735,0.57357
1782090000000,0.57359,0.57383,0.57356,0.57366
1782090060000,0.57367,0.57373,0.57354,0.57361
1782090120000,0.5736,0.57373,0.5736,0.57373
1782090180000,0.57372,0.57384,0.57371,0.57384
1782090240000,0.57384,0.57391,0.57375,0.57388
1782090300000,0.57388,0.57404,0.57388,0.57393
1782090360000,0.57393,0.57393,0.5738,0.57385
1782090420000,0.57386,0.57399,0.57386,0.57397
1782090480000,0.57398,0.57398,0.57389,0.57393
1782090540000,0.57394,0.57397,0.57389,0.5739
1782090600000,0.57388,0.57388,0.57378,0.57381
1782090660000,0.57381,0.57384,0.57377,0.57383
1782090720000,0.57382,0.57387,0.5738,0.57383
1782090780000,0.57383,0.57391,0.57381,0.57389
1782090840000,0.57389,0.57392,0.57386,0.57386
1782090900000,0.57388,0.5739,0.57375,0.57379
1782090960000,0.57379,0.5738,0.57371,0.57374
1782091020000,0.57372,0.57378,0.57369,0.57374
1782091080000,0.57373,0.57374,0.57368,0.5737
1782091140000,0.5737,0.57371,0.57363,0.57363
1782091200000,0.57365,0.57366,0.57358,0.57364
1782091260000,0.57364,0.57364,0.57353,0.57359
1782091320000,0.5736,0.5736,0.57353,0.57357
1782091380000,0.57356,0.5736,0.57353,0.5736
1782091440000,0.5736,0.57363,0.57355,0.57356
1782091500000,0.57356,0.57363,0.57354,0.57363
1782091560000,0.57364,0.57374,0.57358,0.5737
1782091620000,0.57373,0.57379,0.57369,0.57372
1782091680000,0.57372,0.57375,0.57369,0.57373
1782091740000,0.57372,0.57379,0.57368,0.57369
1782091800000,0.57369,0.57369,0.57347,0.57349
1782091860000,0.57348,0.57349,0.57339,0.57339
1782091920000,0.57338,0.5735,0.57338,0.57347
1782091980000,0.5735,0.57355,0.57349,0.57355
1782092040000,0.57355,0.5736,0.57351,0.57354
1782092100000,0.57353,0.57353,0.57341,0.57341
1782092160000,0.57341,0.57351,0.57339,0.5735
1782092220000,0.57351,0.57364,0.57351,0.57362
1782092280000,0.5736,0.57362,0.57355,0.57355
1782092340000,0.57357,0.57357,0.57348,0.5735
1782092400000,0.57348,0.57349,0.57341,0.57341
1782092460000,0.5734,0.57341,0.57336,0.57341
1782092520000,0.57341,0.57344,0.57333,0.57334
1782092580000,0.57334,0.57334,0.57328,0.57332
1782092640000,0.57334,0.57343,0.57334,0.57343
1782092700000,0.57344,0.57351,0.57344,0.57345
1782092760000,0.57344,0.57344,0.5733,0.57332
1782092820000,0.57334,0.57342,0.57334,0.57341
1782092880000,0.57343,0.57349,0.57341,0.57342
1782092940000,0.5734,0.57342,0.5733,0.57336
1782093000000,0.57335,0.5734,0.57335,0.57335
1782093060000,0.57333,0.57334,0.57329,0.57329
1782093120000,0.57329,0.57329,0.5732,0.5732
1782093180000,0.57319,0.57326,0.57319,0.57322
1782093240000,0.57322,0.57324,0.57321,0.57322
1782093300000,0.57321,0.57324,0.57316,0.57323
1782093360000,0.57322,0.57324,0.57321,0.57321
1782093420000,0.57321,0.57325,0.57316,0.57321
1782093480000,0.57322,0.57322,0.57311,0.57311
1782093540000,0.57312,0.57312,0.57307,0.57307
1782093600000,0.57308,0.57312,0.57296,0.57306
1782093660000,0.57305,0.57318,0.57305,0.57308
1782093720000,0.57308,0.57313,0.57304,0.57313
1782093780000,0.57314,0.57314,0.573,0.57302
1782093840000,0.57303,0.57316,0.57302,0.57315
1782093900000,0.57316,0.57326,0.57315,0.57325
1782093960000,0.57325,0.57325,0.5732,0.57325
1782094020000,0.57323,0.57331,0.57321,0.57327
1782094080000,0.57327,0.57334,0.57326,0.57326
1782094140000,0.57326,0.57326,0.57323,0.57325
1782094200000,0.57325,0.57325,0.5732,0.57325
1782094260000,0.57325,0.57325,0.57316,0.57316
1782094320000,0.57316,0.5732,0.57315,0.57315
1782094380000,0.57315,0.57315,0.57307,0.57307
1782094440000,0.57308,0.57311,0.57294,0.57294
1782094500000,0.57294,0.57294,0.57284,0.57289
1782094560000,0.5729,0.57295,0.57289,0.57291
1782094620000,0.5729,0.57295,0.57285,0.57289
1782094680000,0.57289,0.57295,0.57288,0.5729
1782094740000,0.57289,0.5729,0.57285,0.57285
1782094800000,0.57289,0.5729,0.57282,0.57284
1782094860000,0.57285,0.57287,0.5727,0.57275
1782094920000,0.57275,0.57291,0.57274,0.5729
1782094980000,0.57291,0.57297,0.57291,0.57291
1782095040000,0.57292,0.573,0.57291,0.57297
1782095100000,0.57297,0.57305,0.57296,0.57305
1782095160000,0.57305,0.57311,0.57299,0.57299
1782095220000,0.57299,0.573,0.5729,0.5729
1782095280000,0.57289,0.57296,0.57289,0.57295
1782095340000,0.57294,0.57295,0.5729,0.57295
1782095400000,0.57295,0.57309,0.57294,0.57309
1782095460000,0.57311,0.57312,0.573,0.573
1782095520000,0.57301,0.57306,0.573,0.57306
1782095580000,0.57306,0.57306,0.573,0.57301
1782095640000,0.57302,0.57327,0.57302,0.57325
1782095700000,0.57325,0.57327,0.57319,0.57319
1782095760000,0.5732,0.57321,0.57314,0.57321
1782095820000,0.57321,0.57322,0.57309,0.57314
1782095880000,0.57313,0.57313,0.57309,0.5731
1782095940000,0.57309,0.57309,0.57304,0.57304
1782096000000,0.57305,0.57309,0.57304,0.57304
1782096060000,0.57305,0.57309,0.57299,0.57299
1782096120000,0.57303,0.57303,0.573,0.573
1782096180000,0.573,0.57301,0.57294,0.57299
1782096240000,0.573,0.57302,0.57299,0.57301
1782096300000,0.573,0.57306,0.573,0.57301
1782096360000,0.57305,0.57306,0.57304,0.57305
1782096420000,0.57305,0.57305,0.57294,0.57294
1782096480000,0.57295,0.57301,0.57295,0.57298
1782096540000,0.573,0.57302,0.57294,0.573
1782096600000,0.573,0.57304,0.57299,0.57301
1782096660000,0.57303,0.57311,0.57303,0.57308
1782096720000,0.57307,0.57315,0.57305,0.57314
1782096780000,0.57313,0.5732,0.57313,0.57315
1782096840000,0.57315,0.57321,0.57315,0.5732
1782096900000,0.5732,0.57321,0.57315,0.57315
1782096960000,0.57316,0.57318,0.5731,0.57312
1782097020000,0.5731,0.57311,0.57308,0.57309
1782097080000,0.57309,0.57313,0.57303,0.57304
1782097140000,0.57306,0.57306,0.57294,0.57294
1782097200000,0.57294,0.573,0.5729,0.573
1782097260000,0.57299,0.57304,0.57294,0.57296
1782097320000,0.57295,0.57315,0.57295,0.57314
1782097380000,0.57315,0.5732,0.57313,0.57313
1782097440000,0.57311,0.57314,0.57309,0.5731
1782097500000,0.5731,0.57311,0.57309,0.5731
1782097560000,0.57309,0.57316,0.57309,0.57314
1782097620000,0.57317,0.5732,0.57317,0.57319
1782097680000,0.57319,0.57319,0.57309,0.57309
1782097740000,0.57306,0.57306,0.57299,0.573
1782097800000,0.57299,0.57299,0.5729,0.57299
1782097860000,0.57301,0.57309,0.57301,0.57301
1782097920000,0.573,0.57305,0.57294,0.57294
1782097980000,0.57295,0.57297,0.57289,0.57295
1782098040000,0.57295,0.57295,0.57293,0.57293
1782098100000,0.57294,0.57307,0.57293,0.57305
1782098160000,0.57305,0.57306,0.57302,0.57305
1782098220000,0.57305,0.57305,0.57295,0.57295
1782098280000,0.57296,0.57301,0.57296,0.57301
1782098340000,0.57301,0.5731,0.57299,0.57309
1782098400000,0.57309,0.57319,0.57309,0.57319
1782098460000,0.57319,0.57323,0.57311,0.57313
1782098520000,0.57315,0.57319,0.57312,0.57319
1782098580000,0.57321,0.57323,0.5732,0.5732
1782098640000,0.57318,0.57322,0.57318,0.57321
1782098700000,0.57321,0.57324,0.57315,0.57315
1782098760000,0.57318,0.57318,0.57304,0.57308
1782098820000,0.57307,0.57308,0.57304,0.57308
1782098880000,0.57309,0.57313,0.57308,0.57309
1782098940000,0.57309,0.57311,0.57308,0.57309
1782099000000,0.57309,0.57312,0.57306,0.57309
1782099060000,0.5731,0.57311,0.57302,0.57302
1782099120000,0.57302,0.57302,0.57293,0.57293
1782099180000,0.57291,0.57292,0.57287,0.57287
1782099240000,0.57288,0.57288,0.57282,0.57282
1782099300000,0.57285,0.57285,0.57279,0.5728
1782099360000,0.57279,0.57282,0.57274,0.57277
1782099420000,0.57277,0.5728,0.57275,0.57278
1782099480000,0.57277,0.57285,0.57277,0.57285
1782099540000,0.57285,0.57291,0.57285,0.57285
1782099600000,0.57286,0.57291,0.57286,0.57288
1782099660000,0.57289,0.5729,0.57287,0.57289
1782099720000,0.57289,0.5729,0.57283,0.57284
1782099780000,0.57284,0.57284,0.57281,0.57283
1782099840000,0.57284,0.57284,0.57284,0.57284
1782099900000,0.57287,0.57292,0.57287,0.57289
1782099960000,0.57291,0.57294,0.57291,0.57294
1782100020000,0.57293,0.57302,0.57293,0.57299
1782100080000,0.573,0.57304,0.57294,0.57296
1782100140000,0.57294,0.57296,0.57292,0.57292
1782100200000,0.57293,0.57294,0.57286,0.57287
1782100260000,0.57285,0.57288,0.57282,0.57288
1782100320000,0.57285,0.57289,0.57283,0.57289
1782100380000,0.57288,0.57288,0.57281,0.57288
1782100440000,0.57286,0.57286,0.57274,0.57275
1782100500000,0.57275,0.57275,0.57269,0.57269
1782100560000,0.57269,0.57271,0.57264,0.57264
1782100620000,0.57264,0.57264,0.57243,0.57243
1782100680000,0.57243,0.57255,0.57243,0.57253
1782100740000,0.57252,0.57261,0.57251,0.5726
1782100800000,0.57261,0.57266,0.57252,0.57252
1782100860000,0.57253,0.57254,0.57244,0.57247
1782100920000,0.57248,0.57248,0.57243,0.57248
1782100980000,0.57249,0.57255,0.57247,0.57254
1782101040000,0.57254,0.57254,0.57248,0.57249
1782101100000,0.57249,0.57252,0.57243,0.57245
1782101160000,0.57244,0.57246,0.57241,0.57243
1782101220000,0.57243,0.57248,0.57235,0.57238
1782101280000,0.57235,0.57235,0.57235,0.57235
1782101340000,0.57235,0.57243,0.57235,0.57243
1782101400000,0.57243,0.57248,0.57239,0.57246
1782101460000,0.57244,0.57251,0.57243,0.57251
1782101520000,0.57251,0.57262,0.57251,0.57261
1782101580000,0.57261,0.57266,0.57256,0.57262
1782101640000,0.57263,0.57268,0.57261,0.57261
1782101700000,0.57261,0.57266,0.57256,0.57259
1782101760000,0.57259,0.57262,0.57256,0.57261
1782101820000,0.57261,0.57261,0.57255,0.57255
1782101880000,0.57255,0.57257,0.57253,0.57254
1782101940000,0.57255,0.5726,0.57255,0.57256
1782102000000,0.57257,0.57263,0.57257,0.57263
1782102060000,0.57262,0.57262,0.5726,0.5726
1782102120000,0.5726,0.57267,0.5726,0.57266
1782102180000,0.57265,0.5727,0.57262,0.57262
1782102240000,0.57264,0.57264,0.5726,0.5726
1782102300000,0.57261,0.57264,0.57259,0.57261
1782102360000,0.57261,0.57264,0.57259,0.57259
1782102420000,0.57256,0.57256,0.57254,0.57254
1782102480000,0.57254,0.57264,0.5725,0.57264
1782102540000,0.57265,0.57265,0.57254,0.57255
1782102600000,0.57254,0.5726,0.57254,0.5726
1782102660000,0.57262,0.57266,0.5726,0.57261
1782102720000,0.57261,0.57264,0.57261,0.57262
1782102780000,0.57262,0.57266,0.57262,0.57266
1782102840000,0.57266,0.57269,0.57264,0.57266
1782102900000,0.57266,0.57266,0.57265,0.57265
1782102960000,0.57265,0.57265,0.57259,0.57259
1782103020000,0.5726,0.57262,0.57255,0.57258
1782103080000,0.57259,0.57259,0.57257,0.57258
1782103140000,0.5726,0.57261,0.57254,0.57258
1782103200000,0.57258,0.57259,0.57255,0.57257
1782103260000,0.57258,0.57258,0.57249,0.57249
1782103320000,0.5725,0.57252,0.57248,0.57249
1782103380000,0.57249,0.5725,0.57246,0.57247
1782103440000,0.57245,0.57249,0.57244,0.57249
1782103500000,0.5725,0.57254,0.57248,0.57254
1782103560000,0.57254,0.57267,0.57253,0.57261
1782103620000,0.57259,0.57262,0.57249,0.5725
1782103680000,0.57247,0.57248,0.57242,0.57242
1782103740000,0.57242,0.57249,0.57241,0.57249
1782103800000,0.57246,0.57248,0.57243,0.57248
1782103860000,0.57247,0.57251,0.57247,0.57249
1782103920000,0.5725,0.5725,0.57247,0.57249
1782103980000,0.5725,0.57254,0.57249,0.57254
1782104040000,0.57252,0.57252,0.57249,0.57249
1782104100000,0.57249,0.57249,0.57241,0.57243
1782104160000,0.57245,0.57247,0.57244,0.57245
1782104220000,0.57244,0.57256,0.57242,0.57253
1782104280000,0.57251,0.57253,0.57247,0.57247
1782104340000,0.57248,0.57252,0.57247,0.57252
1782104400000,0.57255,0.57262,0.57254,0.57262
1782104460000,0.5726,0.57265,0.57259,0.5726
1782104520000,0.57259,0.57271,0.57259,0.57271
1782104580000,0.57273,0.57276,0.57271,0.57271
1782104640000,0.57273,0.5728,0.57271,0.57276
1782104700000,0.57279,0.57279,0.57266,0.57269
1782104760000,0.57269,0.5727,0.57266,0.5727
1782104820000,0.5727,0.57271,0.57266,0.5727
1782104880000,0.5727,0.57271,0.5727,0.5727
1782104940000,0.57268,0.57268,0.57261,0.57263
1782105000000,0.57262,0.57272,0.57262,0.57272
1782105060000,0.57271,0.57272,0.57268,0.57269
1782105120000,0.57271,0.57275,0.57269,0.57275
1782105180000,0.57274,0.57282,0.57274,0.5728
1782105240000,0.57279,0.57279,0.57269,0.57269
1782105300000,0.5727,0.57274,0.57269,0.57274
1782105360000,0.57274,0.57278,0.5727,0.5727
1782105420000,0.5727,0.57274,0.57269,0.57272
1782105480000,0.57271,0.57274,0.57269,0.57271
1782105540000,0.5727,0.57276,0.5727,0.57276
1782105600000,0.57276,0.57277,0.57275,0.57277
1782105660000,0.57277,0.57279,0.57272,0.57276
1782105720000,0.57276,0.57279,0.57275,0.57279
1782105780000,0.57279,0.57291,0.57277,0.5729
1782105840000,0.5729,0.57294,0.5729,0.57294
1782105900000,0.57295,0.57296,0.57295,0.57296
1782105960000,0.57295,0.573,0.57289,0.57289
1782106020000,0.57289,0.57293,0.57289,0.57293
1782106080000,0.57292,0.57295,0.57281,0.57282
1782106140000,0.57282,0.57294,0.57282,0.57294
1782106200000,0.57296,0.57296,0.57287,0.57287
1782106260000,0.57289,0.57289,0.57284,0.57286
1782106320000,0.57286,0.5729,0.57286,0.5729
1782106380000,0.57293,0.57302,0.57293,0.57299
1782106440000,0.573,0.57306,0.57299,0.57305
1782106500000,0.57307,0.5731,0.57306,0.5731
1782106560000,0.57309,0.57313,0.57309,0.57313
1782106620000,0.57312,0.57319,0.5731,0.57318
1782106680000,0.57316,0.57319,0.5731,0.5731
1782106740000,0.57311,0.57314,0.57307,0.57308
1782106800000,0.57309,0.57311,0.57292,0.57295
1782106860000,0.57294,0.57295,0.57287,0.5729
1782106920000,0.57289,0.57299,0.57288,0.57298
1782106980000,0.57297,0.57303,0.57296,0.57298
1782107040000,0.57299,0.57299,0.57289,0.5729
1782107100000,0.57289,0.57289,0.57287,0.57287
1782107160000,0.57288,0.57288,0.57276,0.57279
1782107220000,0.57279,0.5728,0.57276,0.57277
1782107280000,0.57277,0.57277,0.57272,0.57273
1782107340000,0.57272,0.57278,0.57269,0.57275
1782107400000,0.57274,0.57278,0.57268,0.57278
1782107460000,0.57278,0.57279,0.57269,0.57275
1782107520000,0.57273,0.5728,0.57273,0.57276
1782107580000,0.57276,0.57288,0.57276,0.5728
1782107640000,0.57279,0.57285,0.57274,0.57274
1782107700000,0.57274,0.57277,0.5727,0.57271
1782107760000,0.57268,0.57272,0.57265,0.57268
1782107820000,0.57268,0.57271,0.57253,0.57265
1782107880000,0.57264,0.57272,0.57259,0.57271
1782107940000,0.57269,0.57271,0.5725,0.57258
1782108000000,0.57258,0.57264,0.57251,0.5726
1782108060000,0.5726,0.57268,0.57256,0.57267
1782108120000,0.57266,0.57281,0.57266,0.57276
1782108180000,0.57275,0.57286,0.57269,0.57269
1782108240000,0.57269,0.57285,0.57266,0.57285
1782108300000,0.57286,0.5729,0.57277,0.57288
1782108360000,0.57287,0.57287,0.57283,0.57287
1782108420000,0.57283,0.57299,0.57282,0.57296
1782108480000,0.57296,0.57303,0.57292,0.57298
1782108540000,0.57298,0.57312,0.57297,0.57311
1782108600000,0.57311,0.57316,0.57306,0.57315
1782108660000,0.57312,0.57313,0.57298,0.57298
1782108720000,0.57298,0.573,0.57289,0.57296
1782108780000,0.57297,0.57301,0.57291,0.573
1782108840000,0.573,0.57311,0.57296,0.5731
1782108900000,0.57307,0.57315,0.57303,0.57305
1782108960000,0.57305,0.57307,0.57302,0.57306
1782109020000,0.57305,0.5731,0.573,0.57304
1782109080000,0.57302,0.57307,0.57296,0.57306
1782109140000,0.57305,0.57306,0.57297,0.57301
1782109200000,0.57301,0.57308,0.57297,0.57306
1782109260000,0.57306,0.57307,0.57291,0.57294
1782109320000,0.57294,0.57298,0.57291,0.57293
1782109380000,0.57292,0.57294,0.5729,0.57292
1782109440000,0.57294,0.57299,0.57292,0.57299
1782109500000,0.573,0.57306,0.5729,0.57302
1782109560000,0.57302,0.57308,0.57302,0.57306
1782109620000,0.57307,0.57307,0.57305,0.57306
1782109680000,0.57306,0.57307,0.57291,0.57292
1782109740000,0.57291,0.57309,0.57291,0.57292
1782109800000,0.5729,0.57294,0.57275,0.57286
1782109860000,0.57286,0.57286,0.57276,0.5728
1782109920000,0.57279,0.57286,0.57261,0.57272
1782109980000,0.57274,0.5728,0.57271,0.57279
1782110040000,0.57279,0.5728,0.57275,0.57275
1782110100000,0.57275,0.57283,0.57275,0.57283
1782110160000,0.57284,0.57286,0.5728,0.57281
1782110220000,0.57281,0.57283,0.57277,0.57279
1782110280000,0.57278,0.57279,0.57265,0.57266
1782110340000,0.57268,0.57268,0.57254,0.57258
1782110400000,0.57257,0.57261,0.57253,0.57258
1782110460000,0.57259,0.5727,0.57258,0.5727
1782110520000,0.5727,0.5727,0.57266,0.57268
1782110580000,0.57267,0.57267,0.57261,0.57261
1782110640000,0.57261,0.57263,0.57259,0.5726
1782110700000,0.57259,0.5726,0.57255,0.5726
1782110760000,0.5726,0.57261,0.57254,0.57254
1782110820000,0.57256,0.57257,0.57251,0.57255
1782110880000,0.57257,0.5726,0.57256,0.57256
1782110940000,0.57257,0.57257,0.57253,0.57253
1782111000000,0.57254,0.57265,0.57254,0.57265
1782111060000,0.57266,0.57285,0.57266,0.57275
1782111120000,0.57276,0.57277,0.57272,0.57272
1782111180000,0.57275,0.57291,0.57275,0.5729
1782111240000,0.57291,0.57295,0.5729,0.57295
1782111300000,0.57296,0.57311,0.57286,0.573
1782111360000,0.573,0.573,0.57294,0.57295
1782111420000,0.57295,0.57301,0.57282,0.57283
1782111480000,0.57281,0.57286,0.57278,0.57286
1782111540000,0.57286,0.57287,0.57283,0.57287
1782111600000,0.57289,0.57291,0.57285,0.57285
1782111660000,0.57287,0.57288,0.57274,0.57276
1782111720000,0.57276,0.57294,0.57273,0.57292
1782111780000,0.57292,0.57292,0.5728,0.57285
1782111840000,0.57284,0.57295,0.57284,0.57295
1782111900000,0.57294,0.57303,0.5729,0.57303
1782111960000,0.57302,0.57303,0.57284,0.57284
1782112020000,0.57285,0.57289,0.57283,0.57286
1782112080000,0.57286,0.5729,0.57286,0.57288
1782112140000,0.57289,0.57289,0.57281,0.57284
1782112200000,0.57286,0.57297,0.57286,0.57296
1782112260000,0.57296,0.57297,0.57276,0.57276
1782112320000,0.57277,0.57287,0.57277,0.57286
1782112380000,0.57286,0.57291,0.57282,0.57282
1782112440000,0.57285,0.57292,0.57281,0.57292
1782112500000,0.57293,0.57303,0.57293,0.57296
1782112560000,0.57296,0.57296,0.57285,0.57286
1782112620000,0.57287,0.57288,0.57281,0.57284
1782112680000,0.57284,0.5729,0.57284,0.57284
1782112740000,0.57285,0.57289,0.57282,0.57284
1782112800000,0.57284,0.57286,0.57276,0.57277
1782112860000,0.57276,0.57276,0.57268,0.57273
1782112920000,0.57272,0.57274,0.57269,0.57274
1782112980000,0.57273,0.57273,0.57259,0.57259
1782113040000,0.57259,0.57261,0.57255,0.57261
1782113100000,0.5726,0.5726,0.57255,0.57257
1782113160000,0.5726,0.57268,0.57256,0.57256
1782113220000,0.57255,0.57262,0.57254,0.57257
1782113280000,0.57256,0.57265,0.57255,0.57255
1782113340000,0.57255,0.57255,0.57239,0.57239
1782113400000,0.57236,0.57236,0.57215,0.57221
1782113460000,0.57221,0.5723,0.57221,0.57224
1782113520000,0.57225,0.5723,0.5722,0.5723
1782113580000,0.5723,0.57241,0.57225,0.57226
1782113640000,0.57225,0.57232,0.57225,0.5723
1782113700000,0.57229,0.57231,0.57225,0.5723
1782113760000,0.5723,0.57231,0.57225,0.57225
1782113820000,0.57222,0.57224,0.57217,0.5722
1782113880000,0.57222,0.57225,0.57215,0.57215
1782113940000,0.57215,0.57221,0.57211,0.5722
1782114000000,0.5722,0.57225,0.5722,0.57222
1782114060000,0.57221,0.57227,0.57216,0.57219
1782114120000,0.57218,0.57221,0.57217,0.5722
1782114180000,0.5722,0.57222,0.57216,0.57222
1782114240000,0.57222,0.57227,0.57221,0.57225
1782114300000,0.57226,0.57228,0.57221,0.57226
1782114360000,0.57226,0.57226,0.57221,0.57226
1782114420000,0.57224,0.57224,0.57211,0.57211
1782114480000,0.57212,0.57215,0.57204,0.57204
1782114540000,0.57206,0.57216,0.57205,0.57216
1782114600000,0.57216,0.57226,0.57216,0.5722
1782114660000,0.57219,0.57221,0.57211,0.57219
1782114720000,0.57218,0.57222,0.57215,0.57217
1782114780000,0.57215,0.57215,0.57204,0.57208
1782114840000,0.57211,0.5722,0.57206,0.5722
1782114900000,0.57222,0.57231,0.57221,0.57227
1782114960000,0.57227,0.57227,0.57215,0.57215
1782115020000,0.57215,0.57215,0.5721,0.5721
1782115080000,0.5721,0.57227,0.5721,0.57216
1782115140000,0.57219,0.57224,0.57217,0.57217
1782115200000,0.57218,0.5723,0.57218,0.57226
1782115260000,0.57226,0.57227,0.57211,0.57213
1782115320000,0.57214,0.57221,0.5721,0.5721
1782115380000,0.57212,0.57221,0.57211,0.57212
1782115440000,0.57212,0.57212,0.57199,0.57211
1782115500000,0.5721,0.57213,0.57199,0.57204
1782115560000,0.57203,0.57204,0.57184,0.57186
1782115620000,0.57187,0.57194,0.57182,0.57186
1782115680000,0.57185,0.57191,0.57185,0.5719
1782115740000,0.57193,0.57201,0.57193,0.57199
1782115800000,0.57199,0.57199,0.57186,0.57191
1782115860000,0.5719,0.57194,0.57181,0.57189
1782115920000,0.57189,0.57198,0.57189,0.57196
1782115980000,0.572,0.57204,0.57198,0.57198
1782116040000,0.572,0.57201,0.57194,0.57195
1782116100000,0.57195,0.57202,0.57191,0.57201
1782116160000,0.57201,0.57202,0.57192,0.57192
1782116220000,0.57192,0.57198,0.57191,0.57197
1782116280000,0.57197,0.57198,0.5719,0.57197
1782116340000,0.57197,0.57209,0.57196,0.57203
1782116400000,0.57203,0.57212,0.57201,0.57212
1782116460000,0.57212,0.57237,0.57206,0.57235
1782116520000,0.57233,0.57245,0.5722,0.5722
1782116580000,0.57221,0.57227,0.57212,0.57225
1782116640000,0.57225,0.5723,0.57219,0.5722
1782116700000,0.5722,0.57227,0.57215,0.57227
1782116760000,0.57227,0.57228,0.5721,0.57213
1782116820000,0.57214,0.57217,0.57211,0.57213
1782116880000,0.57211,0.57213,0.57205,0.57209
1782116940000,0.57211,0.57214,0.57204,0.57206
1782117000000,0.57206,0.57207,0.57202,0.57205
1782117060000,0.57206,0.57217,0.57206,0.57215
1782117120000,0.57215,0.57218,0.57205,0.57212
1782117180000,0.57212,0.57215,0.57202,0.57207
1782117240000,0.57207,0.5722,0.57206,0.57219
1782117300000,0.57219,0.57236,0.57217,0.5723
1782117360000,0.57227,0.5723,0.57224,0.5723
1782117420000,0.57229,0.57231,0.57219,0.5722
1782117480000,0.57219,0.57221,0.57204,0.57204
1782117540000,0.57203,0.57212,0.57203,0.57206
1782117600000,0.57206,0.57214,0.57203,0.57206
1782117660000,0.57206,0.57214,0.57203,0.57208
1782117720000,0.57209,0.57219,0.57209,0.57215
1782117780000,0.57215,0.57217,0.57211,0.57215
1782117840000,0.57215,0.57222,0.57211,0.57221
1782117900000,0.57222,0.57227,0.57219,0.5722
1782117960000,0.5722,0.57223,0.57214,0.57219
1782118020000,0.5722,0.57229,0.57218,0.57225
1782118080000,0.57225,0.57233,0.57224,0.57232
1782118140000,0.57234,0.57237,0.57231,0.57237
1782118200000,0.57237,0.57242,0.5723,0.5723
1782118260000,0.57231,0.57232,0.57223,0.57223
1782118320000,0.57223,0.57229,0.5722,0.57225
1782118380000,0.57225,0.57233,0.57224,0.57232
1782118440000,0.5723,0.57231,0.57222,0.57225
1782118500000,0.57225,0.57229,0.57223,0.57224
1782118560000,0.57225,0.57226,0.57219,0.57219
1782118620000,0.57218,0.5722,0.57205,0.57205
1782118680000,0.57207,0.57216,0.57203,0.57216
1782118740000,0.57216,0.57216,0.57204,0.57209
1782118800000,0.57211,0.57213,0.57208,0.57213
1782118860000,0.57212,0.57226,0.57212,0.57224
1782118920000,0.57225,0.57232,0.5722,0.57231
1782118980000,0.5723,0.57244,0.57224,0.57244
1782119040000,0.57244,0.57264,0.57243,0.57258
1782119100000,0.57257,0.57282,0.57257,0.57281
1782119160000,0.57284,0.57306,0.57284,0.57301
1782119220000,0.57301,0.57302,0.5728,0.57281
1782119280000,0.57281,0.5729,0.5728,0.57285
1782119340000,0.57285,0.57289,0.57276,0.57286
1782119400000,0.57286,0.57291,0.57285,0.57291
1782119460000,0.5729,0.57291,0.57285,0.57286
1782119520000,0.57286,0.57292,0.57282,0.57286
1782119580000,0.57284,0.57286,0.57273,0.57273
1782119640000,0.57275,0.57287,0.57273,0.57284
1782119700000,0.57284,0.57287,0.5728,0.57282
1782119760000,0.57282,0.57287,0.57282,0.57285
1782119820000,0.57287,0.57292,0.57285,0.57291
1782119880000,0.5729,0.57295,0.57288,0.57292
1782119940000,0.57291,0.57301,0.57291,0.57301
1782120000000,0.57301,0.57303,0.57295,0.57295
1782120060000,0.57296,0.57296,0.57279,0.5729
1782120120000,0.57289,0.5729,0.57284,0.57284
1782120180000,0.57285,0.57288,0.57282,0.57285
1782120240000,0.57285,0.57296,0.57284,0.57291
1782120300000,0.5729,0.57296,0.5729,0.57291
1782120360000,0.57292,0.57294,0.5728,0.57284
1782120420000,0.57285,0.57285,0.57272,0.57273
1782120480000,0.57275,0.57276,0.57269,0.57272
1782120540000,0.57271,0.57283,0.57271,0.57282
1782120600000,0.57282,0.57282,0.57275,0.57275
1782120660000,0.57275,0.57278,0.57264,0.57271
1782120720000,0.5727,0.57273,0.57269,0.57269
1782120780000,0.57271,0.57297,0.5727,0.57296
1782120840000,0.57296,0.57301,0.57279,0.57279
1782120900000,0.57278,0.57282,0.57274,0.57279
1782120960000,0.57278,0.57285,0.57275,0.57278
1782121020000,0.57277,0.57277,0.57268,0.57269
1782121080000,0.57271,0.5728,0.5727,0.5728
1782121140000,0.57281,0.57284,0.57278,0.57278
1782121200000,0.57278,0.57283,0.57278,0.5728
1782121260000,0.57278,0.5728,0.57274,0.57274
1782121320000,0.57274,0.5728,0.57273,0.5728
1782121380000,0.57279,0.5728,0.57275,0.57276
1782121440000,0.57275,0.5728,0.57274,0.57276
1782121500000,0.57275,0.57281,0.57272,0.57281
1782121560000,0.57279,0.57282,0.57273,0.57274
1782121620000,0.57273,0.57295,0.57273,0.57289
1782121680000,0.57294,0.57299,0.57293,0.57296
1782121740000,0.57295,0.573,0.57294,0.57299
1782121800000,0.57299,0.57302,0.57298,0.573
1782121860000,0.57299,0.57305,0.57295,0.57303
1782121920000,0.57303,0.57303,0.57294,0.57303
1782121980000,0.57301,0.57303,0.57298,0.57299
1782122040000,0.57298,0.57299,0.57293,0.57295
1782122100000,0.57293,0.57294,0.57288,0.5729
1782122160000,0.57292,0.57296,0.57284,0.57284
1782122220000,0.57284,0.57286,0.57279,0.57279
1782122280000,0.57278,0.57281,0.57275,0.57276
1782122340000,0.57277,0.57277,0.57267,0.57267
1782122400000,0.57267,0.57274,0.57265,0.57269
1782122460000,0.57269,0.57272,0.57267,0.57269
1782122520000,0.57268,0.57278,0.57268,0.57269
1782122580000,0.57268,0.57269,0.57263,0.57265
1782122640000,0.57266,0.5727,0.57265,0.57268
1782122700000,0.57268,0.57273,0.57266,0.57272
1782122760000,0.57273,0.57283,0.57272,0.57277
1782122820000,0.57275,0.57293,0.57274,0.57284
1782122880000,0.57285,0.57293,0.57285,0.57292
1782122940000,0.57292,0.57321,0.57292,0.57299
1782123000000,0.57298,0.57306,0.57298,0.57299
1782123060000,0.57299,0.57308,0.57294,0.57306
1782123120000,0.57303,0.57303,0.57293,0.57294
1782123180000,0.57293,0.57299,0.57293,0.57299
1782123240000,0.57303,0.57306,0.57299,0.57299
1782123300000,0.57298,0.57299,0.57289,0.57291
1782123360000,0.57291,0.57297,0.5729,0.57295
1782123420000,0.57296,0.57299,0.57295,0.57298
1782123480000,0.57295,0.57295,0.57288,0.57288
1782123540000,0.57289,0.5729,0.57285,0.57286
1782123600000,0.57286,0.57293,0.57285,0.57291
1782123660000,0.57289,0.57289,0.57283,0.57287
1782123720000,0.57287,0.5729,0.57285,0.5729
1782123780000,0.57289,0.5729,0.57285,0.5729
1782123840000,0.57289,0.57297,0.57289,0.57294
1782123900000,0.57298,0.57306,0.57298,0.57304
1782123960000,0.57305,0.57305,0.57298,0.57298
1782124020000,0.57298,0.57303,0.57294,0.57301
1782124080000,0.573,0.57302,0.57293,0.57296
1782124140000,0.57294,0.57298,0.57293,0.57298
1782124200000,0.57299,0.57299,0.57287,0.57292
1782124260000,0.5729,0.5729,0.57285,0.57285
1782124320000,0.57286,0.573,0.57284,0.57296
1782124380000,0.57298,0.573,0.57292,0.57292
1782124440000,0.57291,0.57292,0.57285,0.57287
1782124500000,0.57287,0.57289,0.57281,0.57281
1782124560000,0.57283,0.57283,0.57277,0.57278
1782124620000,0.57277,0.57279,0.57274,0.57274
1782124680000,0.57275,0.57276,0.57272,0.57273
1782124740000,0.57272,0.57273,0.57269,0.57269
1782124800000,0.5727,0.57285,0.57269,0.57285
1782124860000,0.57285,0.57286,0.57283,0.57284
1782124920000,0.57286,0.57291,0.57284,0.57285
1782124980000,0.57284,0.57284,0.57279,0.5728
1782125040000,0.57281,0.57281,0.57275,0.57276
1782125100000,0.57276,0.57285,0.57276,0.57284
1782125160000,0.57284,0.57284,0.57275,0.57276
1782125220000,0.57276,0.57276,0.57269,0.57269
1782125280000,0.57271,0.57274,0.57267,0.57274
1782125340000,0.57274,0.57282,0.57274,0.57279
1782125400000,0.5728,0.57289,0.57279,0.57279
1782125460000,0.57279,0.57282,0.57279,0.5728
1782125520000,0.57281,0.57285,0.5728,0.57285
1782125580000,0.57284,0.57286,0.57283,0.57286
1782125640000,0.57286,0.57286,0.57279,0.5728
1782125700000,0.5728,0.57283,0.57275,0.57277
1782125760000,0.57276,0.57276,0.57271,0.57274
1782125820000,0.57274,0.57274,0.57265,0.57268
1782125880000,0.57267,0.57267,0.57258,0.57258
1782125940000,0.5726,0.57265,0.5726,0.57264
1782126000000,0.57264,0.57266,0.57255,0.57255
1782126060000,0.57256,0.57262,0.57256,0.57259
1782126120000,0.57258,0.57265,0.57255,0.5726
1782126180000,0.5726,0.57267,0.5726,0.57264
1782126240000,0.57264,0.57284,0.5726,0.57274
1782126300000,0.57277,0.573,0.57277,0.57296
1782126360000,0.57295,0.57325,0.57291,0.57314
1782126420000,0.57314,0.57319,0.57294,0.57294
1782126480000,0.57294,0.57302,0.57294,0.57301
1782126540000,0.57298,0.57298,0.5729,0.57291
1782126600000,0.57291,0.57291,0.57279,0.5728
1782126660000,0.57279,0.57281,0.57265,0.57273
1782126720000,0.57272,0.57272,0.57266,0.5727
1782126780000,0.57268,0.57273,0.57266,0.5727
1782126840000,0.57271,0.57275,0.57269,0.57269
1782126900000,0.57269,0.5727,0.57263,0.5727
1782126960000,0.5727,0.57273,0.57268,0.5727
1782127020000,0.57269,0.57272,0.57265,0.57267
1782127080000,0.57267,0.57271,0.57266,0.57269
1782127140000,0.57269,0.57271,0.57264,0.57271
1782127200000,0.5727,0.57271,0.57269,0.57271
1782127260000,0.57272,0.57275,0.5727,0.5727
1782127320000,0.57271,0.57271,0.57264,0.57269
1782127380000,0.57269,0.57269,0.57253,0.57263
1782127440000,0.57263,0.57264,0.5726,0.5726
1782127500000,0.5726,0.5726,0.57245,0.57245
1782127560000,0.57246,0.5725,0.57242,0.57246
1782127620000,0.57247,0.57254,0.57243,0.57252
1782127680000,0.5725,0.57257,0.5725,0.57257
1782127740000,0.57256,0.5726,0.57255,0.57257
1782127800000,0.5726,0.57262,0.57255,0.57261
1782127860000,0.5726,0.5726,0.57257,0.5726
1782127920000,0.57259,0.5727,0.57259,0.57269
1782127980000,0.5727,0.57276,0.57269,0.57271
1782128040000,0.57271,0.57273,0.5727,0.5727
1782128100000,0.57269,0.57271,0.57263,0.57265
1782128160000,0.57264,0.57265,0.57258,0.57259
1782128220000,0.57259,0.57267,0.57259,0.57265
1782128280000,0.57263,0.57263,0.57254,0.57261
1782128340000,0.57261,0.57264,0.57259,0.57261
1782128400000,0.57262,0.57265,0.57255,0.57255
1782128460000,0.57255,0.57258,0.57253,0.57257
1782128520000,0.57258,0.57258,0.57255,0.57258
1782128580000,0.57257,0.5726,0.57253,0.57257
1782128640000,0.57257,0.57263,0.57254,0.57262
1782128700000,0.57261,0.57262,0.57254,0.57257
1782128760000,0.57257,0.57259,0.57251,0.57253
1782128820000,0.57253,0.57264,0.57252,0.57262
1782128880000,0.57262,0.57263,0.57256,0.57261
1782128940000,0.57262,0.57269,0.57262,0.57266
1782129000000,0.57266,0.57266,0.57261,0.57261
1782129060000,0.57261,0.57262,0.57253,0.57253
1782129120000,0.57257,0.57259,0.57249,0.57254
1782129180000,0.57254,0.57256,0.57245,0.57246
1782129240000,0.57245,0.57249,0.57244,0.57249
1782129300000,0.57249,0.57253,0.57245,0.57251
1782129360000,0.57252,0.57252,0.57241,0.57241
1782129420000,0.57244,0.57246,0.57241,0.57243
1782129480000,0.57244,0.57245,0.57241,0.57244
1782129540000,0.57244,0.57247,0.5724,0.57246
1782129600000,0.57248,0.57257,0.57244,0.57247
1782129660000,0.57249,0.5725,0.57243,0.57246
1782129720000,0.57247,0.57252,0.57244,0.57252
1782129780000,0.57252,0.57277,0.57252,0.57276
1782129840000,0.57278,0.57288,0.57278,0.57281
1782129900000,0.57283,0.57292,0.5728,0.5728
1782129960000,0.57282,0.5729,0.57281,0.57286
1782130020000,0.57286,0.57296,0.57286,0.57296
1782130080000,0.57294,0.57306,0.57294,0.57305
1782130140000,0.57305,0.57305,0.57297,0.57299
1782130200000,0.57301,0.57301,0.57292,0.57293
1782130260000,0.57293,0.57311,0.57293,0.57311
1782130320000,0.57311,0.5732,0.57309,0.57313
1782130380000,0.57313,0.57317,0.57308,0.5731
1782130440000,0.57309,0.5731,0.57301,0.57303
1782130500000,0.57303,0.57314,0.57301,0.57311
1782130560000,0.57312,0.57314,0.57302,0.57304
1782130620000,0.57301,0.57302,0.57297,0.57302
1782130680000,0.573,0.57303,0.57298,0.57303
1782130740000,0.57304,0.57312,0.57304,0.5731
1782130800000,0.57309,0.57319,0.57309,0.57314
1782130860000,0.57315,0.57325,0.57313,0.57325
1782130920000,0.57326,0.57338,0.57326,0.57333
1782130980000,0.57333,0.5734,0.57329,0.57335
1782131040000,0.57337,0.57349,0.57337,0.57346
1782131100000,0.57346,0.57346,0.5734,0.57341
1782131160000,0.5734,0.5734,0.57329,0.57331
1782131220000,0.57331,0.57332,0.57326,0.57327
1782131280000,0.57328,0.57338,0.57327,0.57338
1782131340000,0.57338,0.57339,0.57335,0.57337
1782131400000,0.57337,0.57345,0.57329,0.57334
1782131460000,0.57333,0.57333,0.57322,0.57325
1782131520000,0.57325,0.57335,0.57325,0.57334
1782131580000,0.57335,0.57341,0.57326,0.5733
1782131640000,0.57327,0.57337,0.57326,0.57335
1782131700000,0.57336,0.57352,0.57335,0.57347
1782131760000,0.57347,0.57348,0.57341,0.57342
1782131820000,0.57342,0.57343,0.57335,0.57336
1782131880000,0.57336,0.57337,0.5733,0.57336
1782131940000,0.57336,0.57337,0.57332,0.57336
1782132000000,0.57336,0.57342,0.57331,0.5734
1782132060000,0.57341,0.57343,0.57336,0.57338
1782132120000,0.57338,0.57338,0.57331,0.57336
1782132180000,0.57337,0.57342,0.57336,0.57341
1782132240000,0.57342,0.57344,0.57338,0.5734
1782132300000,0.5734,0.5734,0.57326,0.57327
1782132360000,0.57327,0.57332,0.57319,0.5732
1782132420000,0.5732,0.57327,0.57319,0.57319
1782132480000,0.5732,0.57328,0.57318,0.57326
1782132540000,0.57325,0.57331,0.57322,0.57324
1782132600000,0.57322,0.57324,0.57317,0.5732
1782132660000,0.57319,0.5732,0.57313,0.57313
1782132720000,0.57315,0.57326,0.57312,0.57323
1782132780000,0.57321,0.57323,0.57318,0.57321
1782132840000,0.57319,0.57323,0.57318,0.57321
1782132900000,0.5732,0.57321,0.57314,0.57319
1782132960000,0.5732,0.57323,0.57308,0.57309
1782133020000,0.57309,0.57309,0.57299,0.57301
1782133080000,0.57301,0.57304,0.57295,0.57301
1782133140000,0.57302,0.57304,0.57291,0.57292
1782133200000,0.57294,0.57308,0.57283,0.57297
1782133260000,0.57297,0.57297,0.5727,0.57282
1782133320000,0.57282,0.57303,0.57279,0.57299
1782133380000,0.57298,0.57335,0.57297,0.57318
1782133440000,0.57319,0.57331,0.57314,0.57315
1782133500000,0.57316,0.57323,0.57308,0.57309
1782133560000,0.57309,0.57312,0.57292,0.57294
1782133620000,0.57294,0.57295,0.57281,0.57288
1782133680000,0.57287,0.57297,0.57285,0.57295
1782133740000,0.57295,0.57297,0.57289,0.57294
1782133800000,0.57294,0.57309,0.57292,0.57309
1782133860000,0.57308,0.57333,0.57301,0.57327
1782133920000,0.57325,0.57325,0.57311,0.57315
1782133980000,0.57317,0.57317,0.57303,0.57304
1782134040000,0.57304,0.57316,0.57304,0.57316
1782134100000,0.57315,0.57315,0.57301,0.57301
1782134160000,0.57302,0.57308,0.57295,0.57297
1782134220000,0.57298,0.57301,0.57293,0.57301
1782134280000,0.57302,0.57312,0.57302,0.57303
1782134340000,0.57303,0.57306,0.57299,0.57305
1782134400000,0.57303,0.57306,0.57295,0.57298
1782134460000,0.57299,0.57299,0.57284,0.57288
1782134520000,0.57287,0.57292,0.57285,0.57289
1782134580000,0.57289,0.57295,0.57289,0.57295
1782134640000,0.57294,0.573,0.57278,0.5728
1782134700000,0.57279,0.57285,0.5727,0.57272
1782134760000,0.57272,0.5728,0.5726,0.57262
1782134820000,0.57261,0.57266,0.5726,0.5726
1782134880000,0.5726,0.5727,0.57251,0.57251
1782134940000,0.57251,0.57256,0.57251,0.57254
1782135000000,0.57255,0.57261,0.57248,0.57258
1782135060000,0.57257,0.57264,0.57251,0.57254
1782135120000,0.57254,0.57274,0.57254,0.57265
1782135180000,0.57266,0.57267,0.57246,0.5725
1782135240000,0.57252,0.57264,0.57251,0.57254
1782135300000,0.57255,0.57264,0.57253,0.57264
1782135360000,0.57263,0.57274,0.57263,0.57269
1782135420000,0.57268,0.57281,0.57263,0.57279
1782135480000,0.57279,0.57288,0.57269,0.57269
1782135540000,0.57269,0.57278,0.57269,0.57277
1782135600000,0.57277,0.57279,0.57267,0.57267
1782135660000,0.57268,0.5727,0.57244,0.57247
1782135720000,0.57247,0.57256,0.57239,0.57249
1782135780000,0.5725,0.57252,0.5724,0.57242
1782135840000,0.57243,0.57253,0.5724,0.57248
1782135900000,0.57247,0.57256,0.5724,0.57247
1782135960000,0.57249,0.5726,0.57247,0.57255
1782136020000,0.57255,0.57272,0.57255,0.5727
1782136080000,0.57271,0.57274,0.57258,0.57259
1782136140000,0.57258,0.57263,0.57246,0.57251
1782136200000,0.57251,0.57251,0.57236,0.57238
1782136260000,0.5724,0.57241,0.57228,0.57233
1782136320000,0.57234,0.57236,0.57223,0.57224
1782136380000,0.57226,0.57238,0.57225,0.57236
1782136440000,0.57235,0.57238,0.57227,0.57228
1782136500000,0.57228,0.57241,0.57228,0.57235
1782136560000,0.57234,0.57234,0.57228,0.5723
1782136620000,0.5723,0.57234,0.5723,0.57234
1782136680000,0.57233,0.57235,0.57226,0.57228
1782136740000,0.57227,0.57228,0.57222,0.57224
1782136800000,0.57223,0.57228,0.57216,0.57225
1782136860000,0.57222,0.57226,0.57219,0.57225
1782136920000,0.57225,0.5723,0.57211,0.57211
1782136980000,0.57211,0.57219,0.57211,0.57219
1782137040000,0.57219,0.57236,0.57219,0.57235
1782137100000,0.57233,0.57234,0.57225,0.57226
1782137160000,0.57229,0.57231,0.57216,0.57219
1782137220000,0.57221,0.57255,0.57219,0.5724
1782137280000,0.5724,0.57291,0.5724,0.57271
1782137340000,0.57272,0.57274,0.57259,0.57259
1782137400000,0.57258,0.5727,0.57255,0.57259
1782137460000,0.57259,0.57259,0.57241,0.57246
1782137520000,0.57247,0.57274,0.57246,0.57272
1782137580000,0.57273,0.57285,0.57273,0.57283
1782137640000,0.57285,0.57286,0.57278,0.57279
1782137700000,0.5728,0.57292,0.57278,0.57286
1782137760000,0.57286,0.57299,0.57283,0.57297
1782137820000,0.57295,0.57297,0.57268,0.57269
1782137880000,0.5727,0.57277,0.57267,0.57268
1782137940000,0.57267,0.57276,0.57263,0.57265
1782138000000,0.57266,0.5727,0.5725,0.57259
1782138060000,0.5726,0.57277,0.57259,0.5727
1782138120000,0.57269,0.57274,0.57264,0.57272
1782138180000,0.57271,0.57275,0.57265,0.57269
1782138240000,0.57268,0.57277,0.57267,0.57276
1782138300000,0.57275,0.57279,0.57269,0.57271
1782138360000,0.57271,0.5728,0.57267,0.5728
1782138420000,0.57281,0.57289,0.5728,0.57282
1782138480000,0.57282,0.5729,0.57278,0.57281
1782138540000,0.57281,0.57286,0.57279,0.5728
1782138600000,0.5728,0.57284,0.5727,0.57275
1782138660000,0.57276,0.57287,0.57276,0.57283
1782138720000,0.57283,0.57283,0.57259,0.5726
1782138780000,0.5726,0.57265,0.57256,0.57262
1782138840000,0.57261,0.57267,0.57254,0.57254
1782138900000,0.57254,0.57263,0.57251,0.57263
1782138960000,0.57262,0.57268,0.57261,0.57262
1782139020000,0.57263,0.57263,0.57251,0.57258
1782139080000,0.57258,0.57266,0.57252,0.57253
1782139140000,0.57251,0.57259,0.57247,0.57253
1782139200000,0.57252,0.57265,0.57248,0.57265
1782139260000,0.57263,0.57264,0.5725,0.57257
1782139320000,0.57256,0.57266,0.57256,0.5726
1782139380000,0.5726,0.57285,0.57259,0.57276
1782139440000,0.57274,0.5728,0.57268,0.57271
1782139500000,0.57271,0.57301,0.57271,0.57285
1782139560000,0.57283,0.57309,0.57279,0.57308
1782139620000,0.5731,0.5731,0.57291,0.57291
1782139680000,0.57291,0.57304,0.57289,0.57297
1782139740000,0.57299,0.57312,0.57295,0.57308
1782139800000,0.57307,0.57313,0.573,0.57303
1782139860000,0.57302,0.57326,0.573,0.57317
1782139920000,0.57318,0.57326,0.5731,0.57326
1782139980000,0.57327,0.57331,0.57317,0.57321
1782140040000,0.57322,0.57322,0.57298,0.57301
1782140100000,0.57302,0.57302,0.57291,0.57297
1782140160000,0.57298,0.57307,0.57293,0.57305
1782140220000,0.57304,0.5732,0.57302,0.57314
1782140280000,0.57315,0.57331,0.57313,0.57324
1782140340000,0.57323,0.57323,0.57316,0.57318
1782140400000,0.57317,0.57333,0.57314,0.57333
1782140460000,0.57332,0.57335,0.57325,0.57332
1782140520000,0.57334,0.57337,0.57316,0.57332
1782140580000,0.57331,0.5734,0.57329,0.57332
1782140640000,0.57332,0.57347,0.57331,0.57345
1782140700000,0.57344,0.57347,0.57338,0.57344
1782140760000,0.57345,0.5735,0.57337,0.5734
1782140820000,0.57337,0.57344,0.57336,0.5734
1782140880000,0.5734,0.57352,0.57338,0.57348
1782140940000,0.57349,0.57352,0.57331,0.57332
1782141000000,0.57334,0.57345,0.57334,0.57334
1782141060000,0.57332,0.57341,0.57332,0.57337
1782141120000,0.57339,0.57339,0.5733,0.57336
1782141180000,0.57335,0.57337,0.57328,0.57336
1782141240000,0.57336,0.57336,0.57328,0.57329
1782141300000,0.57328,0.57333,0.57325,0.57332
1782141360000,0.57332,0.57337,0.5733,0.57332
1782141420000,0.57333,0.57334,0.57327,0.57332
1782141480000,0.57332,0.57334,0.57314,0.57314
1782141540000,0.57315,0.57318,0.5731,0.57318
1782141600000,0.57317,0.57317,0.57309,0.57313
1782141660000,0.57314,0.57318,0.57312,0.57314
1782141720000,0.57313,0.57319,0.57307,0.57309
1782141780000,0.57309,0.57318,0.57308,0.57318
1782141840000,0.57318,0.5732,0.5731,0.57311
1782141900000,0.57311,0.57317,0.57304,0.5731
1782141960000,0.57311,0.57312,0.57299,0.57304
1782142020000,0.57304,0.57309,0.57301,0.57308
1782142080000,0.57307,0.57307,0.57286,0.57291
1782142140000,0.57292,0.57298,0.5729,0.57293
1782142200000,0.57292,0.57297,0.5728,0.57288
1782142260000,0.5729,0.57292,0.57277,0.57279
1782142320000,0.57281,0.57284,0.57269,0.5727
1782142380000,0.57271,0.57282,0.57263,0.5727
1782142440000,0.5727,0.57273,0.57256,0.57259
1782142500000,0.5726,0.57266,0.57253,0.57262
1782142560000,0.57261,0.57263,0.57253,0.57258
1782142620000,0.5726,0.5726,0.57251,0.57253
1782142680000,0.57253,0.5726,0.57252,0.57252
1782142740000,0.57252,0.57256,0.5725,0.57252
1782142800000,0.57254,0.57262,0.57253,0.57256
1782142860000,0.57258,0.5726,0.57251,0.57252
1782142920000,0.57251,0.57258,0.57251,0.57254
1782142980000,0.57254,0.57255,0.5724,0.57245
1782143040000,0.57246,0.5725,0.57244,0.57244
1782143100000,0.57244,0.57244,0.57233,0.57237
1782143160000,0.57236,0.57241,0.57225,0.57225
1782143220000,0.57226,0.57231,0.57225,0.57227
1782143280000,0.57227,0.5723,0.57221,0.57221
1782143340000,0.57222,0.57222,0.5719,0.5719
1782143400000,0.5719,0.57206,0.5719,0.57206
1782143460000,0.57208,0.57208,0.57192,0.57201
1782143520000,0.572,0.57206,0.57198,0.57201
1782143580000,0.57201,0.57207,0.57196,0.57201
1782143640000,0.57201,0.57206,0.57194,0.57195
1782143700000,0.57193,0.57198,0.57192,0.57193
1782143760000,0.57195,0.57202,0.57195,0.57196
1782143820000,0.57196,0.57201,0.57192,0.57196
1782143880000,0.57196,0.57198,0.57189,0.5719
1782143940000,0.57193,0.57196,0.57191,0.57195
1782144000000,0.57195,0.57199,0.57188,0.57199
1782144060000,0.57198,0.57198,0.57179,0.57184
1782144120000,0.57184,0.57187,0.57166,0.57168
1782144180000,0.57168,0.5717,0.57158,0.57161
1782144240000,0.57157,0.57163,0.57151,0.57159
1782144300000,0.57159,0.57165,0.57158,0.57161
1782144360000,0.57163,0.57169,0.57159,0.57166
1782144420000,0.57166,0.57172,0.57166,0.57172
1782144480000,0.57172,0.57175,0.57169,0.57173
1782144540000,0.57173,0.57177,0.57166,0.57167
1782144600000,0.57167,0.57167,0.5716,0.57162
1782144660000,0.57163,0.57172,0.57162,0.57172
1782144720000,0.57171,0.57172,0.57165,0.57169
1782144780000,0.57169,0.57175,0.57168,0.57168
1782144840000,0.57168,0.57179,0.57168,0.57174
1782144900000,0.57174,0.57174,0.57162,0.57169
1782144960000,0.5717,0.57175,0.5717,0.5717
1782145020000,0.5717,0.57177,0.57169,0.57174
1782145080000,0.57176,0.57179,0.57171,0.57177
1782145140000,0.57177,0.5718,0.57173,0.57179
1782145200000,0.5718,0.57187,0.57179,0.57187
1782145260000,0.57188,0.57189,0.57183,0.57184
1782145320000,0.57184,0.57184,0.57177,0.5718
1782145380000,0.57181,0.57183,0.57176,0.57179
1782145440000,0.57178,0.57179,0.57174,0.57175
1782145500000,0.57174,0.57179,0.57174,0.57178
1782145560000,0.57178,0.57178,0.57171,0.57174
1782145620000,0.57173,0.57178,0.57172,0.57173
1782145680000,0.57173,0.57176,0.57167,0.57175
1782145740000,0.57175,0.57177,0.5717,0.57171
1782145800000,0.57171,0.57172,0.57164,0.57168
1782145860000,0.57167,0.57174,0.57167,0.57171
1782145920000,0.57171,0.57172,0.57164,0.57167
1782145980000,0.5717,0.57174,0.57167,0.57173
1782146040000,0.57174,0.57177,0.57172,0.57174
1782146100000,0.57175,0.57178,0.57169,0.57173
1782146160000,0.57173,0.57187,0.57173,0.57187
1782146220000,0.57186,0.57188,0.57182,0.57186
1782146280000,0.57186,0.57187,0.57183,0.57184
1782146340000,0.57185,0.57187,0.57175,0.57176
1782146400000,0.57175,0.57177,0.57171,0.57172
1782146460000,0.57172,0.57181,0.57171,0.57171
1782146520000,0.57172,0.57174,0.57167,0.5717
1782146580000,0.57169,0.5717,0.57166,0.57167
1782146640000,0.57167,0.57173,0.57167,0.57172
1782146700000,0.57171,0.57173,0.57167,0.57173
1782146760000,0.57172,0.57173,0.57168,0.57172
1782146820000,0.5717,0.57175,0.5717,0.57172
1782146880000,0.57171,0.57177,0.57167,0.57175
1782146940000,0.57173,0.57178,0.57173,0.57178
1782147000000,0.57177,0.57182,0.57177,0.5718
1782147060000,0.57179,0.57183,0.57177,0.57182
1782147120000,0.57182,0.57186,0.57182,0.57182
1782147180000,0.57183,0.57192,0.57182,0.57187
1782147240000,0.57187,0.57192,0.57187,0.57191
1782147300000,0.57191,0.57192,0.57183,0.57183
1782147360000,0.57183,0.57192,0.57183,0.57189
1782147420000,0.57189,0.57189,0.57183,0.57183
1782147480000,0.57185,0.57201,0.57185,0.57194
1782147540000,0.57194,0.57198,0.57194,0.57195
1782147600000,0.57195,0.57196,0.57189,0.5719
1782147660000,0.5719,0.57194,0.57189,0.57193
1782147720000,0.57193,0.57193,0.57185,0.5719
1782147780000,0.5719,0.57192,0.57185,0.5719
1782147840000,0.5719,0.57193,0.5719,0.57193
1782147900000,0.57193,0.57193,0.57189,0.57192
1782147960000,0.57191,0.57191,0.57184,0.57184
1782148020000,0.57184,0.57185,0.57178,0.57179
1782148080000,0.57179,0.57183,0.57179,0.57181
1782148140000,0.57183,0.57186,0.57183,0.57186
1782148200000,0.57185,0.57187,0.57173,0.57173
1782148260000,0.57174,0.57174,0.5717,0.57173
1782148320000,0.57174,0.57176,0.57172,0.57173
1782148380000,0.57175,0.57177,0.57175,0.57175
1782148440000,0.57172,0.57172,0.57163,0.57164
1782148500000,0.57166,0.57173,0.57164,0.57169
1782148560000,0.5717,0.57175,0.57167,0.57172
1782148620000,0.57171,0.57171,0.57165,0.57165
1782148680000,0.57166,0.57168,0.57165,0.57165
1782148740000,0.57166,0.57167,0.57163,0.57163
1782148800000,0.57164,0.57172,0.57164,0.57169
1782148860000,0.57172,0.57175,0.57171,0.57171
1782148920000,0.57171,0.57172,0.57169,0.57171
1782148980000,0.57171,0.57173,0.5717,0.57171
1782149040000,0.57172,0.57172,0.57169,0.5717
1782149100000,0.57171,0.57171,0.57165,0.57167
1782149160000,0.57165,0.57167,0.57163,0.57167
1782149220000,0.57167,0.57172,0.57167,0.57167
1782149280000,0.57168,0.57168,0.57164,0.57164
1782149340000,0.57163,0.57163,0.57158,0.57158
1782149400000,0.57156,0.57164,0.57156,0.57163
1782149460000,0.57164,0.57164,0.57158,0.57158
1782149520000,0.57157,0.57157,0.57155,0.57155
1782149580000,0.57154,0.57154,0.57148,0.57148
1782149640000,0.57146,0.57147,0.57138,0.5714
1782149700000,0.5714,0.57144,0.5714,0.5714
1782149760000,0.5714,0.57142,0.57138,0.57139
1782149820000,0.5714,0.57143,0.57136,0.57136
1782149880000,0.57136,0.57137,0.57128,0.57132
1782149940000,0.57133,0.57136,0.57128,0.57129
1782150000000,0.57132,0.57135,0.57128,0.57128
1782150060000,0.57129,0.57129,0.57125,0.57126
1782150120000,0.57125,0.57127,0.57123,0.57125
1782150180000,0.57126,0.57136,0.57125,0.57136
1782150240000,0.57139,0.57139,0.57133,0.57133
1782150300000,0.57134,0.57134,0.57129,0.57131
1782150360000,0.57131,0.57136,0.57131,0.57131
1782150420000,0.57132,0.57138,0.57132,0.57137
1782150480000,0.57137,0.5714,0.57131,0.57131
1782150540000,0.57132,0.57137,0.57127,0.57131
1782150600000,0.57131,0.57134,0.57129,0.57131
1782150660000,0.57131,0.57132,0.57126,0.57129
1782150720000,0.57128,0.57138,0.57126,0.57138
1782150780000,0.57141,0.57142,0.57137,0.57141
1782150840000,0.57141,0.57143,0.57139,0.57141
1782150900000,0.57142,0.57143,0.5714,0.57142
1782150960000,0.57141,0.57141,0.57141,0.57141
1782151020000,0.57141,0.57141,0.57136,0.57137
1782151080000,0.57139,0.5714,0.57135,0.57136
1782151140000,0.57136,0.57137,0.57132,0.57133
1782151200000,0.57133,0.57136,0.57132,0.57134
1782151260000,0.57133,0.57138,0.57133,0.57137
1782151320000,0.57136,0.57136,0.57127,0.57127
1782151380000,0.57127,0.57129,0.57126,0.57126
1782151440000,0.57127,0.5713,0.57127,0.57128
1782151500000,0.57128,0.5713,0.57127,0.57127
1782151560000,0.57126,0.57127,0.57124,0.57127
1782151620000,0.57127,0.5713,0.57127,0.57129
1782151680000,0.5713,0.5713,0.57125,0.57125
1782151740000,0.57125,0.57126,0.57125,0.57126
1782151800000,0.57126,0.57137,0.57126,0.57136
1782151860000,0.57136,0.57137,0.57132,0.57135
1782151920000,0.57134,0.57134,0.5713,0.57132
1782151980000,0.57132,0.57135,0.5713,0.5713
1782152040000,0.5713,0.57133,0.5713,0.57132
1782152100000,0.57134,0.57137,0.57134,0.57135
1782152160000,0.57135,0.57135,0.5713,0.5713
1782152220000,0.57131,0.57133,0.5713,0.57131
1782152280000,0.57131,0.57132,0.57128,0.57129
1782152340000,0.57128,0.57132,0.57128,0.57132
1782152400000,0.57131,0.57137,0.57129,0.57137
1782152460000,0.57135,0.57138,0.57132,0.57134
1782152520000,0.57133,0.57137,0.57131,0.57132
1782152580000,0.57131,0.57131,0.57126,0.57127
1782152640000,0.57129,0.57134,0.57129,0.57132
1782152700000,0.57132,0.57135,0.57132,0.57135
1782152760000,0.57134,0.57134,0.57131,0.57131
1782152820000,0.57131,0.57131,0.57126,0.57128
1782152880000,0.57127,0.57128,0.57123,0.57128
1782152940000,0.57127,0.57128,0.57127,0.57128
1782153000000,0.57128,0.57133,0.57127,0.57133
1782153060000,0.57132,0.57135,0.57129,0.57129
1782153120000,0.57129,0.57129,0.57116,0.57119
1782153180000,0.57121,0.57122,0.57117,0.5712
1782153240000,0.57121,0.57122,0.57116,0.57121
1782153300000,0.57121,0.57122,0.5712,0.57122
1782153360000,0.57122,0.57127,0.57122,0.57126
1782153420000,0.57127,0.57129,0.57122,0.57122
1782153480000,0.57123,0.57126,0.57122,0.57123
1782153540000,0.57122,0.57122,0.57119,0.5712
1782153600000,0.5712,0.57121,0.57116,0.57116
1782153660000,0.57115,0.57118,0.57114,0.57118
1782153720000,0.57117,0.57118,0.57116,0.57117
1782153780000,0.57117,0.5712,0.57117,0.57119
1782153840000,0.57117,0.57121,0.57116,0.57119
1782153900000,0.57119,0.57125,0.57118,0.57124
1782153960000,0.57122,0.57126,0.57121,0.57125
1782154020000,0.57124,0.57128,0.57124,0.57127
1782154080000,0.57128,0.57128,0.57127,0.57127
1782154140000,0.57128,0.5713,0.57124,0.57128
1782154200000,0.57128,0.5713,0.57125,0.57125
1782154260000,0.57123,0.57126,0.57119,0.5712
1782154320000,0.57119,0.57119,0.57117,0.57118
1782154380000,0.57118,0.57122,0.57115,0.57122
1782154440000,0.57122,0.57123,0.57119,0.5712
1782154500000,0.5712,0.5712,0.57111,0.57115
1782154560000,0.57115,0.57118,0.57112,0.57117
1782154620000,0.57115,0.57116,0.57112,0.57115
1782154680000,0.57115,0.57116,0.57109,0.57111
1782154740000,0.57111,0.57117,0.57108,0.57116
1782154800000,0.57117,0.57122,0.57116,0.5712
1782154860000,0.57121,0.57121,0.57118,0.57119
1782154920000,0.57118,0.5712,0.57112,0.57116
1782154980000,0.57116,0.57119,0.57115,0.57115
1782155040000,0.57115,0.57117,0.57115,0.57115
1782155100000,0.57115,0.57116,0.57104,0.57106
1782155160000,0.57106,0.57111,0.57104,0.57111
1782155220000,0.57111,0.57111,0.57106,0.57106
1782155280000,0.57106,0.57108,0.57101,0.57101
1782155340000,0.57102,0.57107,0.57101,0.57107
1782155400000,0.57106,0.5711,0.57105,0.57107
1782155460000,0.57107,0.57116,0.57107,0.57112
1782155520000,0.57111,0.57112,0.57108,0.57108
1782155580000,0.57108,0.57112,0.57107,0.5711
1782155640000,0.57109,0.57111,0.57108,0.5711
1782155700000,0.57111,0.57111,0.57108,0.57111
1782155760000,0.57111,0.57112,0.57104,0.57105
1782155820000,0.57103,0.57108,0.57103,0.57106
1782155880000,0.57105,0.57106,0.57102,0.57102
1782155940000,0.57104,0.57104,0.57102,0.57103
1782156000000,0.57102,0.57102,0.57099,0.57101
1782156060000,0.57101,0.57102,0.57097,0.57099
1782156120000,0.57098,0.57099,0.57098,0.57099
1782156180000,0.57099,0.571,0.57098,0.571
1782156240000,0.571,0.57101,0.57096,0.57096
1782156300000,0.57096,0.57098,0.57092,0.57098
1782156360000,0.57098,0.57101,0.57093,0.57093
1782156420000,0.57094,0.57099,0.57094,0.57099
1782156480000,0.57098,0.57101,0.57098,0.57099
1782156540000,0.57101,0.57101,0.57094,0.57094
1782156600000,0.57094,0.57094,0.5709,0.57092
1782156660000,0.57091,0.57091,0.57091,0.57091
1782156720000,0.57091,0.57093,0.57089,0.57091
1782156780000,0.5709,0.57094,0.5709,0.57092
1782156840000,0.57091,0.57095,0.57089,0.57093
1782156900000,0.57094,0.57097,0.57092,0.57092
1782156960000,0.57091,0.57098,0.57091,0.57097
1782157020000,0.57097,0.57098,0.57097,0.57097
1782157080000,0.571,0.57101,0.57098,0.57098
1782157140000,0.57101,0.57102,0.571,0.57101
1782157200000,0.57101,0.57102,0.57099,0.57101
1782157260000,0.57102,0.57102,0.57101,0.57102
1782157320000,0.57102,0.57103,0.57097,0.57097
1782157380000,0.57097,0.57097,0.57097,0.57097
1782157440000,0.57096,0.571,0.57096,0.57097
1782157500000,0.57097,0.57097,0.57096,0.57097
1782157560000,0.57097,0.57098,0.57092,0.57097
1782157620000,0.57097,0.5711,0.57097,0.57109
1782157680000,0.57109,0.5711,0.57108,0.57108
1782157740000,0.57109,0.57113,0.57108,0.57112
1782157800000,0.57112,0.5713,0.57112,0.5713
1782157860000,0.5713,0.5713,0.57124,0.57129
1782157920000,0.5713,0.5713,0.57128,0.57129
1782157980000,0.57129,0.57143,0.57129,0.57143
1782158040000,0.57142,0.57145,0.5714,0.57143
1782158100000,0.57144,0.57147,0.57142,0.57142
1782158160000,0.57142,0.57142,0.57136,0.57138
1782158220000,0.57138,0.57144,0.57138,0.57143
1782158280000,0.57144,0.57144,0.57139,0.57142
1782158340000,0.57142,0.57145,0.57137,0.57137
1782158400000,0.57138,0.57144,0.57138,0.57144
1782158460000,0.57144,0.57147,0.57141,0.57146
1782158520000,0.57146,0.57147,0.57145,0.57147
1782158580000,0.57146,0.57147,0.57145,0.57146
1782158640000,0.57146,0.57146,0.57141,0.57143
1782158700000,0.5714,0.57144,0.57139,0.57143
1782158760000,0.57144,0.57144,0.5714,0.57141
1782158820000,0.57141,0.57143,0.57141,0.57143
1782158880000,0.57143,0.57143,0.57141,0.57141
1782158940000,0.57141,0.57141,0.57141,0.57141
1782159000000,0.57143,0.57149,0.57143,0.57148
1782159060000,0.57148,0.57153,0.57148,0.57152
1782159120000,0.57151,0.57153,0.57149,0.57149
1782159180000,0.57149,0.57149,0.57148,0.57148
1782159240000,0.57148,0.57149,0.57147,0.57148
1782159300000,0.57147,0.57147,0.57145,0.57145
1782159360000,0.57147,0.57147,0.57147,0.57147
1782159420000,0.57146,0.57146,0.5714,0.57145
1782159480000,0.57146,0.57146,0.57145,0.57145
1782159540000,0.57144,0.57147,0.57144,0.57146
1782159600000,0.57146,0.57146,0.57137,0.57137
1782159660000,0.57136,0.57136,0.57133,0.57133
1782159720000,0.57133,0.57135,0.57133,0.57133
1782159780000,0.57132,0.57132,0.57127,0.57128
1782159840000,0.57129,0.5713,0.57127,0.5713
1782159900000,0.5713,0.5713,0.57125,0.57125
1782159960000,0.57125,0.57126,0.57124,0.57125
1782160020000,0.57127,0.5713,0.57126,0.57129
1782160080000,0.57129,0.5713,0.57125,0.57125
1782160140000,0.57125,0.57126,0.57123,0.57123
1782160200000,0.57123,0.57123,0.57119,0.57119
1782160260000,0.5712,0.57121,0.57119,0.57119
1782160320000,0.57119,0.5712,0.57119,0.57119
1782160380000,0.57119,0.5712,0.57119,0.5712
1782160440000,0.57122,0.57129,0.57122,0.57126
1782160500000,0.57125,0.57126,0.57123,0.57123
1782160560000,0.57121,0.57121,0.57121,0.57121
1782160620000,0.57122,0.57122,0.5712,0.5712
1782160680000,0.5712,0.57121,0.57118,0.57118
1782160740000,0.57118,0.57118,0.57118,0.57118
1782160800000,0.57118,0.57118,0.57118,0.57118
1782160860000,0.57118,0.57118,0.57118,0.57118
1782160920000,0.57118,0.57122,0.57118,0.57121
1782160980000,0.57121,0.57123,0.57121,0.57121
1782161040000,0.57124,0.57126,0.57123,0.57123
1782161100000,0.57123,0.57123,0.57118,0.57118
1782161160000,0.57118,0.57118,0.57117,0.57117
1782161220000,0.57116,0.57117,0.57113,0.57114
1782161280000,0.57115,0.57115,0.57113,0.57113
1782161340000,0.57113,0.57114,0.57113,0.57114
1782161400000,0.57114,0.57119,0.57114,0.57118
1782161460000,0.57119,0.57122,0.57119,0.57121
1782161520000,0.57121,0.57122,0.57121,0.57122
1782161580000,0.57122,0.57122,0.57122,0.57122
1782161640000,0.57122,0.57122,0.57122,0.57122
1782161700000,0.57119,0.57123,0.57119,0.57123
1782161760000,0.5712,0.57121,0.57119,0.57121
1782161820000,0.57122,0.57124,0.57119,0.57119
1782161880000,0.57122,0.57134,0.57122,0.57131
1782161940000,0.5713,0.57133,0.57123,0.57127
1782162000000,0.57125,0.57131,0.57122,0.57131
1782162060000,0.57131,0.57131,0.57131,0.57131
1782162120000,0.57131,0.57131,0.57131,0.57131
1782162180000,0.57131,0.57131,0.57131,0.57131
1782162240000,0.57117,0.57117,0.57117,0.57117
1782162300000,0.57117,0.57117,0.57105,0.57115
1782162360000,0.5711,0.57115,0.5711,0.57115
1782162420000,0.57112,0.57116,0.57111,0.57116
1782162480000,0.57113,0.57142,0.5711,0.57113
1782162540000,0.57115,0.57115,0.57113,0.57113
1782162600000,0.57113,0.57116,0.57113,0.57116
1782162660000,0.57102,0.57102,0.57095,0.571
1782162720000,0.571,0.57108,0.571,0.57108
1782162780000,0.57104,0.57106,0.57103,0.57106
1782162840000,0.57109,0.5711,0.57106,0.5711
1782162900000,0.57109,0.5711,0.57108,0.5711
1782162960000,0.57114,0.57114,0.57114,0.57114
1782163020000,0.57113,0.57126,0.57113,0.57118
1782163080000,0.57117,0.57117,0.57112,0.57113
1782163140000,0.57115,0.57115,0.57112,0.57114
1782163200000,0.57114,0.57115,0.57112,0.57113
1782163260000,0.57112,0.57113,0.57112,0.57112
1782163320000,0.57113,0.57117,0.57112,0.57116
1782163380000,0.5711,0.57111,0.57108,0.57111
1782163440000,0.57111,0.57111,0.57111,0.57111
1782163500000,0.57111,0.57112,0.57102,0.57104
1782163560000,0.57103,0.57117,0.57103,0.57115
1782163620000,0.57114,0.57129,0.571,0.57102
1782163680000,0.57108,0.57117,0.57107,0.57107
1782163740000,0.57108,0.57108,0.57108,0.57108
1782163800000,0.57127,0.57127,0.57118,0.57121
1782163860000,0.57119,0.57133,0.57119,0.57133
1782163920000,0.57131,0.57131,0.57128,0.57129
1782163980000,0.57135,0.57138,0.57134,0.57136
1782164040000,0.57139,0.57146,0.57128,0.57131
1782164100000,0.57133,0.57143,0.57131,0.57133
1782164160000,0.57135,0.57147,0.57133,0.57134
1782164220000,0.5713,0.5713,0.5713,0.5713
1782164280000,0.5713,0.5713,0.5713,0.5713
1782164340000,0.57143,0.57143,0.57142,0.57142
1782164400000,0.57132,0.57136,0.57132,0.57136
1782164460000,0.57136,0.57137,0.5713,0.57137
1782164520000,0.57142,0.57142,0.5713,0.57136
1782164580000,0.57136,0.57147,0.57133,0.57146
1782164640000,0.57146,0.57146,0.57135,0.57145
1782164700000,0.57145,0.57146,0.57137,0.57146
1782164760000,0.57139,0.57146,0.57138,0.57143
1782164820000,0.57143,0.57143,0.57143,0.57143
1782164880000,0.57143,0.57143,0.57143,0.57143
1782164940000,0.57147,0.57147,0.57146,0.57146
1782165000000,0.57142,0.57147,0.57141,0.57146
1782165060000,0.57147,0.57147,0.57143,0.57146
1782165120000,0.57146,0.57147,0.57146,0.57146
1782165180000,0.57146,0.57147,0.57146,0.57146
1782165240000,0.57147,0.57153,0.57143,0.5715
1782165300000,0.57152,0.57154,0.5714,0.5715
1782165360000,0.57146,0.57152,0.57146,0.5715
1782165420000,0.5715,0.5715,0.57132,0.57144
1782165480000,0.57144,0.5715,0.57131,0.57135
1782165540000,0.57135,0.57142,0.57135,0.5714
1782165600000,0.57136,0.57136,0.57116,0.57118
1782165660000,0.57123,0.57137,0.57122,0.57136
1782165720000,0.57135,0.57135,0.57134,0.57135
1782165780000,0.57137,0.57141,0.57131,0.57135
1782165840000,0.57136,0.57136,0.57131,0.57131
1782165900000,0.5713,0.5713,0.57127,0.57128
1782165960000,0.57127,0.57128,0.57127,0.57128
1782166020000,0.57128,0.57128,0.57128,0.57128
1782166080000,0.57127,0.57129,0.57123,0.57129
1782166140000,0.5713,0.57138,0.5713,0.57138
1782166200000,0.57138,0.57147,0.57137,0.57147
1782166260000,0.57146,0.57152,0.57146,0.57146
1782166320000,0.57146,0.57147,0.57144,0.57144
1782166380000,0.57143,0.57145,0.57143,0.57144
1782166440000,0.57144,0.57144,0.57141,0.57143
1782166500000,0.57143,0.57144,0.57137,0.57138
1782166560000,0.57138,0.57142,0.57138,0.57141
1782166620000,0.5714,0.57143,0.5714,0.57143
1782166680000,0.57143,0.57144,0.57139,0.57142
1782166740000,0.57141,0.57141,0.57141,0.57141
1782166800000,0.5714,0.5714,0.57139,0.57139
1782166860000,0.57139,0.57139,0.57139,0.57139
1782166920000,0.57138,0.57139,0.57133,0.57134
1782166980000,0.57134,0.57134,0.57134,0.57134
1782167040000,0.57133,0.57134,0.57133,0.57133
1782167100000,0.57135,0.57135,0.57134,0.57134
1782167160000,0.57134,0.57135,0.57133,0.57134
1782167220000,0.57133,0.57134,0.57129,0.57134
1782167280000,0.57133,0.57133,0.57129,0.57129
1782167340000,0.57132,0.57133,0.57129,0.57129
1782167400000,0.57129,0.57129,0.57129,0.57129
1782167460000,0.57129,0.5713,0.57129,0.5713
1782167520000,0.57129,0.5713,0.57129,0.5713
1782167580000,0.57129,0.57129,0.57129,0.57129
1782167640000,0.5713,0.5713,0.57129,0.57129
1782167700000,0.57129,0.5713,0.57129,0.5713
1782167760000,0.57129,0.57129,0.57116,0.57118
1782167820000,0.57116,0.57118,0.57115,0.57116
1782167880000,0.57114,0.57116,0.57113,0.57115
1782167940000,0.57113,0.57114,0.57113,0.57114
1782168000000,0.57109,0.57109,0.57104,0.57104
1782168060000,0.57105,0.5711,0.57105,0.57109
1782168120000,0.5711,0.5711,0.5711,0.5711
1782168180000,0.57114,0.57116,0.57113,0.57114
1782168240000,0.57116,0.57116,0.57114,0.57116
1782168300000,0.57116,0.5712,0.57116,0.57117
1782168360000,0.57119,0.5712,0.57117,0.5712
1782168420000,0.57119,0.5712,0.57119,0.57119
1782168480000,0.57119,0.57119,0.57119,0.57119
1782168540000,0.57119,0.57119,0.57119,0.57119
1782168600000,0.57121,0.57125,0.57121,0.57122
1782168660000,0.57121,0.57121,0.57119,0.57119
1782168720000,0.57119,0.5712,0.57117,0.57117
1782168780000,0.57115,0.57117,0.57114,0.57114
1782168840000,0.57116,0.57116,0.57116,0.57116
1782168900000,0.57119,0.5712,0.57119,0.5712
1782168960000,0.5712,0.5713,0.5712,0.57126
1782169020000,0.57128,0.57131,0.57125,0.5713
1782169080000,0.57129,0.5713,0.57123,0.57127
1782169140000,0.57129,0.57129,0.57125,0.57125
1782169200000,0.57125,0.57138,0.57123,0.57135
1782169260000,0.57138,0.5714,0.57135,0.57138
1782169320000,0.57138,0.57139,0.57134,0.57134
1782169380000,0.57135,0.57135,0.57127,0.57128
1782169440000,0.57128,0.57128,0.57128,0.57128
1782169500000,0.57129,0.5713,0.57128,0.57129
1782169560000,0.57132,0.57132,0.5713,0.5713
1782169620000,0.57129,0.57129,0.57129,0.57129
1782169680000,0.5713,0.5713,0.57125,0.57125
1782169740000,0.57124,0.57127,0.57123,0.57126
1782169800000,0.57126,0.57127,0.57126,0.57126
1782169860000,0.57125,0.57125,0.57123,0.57123
1782169920000,0.57125,0.57125,0.57123,0.57123
1782169980000,0.57123,0.57123,0.57119,0.57121
1782170040000,0.57119,0.5712,0.57118,0.57118
1782170100000,0.57119,0.5712,0.57119,0.57119
1782170160000,0.5712,0.57121,0.5712,0.57121
1782170220000,0.5712,0.57121,0.57117,0.5712
1782170280000,0.5712,0.5712,0.57115,0.57115
1782170340000,0.57115,0.57116,0.57115,0.57116
1782170400000,0.57118,0.57118,0.57115,0.57118
1782170460000,0.57118,0.57118,0.57118,0.57118
1782170520000,0.57117,0.57118,0.57115,0.57117
1782170580000,0.57115,0.57118,0.57115,0.57118
1782170640000,0.57116,0.57117,0.57115,0.57116
1782170700000,0.57115,0.57116,0.57115,0.57116
1782170760000,0.5712,0.57121,0.5712,0.5712
1782170820000,0.57122,0.57126,0.57122,0.57126
1782170880000,0.57126,0.57126,0.57126,0.57126
1782170940000,0.57126,0.57126,0.5712,0.5712
1782171000000,0.57121,0.57121,0.57119,0.5712
1782171060000,0.5712,0.5712,0.57116,0.57117
1782171120000,0.57117,0.57117,0.57116,0.57116
1782171180000,0.57117,0.57117,0.57117,0.57117
1782171240000,0.57116,0.57117,0.57113,0.57117
1782171300000,0.57117,0.57121,0.57117,0.57121
1782171360000,0.5712,0.57121,0.5712,0.5712
1782171420000,0.57118,0.57118,0.57118,0.57118
1782171480000,0.57117,0.57117,0.57116,0.57117
1782171540000,0.57118,0.5712,0.57118,0.57118
1782171600000,0.57118,0.57118,0.57116,0.57117
1782171660000,0.57116,0.57117,0.57116,0.57117
1782171720000,0.57117,0.57117,0.57116,0.57116
1782171780000,0.57117,0.57117,0.57116,0.57116
1782171840000,0.57116,0.57116,0.57102,0.57102
1782171900000,0.57103,0.57105,0.57102,0.57103
1782171960000,0.571,0.571,0.571,0.571
1782172020000,0.57098,0.57102,0.57095,0.57099
1782172080000,0.57101,0.57101,0.57099,0.571
1782172140000,0.57099,0.57099,0.57095,0.57098
1782172200000,0.57098,0.57098,0.57089,0.57089
1782172260000,0.57091,0.57095,0.57091,0.57094
1782172320000,0.57094,0.571,0.57094,0.57099
1782172380000,0.571,0.57104,0.571,0.57104
1782172440000,0.57103,0.57105,0.57099,0.57099
1782172500000,0.57096,0.57103,0.57092,0.57101
1782172560000,0.571,0.571,0.57094,0.57095
1782172620000,0.57096,0.57098,0.57093,0.57095
1782172680000,0.57094,0.57096,0.57094,0.57096
1782172740000,0.57094,0.57106,0.57093,0.57105
1782172800000,0.57105,0.57105,0.57082,0.57085
1782172860000,0.57084,0.57097,0.57084,0.57085
1782172920000,0.57085,0.5709,0.57084,0.57086
1782172980000,0.57088,0.57089,0.57079,0.5708
1782173040000,0.5708,0.5708,0.57074,0.57076
1782173100000,0.57076,0.57081,0.57075,0.57079
1782173160000,0.57079,0.57079,0.57069,0.57069
1782173220000,0.57069,0.57073,0.57064,0.57064
1782173280000,0.57064,0.57065,0.5706,0.57064
1782173340000,0.57064,0.57069,0.57055,0.57055
1782173400000,0.57054,0.57055,0.57049,0.57049
1782173460000,0.5705,0.57052,0.5705,0.57051
1782173520000,0.57051,0.57051,0.57043,0.57044
1782173580000,0.57046,0.57047,0.57044,0.57046
1782173640000,0.57045,0.57045,0.57039,0.57039
1782173700000,0.57041,0.57046,0.57036,0.5704
1782173760000,0.5704,0.57041,0.57034,0.57034
1782173820000,0.57035,0.57039,0.57034,0.57038
1782173880000,0.57038,0.57038,0.5703,0.5703
1782173940000,0.5703,0.57032,0.57025,0.57032
1782174000000,0.57029,0.57036,0.57029,0.5703
1782174060000,0.57035,0.57035,0.57029,0.57029
1782174120000,0.57029,0.57029,0.57013,0.57015
1782174180000,0.57015,0.5702,0.57005,0.57006
1782174240000,0.57007,0.57011,0.57004,0.57008
1782174300000,0.57009,0.57009,0.57004,0.57007
1782174360000,0.57007,0.5701,0.57006,0.57007
1782174420000,0.57006,0.57015,0.57005,0.57005
1782174480000,0.57004,0.5701,0.57004,0.57008
1782174540000,0.57009,0.57017,0.57009,0.57017
1782174600000,0.57018,0.57025,0.57014,0.57024
1782174660000,0.57025,0.57042,0.57025,0.57041
1782174720000,0.57039,0.57041,0.57036,0.57039
1782174780000,0.57039,0.57041,0.57024,0.57026
1782174840000,0.57024,0.57025,0.57019,0.57019
1782174900000,0.57018,0.57019,0.57009,0.57009
1782174960000,0.57009,0.57015,0.57006,0.57007
1782175020000,0.57006,0.57013,0.57006,0.57011
1782175080000,0.57011,0.57018,0.57009,0.57018
1782175140000,0.57018,0.57025,0.57018,0.5702
1782175200000,0.57019,0.57021,0.57015,0.57015
1782175260000,0.57015,0.57017,0.57014,0.57015
1782175320000,0.57018,0.57018,0.57014,0.57015
1782175380000,0.5702,0.57035,0.57019,0.57035
1782175440000,0.57035,0.57042,0.57035,0.57042
1782175500000,0.5704,0.57055,0.5704,0.5705
1782175560000,0.57049,0.57049,0.57041,0.57043
1782175620000,0.57043,0.57045,0.57038,0.57045
1782175680000,0.57044,0.5705,0.57044,0.57045
1782175740000,0.57044,0.57049,0.57044,0.57046
1782175800000,0.57045,0.57046,0.57034,0.57036
1782175860000,0.57036,0.57039,0.57032,0.57032
1782175920000,0.57031,0.57036,0.57025,0.5703
1782175980000,0.5703,0.57035,0.57026,0.57032
1782176040000,0.57031,0.5704,0.57031,0.57039
1782176100000,0.57039,0.57039,0.57028,0.57028
1782176160000,0.57027,0.57028,0.57025,0.57026
1782176220000,0.57025,0.57026,0.5702,0.57026
1782176280000,0.57025,0.57026,0.57019,0.57021
1782176340000,0.57019,0.57023,0.57016,0.57022
1782176400000,0.57023,0.57031,0.57014,0.57016
1782176460000,0.57015,0.57021,0.57015,0.57018
1782176520000,0.5702,0.5702,0.57011,0.57011
1782176580000,0.57011,0.57021,0.57009,0.5702
1782176640000,0.5702,0.57025,0.57019,0.57024
1782176700000,0.57024,0.57025,0.57013,0.57019
1782176760000,0.57017,0.57019,0.57006,0.57011
1782176820000,0.57009,0.57021,0.57007,0.5702
1782176880000,0.57021,0.57033,0.57021,0.57021
1782176940000,0.57021,0.57029,0.57021,0.57025
1782177000000,0.57025,0.57025,0.57014,0.57024
1782177060000,0.57021,0.57021,0.57018,0.5702
1782177120000,0.57021,0.57024,0.5702,0.57021
1782177180000,0.57021,0.57026,0.57021,0.57026
1782177240000,0.57026,0.57028,0.57021,0.57026
1782177300000,0.57028,0.57031,0.5702,0.57022
1782177360000,0.57021,0.57024,0.57016,0.57023
1782177420000,0.57022,0.57023,0.57014,0.57015
1782177480000,0.57015,0.57022,0.57015,0.57016
1782177540000,0.57016,0.57026,0.5701,0.57024
1782177600000,0.57024,0.5703,0.57024,0.57026
1782177660000,0.57025,0.57031,0.57024,0.5703
1782177720000,0.5703,0.57031,0.57021,0.57021
1782177780000,0.57021,0.57031,0.57021,0.57031
1782177840000,0.57031,0.57037,0.57026,0.57026
1782177900000,0.57026,0.57037,0.57026,0.57035
1782177960000,0.57036,0.57037,0.57031,0.57035
1782178020000,0.57036,0.57043,0.5703,0.5703
1782178080000,0.57032,0.57032,0.57024,0.57029
1782178140000,0.57028,0.57032,0.57027,0.57029
1782178200000,0.57032,0.57035,0.57024,0.57026
1782178260000,0.57027,0.57031,0.57026,0.57029
1782178320000,0.57029,0.57031,0.57023,0.57026
1782178380000,0.57025,0.57037,0.5702,0.57032
1782178440000,0.57032,0.57041,0.57031,0.57031
1782178500000,0.57033,0.57035,0.57026,0.57031
1782178560000,0.57031,0.57036,0.5703,0.57035
1782178620000,0.57032,0.57035,0.57029,0.57029
1782178680000,0.57029,0.57035,0.57029,0.57034
1782178740000,0.57036,0.57043,0.57036,0.5704
1782178800000,0.5704,0.57044,0.5704,0.5704
1782178860000,0.57041,0.57057,0.5704,0.57056
1782178920000,0.57056,0.57056,0.57042,0.57046
1782178980000,0.57046,0.57047,0.57043,0.57045
1782179040000,0.57046,0.57046,0.57041,0.57041
1782179100000,0.57041,0.57042,0.5703,0.57041
1782179160000,0.57041,0.57041,0.57036,0.57038
1782179220000,0.5704,0.57042,0.5703,0.57034
1782179280000,0.57033,0.57042,0.5703,0.5704
1782179340000,0.57041,0.57046,0.57036,0.57038
1782179400000,0.57038,0.57038,0.57031,0.57036
1782179460000,0.57036,0.57056,0.57036,0.57055
1782179520000,0.57057,0.57067,0.57049,0.57067
1782179580000,0.57068,0.57068,0.57057,0.57057
1782179640000,0.57057,0.57057,0.57052,0.57053
1782179700000,0.57052,0.57052,0.57043,0.57044
1782179760000,0.57045,0.5705,0.57043,0.57043
1782179820000,0.57044,0.57052,0.57043,0.57048
1782179880000,0.57049,0.57051,0.57042,0.57042
1782179940000,0.57043,0.57044,0.57041,0.57043
1782180000000,0.57045,0.57053,0.57041,0.57045
1782180060000,0.57045,0.57048,0.57038,0.5704
1782180120000,0.5704,0.57043,0.57036,0.57042
1782180180000,0.57039,0.57043,0.57036,0.57041
1782180240000,0.57042,0.57051,0.57038,0.57046
1782180300000,0.57044,0.57046,0.5704,0.57042
1782180360000,0.57042,0.57046,0.57041,0.57042
1782180420000,0.57042,0.57046,0.5703,0.57031
1782180480000,0.57031,0.57034,0.57027,0.57027
1782180540000,0.57025,0.57028,0.57018,0.5702
1782180600000,0.57019,0.57023,0.57013,0.57013
1782180660000,0.57015,0.57021,0.57013,0.57021
1782180720000,0.5702,0.57029,0.57019,0.57029
1782180780000,0.57028,0.57034,0.57025,0.57031
1782180840000,0.5703,0.57036,0.5703,0.57035
1782180900000,0.57035,0.57052,0.57035,0.57052
1782180960000,0.57051,0.57051,0.57042,0.57042
1782181020000,0.57043,0.57048,0.57041,0.57046
1782181080000,0.57046,0.57061,0.57046,0.57061
1782181140000,0.57061,0.57071,0.5706,0.5707
1782181200000,0.57068,0.57072,0.57066,0.57066
1782181260000,0.57067,0.57074,0.57065,0.57074
1782181320000,0.57074,0.57074,0.57064,0.57064
1782181380000,0.57062,0.57073,0.57061,0.57073
1782181440000,0.57074,0.57076,0.57066,0.5707
1782181500000,0.57071,0.57071,0.57067,0.57069
1782181560000,0.57069,0.5707,0.57067,0.5707
1782181620000,0.57067,0.57071,0.57061,0.57063
1782181680000,0.57064,0.57065,0.57055,0.5706
1782181740000,0.57059,0.57063,0.57057,0.57058
1782181800000,0.57059,0.57066,0.57057,0.5706
1782181860000,0.57059,0.57061,0.5705,0.57052
1782181920000,0.57051,0.57053,0.57048,0.57053
1782181980000,0.57055,0.57055,0.57048,0.57048
1782182040000,0.57048,0.57049,0.57043,0.57044
1782182100000,0.57044,0.57065,0.57044,0.5706
1782182160000,0.5706,0.57068,0.5706,0.57065
1782182220000,0.57065,0.57069,0.57065,0.57067
1782182280000,0.57068,0.57072,0.57068,0.57071
1782182340000,0.57072,0.57074,0.5707,0.57072
1782182400000,0.57071,0.57072,0.57068,0.5707
1782182460000,0.57069,0.57077,0.57069,0.57077
1782182520000,0.57077,0.57077,0.57072,0.57072
1782182580000,0.5707,0.5707,0.57061,0.57066
1782182640000,0.57066,0.57067,0.57063,0.57066
1782182700000,0.57065,0.57065,0.5706,0.5706
1782182760000,0.5706,0.5706,0.57041,0.57041
1782182820000,0.57042,0.57046,0.57039,0.5704
1782182880000,0.5704,0.57046,0.57039,0.57043
1782182940000,0.57043,0.57044,0.5704,0.5704
1782183000000,0.5704,0.57047,0.57039,0.57047
1782183060000,0.57046,0.57048,0.57039,0.5704
1782183120000,0.57037,0.5704,0.57035,0.57038
1782183180000,0.57036,0.57038,0.57027,0.57034
1782183240000,0.57031,0.57034,0.57017,0.57019
1782183300000,0.57017,0.57018,0.5701,0.57013
1782183360000,0.57014,0.57017,0.57006,0.57008
1782183420000,0.57006,0.57009,0.57003,0.57006
1782183480000,0.57004,0.57006,0.56994,0.56998
1782183540000,0.56999,0.57002,0.56996,0.56996
1782183600000,0.56997,0.57008,0.56996,0.57001
1782183660000,0.57001,0.57015,0.56999,0.57009
1782183720000,0.57009,0.57014,0.57006,0.57011
1782183780000,0.57009,0.5701,0.57005,0.57009
1782183840000,0.57009,0.57018,0.57005,0.57016
1782183900000,0.57015,0.57017,0.57011,0.57014
1782183960000,0.57014,0.57014,0.57003,0.57011
1782184020000,0.57011,0.57011,0.56996,0.56997
1782184080000,0.56997,0.56997,0.56971,0.56977
1782184140000,0.56979,0.56981,0.56958,0.56961
1782184200000,0.56963,0.56965,0.56956,0.56956
1782184260000,0.56954,0.56956,0.56937,0.56937
1782184320000,0.56936,0.56944,0.56933,0.56941
1782184380000,0.56941,0.56956,0.56941,0.56954
1782184440000,0.56955,0.56956,0.56952,0.56953
1782184500000,0.56954,0.56958,0.56948,0.56949
1782184560000,0.56949,0.56957,0.56934,0.56941
1782184620000,0.56943,0.56943,0.5693,0.56936
1782184680000,0.56935,0.56938,0.56923,0.56933
1782184740000,0.56932,0.56938,0.56928,0.5693
1782184800000,0.56931,0.56946,0.5693,0.56945
1782184860000,0.56944,0.56951,0.56942,0.56949
1782184920000,0.56947,0.56955,0.56945,0.56955
1782184980000,0.56954,0.56954,0.56948,0.56948
1782185040000,0.5695,0.56956,0.56949,0.56956
1782185100000,0.56955,0.56964,0.56955,0.56962
1782185160000,0.56963,0.56975,0.5696,0.56975
1782185220000,0.56975,0.56977,0.56974,0.56977
1782185280000,0.56976,0.56985,0.56976,0.56981
1782185340000,0.56982,0.56982,0.56977,0.56981
1782185400000,0.56981,0.56982,0.56974,0.56981
1782185460000,0.56981,0.56982,0.56981,0.56981
1782185520000,0.56981,0.56991,0.56981,0.56988
1782185580000,0.56989,0.56997,0.56986,0.56986
1782185640000,0.56986,0.56992,0.56986,0.56992
1782185700000,0.56991,0.56995,0.5699,0.5699
1782185760000,0.56988,0.56989,0.56978,0.56981
1782185820000,0.5698,0.5698,0.56972,0.56973
1782185880000,0.56973,0.56975,0.56963,0.56965
1782185940000,0.56967,0.56977,0.56965,0.56976
1782186000000,0.56975,0.56977,0.56971,0.56976
1782186060000,0.56976,0.56981,0.56975,0.5698
1782186120000,0.5698,0.56982,0.56979,0.56981
1782186180000,0.5698,0.56981,0.56978,0.5698
1782186240000,0.5698,0.56984,0.56971,0.56982
1782186300000,0.56982,0.56983,0.56975,0.56975
1782186360000,0.56975,0.56975,0.56957,0.56958
1782186420000,0.56958,0.5696,0.56954,0.5696
1782186480000,0.5696,0.56969,0.5696,0.56966
1782186540000,0.56967,0.56975,0.56966,0.5697
1782186600000,0.56972,0.56978,0.56971,0.56978
1782186660000,0.56976,0.56982,0.56975,0.56982
1782186720000,0.56982,0.56995,0.56982,0.56994
1782186780000,0.56993,0.56995,0.56986,0.56995
1782186840000,0.56997,0.57002,0.56996,0.57001
1782186900000,0.57001,0.57011,0.57001,0.57011
1782186960000,0.57011,0.57016,0.57008,0.57008
1782187020000,0.57011,0.57019,0.57006,0.57016
1782187080000,0.57016,0.57022,0.57016,0.57021
1782187140000,0.57021,0.57028,0.57021,0.57025
1782187200000,0.57026,0.57029,0.57019,0.57019
1782187260000,0.57018,0.57021,0.57013,0.57015
1782187320000,0.57013,0.57016,0.57012,0.57013
1782187380000,0.57013,0.57014,0.5701,0.57011
1782187440000,0.57012,0.57021,0.57012,0.5702
1782187500000,0.57018,0.57018,0.57012,0.57014
1782187560000,0.57014,0.57016,0.57012,0.57014
1782187620000,0.57014,0.57019,0.57011,0.57013
1782187680000,0.57012,0.57017,0.57012,0.57013
1782187740000,0.57014,0.57019,0.57012,0.57019
1782187800000,0.57019,0.5702,0.5701,0.57012
1782187860000,0.57011,0.57014,0.57007,0.57009
1782187920000,0.57009,0.57012,0.57006,0.57007
1782187980000,0.57006,0.57008,0.56999,0.57
1782188040000,0.57,0.57,0.56996,0.56998
1782188100000,0.56997,0.57002,0.56995,0.56998
1782188160000,0.56998,0.57003,0.56992,0.56996
1782188220000,0.56996,0.56996,0.56996,0.56996
1782188280000,0.56996,0.56996,0.56996,0.56996
1782188340000,0.56996,0.56996,0.56986,0.56987
1782188400000,0.56985,0.56991,0.56985,0.56989
1782188460000,0.56991,0.56991,0.5698,0.56981
1782188520000,0.5698,0.56982,0.56976,0.56976
1782188580000,0.56978,0.5698,0.56974,0.56976
1782188640000,0.56976,0.56983,0.56976,0.56981
1782188700000,0.5698,0.56985,0.56979,0.56984
1782188760000,0.56984,0.56988,0.56984,0.56988
1782188820000,0.56987,0.56987,0.56978,0.56979
1782188880000,0.56978,0.56979,0.56975,0.56979
1782188940000,0.56979,0.56981,0.56978,0.56978
1782189000000,0.56976,0.56976,0.56961,0.56964
1782189060000,0.56966,0.56966,0.5696,0.5696
1782189120000,0.56957,0.56965,0.56954,0.56963
1782189180000,0.56962,0.56965,0.56959,0.56961
1782189240000,0.56961,0.56966,0.56961,0.56963
1782189300000,0.56963,0.56965,0.56962,0.56963
1782189360000,0.56963,0.56965,0.56962,0.56964
1782189420000,0.56964,0.56966,0.56959,0.56964
1782189480000,0.56963,0.56966,0.56958,0.56959
1782189540000,0.56959,0.5696,0.56957,0.56958
1782189600000,0.56958,0.5696,0.56957,0.56959
1782189660000,0.56959,0.56961,0.56956,0.56956
1782189720000,0.56957,0.5696,0.56956,0.56958
1782189780000,0.56958,0.56959,0.56955,0.56958
1782189840000,0.56958,0.5696,0.56956,0.56959
1782189900000,0.5696,0.56962,0.56956,0.56956
1782189960000,0.56957,0.56957,0.56952,0.56956
1782190020000,0.56955,0.56961,0.56955,0.56959
1782190080000,0.56961,0.56964,0.56959,0.56963
1782190140000,0.56962,0.56962,0.5696,0.5696
1782190200000,0.56961,0.56963,0.56958,0.56961
1782190260000,0.5696,0.56962,0.56957,0.56961
1782190320000,0.5696,0.56961,0.56957,0.56957
1782190380000,0.56957,0.5696,0.56956,0.5696
1782190440000,0.5696,0.56961,0.5696,0.5696
1782190500000,0.56963,0.56966,0.56957,0.56958
1782190560000,0.56957,0.56957,0.56949,0.56949
1782190620000,0.56949,0.5695,0.56934,0.56935
1782190680000,0.56933,0.56936,0.56922,0.5693
1782190740000,0.5693,0.56931,0.56917,0.56928
1782190800000,0.56928,0.56929,0.56906,0.56914
1782190860000,0.56918,0.56923,0.56917,0.56918
1782190920000,0.56918,0.56921,0.56914,0.56919
1782190980000,0.5692,0.56926,0.56916,0.5692
1782191040000,0.5692,0.56924,0.5692,0.56924
1782191100000,0.56924,0.56932,0.56923,0.56929
1782191160000,0.56928,0.56935,0.56928,0.56935
1782191220000,0.56935,0.56935,0.56925,0.56925
1782191280000,0.56925,0.56926,0.56915,0.56915
1782191340000,0.56916,0.56916,0.5691,0.5691
1782191400000,0.5691,0.56922,0.5691,0.56916
1782191460000,0.56917,0.56921,0.56915,0.5692
1782191520000,0.56922,0.56922,0.56915,0.56917
1782191580000,0.56919,0.56919,0.56914,0.56914
1782191640000,0.56915,0.56916,0.56911,0.56914
1782191700000,0.56914,0.56921,0.5691,0.56921
1782191760000,0.5692,0.56923,0.56919,0.56921
1782191820000,0.56921,0.56923,0.5692,0.56921
1782191880000,0.56922,0.56922,0.56919,0.5692
1782191940000,0.56919,0.56925,0.56919,0.56924
1782192000000,0.56924,0.56936,0.56924,0.56936
1782192060000,0.56936,0.5694,0.56934,0.56934
1782192120000,0.56934,0.56935,0.56926,0.5693
1782192180000,0.5693,0.56935,0.5693,0.56934
1782192240000,0.56934,0.56935,0.56929,0.5693
1782192300000,0.5693,0.5693,0.56926,0.56929
1782192360000,0.56927,0.56931,0.56924,0.56924
1782192420000,0.56925,0.56925,0.5692,0.56921
1782192480000,0.56921,0.56925,0.56919,0.56919
1782192540000,0.56919,0.56931,0.56919,0.56931
1782192600000,0.5693,0.56931,0.56925,0.5693
1782192660000,0.5693,0.5693,0.56925,0.56927
1782192720000,0.56926,0.56927,0.56917,0.5692
1782192780000,0.5692,0.56932,0.56917,0.56932
1782192840000,0.56932,0.56933,0.5693,0.56931
1782192900000,0.56934,0.56937,0.56929,0.56934
1782192960000,0.56934,0.56939,0.56934,0.56936
1782193020000,0.56936,0.56943,0.56934,0.56935
1782193080000,0.56935,0.56938,0.56931,0.56936
1782193140000,0.56936,0.56942,0.56934,0.56938
1782193200000,0.56939,0.5694,0.5692,0.56924
1782193260000,0.56924,0.56927,0.56914,0.56923
1782193320000,0.56923,0.56926,0.5692,0.56925
1782193380000,0.56926,0.56936,0.56925,0.56932
1782193440000,0.56934,0.56941,0.56931,0.5694
1782193500000,0.56941,0.56942,0.56925,0.56926
1782193560000,0.56927,0.5693,0.56925,0.56926
1782193620000,0.56927,0.5693,0.56925,0.56927
1782193680000,0.56925,0.56926,0.56915,0.56917
1782193740000,0.56916,0.5692,0.56914,0.56918
1782193800000,0.56918,0.5692,0.56915,0.56919
1782193860000,0.56919,0.56921,0.56915,0.56915
1782193920000,0.56915,0.56918,0.56907,0.56907
1782193980000,0.56906,0.56921,0.56906,0.56913
1782194040000,0.56914,0.56918,0.56913,0.56917
1782194100000,0.56914,0.56915,0.56909,0.5691
1782194160000,0.56911,0.5692,0.56909,0.5692
1782194220000,0.5692,0.56923,0.56913,0.5692
1782194280000,0.56921,0.56927,0.56916,0.56927
1782194340000,0.56926,0.56932,0.56925,0.56932
1782194400000,0.56931,0.56934,0.56916,0.56925
1782194460000,0.56925,0.56931,0.56924,0.56924
1782194520000,0.56924,0.56931,0.56922,0.56929
1782194580000,0.5693,0.56935,0.56928,0.56935
1782194640000,0.56935,0.56941,0.56926,0.56929
1782194700000,0.56928,0.56941,0.56927,0.56934
1782194760000,0.56933,0.56933,0.56923,0.56928
1782194820000,0.56928,0.56929,0.5692,0.56928
1782194880000,0.56928,0.56933,0.56922,0.56922
1782194940000,0.56923,0.56925,0.56913,0.56914
1782195000000,0.56914,0.5692,0.56912,0.56915
1782195060000,0.56915,0.56915,0.56901,0.56904
1782195120000,0.56905,0.56914,0.56899,0.56912
1782195180000,0.56912,0.56922,0.56912,0.56919
1782195240000,0.56918,0.56924,0.56916,0.5692
1782195300000,0.56922,0.56926,0.56919,0.56923
1782195360000,0.56921,0.56932,0.56919,0.5693
1782195420000,0.56928,0.56931,0.56914,0.56921
1782195480000,0.5692,0.56924,0.56914,0.56922
1782195540000,0.56921,0.56925,0.56911,0.56918
1782195600000,0.56916,0.5693,0.56913,0.56929
1782195660000,0.56929,0.56929,0.56919,0.56925
1782195720000,0.56926,0.5693,0.56922,0.56927
1782195780000,0.56927,0.56931,0.56922,0.56924
1782195840000,0.56925,0.56927,0.56918,0.56927
1782195900000,0.56926,0.5693,0.56905,0.56913
1782195960000,0.56914,0.56914,0.5689,0.56898
1782196020000,0.56896,0.56904,0.56894,0.56904
1782196080000,0.56905,0.56906,0.56898,0.56899
1782196140000,0.56903,0.56903,0.56894,0.56895
1782196200000,0.56896,0.56896,0.56881,0.56881
1782196260000,0.56882,0.56887,0.56878,0.56887
1782196320000,0.56885,0.56901,0.56885,0.569
1782196380000,0.569,0.56904,0.56898,0.56901
1782196440000,0.569,0.56907,0.56896,0.56907
1782196500000,0.56908,0.56908,0.569,0.56901
1782196560000,0.56902,0.56903,0.56876,0.56878
1782196620000,0.56878,0.56878,0.56874,0.56876
1782196680000,0.56876,0.5688,0.56874,0.56875
1782196740000,0.56874,0.56876,0.56861,0.56864
1782196800000,0.56867,0.56871,0.56862,0.56862
1782196860000,0.56864,0.56864,0.56855,0.56856
1782196920000,0.56855,0.56856,0.56846,0.56851
1782196980000,0.56853,0.56854,0.56845,0.56847
1782197040000,0.56846,0.56848,0.56839,0.56843
1782197100000,0.56842,0.56854,0.5684,0.56848
1782197160000,0.5685,0.56859,0.56848,0.56856
1782197220000,0.56854,0.56861,0.5685,0.56851
1782197280000,0.56849,0.5685,0.56838,0.56842
1782197340000,0.56844,0.5685,0.56843,0.56847
1782197400000,0.56847,0.56867,0.56847,0.5686
1782197460000,0.5686,0.56861,0.56855,0.5686
1782197520000,0.5686,0.56861,0.56851,0.56853
1782197580000,0.56854,0.5686,0.56851,0.56859
1782197640000,0.56859,0.56865,0.56854,0.56865
1782197700000,0.56864,0.56874,0.56863,0.56866
1782197760000,0.56865,0.56869,0.56863,0.56866
1782197820000,0.56867,0.5687,0.56859,0.56862
1782197880000,0.56861,0.56863,0.56858,0.56861
1782197940000,0.56862,0.56873,0.56861,0.56866
1782198000000,0.5687,0.5687,0.56853,0.56863
1782198060000,0.56861,0.56889,0.56859,0.56877
1782198120000,0.56874,0.56885,0.56864,0.56872
1782198180000,0.56871,0.56888,0.56871,0.56882
1782198240000,0.56881,0.56895,0.56881,0.56895
1782198300000,0.56894,0.56894,0.56882,0.56887
1782198360000,0.56887,0.56889,0.56879,0.56889
1782198420000,0.56888,0.56903,0.56885,0.56898
1782198480000,0.56896,0.56903,0.56896,0.569
1782198540000,0.56902,0.56921,0.56901,0.56915
1782198600000,0.56912,0.56912,0.56903,0.56903
1782198660000,0.56903,0.56906,0.569,0.569
1782198720000,0.569,0.56905,0.56897,0.56901
1782198780000,0.56901,0.56905,0.56887,0.56889
1782198840000,0.5689,0.56893,0.56882,0.56884
1782198900000,0.56888,0.56903,0.56888,0.56894
1782198960000,0.56894,0.56898,0.56889,0.56893
1782199020000,0.56893,0.56897,0.56893,0.56895
1782199080000,0.56895,0.56901,0.56895,0.56895
1782199140000,0.56895,0.56909,0.56887,0.56909
1782199200000,0.56908,0.56928,0.56906,0.56919
1782199260000,0.5692,0.56921,0.56914,0.56914
1782199320000,0.56913,0.5692,0.56903,0.5692
1782199380000,0.5692,0.56921,0.5691,0.56915
1782199440000,0.56914,0.56916,0.56907,0.5691
1782199500000,0.5691,0.56916,0.56906,0.56912
1782199560000,0.56911,0.56913,0.56909,0.56911
1782199620000,0.56913,0.56927,0.56912,0.56926
1782199680000,0.56926,0.56931,0.56924,0.5693
1782199740000,0.56929,0.56934,0.56926,0.56931
1782199800000,0.5693,0.5693,0.56906,0.56914
1782199860000,0.56913,0.56913,0.569,0.56901
1782199920000,0.56902,0.56905,0.56885,0.5689
1782199980000,0.5689,0.56901,0.5689,0.56896
1782200040000,0.56898,0.56906,0.56895,0.56906
1782200100000,0.56905,0.56905,0.56893,0.56893
1782200160000,0.56892,0.56898,0.56885,0.56896
1782200220000,0.56897,0.56899,0.5689,0.5689
1782200280000,0.56891,0.56892,0.5688,0.56891
1782200340000,0.56891,0.56892,0.56885,0.56891
1782200400000,0.56891,0.56898,0.56883,0.56883
1782200460000,0.56884,0.56888,0.56873,0.56876
1782200520000,0.56875,0.56875,0.56855,0.56859
1782200580000,0.56858,0.56861,0.56856,0.56861
1782200640000,0.56861,0.56861,0.56854,0.56859
1782200700000,0.56861,0.56861,0.5685,0.56853
1782200760000,0.56853,0.56877,0.56852,0.56877
1782200820000,0.56877,0.56881,0.5687,0.56871
1782200880000,0.56871,0.56879,0.56871,0.56877
1782200940000,0.56877,0.56879,0.56862,0.56869
1782201000000,0.56869,0.56869,0.56852,0.56854
1782201060000,0.5685,0.5685,0.5683,0.56835
1782201120000,0.56835,0.56841,0.56829,0.56829
1782201180000,0.56829,0.56834,0.56828,0.56833
1782201240000,0.56833,0.56844,0.56832,0.56844
1782201300000,0.56844,0.56848,0.5684,0.56841
1782201360000,0.56841,0.56841,0.5683,0.56832
1782201420000,0.56831,0.5684,0.56825,0.5684
1782201480000,0.5684,0.56846,0.56834,0.56844
1782201540000,0.56845,0.56854,0.56839,0.5684
1782201600000,0.56844,0.56846,0.56825,0.56836
1782201660000,0.56835,0.56841,0.56835,0.56839
1782201720000,0.56837,0.56866,0.56837,0.56855
1782201780000,0.56855,0.56865,0.56854,0.5686
1782201840000,0.56861,0.56865,0.56846,0.56847
1782201900000,0.56848,0.56867,0.56848,0.56867
1782201960000,0.56867,0.5688,0.56866,0.56879
1782202020000,0.56882,0.56882,0.56871,0.5688
1782202080000,0.5688,0.56881,0.56866,0.56871
1782202140000,0.56871,0.56877,0.56865,0.56876
1782202200000,0.56875,0.56883,0.56875,0.56883
1782202260000,0.5688,0.5689,0.56874,0.56887
1782202320000,0.56888,0.56891,0.56871,0.56876
1782202380000,0.56876,0.5688,0.56873,0.56875
1782202440000,0.56874,0.56876,0.56869,0.56871
1782202500000,0.56873,0.5688,0.5687,0.5687
1782202560000,0.56869,0.5687,0.5686,0.56861
1782202620000,0.56862,0.56864,0.56856,0.56856
1782202680000,0.56857,0.56857,0.56842,0.56846
1782202740000,0.56847,0.56851,0.56845,0.56846
1782202800000,0.56846,0.56856,0.56846,0.56851
1782202860000,0.56851,0.56856,0.5685,0.56855
1782202920000,0.56855,0.56862,0.56855,0.56856
1782202980000,0.56855,0.56856,0.56842,0.56842
1782203040000,0.56839,0.56841,0.56837,0.5684
1782203100000,0.5684,0.56841,0.56837,0.56839
1782203160000,0.56838,0.56844,0.56832,0.56834
1782203220000,0.56835,0.56836,0.56831,0.56834
1782203280000,0.56835,0.56835,0.56827,0.56828
1782203340000,0.56829,0.56841,0.56828,0.5684
1782203400000,0.56839,0.56847,0.56832,0.56845
1782203460000,0.56846,0.56846,0.56836,0.56843
1782203520000,0.56842,0.56842,0.56835,0.56837
1782203580000,0.56839,0.56842,0.56832,0.56839
1782203640000,0.56837,0.56842,0.56833,0.56842
1782203700000,0.56843,0.56844,0.56836,0.56838
1782203760000,0.56838,0.5684,0.5683,0.5683
1782203820000,0.5683,0.56838,0.5683,0.56833
1782203880000,0.56833,0.5684,0.5683,0.5683
1782203940000,0.56832,0.56837,0.56827,0.56835
1782204000000,0.56834,0.56846,0.56833,0.56845
1782204060000,0.56846,0.56852,0.56845,0.56849
1782204120000,0.56846,0.56851,0.56845,0.5685
1782204180000,0.5685,0.5685,0.56841,0.56843
1782204240000,0.56841,0.56843,0.56833,0.56835
1782204300000,0.56833,0.56833,0.56824,0.5683
1782204360000,0.56831,0.56831,0.56824,0.56824
1782204420000,0.56826,0.56829,0.56822,0.56824
1782204480000,0.56823,0.56824,0.5682,0.56822
1782204540000,0.56822,0.56832,0.56821,0.5683
1782204600000,0.56827,0.56831,0.56824,0.56827
1782204660000,0.56824,0.56831,0.56824,0.56831
1782204720000,0.56833,0.56837,0.5683,0.56832
1782204780000,0.56834,0.56851,0.56834,0.56851
1782204840000,0.56853,0.56861,0.56853,0.56856
1782204900000,0.56858,0.56859,0.56857,0.56857
1782204960000,0.56856,0.56857,0.56854,0.56857
1782205020000,0.56857,0.56857,0.56849,0.56849
1782205080000,0.5685,0.56851,0.56847,0.56851
1782205140000,0.56849,0.56851,0.56849,0.56851
1782205200000,0.56851,0.56856,0.56838,0.56856
1782205260000,0.5686,0.56872,0.5686,0.56871
1782205320000,0.56871,0.56889,0.5687,0.56884
1782205380000,0.56885,0.56886,0.56868,0.56871
1782205440000,0.56871,0.5688,0.56867,0.56875
1782205500000,0.56873,0.5688,0.56872,0.5688
1782205560000,0.56878,0.56884,0.56877,0.56881
1782205620000,0.56883,0.56887,0.5688,0.5688
1782205680000,0.56881,0.56885,0.56875,0.56875
1782205740000,0.56873,0.56877,0.56873,0.56876
1782205800000,0.56875,0.5688,0.56873,0.5688
1782205860000,0.56883,0.56883,0.56874,0.56878
1782205920000,0.56876,0.5688,0.56872,0.5688
1782205980000,0.5688,0.56892,0.5688,0.5689
1782206040000,0.56892,0.56901,0.56892,0.56896
1782206100000,0.56896,0.56902,0.56892,0.56894
1782206160000,0.56895,0.56897,0.56894,0.56894
1782206220000,0.56895,0.56895,0.56888,0.56889
1782206280000,0.56887,0.56891,0.56885,0.5689
1782206340000,0.56889,0.56894,0.56889,0.5689
1782206400000,0.56891,0.56891,0.56885,0.5689
1782206460000,0.56889,0.56894,0.56885,0.56889
1782206520000,0.56888,0.56896,0.56888,0.56893
1782206580000,0.56892,0.56897,0.56888,0.56896
1782206640000,0.56894,0.56897,0.56894,0.56895
1782206700000,0.56894,0.56896,0.5689,0.56891
1782206760000,0.5689,0.56897,0.56889,0.56895
1782206820000,0.56897,0.56898,0.56891,0.56892
1782206880000,0.56891,0.56891,0.56878,0.56885
1782206940000,0.56886,0.56888,0.56884,0.56886
1782207000000,0.56888,0.56888,0.56877,0.56877
1782207060000,0.56877,0.5688,0.56875,0.56875
1782207120000,0.56874,0.56882,0.56874,0.5688
1782207180000,0.5688,0.56886,0.56879,0.5688
1782207240000,0.56881,0.56882,0.56875,0.56876
1782207300000,0.56877,0.56891,0.56877,0.56891
1782207360000,0.56891,0.56896,0.5689,0.56893
1782207420000,0.56891,0.56897,0.5689,0.56891
1782207480000,0.56891,0.56893,0.56887,0.5689
1782207540000,0.56891,0.56897,0.5689,0.56895
1782207600000,0.56895,0.56896,0.56888,0.56892
1782207660000,0.56895,0.56897,0.56891,0.56897
1782207720000,0.56898,0.56901,0.56895,0.56895
1782207780000,0.56896,0.56902,0.56892,0.56895
1782207840000,0.56895,0.56896,0.56891,0.56891
1782207900000,0.5689,0.56898,0.5689,0.56897
1782207960000,0.56897,0.569,0.56895,0.569
1782208020000,0.56901,0.56902,0.56895,0.56895
1782208080000,0.56896,0.56901,0.56895,0.56897
1782208140000,0.56898,0.56906,0.56897,0.56905
1782208200000,0.56905,0.56907,0.56901,0.56907
1782208260000,0.56907,0.56908,0.56903,0.56906
1782208320000,0.56906,0.56913,0.56906,0.56913
1782208380000,0.56912,0.56916,0.5691,0.5691
1782208440000,0.5691,0.56916,0.5691,0.56911
1782208500000,0.5691,0.56917,0.56909,0.56917
1782208560000,0.56917,0.56917,0.56915,0.56915
1782208620000,0.56915,0.56922,0.56915,0.56922
1782208680000,0.5692,0.56925,0.56919,0.56921
1782208740000,0.5692,0.56925,0.5692,0.56925
1782208800000,0.56925,0.56936,0.56923,0.56936
1782208860000,0.56936,0.56943,0.56936,0.56938
1782208920000,0.56937,0.56943,0.56935,0.56942
1782208980000,0.56943,0.56946,0.56941,0.56945
1782209040000,0.56945,0.56948,0.56943,0.56943
1782209100000,0.56942,0.56943,0.5693,0.56931
1782209160000,0.5693,0.5693,0.56926,0.56929
1782209220000,0.56931,0.56932,0.56925,0.56926
1782209280000,0.56925,0.56925,0.56922,0.56923
1782209340000,0.5692,0.56921,0.56917,0.56919
1782209400000,0.56919,0.5692,0.56918,0.5692
1782209460000,0.56918,0.56918,0.56906,0.56908
1782209520000,0.56907,0.56912,0.56907,0.56911
1782209580000,0.56909,0.56916,0.56907,0.56915
1782209640000,0.56917,0.56922,0.56916,0.56921
1782209700000,0.56921,0.56932,0.56921,0.56932
1782209760000,0.56934,0.56935,0.56934,0.56935
1782209820000,0.56936,0.56936,0.56934,0.56934
1782209880000,0.56934,0.56939,0.56932,0.56932
1782209940000,0.56934,0.56935,0.5692,0.56921
1782210000000,0.56921,0.56921,0.56906,0.56906
1782210060000,0.56907,0.56912,0.56901,0.5691
1782210120000,0.56909,0.56915,0.56909,0.56914
1782210180000,0.56916,0.56916,0.5691,0.56914
1782210240000,0.56913,0.56915,0.56908,0.56908
1782210300000,0.56911,0.56911,0.56904,0.56904
1782210360000,0.56905,0.56909,0.56904,0.56905
1782210420000,0.56904,0.56907,0.56904,0.56907
1782210480000,0.56905,0.56906,0.56902,0.56906
1782210540000,0.56905,0.56905,0.56899,0.56899
1782210600000,0.56898,0.56899,0.5689,0.56894
1782210660000,0.56894,0.56894,0.56886,0.56889
1782210720000,0.56888,0.56899,0.56888,0.56889
1782210780000,0.56889,0.56901,0.56889,0.56899
1782210840000,0.56897,0.56897,0.56894,0.56894
1782210900000,0.56896,0.56896,0.56892,0.56892
1782210960000,0.56892,0.56894,0.56888,0.56888
1782211020000,0.56889,0.56899,0.56889,0.56895
1782211080000,0.56896,0.56897,0.56889,0.56897
1782211140000,0.56898,0.56899,0.56895,0.56897
1782211200000,0.56895,0.569,0.56895,0.56898
1782211260000,0.56897,0.56897,0.56889,0.56891
1782211320000,0.56891,0.56891,0.56884,0.56885
1782211380000,0.56887,0.56891,0.56886,0.56891
1782211440000,0.5689,0.5689,0.56881,0.56881
1782211500000,0.56882,0.56885,0.56877,0.5688
1782211560000,0.56879,0.56879,0.56868,0.56869
1782211620000,0.56868,0.5687,0.56864,0.56865
1782211680000,0.56867,0.56867,0.56859,0.5686
1782211740000,0.56861,0.56861,0.56843,0.56844
1782211800000,0.56846,0.56853,0.56844,0.56849
1782211860000,0.56849,0.56849,0.56837,0.56845
1782211920000,0.56844,0.56845,0.56832,0.56836
1782211980000,0.56836,0.56836,0.56824,0.56835
1782212040000,0.56834,0.56837,0.5683,0.56833
1782212100000,0.56832,0.56835,0.5683,0.56832
1782212160000,0.56832,0.56839,0.56832,0.56834
1782212220000,0.56835,0.56842,0.56835,0.56836
1782212280000,0.56837,0.56843,0.56835,0.56843
1782212340000,0.56845,0.56849,0.56839,0.56843
1782212400000,0.56843,0.56846,0.5684,0.56845
1782212460000,0.56846,0.56855,0.56846,0.56851
1782212520000,0.56852,0.5686,0.5685,0.56854
1782212580000,0.56852,0.56857,0.56851,0.56851
1782212640000,0.5685,0.5685,0.56836,0.56839
1782212700000,0.56839,0.56846,0.56838,0.56844
1782212760000,0.56845,0.56857,0.56843,0.56853
1782212820000,0.56855,0.56856,0.56853,0.56855
1782212880000,0.56855,0.56858,0.56852,0.56852
1782212940000,0.56853,0.56854,0.56843,0.56843
1782213000000,0.56845,0.56845,0.56838,0.56844
1782213060000,0.56842,0.56849,0.56842,0.56849
1782213120000,0.56847,0.56853,0.56847,0.56851
1782213180000,0.56854,0.56855,0.56843,0.56843
1782213240000,0.56843,0.56846,0.56839,0.56846
1782213300000,0.56844,0.56846,0.56835,0.56838
1782213360000,0.56839,0.56844,0.56836,0.56836
1782213420000,0.56837,0.56838,0.5683,0.56833
1782213480000,0.56834,0.56836,0.56831,0.56834
1782213540000,0.56833,0.56839,0.56831,0.56839
1782213600000,0.56839,0.5687,0.56831,0.56866
1782213660000,0.56864,0.56866,0.56843,0.56844
1782213720000,0.56844,0.56845,0.56838,0.56843
1782213780000,0.56842,0.5685,0.56842,0.56842
1782213840000,0.56842,0.56845,0.56839,0.56842
1782213900000,0.5684,0.56842,0.56834,0.56836
1782213960000,0.56837,0.56839,0.56833,0.56833
1782214020000,0.56834,0.56838,0.56833,0.56833
1782214080000,0.56833,0.56834,0.56828,0.56828
1782214140000,0.56828,0.56829,0.56821,0.56821
1782214200000,0.5682,0.56824,0.56816,0.56819
1782214260000,0.56817,0.56819,0.56809,0.56818
1782214320000,0.56819,0.56824,0.56819,0.5682
1782214380000,0.56819,0.56824,0.56818,0.56819
1782214440000,0.56819,0.5682,0.56815,0.56816
1782214500000,0.56818,0.56819,0.56812,0.56815
1782214560000,0.56813,0.56814,0.5681,0.56811
1782214620000,0.5681,0.5681,0.56802,0.56809
1782214680000,0.56809,0.56813,0.56807,0.56807
1782214740000,0.56808,0.56818,0.56808,0.56816
1782214800000,0.56816,0.56816,0.56811,0.56814
1782214860000,0.56815,0.56817,0.5681,0.56816
1782214920000,0.56814,0.5682,0.56812,0.5682
1782214980000,0.56819,0.56819,0.5681,0.5681
1782215040000,0.56811,0.56815,0.56811,0.56815
1782215100000,0.56814,0.56816,0.56813,0.56815
1782215160000,0.56813,0.56816,0.56811,0.56812
1782215220000,0.56814,0.56814,0.56799,0.56801
1782215280000,0.56799,0.56802,0.56799,0.56802
1782215340000,0.568,0.56801,0.56798,0.56801
1782215400000,0.568,0.5681,0.56798,0.5681
1782215460000,0.56809,0.56814,0.56781,0.56781
1782215520000,0.56782,0.56784,0.56773,0.56776
1782215580000,0.56776,0.56776,0.56771,0.56773
1782215640000,0.56775,0.56779,0.56772,0.56779
1782215700000,0.56778,0.56783,0.56768,0.56774
1782215760000,0.56774,0.56774,0.56766,0.56767
1782215820000,0.56765,0.56765,0.56746,0.56746
1782215880000,0.56746,0.56746,0.56734,0.56734
1782215940000,0.56733,0.56736,0.56729,0.56734
1782216000000,0.56735,0.56745,0.56729,0.56744
1782216060000,0.56743,0.56777,0.56742,0.56774
1782216120000,0.56773,0.56785,0.56769,0.56776
1782216180000,0.56776,0.56779,0.56761,0.56766
1782216240000,0.56768,0.56777,0.56768,0.5677
1782216300000,0.5677,0.5677,0.56762,0.56762
1782216360000,0.56762,0.56767,0.56756,0.56765
1782216420000,0.56764,0.56767,0.56762,0.56766
1782216480000,0.56767,0.56783,0.56767,0.56781
1782216540000,0.5678,0.5678,0.56768,0.56772
1782216600000,0.56771,0.56782,0.56771,0.56778
1782216660000,0.56779,0.56781,0.56768,0.56771
1782216720000,0.56772,0.56772,0.56763,0.56771
1782216780000,0.56771,0.56772,0.5676,0.5676
1782216840000,0.56763,0.56767,0.5676,0.56763
1782216900000,0.56763,0.5677,0.56761,0.56769
1782216960000,0.56771,0.56785,0.56766,0.56785
1782217020000,0.56785,0.56785,0.56772,0.56775
1782217080000,0.56774,0.56775,0.56763,0.56763
1782217140000,0.56765,0.56768,0.56759,0.56759
1782217200000,0.56759,0.56763,0.56752,0.56754
1782217260000,0.56753,0.56755,0.56743,0.56743
1782217320000,0.56744,0.56745,0.56731,0.56738
1782217380000,0.56737,0.56739,0.5673,0.56738
1782217440000,0.56738,0.56746,0.56738,0.5674
1782217500000,0.56741,0.56741,0.56729,0.56729
1782217560000,0.5673,0.56742,0.56729,0.56739
1782217620000,0.5674,0.56741,0.56735,0.56739
1782217680000,0.56739,0.56747,0.56739,0.5674
1782217740000,0.5674,0.5674,0.56725,0.56731
1782217800000,0.56731,0.56746,0.56731,0.56744
1782217860000,0.56744,0.5676,0.56744,0.56747
1782217920000,0.56749,0.5675,0.56744,0.56744
1782217980000,0.56745,0.5675,0.56743,0.56749
1782218040000,0.5675,0.56752,0.56736,0.56736
1782218100000,0.56735,0.56744,0.56733,0.56736
1782218160000,0.56735,0.56736,0.56731,0.56735
1782218220000,0.56736,0.56743,0.56734,0.56734
1782218280000,0.56735,0.56737,0.56731,0.56734
1782218340000,0.56734,0.56741,0.56728,0.56735
1782218400000,0.56735,0.56745,0.56735,0.56742
1782218460000,0.56742,0.56742,0.56733,0.56733
1782218520000,0.56733,0.56735,0.56718,0.56722
1782218580000,0.56723,0.56731,0.56721,0.56722
1782218640000,0.56722,0.56722,0.56708,0.56708
1782218700000,0.56708,0.5672,0.56708,0.56711
1782218760000,0.56711,0.5672,0.56704,0.5672
1782218820000,0.56718,0.56721,0.56709,0.56711
1782218880000,0.56712,0.56719,0.56712,0.56719
1782218940000,0.5672,0.56728,0.56717,0.56727
1782219000000,0.56727,0.5673,0.5672,0.56721
1782219060000,0.56723,0.56737,0.56721,0.56736
1782219120000,0.56733,0.56733,0.56724,0.56728
1782219180000,0.56727,0.5673,0.5672,0.56729
1782219240000,0.56726,0.56729,0.56724,0.56724
1782219300000,0.56724,0.56729,0.56724,0.56728
1782219360000,0.56728,0.56731,0.56727,0.56728
1782219420000,0.56728,0.56728,0.56716,0.56719
1782219480000,0.5672,0.56721,0.56713,0.56716
1782219540000,0.56716,0.56722,0.56713,0.56721
1782219600000,0.56723,0.56725,0.56715,0.56715
1782219660000,0.56715,0.56719,0.56699,0.56705
1782219720000,0.56704,0.56722,0.56704,0.56719
1782219780000,0.56719,0.56735,0.56719,0.56733
1782219840000,0.56733,0.5675,0.5673,0.56749
1782219900000,0.56747,0.56757,0.56743,0.56755
1782219960000,0.56755,0.56768,0.56752,0.56766
1782220020000,0.56765,0.56766,0.56758,0.56762
1782220080000,0.56763,0.56767,0.56758,0.56761
1782220140000,0.56762,0.56762,0.56753,0.56756
1782220200000,0.56756,0.56756,0.56735,0.56741
1782220260000,0.56737,0.56737,0.56725,0.56725
1782220320000,0.56725,0.56728,0.56725,0.56725
1782220380000,0.56726,0.56727,0.5672,0.56725
1782220440000,0.56725,0.56726,0.56715,0.56715
1782220500000,0.56714,0.56715,0.56709,0.56715
1782220560000,0.56712,0.56712,0.567,0.567
1782220620000,0.567,0.5671,0.567,0.56707
1782220680000,0.56709,0.56721,0.56709,0.5672
1782220740000,0.5672,0.56722,0.56713,0.56714
1782220800000,0.56715,0.56721,0.56707,0.56721
1782220860000,0.5672,0.56727,0.56716,0.56724
1782220920000,0.56724,0.56732,0.56722,0.5673
1782220980000,0.56731,0.56746,0.5673,0.56745
1782221040000,0.56745,0.56756,0.5674,0.56755
1782221100000,0.56754,0.56757,0.56739,0.56739
1782221160000,0.56741,0.56754,0.56739,0.56741
1782221220000,0.56741,0.56744,0.56735,0.56735
1782221280000,0.56736,0.56751,0.56734,0.56748
1782221340000,0.56748,0.5675,0.5674,0.5675
1782221400000,0.56751,0.56757,0.56739,0.56748
1782221460000,0.56747,0.56756,0.56738,0.56756
1782221520000,0.56756,0.56777,0.56755,0.56765
1782221580000,0.56762,0.56767,0.56755,0.56762
1782221640000,0.56764,0.56774,0.56762,0.56773
1782221700000,0.56775,0.56775,0.56763,0.56766
1782221760000,0.56768,0.56778,0.56762,0.56765
1782221820000,0.56765,0.56773,0.56754,0.56754
1782221880000,0.56754,0.56758,0.56748,0.56755
1782221940000,0.56755,0.5678,0.56755,0.56774
1782222000000,0.56774,0.56777,0.56764,0.56773
1782222060000,0.56772,0.56782,0.56767,0.56778
1782222120000,0.56777,0.56785,0.5677,0.56785
1782222180000,0.56784,0.56787,0.56776,0.56776
1782222240000,0.56777,0.56779,0.5677,0.56771
1782222300000,0.5677,0.56785,0.56767,0.56785
1782222360000,0.56785,0.56786,0.56776,0.56777
1782222420000,0.56778,0.56798,0.56778,0.56794
1782222480000,0.56795,0.56812,0.56793,0.56811
1782222540000,0.56811,0.56812,0.56799,0.568
1782222600000,0.568,0.568,0.56793,0.56795
1782222660000,0.56796,0.56801,0.56794,0.56795
1782222720000,0.56796,0.56796,0.56781,0.56789
1782222780000,0.56789,0.56794,0.56784,0.56784
1782222840000,0.56785,0.56792,0.56783,0.56788
1782222900000,0.56787,0.56787,0.56766,0.56766
1782222960000,0.56766,0.56766,0.56745,0.56747
1782223020000,0.56748,0.56759,0.56747,0.56755
1782223080000,0.56756,0.56765,0.56754,0.56764
1782223140000,0.56764,0.56771,0.56761,0.56765
1782223200000,0.56764,0.56771,0.56752,0.56761
1782223260000,0.56762,0.56771,0.56757,0.56757
1782223320000,0.56759,0.5677,0.56756,0.56761
1782223380000,0.56763,0.56776,0.56762,0.56773
1782223440000,0.56775,0.56782,0.56766,0.56771
1782223500000,0.56771,0.56776,0.56765,0.56766
1782223560000,0.56767,0.56777,0.56766,0.56777
1782223620000,0.56777,0.5678,0.56766,0.56775
1782223680000,0.56776,0.5678,0.56761,0.56765
1782223740000,0.56767,0.56775,0.56764,0.56771
1782223800000,0.56771,0.56786,0.56766,0.56769
1782223860000,0.56769,0.56771,0.56758,0.5676
1782223920000,0.5676,0.56776,0.56759,0.56775
1782223980000,0.56773,0.56778,0.56768,0.56776
1782224040000,0.56775,0.5678,0.56763,0.56769
1782224100000,0.5677,0.5677,0.56761,0.56765
1782224160000,0.56766,0.56781,0.56766,0.5678
1782224220000,0.56781,0.56781,0.56765,0.56766
1782224280000,0.56764,0.56766,0.56759,0.56761
1782224340000,0.56762,0.56768,0.56761,0.56763
1782224400000,0.56765,0.56772,0.56765,0.56767
1782224460000,0.56765,0.56767,0.56752,0.56752
1782224520000,0.56751,0.56753,0.5674,0.56744
1782224580000,0.56745,0.56761,0.56744,0.5676
1782224640000,0.56758,0.56759,0.56744,0.56746
1782224700000,0.56745,0.56748,0.56736,0.56737
1782224760000,0.56736,0.5674,0.56731,0.56736
1782224820000,0.56737,0.56742,0.56729,0.56729
1782224880000,0.5673,0.56743,0.56728,0.5674
1782224940000,0.56742,0.56751,0.5674,0.56749
1782225000000,0.5675,0.56751,0.56745,0.56746
1782225060000,0.56747,0.56752,0.56746,0.56747
1782225120000,0.56745,0.56752,0.56742,0.56745
1782225180000,0.56745,0.5676,0.56745,0.56746
1782225240000,0.56744,0.56752,0.56743,0.5675
1782225300000,0.56751,0.56751,0.56745,0.56748
1782225360000,0.56749,0.56756,0.56749,0.5675
1782225420000,0.56751,0.56757,0.5675,0.56752
1782225480000,0.5675,0.56755,0.56742,0.56745
1782225540000,0.56746,0.56749,0.56738,0.56742
1782225600000,0.56742,0.56752,0.56741,0.56744
1782225660000,0.56744,0.56745,0.56735,0.56735
1782225720000,0.56735,0.5675,0.56733,0.56745
1782225780000,0.56745,0.56761,0.56743,0.56756
1782225840000,0.56756,0.56761,0.56753,0.56759
1782225900000,0.56761,0.56778,0.5676,0.56776
1782225960000,0.56774,0.5679,0.56774,0.56785
1782226020000,0.56786,0.56787,0.56771,0.56774
1782226080000,0.56774,0.56782,0.56767,0.5678
1782226140000,0.56779,0.5678,0.56772,0.5678
1782226200000,0.5678,0.56781,0.56767,0.56781
1782226260000,0.56781,0.56788,0.56778,0.56778
1782226320000,0.56778,0.56795,0.56776,0.56795
1782226380000,0.56796,0.56799,0.56792,0.56797
1782226440000,0.56795,0.56797,0.56789,0.56797
1782226500000,0.56795,0.56796,0.56782,0.56785
1782226560000,0.56784,0.56784,0.56763,0.56763
1782226620000,0.56764,0.56789,0.56764,0.56787
1782226680000,0.56787,0.56795,0.56784,0.56791
1782226740000,0.5679,0.56791,0.56782,0.56789
1782226800000,0.56787,0.56797,0.56782,0.56795
1782226860000,0.56794,0.56799,0.56787,0.56789
1782226920000,0.56791,0.56798,0.56779,0.56796
1782226980000,0.56796,0.568,0.56788,0.56789
1782227040000,0.56791,0.56799,0.56788,0.56791
1782227100000,0.56794,0.56794,0.56777,0.56778
1782227160000,0.56779,0.56786,0.56762,0.56763
1782227220000,0.56764,0.56776,0.56763,0.56774
1782227280000,0.56773,0.56775,0.5676,0.56764
1782227340000,0.56764,0.56764,0.56755,0.56758
1782227400000,0.56759,0.56765,0.56756,0.56765
1782227460000,0.56765,0.56778,0.5676,0.56776
1782227520000,0.56775,0.56779,0.56772,0.56775
1782227580000,0.56773,0.56784,0.56771,0.56782
1782227640000,0.56784,0.56793,0.56784,0.5679
1782227700000,0.56791,0.56805,0.56791,0.56803
1782227760000,0.56806,0.56806,0.56796,0.568
1782227820000,0.56801,0.56805,0.56795,0.56799
1782227880000,0.568,0.568,0.56785,0.56787
1782227940000,0.56787,0.5679,0.56783,0.56788
1782228000000,0.56788,0.56794,0.56787,0.5679
1782228060000,0.56789,0.56794,0.56784,0.56784
1782228120000,0.56783,0.5679,0.56781,0.56781
1782228180000,0.56781,0.56781,0.56769,0.56777
1782228240000,0.56778,0.56784,0.56777,0.56779
1782228300000,0.5678,0.56785,0.5678,0.56783
1782228360000,0.56783,0.56786,0.56769,0.56772
1782228420000,0.5677,0.56774,0.56761,0.56773
1782228480000,0.56772,0.56772,0.56761,0.56764
1782228540000,0.56766,0.56769,0.56753,0.56755
1782228600000,0.56754,0.56763,0.56753,0.56759
1782228660000,0.56759,0.56763,0.56756,0.5676
1782228720000,0.5676,0.5676,0.56742,0.56759
1782228780000,0.56761,0.56768,0.56758,0.56764
1782228840000,0.56764,0.56766,0.56747,0.56751
1782228900000,0.5675,0.56756,0.56746,0.56746
1782228960000,0.56748,0.56752,0.5673,0.56732
1782229020000,0.56733,0.56736,0.56725,0.56725
1782229080000,0.56725,0.56725,0.56704,0.56715
1782229140000,0.56715,0.56715,0.567,0.567
1782229200000,0.567,0.56706,0.56699,0.56703
1782229260000,0.56701,0.56706,0.56695,0.56695
1782229320000,0.56693,0.56705,0.56688,0.567
1782229380000,0.567,0.56711,0.567,0.567
1782229440000,0.56701,0.56702,0.56695,0.56701
1782229500000,0.56702,0.56702,0.56688,0.56693
1782229560000,0.56693,0.56696,0.56683,0.56686
1782229620000,0.56685,0.5669,0.56682,0.56686
1782229680000,0.56684,0.56689,0.56682,0.56686
1782229740000,0.56685,0.56685,0.56676,0.56679
1782229800000,0.56679,0.56683,0.56677,0.56678
1782229860000,0.56678,0.56686,0.56678,0.56684
1782229920000,0.56686,0.5669,0.56684,0.56689
1782229980000,0.56689,0.56695,0.56685,0.56685
1782230040000,0.56686,0.56695,0.56686,0.56693
1782230100000,0.5669,0.56694,0.56686,0.5669
1782230160000,0.56691,0.56691,0.56682,0.56686
1782230220000,0.56686,0.56697,0.56685,0.56696
1782230280000,0.56696,0.56702,0.56696,0.56699
1782230340000,0.56699,0.56706,0.56696,0.56706
1782230400000,0.56707,0.56711,0.56706,0.56706
1782230460000,0.56706,0.56706,0.567,0.56706
1782230520000,0.56705,0.56705,0.56701,0.56701
1782230580000,0.56701,0.56716,0.56701,0.56713
1782230640000,0.56712,0.56716,0.56708,0.56709
1782230700000,0.56711,0.56717,0.5671,0.56716
1782230760000,0.56715,0.56717,0.5671,0.56713
1782230820000,0.56713,0.56713,0.56695,0.56695
1782230880000,0.56696,0.56705,0.56696,0.56705
1782230940000,0.56706,0.56708,0.56702,0.56706
1782231000000,0.56706,0.5671,0.56702,0.5671
1782231060000,0.56708,0.5671,0.56703,0.56703
1782231120000,0.56703,0.56706,0.56702,0.56706
1782231180000,0.56705,0.5671,0.56705,0.56706
1782231240000,0.56705,0.56728,0.56705,0.56725
1782231300000,0.56725,0.56727,0.56716,0.56716
1782231360000,0.56718,0.5672,0.56713,0.56715
1782231420000,0.56715,0.56721,0.56715,0.56717
1782231480000,0.56716,0.56725,0.56716,0.56724
1782231540000,0.56722,0.56725,0.5672,0.5672
1782231600000,0.5672,0.56728,0.5672,0.56726
1782231660000,0.56726,0.56727,0.5672,0.5672
1782231720000,0.56719,0.5672,0.56715,0.56719
1782231780000,0.5672,0.56722,0.56716,0.56721
1782231840000,0.56722,0.56726,0.56716,0.56723
1782231900000,0.56722,0.56727,0.56721,0.56725
1782231960000,0.56724,0.56726,0.56711,0.56711
1782232020000,0.56711,0.56716,0.56707,0.56716
1782232080000,0.56716,0.56716,0.56706,0.56706
1782232140000,0.56705,0.56711,0.56705,0.56705
1782232200000,0.56705,0.56705,0.56696,0.56696
1782232260000,0.56696,0.567,0.56692,0.56697
1782232320000,0.56698,0.56701,0.56696,0.567
1782232380000,0.56698,0.56702,0.56694,0.56695
1782232440000,0.56695,0.56701,0.56694,0.56699
1782232500000,0.56698,0.56702,0.56697,0.56697
1782232560000,0.56698,0.56703,0.56697,0.56702
1782232620000,0.56702,0.56709,0.567,0.567
1782232680000,0.567,0.567,0.56694,0.56694
1782232740000,0.56695,0.56701,0.56695,0.567
1782232800000,0.56701,0.56705,0.56699,0.56701
1782232860000,0.56701,0.56702,0.56699,0.56699
1782232920000,0.56699,0.56702,0.56698,0.56702
1782232980000,0.56701,0.56705,0.567,0.567
1782233040000,0.56701,0.56708,0.567,0.56707
1782233100000,0.56707,0.56707,0.56701,0.56701
1782233160000,0.56701,0.56706,0.56701,0.56701
1782233220000,0.56701,0.56701,0.56692,0.567
1782233280000,0.56701,0.56707,0.56701,0.56702
1782233340000,0.56704,0.56705,0.56691,0.56695
1782233400000,0.56695,0.56699,0.56695,0.56695
1782233460000,0.56696,0.56696,0.5669,0.5669
1782233520000,0.56693,0.56695,0.5669,0.5669
1782233580000,0.56687,0.56687,0.5668,0.56684
1782233640000,0.56683,0.56687,0.56681,0.56686
1782233700000,0.56688,0.56691,0.56681,0.56681
1782233760000,0.56681,0.56684,0.56676,0.56676
1782233820000,0.56676,0.56679,0.56671,0.56674
1782233880000,0.56673,0.56675,0.5667,0.56675
1782233940000,0.56675,0.5668,0.56675,0.56676
1782234000000,0.56675,0.56676,0.5667,0.5667
1782234060000,0.56671,0.56677,0.56671,0.56674
1782234120000,0.56676,0.56677,0.5667,0.56676
1782234180000,0.56675,0.56676,0.56673,0.56673
1782234240000,0.56673,0.56673,0.56665,0.56665
1782234300000,0.56666,0.56672,0.56666,0.56666
1782234360000,0.56666,0.56671,0.56664,0.56671
1782234420000,0.5667,0.56678,0.5667,0.56677
1782234480000,0.56677,0.56678,0.56672,0.56672
1782234540000,0.56672,0.56677,0.5667,0.56677
1782234600000,0.56678,0.56681,0.56676,0.56676
1782234660000,0.56677,0.56679,0.56676,0.56678
1782234720000,0.56677,0.5668,0.56677,0.5668
1782234780000,0.56681,0.56686,0.56681,0.56685
1782234840000,0.56683,0.56687,0.56682,0.56683
1782234900000,0.56684,0.56687,0.56684,0.56687
1782234960000,0.56688,0.56693,0.56686,0.56692
1782235020000,0.56692,0.56693,0.56681,0.56681
1782235080000,0.56682,0.56686,0.56682,0.56685
1782235140000,0.56682,0.56682,0.56678,0.56682
1782235200000,0.56682,0.56689,0.56682,0.56682
1782235260000,0.56683,0.56687,0.56681,0.56686
1782235320000,0.56686,0.56692,0.56686,0.56691
1782235380000,0.56692,0.56701,0.56692,0.56697
1782235440000,0.56697,0.56702,0.56696,0.56702
1782235500000,0.567,0.567,0.56685,0.56686
1782235560000,0.56686,0.56688,0.56686,0.56686
1782235620000,0.56686,0.56687,0.56685,0.56686
1782235680000,0.56687,0.56692,0.56687,0.56691
1782235740000,0.56691,0.56692,0.56681,0.56681
1782235800000,0.56681,0.56685,0.5668,0.56681
1782235860000,0.56682,0.56687,0.56681,0.56683
1782235920000,0.56682,0.56691,0.56682,0.56687
1782235980000,0.56687,0.56692,0.56687,0.56688
1782236040000,0.56687,0.56691,0.56686,0.56686
1782236100000,0.56689,0.56691,0.56681,0.56681
1782236160000,0.56682,0.56682,0.56681,0.56681
1782236220000,0.56681,0.56686,0.56681,0.56686
1782236280000,0.56685,0.56686,0.56681,0.56682
1782236340000,0.56682,0.56685,0.56681,0.56681
1782236400000,0.56682,0.56686,0.56681,0.56681
1782236460000,0.5668,0.5668,0.56671,0.56677
1782236520000,0.56676,0.56681,0.56676,0.5668
1782236580000,0.5668,0.56681,0.56675,0.5668
1782236640000,0.5668,0.56681,0.56678,0.56681
1782236700000,0.56681,0.56681,0.56677,0.56681
1782236760000,0.5668,0.56681,0.56674,0.56674
1782236820000,0.56673,0.56677,0.56672,0.56672
1782236880000,0.56674,0.56678,0.56672,0.56678
1782236940000,0.56679,0.56683,0.56677,0.56677
1782237000000,0.56677,0.56678,0.56677,0.56677
1782237060000,0.56677,0.56677,0.56675,0.56676
1782237120000,0.56676,0.56677,0.56675,0.56676
1782237180000,0.56677,0.56677,0.56668,0.56672
1782237240000,0.56672,0.56672,0.56668,0.56672
1782237300000,0.56671,0.56676,0.56669,0.5667
1782237360000,0.56671,0.56672,0.56666,0.56669
1782237420000,0.56668,0.56668,0.5666,0.56663
1782237480000,0.56665,0.56667,0.56665,0.56667
1782237540000,0.56666,0.56668,0.56665,0.56666
1782237600000,0.56667,0.56673,0.56666,0.56673
1782237660000,0.56671,0.56675,0.56666,0.56671
1782237720000,0.56672,0.56672,0.56665,0.56666
1782237780000,0.56665,0.56666,0.5666,0.56663
1782237840000,0.56662,0.56662,0.56654,0.56655
1782237900000,0.56656,0.56667,0.56656,0.56667
1782237960000,0.56666,0.56666,0.56658,0.56662
1782238020000,0.56661,0.56662,0.56657,0.56657
1782238080000,0.56658,0.56662,0.56655,0.56661
1782238140000,0.56663,0.56666,0.56663,0.56666
1782238200000,0.56669,0.56669,0.56666,0.56667
1782238260000,0.56668,0.56672,0.56667,0.56671
1782238320000,0.56671,0.56671,0.56663,0.56663
1782238380000,0.56662,0.56667,0.56661,0.56666
1782238440000,0.56663,0.56668,0.56663,0.56665
1782238500000,0.56666,0.56667,0.56666,0.56667
1782238560000,0.56669,0.56673,0.56665,0.56666
1782238620000,0.56666,0.56667,0.56665,0.56666
1782238680000,0.56666,0.56668,0.56663,0.56664
1782238740000,0.56664,0.56667,0.56664,0.56667
1782238800000,0.56667,0.56667,0.56661,0.56665
1782238860000,0.56664,0.56666,0.56662,0.56666
1782238920000,0.56664,0.5668,0.56664,0.56679
1782238980000,0.56679,0.56681,0.56672,0.56676
1782239040000,0.56675,0.56675,0.56671,0.56671
1782239100000,0.5667,0.5667,0.56666,0.56667
1782239160000,0.56667,0.56667,0.56664,0.56664
1782239220000,0.56662,0.56662,0.56661,0.56661
1782239280000,0.56659,0.56661,0.56656,0.5666
1782239340000,0.56659,0.56659,0.56652,0.56653
1782239400000,0.56651,0.56655,0.56644,0.56644
1782239460000,0.56644,0.56645,0.56634,0.56641
1782239520000,0.5664,0.56642,0.5664,0.56642
1782239580000,0.56641,0.56646,0.56641,0.56646
1782239640000,0.56646,0.56646,0.56646,0.56646
1782239700000,0.56649,0.56651,0.56646,0.5665
1782239760000,0.56649,0.5665,0.56647,0.56647
1782239820000,0.5665,0.56656,0.56649,0.56656
1782239880000,0.56655,0.56656,0.56639,0.56645
1782239940000,0.56645,0.56646,0.56642,0.56643
1782240000000,0.56641,0.56641,0.56635,0.56636
1782240060000,0.56637,0.56641,0.56636,0.56641
1782240120000,0.56641,0.56641,0.56636,0.56636
1782240180000,0.56635,0.56637,0.56628,0.56629
1782240240000,0.5663,0.56632,0.5663,0.56632
1782240300000,0.56634,0.56636,0.56631,0.56633
1782240360000,0.56632,0.56632,0.56627,0.56629
1782240420000,0.56627,0.5663,0.56627,0.56627
1782240480000,0.56629,0.56636,0.56627,0.56636
1782240540000,0.56635,0.56635,0.56632,0.56634
1782240600000,0.56635,0.56646,0.56635,0.56646
1782240660000,0.56645,0.5665,0.56644,0.56645
1782240720000,0.56645,0.56648,0.56642,0.56642
1782240780000,0.56642,0.56642,0.56637,0.5664
1782240840000,0.56638,0.56641,0.56637,0.56641
1782240900000,0.56642,0.56642,0.56638,0.5664
1782240960000,0.56639,0.56641,0.56639,0.56641
1782241020000,0.56641,0.56647,0.5664,0.56642
1782241080000,0.56646,0.5665,0.56646,0.5665
1782241140000,0.56649,0.56655,0.56644,0.56651
1782241200000,0.56651,0.56655,0.56646,0.5665
1782241260000,0.56651,0.56666,0.56651,0.56664
1782241320000,0.56665,0.56669,0.56663,0.56669
1782241380000,0.56667,0.56674,0.56666,0.56672
1782241440000,0.56673,0.56683,0.56673,0.5668
1782241500000,0.56679,0.56693,0.56679,0.56684
1782241560000,0.56683,0.56689,0.5668,0.5668
1782241620000,0.56682,0.56682,0.56677,0.56677
1782241680000,0.56678,0.56683,0.56678,0.56682
1782241740000,0.56683,0.5669,0.56683,0.5669
1782241800000,0.5669,0.56696,0.56688,0.5669
1782241860000,0.5669,0.56694,0.56689,0.5669
1782241920000,0.5669,0.5669,0.56688,0.56689
1782241980000,0.56689,0.56689,0.56684,0.56684
1782242040000,0.56685,0.56687,0.56684,0.56684
1782242100000,0.56685,0.56687,0.5668,0.56682
1782242160000,0.56682,0.56683,0.5668,0.5668
1782242220000,0.5668,0.5668,0.56674,0.56676
1782242280000,0.56674,0.56674,0.56664,0.56669
1782242340000,0.56669,0.56669,0.56664,0.56664
1782242400000,0.56667,0.5667,0.56665,0.56668
1782242460000,0.56666,0.56671,0.56664,0.56671
1782242520000,0.5667,0.56674,0.56668,0.56668
1782242580000,0.56667,0.56684,0.56667,0.56684
1782242640000,0.56682,0.56682,0.56677,0.56678
1782242700000,0.56678,0.56681,0.56676,0.56681
1782242760000,0.5668,0.56681,0.56674,0.56674
1782242820000,0.56676,0.56676,0.56674,0.56674
1782242880000,0.56675,0.56678,0.56674,0.56674
1782242940000,0.56676,0.56681,0.56676,0.56679
1782243000000,0.56681,0.56685,0.56677,0.56679
1782243060000,0.56679,0.5668,0.56675,0.56675
1782243120000,0.56672,0.56681,0.56671,0.5668
1782243180000,0.56681,0.56684,0.56681,0.56683
1782243240000,0.56682,0.56683,0.5668,0.5668
1782243300000,0.56682,0.56683,0.56676,0.56681
1782243360000,0.56682,0.56682,0.56677,0.56677
1782243420000,0.56676,0.56679,0.56674,0.56676
1782243480000,0.56677,0.5668,0.56674,0.56675
1782243540000,0.56677,0.56678,0.56675,0.56677
1782243600000,0.56677,0.5668,0.56676,0.56677
1782243660000,0.56678,0.56678,0.56675,0.56676
1782243720000,0.56678,0.56679,0.5667,0.5667
1782243780000,0.56671,0.56677,0.5667,0.56676
1782243840000,0.56677,0.56683,0.56676,0.56679
1782243900000,0.5668,0.56682,0.56679,0.56681
1782243960000,0.56681,0.56682,0.56675,0.56678
1782244020000,0.56677,0.56677,0.56673,0.56674
1782244080000,0.56673,0.56675,0.56673,0.56675
1782244140000,0.56675,0.56676,0.56672,0.56676
1782244200000,0.56675,0.56676,0.56668,0.5667
1782244260000,0.5667,0.5667,0.56667,0.56669
1782244320000,0.5667,0.5667,0.56665,0.56666
1782244380000,0.56667,0.5667,0.56664,0.56667
1782244440000,0.56666,0.56672,0.56666,0.56672
1782244500000,0.56671,0.56672,0.56666,0.56669
1782244560000,0.5667,0.56672,0.5667,0.56671
1782244620000,0.56671,0.56674,0.56667,0.56674
1782244680000,0.56674,0.56682,0.56672,0.56679
1782244740000,0.5668,0.56681,0.56658,0.56658
1782244800000,0.56658,0.56663,0.56655,0.56657
1782244860000,0.56657,0.5666,0.56653,0.56653
1782244920000,0.56653,0.56657,0.56652,0.56657
1782244980000,0.56656,0.56661,0.56655,0.56657
1782245040000,0.56658,0.56661,0.56657,0.56661
1782245100000,0.56662,0.5667,0.56662,0.5667
1782245160000,0.56671,0.56672,0.56671,0.56672
1782245220000,0.56671,0.56673,0.56671,0.56673
1782245280000,0.56671,0.56671,0.56667,0.56667
1782245340000,0.56666,0.56668,0.56666,0.56666
1782245400000,0.56667,0.56667,0.56664,0.56664
1782245460000,0.56661,0.56667,0.56661,0.56667
1782245520000,0.56665,0.56666,0.56665,0.56666
1782245580000,0.56667,0.56668,0.56666,0.56666
1782245640000,0.56667,0.56667,0.56667,0.56667
1782245700000,0.56667,0.56667,0.56666,0.56666
1782245760000,0.56667,0.56667,0.56666,0.56666
1782245820000,0.56666,0.56667,0.56665,0.56665
1782245880000,0.56666,0.56666,0.56666,0.56666
1782245940000,0.56665,0.56669,0.56665,0.56665
1782246000000,0.56667,0.56667,0.56657,0.56657
1782246060000,0.56657,0.56658,0.56657,0.56658
1782246120000,0.56659,0.56661,0.56659,0.5666
1782246180000,0.56659,0.5666,0.56656,0.56659
1782246240000,0.5666,0.56664,0.5666,0.56661
1782246300000,0.56663,0.56664,0.56661,0.56662
1782246360000,0.56663,0.56664,0.56662,0.56662
1782246420000,0.5666,0.5666,0.56659,0.56659
1782246480000,0.56658,0.5666,0.56658,0.5666
1782246540000,0.5666,0.56664,0.5666,0.56664
1782246600000,0.56662,0.56663,0.56662,0.56663
1782246660000,0.56662,0.56662,0.5666,0.56661
1782246720000,0.56662,0.56665,0.56661,0.56665
1782246780000,0.56665,0.56665,0.56664,0.56665
1782246840000,0.56666,0.56667,0.56666,0.56667
1782246900000,0.56666,0.56666,0.56665,0.56665
1782246960000,0.56664,0.56665,0.56664,0.56665
1782247020000,0.56666,0.56668,0.56666,0.56667
1782247080000,0.56669,0.56669,0.56669,0.56669
1782247140000,0.56668,0.56668,0.56664,0.56664
1782247200000,0.56666,0.56668,0.56665,0.56668
1782247260000,0.5667,0.5667,0.5667,0.5667
1782247320000,0.5667,0.5667,0.56668,0.5667
1782247380000,0.56669,0.56669,0.56669,0.56669
1782247440000,0.56669,0.56669,0.56669,0.56669
1782247500000,0.56668,0.56669,0.56668,0.56669
1782247560000,0.56666,0.56666,0.56665,0.56665
1782247620000,0.56665,0.56665,0.56665,0.56665
1782247680000,0.56665,0.56665,0.56665,0.56665
1782247740000,0.56664,0.56664,0.56663,0.56663
1782247800000,0.56662,0.56662,0.56659,0.5666
1782247860000,0.5666,0.56663,0.5666,0.56663
1782247920000,0.56664,0.56664,0.56664,0.56664
1782247980000,0.56663,0.56665,0.56663,0.56665
1782248040000,0.56667,0.56667,0.56665,0.56665
1782248100000,0.56662,0.56669,0.56662,0.56668
1782248160000,0.56668,0.56675,0.56668,0.56675
1782248220000,0.56674,0.56674,0.56671,0.56673
1782248280000,0.56673,0.56676,0.56671,0.56673
1782248340000,0.56674,0.56679,0.5667,0.56673
1782248400000,0.56672,0.5668,0.56637,0.56638
1782248460000,0.56638,0.56638,0.56638,0.56638
1782248520000,0.56638,0.56638,0.56638,0.56638
1782248580000,0.56638,0.56638,0.56638,0.56638
1782248640000,0.56661,0.56661,0.56661,0.56661
1782248700000,0.56656,0.56662,0.56645,0.56653
1782248760000,0.56651,0.5666,0.56646,0.56651
1782248820000,0.56652,0.56688,0.56644,0.56647
1782248880000,0.56647,0.56657,0.56647,0.56653
1782248940000,0.56654,0.56655,0.56652,0.56655
1782249000000,0.56654,0.56656,0.56651,0.56651
1782249060000,0.56653,0.56663,0.56636,0.56657
1782249120000,0.56692,0.56693,0.56692,0.56693
1782249180000,0.56692,0.56692,0.56651,0.56651
1782249240000,0.5665,0.5666,0.56647,0.56658
1782249300000,0.56658,0.56674,0.56641,0.56658
1782249360000,0.56658,0.56665,0.56658,0.56659
1782249420000,0.56658,0.56673,0.56658,0.56671
1782249480000,0.56671,0.56673,0.5667,0.56672
1782249540000,0.56674,0.56676,0.56672,0.56673
1782249600000,0.56671,0.56673,0.56671,0.56673
1782249660000,0.56672,0.56673,0.56672,0.56673
1782249720000,0.56674,0.56674,0.56672,0.56673
1782249780000,0.56671,0.56673,0.56668,0.56671
1782249840000,0.56679,0.56679,0.56674,0.56677
1782249900000,0.56677,0.5668,0.56677,0.5668
1782249960000,0.56679,0.56679,0.56679,0.56679
1782250020000,0.5668,0.5668,0.56679,0.5668
1782250080000,0.56682,0.56682,0.56681,0.56682
1782250140000,0.56683,0.56685,0.56683,0.56685
1782250200000,0.56685,0.56685,0.56679,0.56683
1782250260000,0.56682,0.56685,0.56682,0.56684
1782250320000,0.56685,0.56686,0.56684,0.56684
1782250380000,0.56687,0.56687,0.56686,0.56687
1782250440000,0.56687,0.56688,0.56686,0.56688
1782250500000,0.56688,0.56696,0.56683,0.56687
1782250560000,0.56687,0.56692,0.56686,0.56691
1782250620000,0.56691,0.56692,0.56682,0.56682
1782250680000,0.56683,0.56684,0.56682,0.56683
1782250740000,0.56682,0.56686,0.56682,0.56683
1782250800000,0.56682,0.56683,0.56678,0.56679
1782250860000,0.56678,0.56679,0.56676,0.56676
1782250920000,0.56675,0.56675,0.56675,0.56675
1782250980000,0.56676,0.56679,0.56676,0.56677
1782251040000,0.56679,0.56685,0.56676,0.56685
1782251100000,0.56685,0.56693,0.56675,0.56682
1782251160000,0.56683,0.5669,0.56682,0.5669
1782251220000,0.56691,0.56693,0.56689,0.56689
1782251280000,0.5669,0.56691,0.5669,0.56691
1782251340000,0.5669,0.56692,0.5669,0.56692
1782251400000,0.56691,0.56693,0.56691,0.56693
1782251460000,0.56692,0.56695,0.56691,0.56691
1782251520000,0.5669,0.56691,0.5669,0.56691
1782251580000,0.56691,0.56691,0.5669,0.56691
1782251640000,0.56689,0.56691,0.56689,0.5669
1782251700000,0.56691,0.56693,0.5669,0.56693
1782251760000,0.56693,0.56696,0.56693,0.56696
1782251820000,0.56695,0.56696,0.56692,0.56692
1782251880000,0.56692,0.56693,0.56689,0.56689
1782251940000,0.56688,0.56689,0.56687,0.56687
1782252000000,0.56687,0.56689,0.56675,0.56682
1782252060000,0.56681,0.56688,0.56676,0.56678
1782252120000,0.56677,0.56682,0.56675,0.56678
1782252180000,0.56678,0.56681,0.56678,0.5668
1782252240000,0.5668,0.5668,0.56662,0.56662
1782252300000,0.56662,0.56666,0.56662,0.56666
1782252360000,0.56667,0.5667,0.56667,0.5667
1782252420000,0.5667,0.5667,0.5667,0.5667
1782252480000,0.56672,0.56682,0.56672,0.56681
1782252540000,0.5668,0.56683,0.5668,0.56682
1782252600000,0.56681,0.56682,0.56679,0.5668
1782252660000,0.5668,0.5668,0.5668,0.5668
1782252720000,0.5668,0.5668,0.5668,0.5668
1782252780000,0.5668,0.56684,0.5668,0.56683
1782252840000,0.5668,0.5668,0.56679,0.56679
1782252900000,0.56679,0.56679,0.56673,0.56673
1782252960000,0.56673,0.56676,0.56673,0.56675
1782253020000,0.56678,0.56681,0.56678,0.5668
1782253080000,0.5668,0.5668,0.56677,0.5668
1782253140000,0.56681,0.56681,0.5668,0.56681
1782253200000,0.5668,0.5668,0.56674,0.56677
1782253260000,0.56675,0.56677,0.56675,0.56677
1782253320000,0.56677,0.56677,0.5667,0.56672
1782253380000,0.56676,0.56676,0.56675,0.56675
1782253440000,0.56675,0.56676,0.56673,0.56676
1782253500000,0.56675,0.56676,0.56674,0.56675
1782253560000,0.56676,0.56677,0.56674,0.56674
1782253620000,0.56674,0.56681,0.56674,0.56679
1782253680000,0.5668,0.56681,0.56679,0.5668
1782253740000,0.56681,0.56681,0.56674,0.56674
1782253800000,0.56674,0.5668,0.56674,0.5668
1782253860000,0.5668,0.5668,0.56677,0.56677
1782253920000,0.56677,0.56678,0.56677,0.56677
1782253980000,0.56677,0.56677,0.56673,0.56673
1782254040000,0.5667,0.56671,0.56667,0.56667
1782254100000,0.5667,0.56678,0.56669,0.56677
1782254160000,0.5668,0.56681,0.56675,0.5668
1782254220000,0.56681,0.56683,0.56675,0.5668
1782254280000,0.5668,0.56683,0.5668,0.56682
1782254340000,0.56684,0.56686,0.56682,0.56684
1782254400000,0.56686,0.56686,0.56686,0.56686
1782254460000,0.56685,0.56688,0.56685,0.56687
1782254520000,0.56687,0.56687,0.56685,0.56685
1782254580000,0.56684,0.56684,0.5668,0.56682
1782254640000,0.56682,0.56682,0.5668,0.5668
1782254700000,0.56678,0.5668,0.56678,0.56678
1782254760000,0.56681,0.56681,0.56677,0.5668
1782254820000,0.56677,0.56683,0.56677,0.56681
1782254880000,0.56682,0.56683,0.5668,0.5668
1782254940000,0.5668,0.56681,0.5668,0.56681
1782255000000,0.5668,0.56684,0.5668,0.56681
1782255060000,0.5668,0.5668,0.5668,0.5668
1782255120000,0.56681,0.56681,0.5668,0.5668
1782255180000,0.56683,0.56683,0.56681,0.56682
1782255240000,0.56682,0.56683,0.5668,0.5668
1782255300000,0.5668,0.56685,0.56676,0.56681
1782255360000,0.56681,0.56681,0.56681,0.56681
1782255420000,0.5668,0.5668,0.5668,0.5668
1782255480000,0.56679,0.56679,0.56672,0.56672
1782255540000,0.56675,0.56675,0.56672,0.56672
1782255600000,0.56672,0.56678,0.56671,0.56671
1782255660000,0.56672,0.56672,0.5667,0.56671
1782255720000,0.56677,0.56678,0.56674,0.56675
1782255780000,0.56675,0.56677,0.56673,0.56673
1782255840000,0.56673,0.56675,0.56673,0.56675
1782255900000,0.56675,0.56675,0.56667,0.5667
1782255960000,0.56669,0.5667,0.56667,0.56667
1782256020000,0.56666,0.56667,0.56663,0.56663
1782256080000,0.56664,0.56664,0.56659,0.56659
1782256140000,0.56658,0.56658,0.56645,0.5665
1782256200000,0.5665,0.56651,0.56649,0.5665
1782256260000,0.5665,0.56654,0.5665,0.56654
1782256320000,0.56655,0.56661,0.56654,0.56655
1782256380000,0.56655,0.56655,0.56654,0.56654
1782256440000,0.56653,0.56653,0.56653,0.56653
1782256500000,0.56655,0.56657,0.56655,0.56656
1782256560000,0.56655,0.56655,0.56652,0.56652
1782256620000,0.56652,0.56652,0.5665,0.5665
1782256680000,0.56651,0.56651,0.5665,0.5665
1782256740000,0.56651,0.56651,0.56648,0.56649
1782256800000,0.56647,0.56647,0.56644,0.56646
1782256860000,0.56646,0.56649,0.56645,0.56648
1782256920000,0.56652,0.56653,0.56649,0.5665
1782256980000,0.56649,0.5665,0.56649,0.5665
1782257040000,0.5665,0.5665,0.5665,0.5665
1782257100000,0.56649,0.5665,0.56649,0.56649
1782257160000,0.56647,0.56647,0.56645,0.56646
1782257220000,0.56645,0.56645,0.56645,0.56645
1782257280000,0.56645,0.56645,0.56644,0.56644
1782257340000,0.56644,0.56644,0.56634,0.56636
1782257400000,0.56634,0.56634,0.56631,0.56632
1782257460000,0.56633,0.56635,0.56628,0.56628
1782257520000,0.56625,0.5663,0.56624,0.5663
1782257580000,0.5663,0.56634,0.5663,0.56634
1782257640000,0.56634,0.56634,0.5663,0.5663
1782257700000,0.56629,0.56631,0.56629,0.56631
1782257760000,0.56631,0.56635,0.56628,0.56635
1782257820000,0.56636,0.56636,0.56631,0.56631
1782257880000,0.56629,0.5663,0.56627,0.56629
1782257940000,0.56627,0.5663,0.56625,0.56625
1782258000000,0.56626,0.56626,0.56621,0.56624
1782258060000,0.56624,0.56624,0.56616,0.56616
1782258120000,0.56617,0.56619,0.56616,0.56618
1782258180000,0.56617,0.56618,0.56616,0.56616
1782258240000,0.56617,0.56629,0.56617,0.56628
1782258300000,0.56629,0.56646,0.56629,0.56646
1782258360000,0.56649,0.56661,0.56649,0.56653
1782258420000,0.56651,0.56652,0.56646,0.56651
1782258480000,0.56651,0.56656,0.56647,0.56656
1782258540000,0.56657,0.56658,0.56652,0.56653
1782258600000,0.56652,0.56658,0.56643,0.56643
1782258660000,0.56643,0.56643,0.56636,0.56636
1782258720000,0.56637,0.56641,0.56633,0.56641
1782258780000,0.56643,0.56643,0.5664,0.56641
1782258840000,0.5664,0.5664,0.56631,0.56631
1782258900000,0.56632,0.56635,0.5663,0.56631
1782258960000,0.56629,0.56633,0.56628,0.56631
1782259020000,0.56631,0.56632,0.56628,0.56629
1782259080000,0.56628,0.56638,0.56625,0.56632
1782259140000,0.5663,0.56633,0.56629,0.56633
