timestamp,open,high,low,close
1781568000000,0.79451,0.79453,0.79442,0.79445
1781568060000,0.79445,0.79446,0.79438,0.79446
1781568120000,0.79446,0.79446,0.79436,0.79438
1781568180000,0.79442,0.79443,0.79432,0.79433
1781568240000,0.79434,0.79436,0.79433,0.79435
1781568300000,0.79437,0.79439,0.79436,0.79439
1781568360000,0.79437,0.79446,0.79437,0.79443
1781568420000,0.79442,0.79445,0.79438,0.79445
1781568480000,0.79445,0.79448,0.79444,0.79445
1781568540000,0.79444,0.79444,0.79442,0.79442
1781568600000,0.79441,0.79446,0.79439,0.79443
1781568660000,0.79444,0.79456,0.79444,0.79454
1781568720000,0.79454,0.79455,0.79453,0.79453
1781568780000,0.7945,0.79453,0.7945,0.79452
1781568840000,0.79453,0.79459,0.79453,0.79459
1781568900000,0.79458,0.79463,0.79454,0.79458
1781568960000,0.79462,0.79462,0.79457,0.79457
1781569020000,0.79459,0.79466,0.79459,0.79463
1781569080000,0.79464,0.79467,0.79464,0.79466
1781569140000,0.79465,0.79466,0.79457,0.79457
1781569200000,0.79458,0.7946,0.79455,0.79457
1781569260000,0.79458,0.79462,0.79457,0.79459
1781569320000,0.79457,0.79467,0.79457,0.79467
1781569380000,0.79467,0.79467,0.79464,0.79465
1781569440000,0.79464,0.79467,0.79461,0.79467
1781569500000,0.79466,0.7947,0.79466,0.7947
1781569560000,0.79473,0.79473,0.79471,0.79472
1781569620000,0.79472,0.79477,0.79472,0.79474
1781569680000,0.79476,0.79477,0.79472,0.79474
1781569740000,0.79474,0.79474,0.79472,0.79473
1781569800000,0.79474,0.79474,0.79465,0.79465
1781569860000,0.79465,0.79468,0.79461,0.79465
1781569920000,0.79464,0.7947,0.79464,0.7947
1781569980000,0.7947,0.79473,0.79469,0.79473
1781570040000,0.79473,0.79473,0.79466,0.79469
1781570100000,0.7947,0.79473,0.7947,0.79473
1781570160000,0.79471,0.79471,0.79467,0.7947
1781570220000,0.79468,0.79468,0.7946,0.79461
1781570280000,0.79462,0.79462,0.7946,0.79462
1781570340000,0.79461,0.79462,0.7946,0.79462
1781570400000,0.79462,0.79462,0.79461,0.79461
1781570460000,0.79459,0.79459,0.79448,0.79448
1781570520000,0.79449,0.7945,0.79447,0.79448
1781570580000,0.79449,0.7945,0.79446,0.79448
1781570640000,0.79447,0.7945,0.79444,0.7945
1781570700000,0.7945,0.79457,0.7945,0.79455
1781570760000,0.79455,0.79456,0.79455,0.79455
1781570820000,0.79456,0.79459,0.79456,0.79458
1781570880000,0.79458,0.79461,0.79458,0.79461
1781570940000,0.79461,0.79465,0.79458,0.79465
1781571000000,0.79465,0.79471,0.79465,0.7947
1781571060000,0.79471,0.79476,0.79469,0.7947
1781571120000,0.79469,0.79469,0.79463,0.79466
1781571180000,0.79465,0.7947,0.79464,0.7947
1781571240000,0.7947,0.79478,0.79468,0.79468
1781571300000,0.79467,0.79467,0.79454,0.79454
1781571360000,0.79455,0.79455,0.79452,0.79453
1781571420000,0.79453,0.79457,0.79445,0.79445
1781571480000,0.79445,0.79446,0.79441,0.79444
1781571540000,0.79443,0.79443,0.79434,0.79438
1781571600000,0.79438,0.79447,0.79438,0.79442
1781571660000,0.79443,0.79443,0.7943,0.7943
1781571720000,0.79429,0.79432,0.79427,0.7943
1781571780000,0.7943,0.79433,0.79427,0.79427
1781571840000,0.79427,0.79427,0.79416,0.79417
1781571900000,0.79418,0.79433,0.79418,0.79428
1781571960000,0.79429,0.79439,0.79429,0.79438
1781572020000,0.79437,0.79441,0.79436,0.79437
1781572080000,0.79439,0.79441,0.79427,0.79432
1781572140000,0.79432,0.79434,0.79431,0.79434
1781572200000,0.79433,0.79433,0.79427,0.79432
1781572260000,0.79433,0.79443,0.79433,0.79443
1781572320000,0.79442,0.79457,0.79442,0.79453
1781572380000,0.79455,0.79456,0.79452,0.79454
1781572440000,0.79454,0.79454,0.79446,0.79448
1781572500000,0.79448,0.79455,0.79447,0.79454
1781572560000,0.79454,0.79461,0.79454,0.79457
1781572620000,0.79458,0.79461,0.79457,0.79458
1781572680000,0.79458,0.79461,0.79454,0.79458
1781572740000,0.7946,0.7946,0.7945,0.79452
1781572800000,0.79452,0.79452,0.79448,0.7945
1781572860000,0.79452,0.7946,0.79452,0.79456
1781572920000,0.79456,0.79459,0.79454,0.79457
1781572980000,0.79457,0.79461,0.7945,0.79454
1781573040000,0.79454,0.79467,0.79454,0.79467
1781573100000,0.79466,0.79467,0.7946,0.79463
1781573160000,0.79463,0.79463,0.7946,0.7946
1781573220000,0.79459,0.79459,0.79454,0.79455
1781573280000,0.79456,0.79456,0.79449,0.79449
1781573340000,0.79449,0.79454,0.79449,0.79454
1781573400000,0.79454,0.79454,0.79435,0.79436
1781573460000,0.79436,0.79442,0.79436,0.79441
1781573520000,0.79441,0.7946,0.7944,0.7946
1781573580000,0.79458,0.79467,0.79457,0.79466
1781573640000,0.79465,0.79468,0.79462,0.79464
1781573700000,0.79463,0.79475,0.79463,0.79472
1781573760000,0.79472,0.7948,0.79472,0.79477
1781573820000,0.79476,0.79477,0.79469,0.79469
1781573880000,0.79471,0.79473,0.79467,0.79468
1781573940000,0.7947,0.79471,0.79468,0.79471
1781574000000,0.7947,0.79475,0.7947,0.79475
1781574060000,0.79475,0.79475,0.79468,0.79469
1781574120000,0.79471,0.79476,0.79466,0.79469
1781574180000,0.79467,0.79468,0.79464,0.79467
1781574240000,0.79467,0.79472,0.79467,0.7947
1781574300000,0.79469,0.79471,0.79467,0.79471
1781574360000,0.79471,0.79472,0.79468,0.79468
1781574420000,0.79467,0.79467,0.79456,0.79456
1781574480000,0.79456,0.79456,0.79448,0.79454
1781574540000,0.79453,0.79454,0.79452,0.79453
1781574600000,0.79452,0.79456,0.79451,0.79455
1781574660000,0.79456,0.79463,0.79456,0.79463
1781574720000,0.79463,0.79464,0.79454,0.79454
1781574780000,0.79455,0.79456,0.79452,0.79452
1781574840000,0.79454,0.79455,0.79453,0.79454
1781574900000,0.79455,0.79472,0.79455,0.79472
1781574960000,0.79471,0.79484,0.79469,0.79477
1781575020000,0.79478,0.7948,0.79477,0.7948
1781575080000,0.7948,0.79487,0.7948,0.79486
1781575140000,0.79485,0.79485,0.79483,0.79485
1781575200000,0.79484,0.79491,0.79484,0.79486
1781575260000,0.79485,0.79487,0.79485,0.79486
1781575320000,0.79485,0.79494,0.79483,0.79494
1781575380000,0.79494,0.79502,0.79493,0.79499
1781575440000,0.79499,0.79502,0.79498,0.795
1781575500000,0.79502,0.79506,0.79498,0.79499
1781575560000,0.79499,0.795,0.79489,0.79492
1781575620000,0.79492,0.79497,0.79492,0.79497
1781575680000,0.79496,0.79497,0.79494,0.79496
1781575740000,0.79495,0.79502,0.79495,0.795
1781575800000,0.79501,0.79503,0.79499,0.79502
1781575860000,0.79503,0.79504,0.79501,0.79501
1781575920000,0.79499,0.795,0.79499,0.795
1781575980000,0.79497,0.79499,0.79493,0.79494
1781576040000,0.79494,0.79503,0.79494,0.79497
1781576100000,0.79498,0.795,0.79497,0.79497
1781576160000,0.79495,0.79502,0.79491,0.79502
1781576220000,0.79502,0.79502,0.79497,0.79502
1781576280000,0.79501,0.79504,0.79501,0.79502
1781576340000,0.79501,0.79512,0.79501,0.79512
1781576400000,0.79512,0.79518,0.79511,0.79514
1781576460000,0.79514,0.79514,0.79508,0.79508
1781576520000,0.79508,0.79511,0.79507,0.79511
1781576580000,0.79511,0.79511,0.79504,0.79506
1781576640000,0.79507,0.79512,0.79507,0.79512
1781576700000,0.79511,0.79511,0.79506,0.79506
1781576760000,0.79506,0.79506,0.79504,0.79505
1781576820000,0.79506,0.79506,0.79499,0.795
1781576880000,0.795,0.79502,0.79498,0.79501
1781576940000,0.79501,0.79501,0.79498,0.79498
1781577000000,0.79497,0.79498,0.79491,0.79491
1781577060000,0.79493,0.79494,0.79486,0.79488
1781577120000,0.79487,0.79488,0.79482,0.79482
1781577180000,0.79482,0.79485,0.79479,0.79482
1781577240000,0.79481,0.79482,0.79479,0.79482
1781577300000,0.79483,0.79486,0.79481,0.79481
1781577360000,0.7948,0.79483,0.79478,0.79482
1781577420000,0.7948,0.7948,0.79472,0.79472
1781577480000,0.79472,0.79477,0.7947,0.79476
1781577540000,0.79475,0.79485,0.79475,0.79485
1781577600000,0.79484,0.79487,0.79483,0.79487
1781577660000,0.79487,0.79487,0.79484,0.79484
1781577720000,0.79484,0.79486,0.79484,0.79485
1781577780000,0.79486,0.79486,0.79484,0.79484
1781577840000,0.79485,0.79485,0.79482,0.79482
1781577900000,0.79484,0.79493,0.79484,0.79493
1781577960000,0.79494,0.79496,0.79493,0.79493
1781578020000,0.79493,0.79493,0.79491,0.79493
1781578080000,0.79493,0.79493,0.79489,0.7949
1781578140000,0.7949,0.7949,0.79486,0.79489
1781578200000,0.79488,0.79494,0.79487,0.79493
1781578260000,0.79495,0.79495,0.79489,0.79489
1781578320000,0.7949,0.79493,0.7949,0.79493
1781578380000,0.79494,0.79497,0.79493,0.79493
1781578440000,0.79495,0.79495,0.79491,0.79493
1781578500000,0.79492,0.79501,0.79492,0.79497
1781578560000,0.79499,0.795,0.79495,0.79495
1781578620000,0.79495,0.79495,0.79488,0.79488
1781578680000,0.79488,0.7949,0.79486,0.79489
1781578740000,0.79489,0.79493,0.79489,0.79493
1781578800000,0.79493,0.79495,0.79489,0.79494
1781578860000,0.79494,0.79501,0.79494,0.795
1781578920000,0.795,0.79503,0.79499,0.79503
1781578980000,0.79504,0.79512,0.79504,0.7951
1781579040000,0.79509,0.79514,0.79508,0.79508
1781579100000,0.79508,0.79508,0.79504,0.79504
1781579160000,0.79501,0.79503,0.795,0.795
1781579220000,0.79501,0.79502,0.79497,0.79502
1781579280000,0.79502,0.79502,0.79494,0.79499
1781579340000,0.795,0.79502,0.79498,0.79502
1781579400000,0.79502,0.79502,0.79496,0.79498
1781579460000,0.79499,0.795,0.79499,0.79499
1781579520000,0.79499,0.795,0.79498,0.79499
1781579580000,0.79499,0.79499,0.79498,0.79499
1781579640000,0.79499,0.795,0.79497,0.795
1781579700000,0.795,0.795,0.79498,0.79499
1781579760000,0.795,0.795,0.79497,0.79497
1781579820000,0.79497,0.79504,0.79497,0.79504
1781579880000,0.79504,0.79504,0.79503,0.79503
1781579940000,0.79504,0.79518,0.79503,0.79506
1781580000000,0.79506,0.79508,0.79487,0.7949
1781580060000,0.79489,0.79507,0.79489,0.79506
1781580120000,0.79507,0.79508,0.79502,0.79504
1781580180000,0.79505,0.79508,0.79504,0.79505
1781580240000,0.79504,0.79504,0.795,0.795
1781580300000,0.795,0.79501,0.79494,0.79496
1781580360000,0.79496,0.79497,0.79493,0.79494
1781580420000,0.79495,0.79497,0.79493,0.79495
1781580480000,0.79494,0.79504,0.79494,0.79504
1781580540000,0.79504,0.79506,0.79504,0.79506
1781580600000,0.79504,0.79505,0.79497,0.79498
1781580660000,0.79498,0.79502,0.79494,0.79496
1781580720000,0.79498,0.79501,0.79497,0.79497
1781580780000,0.79496,0.79497,0.79495,0.79496
1781580840000,0.79496,0.79496,0.79493,0.79493
1781580900000,0.79495,0.79495,0.7949,0.79493
1781580960000,0.79492,0.79497,0.79492,0.79495
1781581020000,0.79494,0.79495,0.79494,0.79495
1781581080000,0.79495,0.79496,0.79495,0.79496
1781581140000,0.79495,0.79496,0.79495,0.79496
1781581200000,0.79496,0.79499,0.79496,0.79499
1781581260000,0.79498,0.79502,0.79495,0.795
1781581320000,0.79501,0.79502,0.79494,0.79494
1781581380000,0.79493,0.79493,0.79492,0.79493
1781581440000,0.79491,0.79495,0.79491,0.79495
1781581500000,0.79496,0.79498,0.79495,0.79495
1781581560000,0.79496,0.79496,0.79494,0.79494
1781581620000,0.79495,0.79496,0.79489,0.7949
1781581680000,0.79489,0.79489,0.79481,0.79487
1781581740000,0.79489,0.79489,0.79482,0.79482
1781581800000,0.79482,0.79485,0.79481,0.79483
1781581860000,0.79482,0.7949,0.79482,0.7949
1781581920000,0.7949,0.79491,0.79487,0.79488
1781581980000,0.79488,0.7949,0.79488,0.7949
1781582040000,0.7949,0.79492,0.79489,0.79489
1781582100000,0.79491,0.79493,0.79489,0.7949
1781582160000,0.79489,0.79498,0.79489,0.79497
1781582220000,0.79496,0.79501,0.79496,0.795
1781582280000,0.795,0.79506,0.79499,0.79503
1781582340000,0.79502,0.79503,0.79501,0.79502
1781582400000,0.79503,0.79505,0.79498,0.79498
1781582460000,0.79498,0.79503,0.79497,0.79502
1781582520000,0.79502,0.79512,0.795,0.79511
1781582580000,0.79508,0.79508,0.79504,0.79508
1781582640000,0.79509,0.79524,0.79509,0.79524
1781582700000,0.79524,0.7953,0.79523,0.79529
1781582760000,0.79531,0.79536,0.79531,0.79534
1781582820000,0.79535,0.79535,0.79533,0.79535
1781582880000,0.79534,0.79535,0.79532,0.79534
1781582940000,0.79534,0.79538,0.79532,0.79534
1781583000000,0.79533,0.79535,0.79533,0.79535
1781583060000,0.79535,0.79538,0.79532,0.79537
1781583120000,0.79537,0.79548,0.79536,0.79547
1781583180000,0.79548,0.79564,0.79548,0.79557
1781583240000,0.79555,0.79561,0.79555,0.79559
1781583300000,0.7956,0.79561,0.79555,0.79556
1781583360000,0.79556,0.79559,0.79556,0.79558
1781583420000,0.79557,0.79559,0.79555,0.79559
1781583480000,0.79559,0.79565,0.79557,0.79565
1781583540000,0.79565,0.79573,0.79559,0.79559
1781583600000,0.79558,0.79563,0.79556,0.79562
1781583660000,0.79559,0.79562,0.79554,0.79558
1781583720000,0.7956,0.79564,0.79559,0.7956
1781583780000,0.79562,0.79564,0.79562,0.79563
1781583840000,0.79565,0.79572,0.79564,0.79572
1781583900000,0.7957,0.79587,0.7957,0.79584
1781583960000,0.79583,0.79585,0.79578,0.79583
1781584020000,0.79582,0.79585,0.79582,0.79582
1781584080000,0.79583,0.79583,0.79569,0.79572
1781584140000,0.79572,0.79572,0.79569,0.79571
1781584200000,0.7957,0.79577,0.79566,0.79569
1781584260000,0.79569,0.79571,0.79552,0.79558
1781584320000,0.79557,0.79563,0.79553,0.79563
1781584380000,0.79562,0.7957,0.79562,0.79569
1781584440000,0.7957,0.79581,0.79569,0.7958
1781584500000,0.7958,0.79582,0.79569,0.79569
1781584560000,0.79568,0.79574,0.79568,0.7957
1781584620000,0.79571,0.79575,0.7957,0.79573
1781584680000,0.79572,0.79577,0.79572,0.79576
1781584740000,0.79576,0.79577,0.79569,0.79569
1781584800000,0.7957,0.79573,0.79569,0.79572
1781584860000,0.7957,0.79571,0.79568,0.79569
1781584920000,0.79568,0.79571,0.79568,0.79571
1781584980000,0.79571,0.79572,0.79571,0.79572
1781585040000,0.79574,0.79574,0.79571,0.79572
1781585100000,0.79572,0.79574,0.7957,0.79572
1781585160000,0.7957,0.79581,0.7957,0.7958
1781585220000,0.79579,0.79582,0.79577,0.7958
1781585280000,0.79582,0.79582,0.79577,0.79581
1781585340000,0.79581,0.79581,0.79572,0.79572
1781585400000,0.79572,0.79575,0.7957,0.79575
1781585460000,0.79573,0.79575,0.79572,0.79573
1781585520000,0.79572,0.79577,0.79568,0.79576
1781585580000,0.79577,0.7958,0.79574,0.79576
1781585640000,0.79575,0.79576,0.79573,0.79573
1781585700000,0.79573,0.79573,0.79569,0.7957
1781585760000,0.79569,0.79569,0.79562,0.79563
1781585820000,0.79564,0.79568,0.79563,0.79567
1781585880000,0.79566,0.79567,0.79564,0.79566
1781585940000,0.79564,0.79565,0.7956,0.79565
1781586000000,0.79563,0.79565,0.79554,0.79557
1781586060000,0.79557,0.79557,0.79549,0.79549
1781586120000,0.79549,0.79556,0.79548,0.7955
1781586180000,0.79551,0.79551,0.79546,0.79549
1781586240000,0.79547,0.79551,0.79547,0.79548
1781586300000,0.79549,0.79554,0.79546,0.7955
1781586360000,0.79551,0.79551,0.79547,0.79547
1781586420000,0.79546,0.79553,0.79546,0.79549
1781586480000,0.79548,0.7955,0.79548,0.7955
1781586540000,0.79549,0.7955,0.79548,0.79549
1781586600000,0.7955,0.79553,0.79544,0.79544
1781586660000,0.79543,0.79546,0.79543,0.79546
1781586720000,0.79545,0.7955,0.79545,0.7955
1781586780000,0.79551,0.79552,0.79549,0.79549
1781586840000,0.79549,0.79558,0.79549,0.79557
1781586900000,0.79557,0.79558,0.79548,0.79548
1781586960000,0.7955,0.79554,0.7955,0.7955
1781587020000,0.79551,0.79554,0.79551,0.79554
1781587080000,0.79552,0.79553,0.79548,0.7955
1781587140000,0.79549,0.79554,0.79548,0.79554
1781587200000,0.79555,0.79561,0.79554,0.79559
1781587260000,0.79558,0.7956,0.79551,0.79552
1781587320000,0.79551,0.79551,0.79545,0.79547
1781587380000,0.79548,0.79549,0.79546,0.79548
1781587440000,0.79546,0.79549,0.79541,0.79548
1781587500000,0.79548,0.7955,0.79546,0.79546
1781587560000,0.79547,0.79547,0.79545,0.79546
1781587620000,0.79548,0.79548,0.79541,0.79542
1781587680000,0.79542,0.79544,0.79541,0.79544
1781587740000,0.79544,0.79544,0.79541,0.79541
1781587800000,0.79541,0.79542,0.79534,0.79539
1781587860000,0.79538,0.79539,0.79535,0.79536
1781587920000,0.79536,0.79541,0.79536,0.79537
1781587980000,0.7954,0.79548,0.79539,0.7954
1781588040000,0.79539,0.79544,0.79534,0.79544
1781588100000,0.79543,0.79545,0.79528,0.79529
1781588160000,0.79528,0.79534,0.79528,0.79529
1781588220000,0.79532,0.7954,0.79532,0.79537
1781588280000,0.79537,0.7954,0.79535,0.79536
1781588340000,0.79536,0.79546,0.79535,0.79546
1781588400000,0.79546,0.79546,0.79541,0.79545
1781588460000,0.79545,0.79548,0.79543,0.79548
1781588520000,0.79549,0.79556,0.79548,0.79556
1781588580000,0.79555,0.79558,0.79555,0.79556
1781588640000,0.79558,0.79563,0.79557,0.79563
1781588700000,0.79563,0.79564,0.79562,0.79562
1781588760000,0.79564,0.79564,0.79546,0.79553
1781588820000,0.79554,0.79557,0.79552,0.79556
1781588880000,0.79557,0.79561,0.79555,0.79555
1781588940000,0.79556,0.79566,0.79556,0.79566
1781589000000,0.79565,0.79565,0.79556,0.79561
1781589060000,0.7956,0.7956,0.7955,0.79551
1781589120000,0.79551,0.79553,0.7955,0.7955
1781589180000,0.79551,0.79558,0.79548,0.79558
1781589240000,0.79557,0.79563,0.79557,0.79562
1781589300000,0.79563,0.79573,0.79563,0.79569
1781589360000,0.79571,0.79572,0.79566,0.79567
1781589420000,0.79568,0.79569,0.79566,0.79567
1781589480000,0.79568,0.79572,0.79568,0.7957
1781589540000,0.79569,0.79572,0.79569,0.79571
1781589600000,0.79573,0.79576,0.79568,0.79572
1781589660000,0.7957,0.79574,0.79569,0.79572
1781589720000,0.79571,0.79571,0.79561,0.79561
1781589780000,0.7956,0.79561,0.79554,0.79557
1781589840000,0.79558,0.79561,0.79555,0.79555
1781589900000,0.79557,0.7956,0.79555,0.79555
1781589960000,0.79555,0.79565,0.79555,0.79563
1781590020000,0.79562,0.7958,0.79559,0.79577
1781590080000,0.79577,0.79582,0.79576,0.79582
1781590140000,0.79583,0.79588,0.79583,0.79585
1781590200000,0.79584,0.79593,0.79584,0.79593
1781590260000,0.79593,0.79595,0.79587,0.79594
1781590320000,0.79594,0.79594,0.79579,0.79582
1781590380000,0.79582,0.79582,0.79572,0.79574
1781590440000,0.79573,0.79575,0.79568,0.79573
1781590500000,0.79573,0.79585,0.79573,0.79582
1781590560000,0.79582,0.79582,0.79576,0.79578
1781590620000,0.79577,0.7958,0.79573,0.79576
1781590680000,0.79576,0.79586,0.79576,0.79584
1781590740000,0.79584,0.79584,0.79578,0.79579
1781590800000,0.79579,0.79582,0.79578,0.79578
1781590860000,0.79578,0.79578,0.79573,0.79576
1781590920000,0.79576,0.79579,0.79574,0.79576
1781590980000,0.79576,0.79583,0.79574,0.79581
1781591040000,0.79582,0.79585,0.7958,0.79583
1781591100000,0.79582,0.79582,0.79566,0.79566
1781591160000,0.79565,0.79565,0.79553,0.79559
1781591220000,0.79557,0.79565,0.79557,0.79561
1781591280000,0.7956,0.79562,0.7955,0.79553
1781591340000,0.79554,0.79556,0.79551,0.79556
1781591400000,0.79556,0.79564,0.79555,0.79564
1781591460000,0.79563,0.79564,0.79552,0.79557
1781591520000,0.79556,0.79556,0.79541,0.79543
1781591580000,0.79541,0.79543,0.79535,0.79538
1781591640000,0.79538,0.79539,0.7952,0.79522
1781591700000,0.79523,0.79544,0.79523,0.79527
1781591760000,0.79528,0.79532,0.79521,0.79523
1781591820000,0.79523,0.79523,0.79517,0.79518
1781591880000,0.79518,0.79524,0.79515,0.79521
1781591940000,0.79521,0.79521,0.79515,0.79518
1781592000000,0.79519,0.79523,0.79514,0.79523
1781592060000,0.79524,0.79527,0.79517,0.79517
1781592120000,0.79518,0.79525,0.79513,0.79515
1781592180000,0.79516,0.79523,0.79515,0.79521
1781592240000,0.79518,0.79538,0.79518,0.79537
1781592300000,0.79537,0.79537,0.79528,0.79528
1781592360000,0.79528,0.79529,0.79519,0.79523
1781592420000,0.79523,0.79536,0.79523,0.79536
1781592480000,0.79534,0.79538,0.79516,0.79516
1781592540000,0.79516,0.79522,0.79515,0.79522
1781592600000,0.7952,0.79523,0.79514,0.79514
1781592660000,0.79514,0.79514,0.79507,0.79512
1781592720000,0.79513,0.79516,0.79511,0.79512
1781592780000,0.79512,0.79521,0.79507,0.79511
1781592840000,0.79512,0.79519,0.79512,0.79519
1781592900000,0.79517,0.79517,0.79498,0.79498
1781592960000,0.79497,0.79498,0.79491,0.79494
1781593020000,0.79494,0.79498,0.79492,0.79496
1781593080000,0.79496,0.79497,0.79491,0.79492
1781593140000,0.79494,0.79496,0.79488,0.79489
1781593200000,0.79487,0.79508,0.79485,0.79507
1781593260000,0.79507,0.79514,0.79496,0.79502
1781593320000,0.79501,0.79514,0.795,0.79512
1781593380000,0.79511,0.79515,0.79506,0.79515
1781593440000,0.79516,0.79521,0.7951,0.79512
1781593500000,0.79509,0.79509,0.79496,0.79496
1781593560000,0.79495,0.79495,0.79479,0.79483
1781593620000,0.79485,0.79504,0.79485,0.79495
1781593680000,0.79498,0.795,0.79482,0.79497
1781593740000,0.795,0.79506,0.79494,0.79497
1781593800000,0.79497,0.79503,0.79494,0.79499
1781593860000,0.79498,0.79499,0.7949,0.79496
1781593920000,0.79497,0.795,0.79492,0.79498
1781593980000,0.79499,0.79504,0.79499,0.79501
1781594040000,0.79501,0.79504,0.79494,0.79501
1781594100000,0.79502,0.79504,0.79499,0.79499
1781594160000,0.79499,0.79503,0.79486,0.79487
1781594220000,0.79485,0.7949,0.7948,0.7949
1781594280000,0.79491,0.79503,0.79491,0.79492
1781594340000,0.79493,0.79501,0.79489,0.79493
1781594400000,0.79494,0.79499,0.79494,0.79498
1781594460000,0.79499,0.79499,0.79492,0.79495
1781594520000,0.79496,0.79509,0.79496,0.79505
1781594580000,0.79503,0.79508,0.79501,0.79507
1781594640000,0.79509,0.79514,0.79503,0.79514
1781594700000,0.79515,0.79523,0.79515,0.79521
1781594760000,0.79519,0.79521,0.7951,0.79511
1781594820000,0.79512,0.79518,0.7951,0.79513
1781594880000,0.79514,0.79516,0.79508,0.79516
1781594940000,0.79516,0.79525,0.79498,0.79498
1781595000000,0.79498,0.79507,0.79493,0.79506
1781595060000,0.79506,0.79506,0.79498,0.79506
1781595120000,0.79506,0.79511,0.79504,0.79511
1781595180000,0.79512,0.79514,0.79502,0.79511
1781595240000,0.7951,0.79511,0.79501,0.79508
1781595300000,0.79509,0.79514,0.79504,0.79508
1781595360000,0.79508,0.79515,0.79493,0.79495
1781595420000,0.79496,0.79507,0.79488,0.79501
1781595480000,0.79504,0.79509,0.79501,0.79509
1781595540000,0.79509,0.79511,0.79495,0.79495
1781595600000,0.79492,0.79494,0.79488,0.79489
1781595660000,0.79489,0.7949,0.79482,0.79482
1781595720000,0.79483,0.79491,0.7948,0.79489
1781595780000,0.7949,0.79492,0.79488,0.7949
1781595840000,0.7949,0.79494,0.79486,0.79492
1781595900000,0.79492,0.79495,0.79488,0.79492
1781595960000,0.79492,0.79492,0.79486,0.79488
1781596020000,0.79487,0.7949,0.7948,0.79481
1781596080000,0.7948,0.79491,0.79477,0.79491
1781596140000,0.7949,0.79495,0.79489,0.79494
1781596200000,0.79494,0.79496,0.79485,0.79485
1781596260000,0.79484,0.79493,0.79482,0.79492
1781596320000,0.7949,0.79492,0.79484,0.79492
1781596380000,0.79492,0.79495,0.79487,0.7949
1781596440000,0.79491,0.79505,0.79489,0.79503
1781596500000,0.79503,0.79504,0.79497,0.79498
1781596560000,0.79496,0.79496,0.79485,0.79493
1781596620000,0.79493,0.79493,0.79481,0.79483
1781596680000,0.79483,0.79489,0.79481,0.79489
1781596740000,0.79486,0.79489,0.79481,0.79482
1781596800000,0.79482,0.79491,0.79479,0.79491
1781596860000,0.79491,0.79506,0.79491,0.79499
1781596920000,0.79498,0.79503,0.79496,0.79502
1781596980000,0.79504,0.79508,0.79499,0.79499
1781597040000,0.79497,0.79501,0.79493,0.79495
1781597100000,0.79495,0.79498,0.79491,0.79493
1781597160000,0.79491,0.79492,0.79486,0.79492
1781597220000,0.79492,0.79495,0.79486,0.79494
1781597280000,0.79494,0.79495,0.79488,0.79492
1781597340000,0.79493,0.79495,0.79482,0.79483
1781597400000,0.79482,0.79483,0.79472,0.79473
1781597460000,0.79474,0.79476,0.7947,0.7947
1781597520000,0.7947,0.79471,0.79465,0.79468
1781597580000,0.79469,0.79472,0.79467,0.79468
1781597640000,0.79469,0.79479,0.79469,0.79474
1781597700000,0.79474,0.79487,0.79473,0.79487
1781597760000,0.79489,0.79489,0.79481,0.79486
1781597820000,0.79486,0.79488,0.79478,0.79478
1781597880000,0.79479,0.7949,0.79479,0.79485
1781597940000,0.79483,0.79492,0.79483,0.7949
1781598000000,0.7949,0.79494,0.79483,0.79494
1781598060000,0.79493,0.79494,0.79485,0.79492
1781598120000,0.79492,0.79505,0.79492,0.79504
1781598180000,0.79503,0.79508,0.79503,0.79506
1781598240000,0.79506,0.79507,0.79501,0.79507
1781598300000,0.79504,0.79504,0.7949,0.7949
1781598360000,0.7949,0.79492,0.79486,0.7949
1781598420000,0.79489,0.79492,0.79489,0.79492
1781598480000,0.79491,0.79491,0.79476,0.79476
1781598540000,0.79477,0.7949,0.79475,0.79487
1781598600000,0.79487,0.79499,0.7948,0.79482
1781598660000,0.79482,0.79483,0.79473,0.7948
1781598720000,0.79479,0.79492,0.79477,0.79488
1781598780000,0.7949,0.79499,0.7949,0.79495
1781598840000,0.79494,0.79498,0.79489,0.7949
1781598900000,0.7949,0.79494,0.7949,0.79493
1781598960000,0.79494,0.79496,0.79491,0.79491
1781599020000,0.79491,0.79493,0.79487,0.79491
1781599080000,0.79491,0.79501,0.79491,0.79501
1781599140000,0.79502,0.79502,0.79496,0.79496
1781599200000,0.79496,0.79496,0.79482,0.79483
1781599260000,0.79482,0.79486,0.79479,0.79486
1781599320000,0.79488,0.79492,0.79482,0.79483
1781599380000,0.79484,0.79488,0.79484,0.79486
1781599440000,0.79485,0.79489,0.79481,0.79489
1781599500000,0.79488,0.7949,0.79483,0.7949
1781599560000,0.79488,0.79489,0.79485,0.79485
1781599620000,0.79487,0.79495,0.79485,0.79489
1781599680000,0.7949,0.79497,0.79479,0.79479
1781599740000,0.79479,0.79481,0.79472,0.79475
1781599800000,0.79475,0.79478,0.79472,0.79477
1781599860000,0.79479,0.79479,0.79465,0.79468
1781599920000,0.79466,0.7947,0.79463,0.79469
1781599980000,0.79469,0.79476,0.79461,0.79462
1781600040000,0.79461,0.79471,0.79461,0.79465
1781600100000,0.79465,0.79467,0.79457,0.79461
1781600160000,0.79459,0.79462,0.79458,0.79458
1781600220000,0.79459,0.79459,0.79447,0.79447
1781600280000,0.7945,0.79458,0.79448,0.79457
1781600340000,0.79458,0.7946,0.79455,0.79457
1781600400000,0.79457,0.79457,0.79446,0.79446
1781600460000,0.79447,0.79453,0.79447,0.79452
1781600520000,0.79453,0.79462,0.79448,0.79462
1781600580000,0.79464,0.79468,0.79461,0.79461
1781600640000,0.79461,0.79469,0.79459,0.79469
1781600700000,0.79468,0.79471,0.79464,0.79466
1781600760000,0.79465,0.79471,0.79459,0.79461
1781600820000,0.7946,0.79461,0.7945,0.79461
1781600880000,0.7946,0.7946,0.79445,0.79445
1781600940000,0.79445,0.79452,0.79442,0.79451
1781601000000,0.79453,0.79453,0.79445,0.79448
1781601060000,0.79448,0.79452,0.79444,0.79447
1781601120000,0.79446,0.79459,0.79446,0.79458
1781601180000,0.7946,0.79465,0.79457,0.79461
1781601240000,0.7946,0.79468,0.79458,0.79463
1781601300000,0.79464,0.79468,0.79459,0.79465
1781601360000,0.79467,0.79475,0.79467,0.79468
1781601420000,0.79467,0.79472,0.79464,0.79472
1781601480000,0.79473,0.7948,0.7947,0.79479
1781601540000,0.79478,0.79486,0.79478,0.79482
1781601600000,0.79482,0.79485,0.79479,0.79481
1781601660000,0.79481,0.79486,0.79476,0.79477
1781601720000,0.79477,0.79481,0.79476,0.79481
1781601780000,0.79482,0.79497,0.79479,0.79497
1781601840000,0.79497,0.79497,0.79492,0.79497
1781601900000,0.79498,0.79505,0.79496,0.79505
1781601960000,0.79505,0.79505,0.79496,0.79499
1781602020000,0.79498,0.79514,0.79498,0.79514
1781602080000,0.79515,0.79528,0.79512,0.79523
1781602140000,0.79525,0.79527,0.79515,0.79522
1781602200000,0.79519,0.7952,0.79498,0.79499
1781602260000,0.79499,0.795,0.79489,0.79494
1781602320000,0.79494,0.79496,0.79489,0.79491
1781602380000,0.79492,0.79495,0.79491,0.79494
1781602440000,0.79495,0.79503,0.79491,0.79503
1781602500000,0.79503,0.79505,0.79498,0.79504
1781602560000,0.79504,0.79515,0.79499,0.79511
1781602620000,0.79509,0.79509,0.79499,0.79499
1781602680000,0.795,0.79507,0.795,0.79503
1781602740000,0.79505,0.79508,0.79504,0.79506
1781602800000,0.79505,0.79506,0.795,0.795
1781602860000,0.79501,0.79502,0.79495,0.79498
1781602920000,0.79498,0.79504,0.79498,0.79504
1781602980000,0.79504,0.79505,0.79503,0.79503
1781603040000,0.79501,0.79512,0.79501,0.79512
1781603100000,0.79511,0.79518,0.79511,0.79514
1781603160000,0.79515,0.79515,0.79501,0.79501
1781603220000,0.79502,0.79502,0.79496,0.79499
1781603280000,0.79499,0.79501,0.79491,0.79494
1781603340000,0.79495,0.79507,0.79495,0.79507
1781603400000,0.79506,0.79506,0.79492,0.79492
1781603460000,0.79492,0.79492,0.79486,0.79491
1781603520000,0.79491,0.79495,0.79487,0.79487
1781603580000,0.79489,0.79491,0.79487,0.79488
1781603640000,0.79488,0.7949,0.79487,0.79488
1781603700000,0.79487,0.7949,0.79484,0.79488
1781603760000,0.79488,0.79489,0.79482,0.79484
1781603820000,0.79483,0.79483,0.79477,0.79479
1781603880000,0.7948,0.79481,0.79475,0.79476
1781603940000,0.79476,0.79485,0.79476,0.79484
1781604000000,0.79484,0.79485,0.79483,0.79483
1781604060000,0.79483,0.79484,0.7947,0.79472
1781604120000,0.79473,0.79479,0.7947,0.79477
1781604180000,0.79477,0.79481,0.79477,0.79481
1781604240000,0.7948,0.79484,0.7948,0.79484
1781604300000,0.79483,0.79486,0.79477,0.7948
1781604360000,0.7948,0.7948,0.79466,0.79467
1781604420000,0.79467,0.79467,0.79457,0.79457
1781604480000,0.79457,0.79459,0.79453,0.79456
1781604540000,0.79455,0.79456,0.79445,0.79445
1781604600000,0.79446,0.79447,0.79439,0.7944
1781604660000,0.79442,0.79452,0.79442,0.79442
1781604720000,0.79443,0.79443,0.79423,0.79429
1781604780000,0.79428,0.79434,0.79428,0.7943
1781604840000,0.7943,0.79432,0.79425,0.7943
1781604900000,0.79431,0.79432,0.79425,0.79426
1781604960000,0.79424,0.79424,0.79416,0.79417
1781605020000,0.79416,0.79423,0.79416,0.79416
1781605080000,0.79414,0.79418,0.79411,0.79412
1781605140000,0.79413,0.79422,0.79413,0.7942
1781605200000,0.79422,0.79423,0.79417,0.79417
1781605260000,0.79417,0.79417,0.79401,0.79401
1781605320000,0.79401,0.79415,0.794,0.79411
1781605380000,0.7941,0.79415,0.7941,0.79411
1781605440000,0.79413,0.79418,0.79413,0.79416
1781605500000,0.79417,0.79422,0.79417,0.79417
1781605560000,0.79417,0.79427,0.79416,0.79426
1781605620000,0.79426,0.7943,0.79423,0.79429
1781605680000,0.7943,0.79438,0.79428,0.79438
1781605740000,0.79438,0.79442,0.79433,0.79438
1781605800000,0.79438,0.79446,0.79438,0.79445
1781605860000,0.79444,0.79444,0.79439,0.79442
1781605920000,0.79442,0.79446,0.79436,0.79438
1781605980000,0.79436,0.79436,0.7943,0.7943
1781606040000,0.79428,0.79429,0.79427,0.79428
1781606100000,0.79429,0.79432,0.79422,0.79425
1781606160000,0.79425,0.79427,0.79421,0.79421
1781606220000,0.79421,0.79421,0.79418,0.7942
1781606280000,0.79422,0.79423,0.79418,0.79418
1781606340000,0.79418,0.79423,0.79416,0.79422
1781606400000,0.79421,0.79421,0.7941,0.79411
1781606460000,0.79412,0.79414,0.7941,0.79411
1781606520000,0.79411,0.79411,0.79403,0.79403
1781606580000,0.79404,0.79406,0.79401,0.79401
1781606640000,0.79399,0.79405,0.79398,0.79404
1781606700000,0.79404,0.79407,0.79401,0.79406
1781606760000,0.79406,0.79406,0.79402,0.79405
1781606820000,0.79405,0.7941,0.79404,0.7941
1781606880000,0.7941,0.79415,0.7941,0.79415
1781606940000,0.79414,0.79423,0.79413,0.79421
1781607000000,0.79421,0.79423,0.79415,0.79419
1781607060000,0.7942,0.79423,0.79418,0.79418
1781607120000,0.79418,0.79423,0.79412,0.7942
1781607180000,0.7942,0.79425,0.79417,0.79425
1781607240000,0.79424,0.79424,0.79414,0.79418
1781607300000,0.79419,0.79423,0.79417,0.79422
1781607360000,0.79421,0.79421,0.79413,0.79417
1781607420000,0.79416,0.79419,0.79414,0.79416
1781607480000,0.79416,0.79417,0.79404,0.79404
1781607540000,0.79403,0.79404,0.79399,0.79404
1781607600000,0.79406,0.79416,0.79404,0.79415
1781607660000,0.79417,0.79417,0.79412,0.79416
1781607720000,0.79414,0.79426,0.79414,0.79426
1781607780000,0.79425,0.7943,0.79423,0.79424
1781607840000,0.79423,0.79426,0.79419,0.79421
1781607900000,0.7942,0.79422,0.79416,0.79417
1781607960000,0.79416,0.79425,0.79415,0.79422
1781608020000,0.79422,0.79423,0.79416,0.79423
1781608080000,0.79424,0.79427,0.79423,0.79426
1781608140000,0.79426,0.79435,0.79426,0.79433
1781608200000,0.79431,0.79433,0.79426,0.79429
1781608260000,0.7943,0.7943,0.79426,0.79426
1781608320000,0.79426,0.79428,0.79421,0.79422
1781608380000,0.79422,0.79428,0.79422,0.79424
1781608440000,0.79427,0.79433,0.79427,0.79433
1781608500000,0.79435,0.79445,0.79435,0.79443
1781608560000,0.79443,0.79443,0.79437,0.79442
1781608620000,0.79441,0.79443,0.79436,0.79436
1781608680000,0.79437,0.79457,0.79437,0.79457
1781608740000,0.79458,0.79458,0.79455,0.79458
1781608800000,0.79458,0.79458,0.79452,0.79455
1781608860000,0.79456,0.79458,0.79442,0.79446
1781608920000,0.79445,0.79459,0.79445,0.79455
1781608980000,0.79456,0.79463,0.79455,0.79462
1781609040000,0.79463,0.79471,0.79462,0.79469
1781609100000,0.79469,0.79471,0.79461,0.79466
1781609160000,0.79466,0.79472,0.79466,0.7947
1781609220000,0.79469,0.79469,0.79464,0.79467
1781609280000,0.79466,0.79471,0.79464,0.79467
1781609340000,0.79467,0.79471,0.79465,0.79471
1781609400000,0.79472,0.79473,0.79468,0.7947
1781609460000,0.79469,0.79472,0.79468,0.79469
1781609520000,0.7947,0.79471,0.79461,0.79465
1781609580000,0.79467,0.79467,0.79463,0.79465
1781609640000,0.79465,0.79471,0.79455,0.79471
1781609700000,0.7947,0.79471,0.79467,0.79469
1781609760000,0.79469,0.79474,0.79469,0.79471
1781609820000,0.79474,0.79482,0.79474,0.79481
1781609880000,0.7948,0.79482,0.79476,0.79476
1781609940000,0.79477,0.79484,0.79476,0.79484
1781610000000,0.79484,0.79495,0.79484,0.79494
1781610060000,0.79494,0.79503,0.79494,0.79503
1781610120000,0.79503,0.79519,0.79503,0.79518
1781610180000,0.79518,0.79522,0.79515,0.7952
1781610240000,0.79519,0.7952,0.79511,0.79513
1781610300000,0.79513,0.79519,0.79509,0.79516
1781610360000,0.79516,0.79516,0.79511,0.79513
1781610420000,0.79513,0.79517,0.79512,0.79517
1781610480000,0.79518,0.79519,0.79505,0.79508
1781610540000,0.79508,0.79511,0.79507,0.79509
1781610600000,0.79506,0.79507,0.79493,0.79493
1781610660000,0.79493,0.79497,0.7949,0.79495
1781610720000,0.79496,0.79498,0.79496,0.79497
1781610780000,0.79498,0.79516,0.79498,0.7951
1781610840000,0.79509,0.79514,0.79506,0.79513
1781610900000,0.79514,0.79516,0.7951,0.7951
1781610960000,0.7951,0.79512,0.79502,0.79512
1781611020000,0.79512,0.79519,0.79509,0.79514
1781611080000,0.79515,0.79518,0.7951,0.79511
1781611140000,0.7951,0.79517,0.79509,0.79517
1781611200000,0.79517,0.79524,0.79513,0.79518
1781611260000,0.79517,0.79521,0.79515,0.79518
1781611320000,0.79517,0.7952,0.79515,0.79517
1781611380000,0.79518,0.79522,0.79517,0.79521
1781611440000,0.79522,0.79538,0.79521,0.79535
1781611500000,0.79538,0.79539,0.79528,0.79539
1781611560000,0.79538,0.79545,0.79537,0.79538
1781611620000,0.79538,0.79542,0.79534,0.79537
1781611680000,0.79536,0.79538,0.79532,0.79532
1781611740000,0.79532,0.79549,0.79531,0.79549
1781611800000,0.79549,0.79551,0.79543,0.7955
1781611860000,0.79551,0.79551,0.79546,0.79547
1781611920000,0.79546,0.79548,0.79544,0.79545
1781611980000,0.79545,0.79546,0.79538,0.7954
1781612040000,0.79539,0.79541,0.79531,0.79532
1781612100000,0.79533,0.79541,0.79527,0.7954
1781612160000,0.79541,0.79543,0.79533,0.79543
1781612220000,0.79542,0.79552,0.79542,0.79546
1781612280000,0.79548,0.79548,0.79537,0.79539
1781612340000,0.79539,0.79546,0.79536,0.79546
1781612400000,0.79546,0.79562,0.79545,0.79561
1781612460000,0.79561,0.79572,0.79555,0.79569
1781612520000,0.79572,0.79572,0.79556,0.79556
1781612580000,0.79557,0.79559,0.79549,0.7955
1781612640000,0.79549,0.79549,0.7954,0.79546
1781612700000,0.79547,0.79554,0.79544,0.79552
1781612760000,0.79553,0.79554,0.7955,0.79551
1781612820000,0.79552,0.79558,0.79552,0.79556
1781612880000,0.79556,0.79557,0.79552,0.79552
1781612940000,0.79552,0.79552,0.79546,0.79548
1781613000000,0.79549,0.79557,0.79544,0.79544
1781613060000,0.79544,0.79544,0.79524,0.79526
1781613120000,0.79526,0.79535,0.79524,0.79531
1781613180000,0.79532,0.7954,0.79532,0.7954
1781613240000,0.7954,0.79545,0.79535,0.79538
1781613300000,0.79538,0.7954,0.7953,0.7953
1781613360000,0.79529,0.79536,0.79525,0.79527
1781613420000,0.79528,0.7953,0.79519,0.79519
1781613480000,0.7952,0.79522,0.79516,0.79516
1781613540000,0.79516,0.79518,0.7951,0.79514
1781613600000,0.79516,0.79517,0.79503,0.79503
1781613660000,0.79505,0.79511,0.79501,0.79506
1781613720000,0.79507,0.79508,0.79499,0.79499
1781613780000,0.79499,0.79502,0.79492,0.79493
1781613840000,0.79494,0.79501,0.79492,0.79499
1781613900000,0.795,0.795,0.79495,0.79498
1781613960000,0.79498,0.79502,0.79495,0.79496
1781614020000,0.79499,0.79515,0.79499,0.79515
1781614080000,0.79514,0.79521,0.79506,0.79515
1781614140000,0.79515,0.79528,0.79515,0.79528
1781614200000,0.79529,0.79529,0.79517,0.79524
1781614260000,0.79523,0.79523,0.79505,0.79505
1781614320000,0.79506,0.79511,0.79497,0.79511
1781614380000,0.79513,0.79525,0.79511,0.79521
1781614440000,0.79523,0.79527,0.79517,0.7952
1781614500000,0.79519,0.7952,0.79514,0.79514
1781614560000,0.79515,0.79515,0.79506,0.79506
1781614620000,0.79507,0.7951,0.79504,0.79508
1781614680000,0.79507,0.79507,0.79503,0.79503
1781614740000,0.79503,0.79503,0.79498,0.79498
1781614800000,0.79501,0.79502,0.79493,0.79493
1781614860000,0.79495,0.79495,0.79487,0.7949
1781614920000,0.7949,0.79495,0.7948,0.79482
1781614980000,0.79481,0.79492,0.79481,0.79491
1781615040000,0.79491,0.79494,0.79487,0.79493
1781615100000,0.79494,0.79498,0.79492,0.79495
1781615160000,0.79496,0.79496,0.79482,0.79482
1781615220000,0.79481,0.79484,0.79481,0.79483
1781615280000,0.79483,0.79491,0.7948,0.79483
1781615340000,0.79482,0.79491,0.7948,0.79487
1781615400000,0.79488,0.79491,0.79487,0.79489
1781615460000,0.79488,0.79489,0.79483,0.79484
1781615520000,0.79485,0.79487,0.79482,0.79485
1781615580000,0.79486,0.79494,0.79483,0.7949
1781615640000,0.7949,0.79491,0.79488,0.7949
1781615700000,0.79489,0.79508,0.79487,0.79505
1781615760000,0.79504,0.79513,0.79504,0.79509
1781615820000,0.79511,0.79516,0.79508,0.7951
1781615880000,0.79509,0.79511,0.79507,0.79509
1781615940000,0.7951,0.79518,0.7951,0.79516
1781616000000,0.79517,0.79537,0.79517,0.79534
1781616060000,0.79533,0.79558,0.79531,0.79558
1781616120000,0.79557,0.79569,0.79556,0.79566
1781616180000,0.79564,0.79564,0.79556,0.7956
1781616240000,0.7956,0.7956,0.79549,0.79549
1781616300000,0.79549,0.79553,0.7954,0.79543
1781616360000,0.79543,0.7955,0.79539,0.79549
1781616420000,0.7955,0.7955,0.79538,0.79544
1781616480000,0.79544,0.79549,0.79539,0.79544
1781616540000,0.79544,0.7955,0.79537,0.7955
1781616600000,0.79549,0.79553,0.79536,0.79536
1781616660000,0.79535,0.79537,0.79508,0.79514
1781616720000,0.79513,0.79517,0.7949,0.79492
1781616780000,0.79495,0.795,0.79488,0.79493
1781616840000,0.79493,0.79493,0.79464,0.79475
1781616900000,0.79474,0.79477,0.79468,0.79471
1781616960000,0.79471,0.79475,0.79451,0.79458
1781617020000,0.79459,0.7946,0.79441,0.79446
1781617080000,0.79446,0.79465,0.79445,0.79458
1781617140000,0.79456,0.79456,0.79443,0.79447
1781617200000,0.79446,0.79459,0.79446,0.7945
1781617260000,0.79449,0.79451,0.79434,0.79438
1781617320000,0.7944,0.79443,0.79424,0.79425
1781617380000,0.79426,0.79427,0.79413,0.79419
1781617440000,0.7942,0.7943,0.79415,0.79429
1781617500000,0.79428,0.79433,0.79419,0.79431
1781617560000,0.79431,0.79435,0.79424,0.79431
1781617620000,0.79431,0.79443,0.79424,0.7943
1781617680000,0.79435,0.79441,0.79424,0.79424
1781617740000,0.79425,0.79434,0.79424,0.79426
1781617800000,0.79427,0.79436,0.79417,0.79424
1781617860000,0.79423,0.79442,0.79421,0.79441
1781617920000,0.7944,0.79462,0.79438,0.79459
1781617980000,0.79459,0.79485,0.79457,0.79485
1781618040000,0.79486,0.79486,0.79468,0.79477
1781618100000,0.79476,0.79484,0.79475,0.79477
1781618160000,0.79476,0.79479,0.7947,0.79472
1781618220000,0.79473,0.79482,0.7947,0.79482
1781618280000,0.79482,0.79484,0.79476,0.79479
1781618340000,0.79479,0.79479,0.79468,0.7947
1781618400000,0.79468,0.79474,0.79433,0.79434
1781618460000,0.79434,0.79435,0.79412,0.79423
1781618520000,0.79424,0.7944,0.79423,0.79434
1781618580000,0.79434,0.79446,0.79432,0.79446
1781618640000,0.79446,0.79456,0.79434,0.7945
1781618700000,0.79452,0.79484,0.79451,0.79482
1781618760000,0.79482,0.79482,0.79457,0.79466
1781618820000,0.79465,0.79475,0.79459,0.79459
1781618880000,0.7946,0.7946,0.79449,0.79453
1781618940000,0.79454,0.79462,0.79449,0.79457
1781619000000,0.79457,0.79457,0.79449,0.79449
1781619060000,0.7945,0.7945,0.79427,0.79431
1781619120000,0.79431,0.79432,0.79416,0.79422
1781619180000,0.79423,0.79432,0.79423,0.79427
1781619240000,0.79428,0.7943,0.79416,0.79422
1781619300000,0.79424,0.79442,0.79424,0.79438
1781619360000,0.79438,0.79441,0.79436,0.79441
1781619420000,0.7944,0.79441,0.79433,0.79438
1781619480000,0.79438,0.79445,0.79433,0.79436
1781619540000,0.79436,0.79438,0.79433,0.79433
1781619600000,0.79432,0.79432,0.79414,0.79418
1781619660000,0.79419,0.79423,0.79383,0.79383
1781619720000,0.79384,0.79385,0.79361,0.79362
1781619780000,0.7936,0.79364,0.79344,0.79354
1781619840000,0.79355,0.79372,0.79355,0.79371
1781619900000,0.79373,0.79384,0.79353,0.79366
1781619960000,0.79368,0.79369,0.79344,0.79354
1781620020000,0.79355,0.79369,0.79351,0.79365
1781620080000,0.79366,0.79366,0.79335,0.79343
1781620140000,0.79343,0.79398,0.79343,0.7939
1781620200000,0.79389,0.794,0.79374,0.79396
1781620260000,0.79399,0.79425,0.79394,0.79425
1781620320000,0.79424,0.7943,0.79412,0.79422
1781620380000,0.79423,0.79455,0.79423,0.79453
1781620440000,0.79454,0.79461,0.79441,0.79443
1781620500000,0.79442,0.79444,0.79432,0.7944
1781620560000,0.7944,0.79443,0.79424,0.79427
1781620620000,0.79427,0.79427,0.79407,0.79408
1781620680000,0.79408,0.7942,0.79408,0.79418
1781620740000,0.79417,0.79417,0.79398,0.79404
1781620800000,0.79404,0.79408,0.79397,0.79404
1781620860000,0.79404,0.79413,0.79398,0.79398
1781620920000,0.79398,0.79414,0.79398,0.79403
1781620980000,0.79403,0.79403,0.79395,0.79397
1781621040000,0.79397,0.79401,0.79394,0.79401
1781621100000,0.794,0.79406,0.79389,0.79398
1781621160000,0.79396,0.79398,0.79376,0.79376
1781621220000,0.79374,0.79392,0.79374,0.79388
1781621280000,0.79388,0.79388,0.79374,0.79377
1781621340000,0.79379,0.7938,0.79373,0.79378
1781621400000,0.79378,0.79378,0.79355,0.79365
1781621460000,0.79365,0.79365,0.79346,0.79346
1781621520000,0.79346,0.79354,0.79343,0.7935
1781621580000,0.7935,0.79355,0.79333,0.79339
1781621640000,0.7934,0.79341,0.79328,0.79328
1781621700000,0.79326,0.79342,0.79319,0.79342
1781621760000,0.79341,0.79341,0.79309,0.79316
1781621820000,0.79318,0.79332,0.79306,0.79316
1781621880000,0.79315,0.79321,0.79312,0.79321
1781621940000,0.7932,0.79326,0.79317,0.79317
1781622000000,0.79316,0.79331,0.79315,0.79325
1781622060000,0.79326,0.79336,0.79322,0.79332
1781622120000,0.7933,0.79349,0.79328,0.79344
1781622180000,0.79344,0.79353,0.79339,0.79349
1781622240000,0.79349,0.79357,0.79343,0.79348
1781622300000,0.79349,0.7935,0.79333,0.79345
1781622360000,0.79344,0.79345,0.79333,0.79335
1781622420000,0.79337,0.79347,0.79323,0.79336
1781622480000,0.79336,0.79344,0.79333,0.79343
1781622540000,0.79342,0.79349,0.79337,0.79345
1781622600000,0.79344,0.7935,0.79341,0.79344
1781622660000,0.79345,0.79358,0.79344,0.79356
1781622720000,0.79356,0.79381,0.79356,0.79374
1781622780000,0.79374,0.79377,0.79365,0.79371
1781622840000,0.7937,0.79373,0.79362,0.79372
1781622900000,0.79372,0.79374,0.79366,0.79368
1781622960000,0.7937,0.79372,0.7936,0.79368
1781623020000,0.79368,0.79373,0.79362,0.79373
1781623080000,0.79372,0.7938,0.79366,0.79377
1781623140000,0.79376,0.79376,0.79368,0.79368
1781623200000,0.79368,0.79371,0.79364,0.79365
1781623260000,0.79366,0.79367,0.7935,0.7936
1781623320000,0.79359,0.79365,0.79358,0.79362
1781623380000,0.79362,0.79365,0.79359,0.7936
1781623440000,0.79361,0.79361,0.79354,0.79355
1781623500000,0.79356,0.79357,0.79342,0.79344
1781623560000,0.79348,0.79353,0.79344,0.79346
1781623620000,0.79345,0.7935,0.7934,0.7935
1781623680000,0.7935,0.79358,0.79349,0.79352
1781623740000,0.79352,0.79356,0.79346,0.79354
1781623800000,0.79355,0.79365,0.79354,0.79357
1781623860000,0.79358,0.79362,0.79339,0.79341
1781623920000,0.79338,0.79343,0.79333,0.79333
1781623980000,0.79334,0.79337,0.7932,0.79324
1781624040000,0.79321,0.79326,0.79317,0.79317
1781624100000,0.79316,0.79317,0.79308,0.79314
1781624160000,0.79315,0.79319,0.7931,0.79318
1781624220000,0.79319,0.79332,0.79319,0.79327
1781624280000,0.79327,0.79328,0.7932,0.79325
1781624340000,0.79326,0.79327,0.79321,0.79323
1781624400000,0.79325,0.79342,0.79325,0.79342
1781624460000,0.79341,0.79343,0.79337,0.79339
1781624520000,0.7934,0.7935,0.7934,0.79343
1781624580000,0.79343,0.79347,0.79332,0.79335
1781624640000,0.79337,0.79338,0.79327,0.79328
1781624700000,0.79329,0.79349,0.79328,0.79349
1781624760000,0.79348,0.79356,0.79347,0.79356
1781624820000,0.79355,0.79359,0.79343,0.79347
1781624880000,0.7935,0.79358,0.79348,0.79355
1781624940000,0.79356,0.79356,0.79339,0.7934
1781625000000,0.7934,0.7934,0.79308,0.79308
1781625060000,0.79309,0.79322,0.79306,0.79315
1781625120000,0.79313,0.7932,0.79308,0.79312
1781625180000,0.79312,0.79312,0.79281,0.79281
1781625240000,0.79281,0.79282,0.79255,0.79266
1781625300000,0.79264,0.79269,0.79254,0.79263
1781625360000,0.79262,0.79272,0.79252,0.79253
1781625420000,0.79254,0.79256,0.7924,0.79247
1781625480000,0.79248,0.79263,0.79246,0.79261
1781625540000,0.7926,0.79279,0.7926,0.79279
1781625600000,0.79277,0.79285,0.79273,0.79276
1781625660000,0.79276,0.79281,0.79273,0.7928
1781625720000,0.79281,0.79282,0.79274,0.79279
1781625780000,0.79277,0.79282,0.79274,0.79275
1781625840000,0.79276,0.79293,0.79276,0.7929
1781625900000,0.7929,0.7929,0.79278,0.79284
1781625960000,0.79285,0.79286,0.79271,0.79271
1781626020000,0.79271,0.79272,0.7926,0.7926
1781626080000,0.79261,0.79266,0.79255,0.79264
1781626140000,0.79264,0.79268,0.79262,0.79268
1781626200000,0.79267,0.79269,0.7926,0.79262
1781626260000,0.79262,0.79267,0.79261,0.79265
1781626320000,0.79264,0.79266,0.79262,0.79265
1781626380000,0.79267,0.79269,0.79251,0.79253
1781626440000,0.79253,0.79256,0.79246,0.7925
1781626500000,0.7925,0.79251,0.79239,0.7924
1781626560000,0.7924,0.79242,0.79235,0.79235
1781626620000,0.79236,0.79241,0.79233,0.79235
1781626680000,0.79235,0.79241,0.79224,0.79228
1781626740000,0.79228,0.79232,0.79213,0.79213
1781626800000,0.79214,0.79227,0.79213,0.79224
1781626860000,0.79225,0.79226,0.79221,0.79222
1781626920000,0.79223,0.79227,0.79215,0.79225
1781626980000,0.79226,0.79241,0.79226,0.79241
1781627040000,0.79238,0.79241,0.79234,0.79239
1781627100000,0.7924,0.79242,0.79236,0.79236
1781627160000,0.79235,0.79235,0.79221,0.79223
1781627220000,0.79222,0.79232,0.79222,0.79229
1781627280000,0.7923,0.79237,0.7923,0.79237
1781627340000,0.79237,0.7924,0.79233,0.79235
1781627400000,0.79236,0.7924,0.7923,0.79233
1781627460000,0.79232,0.79242,0.79231,0.79238
1781627520000,0.79237,0.79246,0.79231,0.79234
1781627580000,0.79234,0.79236,0.79232,0.79232
1781627640000,0.79233,0.79239,0.79227,0.79238
1781627700000,0.79237,0.79242,0.79231,0.79237
1781627760000,0.79238,0.79247,0.79237,0.79243
1781627820000,0.79241,0.79246,0.79238,0.79246
1781627880000,0.79245,0.79249,0.79242,0.79244
1781627940000,0.79244,0.79248,0.79239,0.79242
1781628000000,0.79244,0.79245,0.79241,0.79242
1781628060000,0.79246,0.79249,0.79244,0.79245
1781628120000,0.79246,0.79249,0.79243,0.79247
1781628180000,0.79247,0.79249,0.7924,0.79248
1781628240000,0.79249,0.7926,0.79249,0.79257
1781628300000,0.79258,0.79261,0.79256,0.79257
1781628360000,0.79257,0.79257,0.7925,0.79251
1781628420000,0.79252,0.79255,0.7925,0.7925
1781628480000,0.79249,0.79259,0.79249,0.79259
1781628540000,0.79258,0.79266,0.79256,0.79265
1781628600000,0.79265,0.7927,0.79262,0.79266
1781628660000,0.79267,0.79272,0.79266,0.79269
1781628720000,0.7927,0.79272,0.79266,0.79266
1781628780000,0.79266,0.79271,0.79264,0.79266
1781628840000,0.79265,0.79267,0.79259,0.79262
1781628900000,0.79262,0.79265,0.7926,0.79261
1781628960000,0.7926,0.79263,0.79256,0.79263
1781629020000,0.79263,0.79265,0.79259,0.79264
1781629080000,0.79266,0.79267,0.79263,0.79264
1781629140000,0.79262,0.79266,0.79262,0.79264
1781629200000,0.79264,0.7927,0.79264,0.79265
1781629260000,0.79265,0.79268,0.79261,0.79268
1781629320000,0.79266,0.79272,0.79258,0.79268
1781629380000,0.79268,0.7927,0.79265,0.79269
1781629440000,0.79269,0.79271,0.79265,0.79265
1781629500000,0.79267,0.7927,0.79267,0.79269
1781629560000,0.7927,0.79273,0.79267,0.79271
1781629620000,0.7927,0.79271,0.79267,0.79271
1781629680000,0.7927,0.79275,0.79268,0.79271
1781629740000,0.7927,0.79271,0.79262,0.79262
1781629800000,0.79262,0.79263,0.79257,0.79259
1781629860000,0.7926,0.79261,0.79257,0.79258
1781629920000,0.79258,0.79258,0.79256,0.79256
1781629980000,0.79258,0.79265,0.79258,0.79262
1781630040000,0.79261,0.79265,0.79261,0.79264
1781630100000,0.79263,0.79263,0.79258,0.79261
1781630160000,0.7926,0.79264,0.79259,0.79259
1781630220000,0.79258,0.79261,0.79254,0.79254
1781630280000,0.79255,0.79261,0.79255,0.79259
1781630340000,0.79261,0.79268,0.79261,0.79267
1781630400000,0.79266,0.79283,0.79265,0.79282
1781630460000,0.79281,0.79281,0.79275,0.79276
1781630520000,0.79276,0.79277,0.79271,0.79276
1781630580000,0.79276,0.7928,0.79275,0.79279
1781630640000,0.7928,0.79281,0.79272,0.79272
1781630700000,0.79272,0.79274,0.79271,0.79272
1781630760000,0.79273,0.79273,0.79269,0.79271
1781630820000,0.79272,0.79274,0.79271,0.79273
1781630880000,0.79274,0.79278,0.79274,0.79275
1781630940000,0.79274,0.79277,0.7927,0.79276
1781631000000,0.79275,0.79281,0.79272,0.79278
1781631060000,0.79278,0.79284,0.79275,0.79282
1781631120000,0.79281,0.79287,0.79279,0.79287
1781631180000,0.79286,0.79286,0.79282,0.79283
1781631240000,0.79283,0.79287,0.79281,0.79286
1781631300000,0.79285,0.79291,0.79283,0.79284
1781631360000,0.79285,0.79287,0.79284,0.79284
1781631420000,0.79284,0.79293,0.79284,0.79289
1781631480000,0.79289,0.79291,0.79288,0.7929
1781631540000,0.7929,0.79292,0.79288,0.79291
1781631600000,0.79291,0.79293,0.79288,0.7929
1781631660000,0.79291,0.79291,0.79288,0.79289
1781631720000,0.79289,0.79289,0.79283,0.79284
1781631780000,0.79285,0.79291,0.79279,0.79279
1781631840000,0.79278,0.79282,0.79276,0.79282
1781631900000,0.79281,0.79291,0.79279,0.7929
1781631960000,0.79289,0.793,0.79288,0.79298
1781632020000,0.79298,0.79298,0.79294,0.79295
1781632080000,0.79295,0.79297,0.79291,0.79297
1781632140000,0.79297,0.79297,0.7929,0.79293
1781632200000,0.79291,0.79296,0.79291,0.79292
1781632260000,0.79292,0.79293,0.7929,0.79293
1781632320000,0.79291,0.79293,0.7929,0.79292
1781632380000,0.79291,0.79292,0.79287,0.7929
1781632440000,0.7929,0.79293,0.7929,0.79293
1781632500000,0.79292,0.79293,0.7929,0.79292
1781632560000,0.79291,0.79292,0.79283,0.79288
1781632620000,0.79287,0.79292,0.79287,0.79291
1781632680000,0.79291,0.79293,0.79289,0.79292
1781632740000,0.79293,0.79293,0.79291,0.79291
1781632800000,0.79292,0.79293,0.79284,0.79289
1781632860000,0.79288,0.7929,0.79284,0.79287
1781632920000,0.79286,0.79286,0.79276,0.79277
1781632980000,0.79277,0.79277,0.79265,0.79274
1781633040000,0.79274,0.79275,0.7927,0.79275
1781633100000,0.79275,0.79287,0.79275,0.79282
1781633160000,0.79282,0.79288,0.79282,0.79288
1781633220000,0.79287,0.79292,0.79286,0.79292
1781633280000,0.79293,0.79297,0.79293,0.79296
1781633340000,0.79298,0.79301,0.79297,0.79299
1781633400000,0.79298,0.79298,0.79289,0.79293
1781633460000,0.79293,0.79298,0.79292,0.79293
1781633520000,0.79292,0.79292,0.79285,0.79286
1781633580000,0.79287,0.79292,0.79287,0.79287
1781633640000,0.79287,0.79291,0.79286,0.79288
1781633700000,0.79289,0.79295,0.79287,0.79294
1781633760000,0.79294,0.79294,0.79288,0.79288
1781633820000,0.7929,0.79295,0.7929,0.79294
1781633880000,0.79295,0.79301,0.79295,0.79301
1781633940000,0.79301,0.79302,0.793,0.793
1781634000000,0.79297,0.793,0.79297,0.793
1781634060000,0.79299,0.79299,0.79295,0.79298
1781634120000,0.79297,0.793,0.79297,0.79299
1781634180000,0.79298,0.79298,0.79295,0.79295
1781634240000,0.79296,0.79296,0.79295,0.79295
1781634300000,0.79296,0.793,0.79296,0.79297
1781634360000,0.79298,0.793,0.79296,0.79296
1781634420000,0.79297,0.79297,0.7929,0.79295
1781634480000,0.79296,0.793,0.79296,0.793
1781634540000,0.79298,0.79298,0.7929,0.79295
1781634600000,0.79293,0.79296,0.79292,0.79295
1781634660000,0.79294,0.79296,0.7929,0.79295
1781634720000,0.79295,0.79302,0.79294,0.79302
1781634780000,0.79302,0.79304,0.79302,0.79303
1781634840000,0.79302,0.79307,0.79299,0.79306
1781634900000,0.79305,0.79309,0.79305,0.79307
1781634960000,0.79309,0.79309,0.79305,0.79305
1781635020000,0.79306,0.79309,0.79305,0.79309
1781635080000,0.79308,0.79308,0.79307,0.79308
1781635140000,0.79309,0.79318,0.79309,0.79318
1781635200000,0.79319,0.79321,0.79318,0.79318
1781635260000,0.79316,0.79318,0.79314,0.79315
1781635320000,0.79315,0.79319,0.79315,0.79317
1781635380000,0.79318,0.79322,0.79317,0.79321
1781635440000,0.79322,0.79324,0.79317,0.79321
1781635500000,0.79322,0.79323,0.79319,0.79323
1781635560000,0.79321,0.79324,0.7932,0.79324
1781635620000,0.79324,0.79324,0.79318,0.79318
1781635680000,0.79319,0.79319,0.79317,0.79318
1781635740000,0.79319,0.79326,0.79319,0.79323
1781635800000,0.79323,0.79326,0.79321,0.79323
1781635860000,0.79323,0.79323,0.7932,0.7932
1781635920000,0.79322,0.79326,0.79322,0.79323
1781635980000,0.79323,0.79324,0.79319,0.79319
1781636040000,0.7932,0.79321,0.79316,0.79317
1781636100000,0.79315,0.79315,0.79305,0.79306
1781636160000,0.79305,0.79306,0.79301,0.79306
1781636220000,0.79305,0.79309,0.79299,0.79301
1781636280000,0.793,0.79303,0.793,0.79302
1781636340000,0.79307,0.79313,0.79306,0.79311
1781636400000,0.79311,0.79314,0.79301,0.79301
1781636460000,0.79301,0.79306,0.793,0.79302
1781636520000,0.79302,0.79306,0.79302,0.79306
1781636580000,0.79307,0.79308,0.79298,0.79299
1781636640000,0.79301,0.79301,0.79289,0.79291
1781636700000,0.79293,0.79295,0.79289,0.79293
1781636760000,0.79293,0.79295,0.79291,0.79295
1781636820000,0.79295,0.79295,0.79291,0.79295
1781636880000,0.79296,0.79305,0.79296,0.79305
1781636940000,0.79306,0.79308,0.79303,0.79304
1781637000000,0.79305,0.79308,0.79302,0.79308
1781637060000,0.79307,0.79308,0.79305,0.79306
1781637120000,0.79305,0.79308,0.79305,0.79307
1781637180000,0.79307,0.79308,0.79302,0.79306
1781637240000,0.79308,0.79308,0.79305,0.79305
1781637300000,0.79304,0.79306,0.79301,0.79303
1781637360000,0.79302,0.79307,0.79302,0.79305
1781637420000,0.79304,0.79305,0.793,0.79302
1781637480000,0.79303,0.79303,0.79299,0.793
1781637540000,0.793,0.79305,0.793,0.79305
1781637600000,0.79306,0.79308,0.79304,0.79305
1781637660000,0.79304,0.79304,0.793,0.79302
1781637720000,0.79302,0.79305,0.793,0.79305
1781637780000,0.79305,0.79308,0.79303,0.79304
1781637840000,0.79305,0.79305,0.79301,0.79303
1781637900000,0.79303,0.79305,0.793,0.793
1781637960000,0.79301,0.79302,0.793,0.79301
1781638020000,0.79302,0.79302,0.793,0.79302
1781638080000,0.79302,0.79305,0.79302,0.79303
1781638140000,0.79304,0.79304,0.793,0.79302
1781638200000,0.79303,0.79311,0.79302,0.79309
1781638260000,0.79309,0.79311,0.79308,0.7931
1781638320000,0.79313,0.79317,0.79311,0.79317
1781638380000,0.79317,0.79322,0.79316,0.7932
1781638440000,0.79321,0.79323,0.7932,0.7932
1781638500000,0.7932,0.79322,0.7932,0.7932
1781638560000,0.79322,0.79324,0.7932,0.79322
1781638620000,0.79323,0.79326,0.79319,0.79326
1781638680000,0.79326,0.79336,0.79326,0.79335
1781638740000,0.79333,0.79334,0.7933,0.79331
1781638800000,0.79332,0.79336,0.7933,0.79332
1781638860000,0.79333,0.79333,0.79325,0.79325
1781638920000,0.79325,0.79328,0.79321,0.79328
1781638980000,0.79326,0.79327,0.79325,0.79326
1781639040000,0.79327,0.79332,0.79326,0.79327
1781639100000,0.79327,0.79329,0.79326,0.79328
1781639160000,0.79329,0.79331,0.79327,0.79331
1781639220000,0.79331,0.79332,0.79329,0.79332
1781639280000,0.79333,0.79337,0.79331,0.79337
1781639340000,0.79337,0.79337,0.79329,0.7933
1781639400000,0.7933,0.79339,0.79324,0.79339
1781639460000,0.79337,0.79338,0.79337,0.79338
1781639520000,0.79337,0.7934,0.79336,0.7934
1781639580000,0.79339,0.79339,0.79331,0.79332
1781639640000,0.79331,0.79333,0.79329,0.79333
1781639700000,0.79332,0.79341,0.79332,0.79341
1781639760000,0.79341,0.79341,0.79327,0.79329
1781639820000,0.7933,0.79336,0.79328,0.7933
1781639880000,0.7933,0.79336,0.79328,0.79328
1781639940000,0.79328,0.79328,0.79317,0.79325
1781640000000,0.79324,0.79325,0.79315,0.79317
1781640060000,0.79316,0.79324,0.79315,0.79316
1781640120000,0.79316,0.79335,0.79315,0.79333
1781640180000,0.79333,0.79336,0.79332,0.79335
1781640240000,0.79336,0.79336,0.79331,0.79331
1781640300000,0.79331,0.79331,0.79318,0.79318
1781640360000,0.79319,0.79323,0.79319,0.79323
1781640420000,0.79324,0.7933,0.79322,0.7933
1781640480000,0.7933,0.7933,0.79329,0.7933
1781640540000,0.7933,0.79331,0.79328,0.79331
1781640600000,0.79331,0.79331,0.7933,0.7933
1781640660000,0.79329,0.7933,0.79328,0.7933
1781640720000,0.7933,0.7933,0.79327,0.7933
1781640780000,0.79331,0.79333,0.79327,0.79328
1781640840000,0.79327,0.7933,0.79327,0.7933
1781640900000,0.79329,0.7933,0.79328,0.79329
1781640960000,0.79328,0.79329,0.79324,0.79324
1781641020000,0.79323,0.79324,0.79321,0.79324
1781641080000,0.79324,0.79324,0.79319,0.79321
1781641140000,0.79321,0.79321,0.79319,0.79321
1781641200000,0.79321,0.79321,0.7932,0.7932
1781641260000,0.79321,0.79326,0.79321,0.79326
1781641320000,0.79326,0.79329,0.79326,0.79329
1781641380000,0.79328,0.79328,0.79327,0.79327
1781641440000,0.79327,0.79328,0.79327,0.79328
1781641500000,0.79328,0.79329,0.79325,0.79326
1781641560000,0.79325,0.79329,0.79325,0.79327
1781641620000,0.79326,0.79327,0.79324,0.79325
1781641680000,0.79325,0.79325,0.79324,0.79325
1781641740000,0.79323,0.79323,0.79323,0.79323
1781641800000,0.79321,0.79327,0.79321,0.79326
1781641860000,0.79326,0.79326,0.79324,0.79325
1781641920000,0.79326,0.79334,0.79326,0.79334
1781641980000,0.79333,0.79334,0.79332,0.79332
1781642040000,0.79335,0.79337,0.79331,0.79331
1781642100000,0.79331,0.79333,0.79331,0.79332
1781642160000,0.79331,0.79332,0.79329,0.79329
1781642220000,0.79328,0.79331,0.79328,0.79331
1781642280000,0.7933,0.79331,0.7933,0.79331
1781642340000,0.79332,0.79332,0.79332,0.79332
1781642400000,0.79331,0.79332,0.7933,0.79331
1781642460000,0.7933,0.79332,0.79329,0.79329
1781642520000,0.79329,0.79332,0.79329,0.79332
1781642580000,0.79332,0.79332,0.79331,0.79332
1781642640000,0.79332,0.79335,0.7933,0.7933
1781642700000,0.79331,0.79331,0.79326,0.79326
1781642760000,0.79327,0.79329,0.79327,0.79327
1781642820000,0.79328,0.79328,0.79327,0.79328
1781642880000,0.79328,0.79328,0.79328,0.79328
1781642940000,0.79328,0.79328,0.79326,0.79326
1781643000000,0.79327,0.79327,0.7932,0.7932
1781643060000,0.7932,0.79322,0.79317,0.79322
1781643120000,0.7932,0.79322,0.79319,0.79319
1781643180000,0.79319,0.7932,0.79318,0.79318
1781643240000,0.79319,0.79319,0.79319,0.79319
1781643300000,0.79317,0.79321,0.79315,0.79317
1781643360000,0.79318,0.79318,0.79316,0.79317
1781643420000,0.79317,0.79317,0.79314,0.79316
1781643480000,0.79316,0.79319,0.79303,0.79306
1781643540000,0.79306,0.79311,0.79302,0.79303
1781643600000,0.79292,0.79292,0.79273,0.79274
1781643660000,0.79263,0.79266,0.7926,0.79266
1781643720000,0.79266,0.79266,0.79263,0.79263
1781643780000,0.79263,0.79265,0.79241,0.79243
1781643840000,0.79243,0.79247,0.79243,0.79247
1781643900000,0.79243,0.79243,0.79243,0.79243
1781643960000,0.79244,0.79259,0.79243,0.79259
1781644020000,0.79244,0.79244,0.7924,0.79243
1781644080000,0.79258,0.79258,0.79258,0.79258
1781644140000,0.79243,0.79243,0.79243,0.79243
1781644200000,0.79238,0.79257,0.79238,0.79257
1781644260000,0.79244,0.79244,0.79244,0.79244
1781644320000,0.79244,0.79264,0.79244,0.79251
1781644380000,0.7925,0.7925,0.79246,0.79246
1781644440000,0.79248,0.7925,0.79247,0.79249
1781644500000,0.79259,0.7928,0.79248,0.7928
1781644560000,0.79281,0.79281,0.79252,0.79252
1781644620000,0.79253,0.79253,0.79245,0.79251
1781644680000,0.79248,0.79248,0.79248,0.79248
1781644740000,0.79244,0.79245,0.79244,0.79244
1781644800000,0.79245,0.79259,0.79244,0.79259
1781644860000,0.79245,0.7926,0.79245,0.7926
1781644920000,0.7926,0.7926,0.79245,0.79245
1781644980000,0.79242,0.79243,0.79242,0.79243
1781645040000,0.79241,0.79241,0.79241,0.79241
1781645100000,0.79255,0.79255,0.79255,0.79255
1781645160000,0.79254,0.79254,0.79245,0.79245
1781645220000,0.79243,0.79244,0.79243,0.79244
1781645280000,0.79243,0.79255,0.79243,0.79255
1781645340000,0.79243,0.79271,0.79243,0.79271
1781645400000,0.79262,0.79262,0.79262,0.79262
1781645460000,0.79268,0.79279,0.79266,0.79269
1781645520000,0.79266,0.79281,0.79265,0.79281
1781645580000,0.7928,0.79282,0.79274,0.79274
1781645640000,0.79277,0.79279,0.79271,0.79275
1781645700000,0.79276,0.79276,0.79272,0.79276
1781645760000,0.79276,0.79279,0.7927,0.79274
1781645820000,0.79274,0.79281,0.79274,0.79281
1781645880000,0.79281,0.79283,0.79274,0.79275
1781645940000,0.79276,0.79276,0.79275,0.79276
1781646000000,0.79276,0.79276,0.79271,0.79273
1781646060000,0.79273,0.79273,0.79273,0.79273
1781646120000,0.79268,0.79269,0.79268,0.79268
1781646180000,0.79268,0.79272,0.79261,0.79272
1781646240000,0.79278,0.79279,0.79278,0.79279
1781646300000,0.79285,0.79285,0.79272,0.79273
1781646360000,0.79273,0.79274,0.7927,0.7927
1781646420000,0.7927,0.79272,0.79267,0.79268
1781646480000,0.79268,0.79268,0.79266,0.79266
1781646540000,0.79273,0.79273,0.79273,0.79273
1781646600000,0.79273,0.79276,0.79266,0.79267
1781646660000,0.79275,0.79278,0.79268,0.79273
1781646720000,0.79276,0.79279,0.79267,0.79278
1781646780000,0.79278,0.79279,0.79268,0.79278
1781646840000,0.79279,0.79279,0.79277,0.79277
1781646900000,0.79271,0.79277,0.79264,0.79274
1781646960000,0.79275,0.79276,0.79265,0.79265
1781647020000,0.7927,0.79276,0.79266,0.79276
1781647080000,0.79274,0.79276,0.79265,0.79265
1781647140000,0.79275,0.79279,0.7927,0.7927
1781647200000,0.7927,0.79291,0.7927,0.79289
1781647260000,0.79289,0.7929,0.79286,0.7929
1781647320000,0.79288,0.7929,0.79287,0.79289
1781647380000,0.79288,0.79289,0.79285,0.79288
1781647440000,0.79288,0.79291,0.79288,0.7929
1781647500000,0.79292,0.79293,0.7929,0.79291
1781647560000,0.79293,0.79294,0.79291,0.79294
1781647620000,0.79293,0.79294,0.79292,0.79294
1781647680000,0.7929,0.7929,0.79287,0.79289
1781647740000,0.79289,0.79289,0.79288,0.79288
1781647800000,0.79289,0.79289,0.79286,0.79288
1781647860000,0.79294,0.79294,0.79291,0.79292
1781647920000,0.79292,0.79294,0.79291,0.79293
1781647980000,0.79293,0.79294,0.79292,0.79294
1781648040000,0.79294,0.79294,0.79294,0.79294
1781648100000,0.79293,0.79296,0.79292,0.79295
1781648160000,0.79295,0.79295,0.79294,0.79295
1781648220000,0.79294,0.79294,0.79293,0.79294
1781648280000,0.79295,0.79295,0.79294,0.79294
1781648340000,0.79291,0.79294,0.79291,0.79294
1781648400000,0.79294,0.79295,0.79291,0.79291
1781648460000,0.79291,0.79292,0.7929,0.7929
1781648520000,0.79291,0.79291,0.79289,0.79289
1781648580000,0.79289,0.79289,0.79289,0.79289
1781648640000,0.79289,0.79289,0.79289,0.79289
1781648700000,0.79289,0.79289,0.79288,0.79288
1781648760000,0.79289,0.79289,0.79287,0.79287
1781648820000,0.79287,0.79289,0.79287,0.79288
1781648880000,0.79289,0.79289,0.79286,0.79288
1781648940000,0.79288,0.79288,0.79288,0.79288
1781649000000,0.79289,0.79289,0.79285,0.79285
1781649060000,0.79285,0.79285,0.79285,0.79285
1781649120000,0.79284,0.79285,0.79284,0.79285
1781649180000,0.79284,0.79285,0.79284,0.79285
1781649240000,0.79286,0.79289,0.79286,0.79289
1781649300000,0.79289,0.79289,0.79287,0.79289
1781649360000,0.79288,0.79288,0.79288,0.79288
1781649420000,0.79287,0.79288,0.79287,0.79288
1781649480000,0.79288,0.79288,0.79287,0.79288
1781649540000,0.79287,0.79287,0.79287,0.79287
1781649600000,0.79287,0.79287,0.79287,0.79287
1781649660000,0.79285,0.79286,0.79285,0.79286
1781649720000,0.79288,0.79289,0.79286,0.79289
1781649780000,0.79289,0.79289,0.79289,0.79289
1781649840000,0.79288,0.79289,0.79287,0.79288
1781649900000,0.79289,0.79289,0.79288,0.79288
1781649960000,0.79288,0.79289,0.79288,0.79289
1781650020000,0.79289,0.79291,0.79287,0.79287
1781650080000,0.79289,0.79289,0.79289,0.79289
1781650140000,0.79288,0.79289,0.79288,0.79289
1781650200000,0.79287,0.79288,0.79286,0.79287
1781650260000,0.79288,0.79288,0.79286,0.79287
1781650320000,0.79288,0.79288,0.79287,0.79287
1781650380000,0.79286,0.79286,0.79285,0.79286
1781650440000,0.79284,0.79285,0.79284,0.79285
1781650500000,0.79285,0.79285,0.79285,0.79285
1781650560000,0.79286,0.79291,0.79285,0.79291
1781650620000,0.79289,0.7929,0.79288,0.79289
1781650680000,0.79287,0.79287,0.79287,0.79287
1781650740000,0.79288,0.79288,0.79287,0.79287
1781650800000,0.79287,0.79292,0.79286,0.79291
1781650860000,0.79289,0.7929,0.79288,0.79288
1781650920000,0.79287,0.79292,0.79287,0.79291
1781650980000,0.79291,0.79293,0.79289,0.79291
1781651040000,0.79291,0.79291,0.79289,0.79291
1781651100000,0.79289,0.79292,0.79287,0.79288
1781651160000,0.7929,0.7929,0.79289,0.7929
1781651220000,0.79289,0.7929,0.79287,0.79287
1781651280000,0.79287,0.79289,0.79285,0.79288
1781651340000,0.79288,0.79289,0.79285,0.79289
1781651400000,0.79287,0.79291,0.79287,0.79291
1781651460000,0.79291,0.79292,0.79291,0.79292
1781651520000,0.79292,0.79292,0.79287,0.79287
1781651580000,0.79287,0.79288,0.79286,0.79288
1781651640000,0.79287,0.79288,0.79285,0.79287
1781651700000,0.79285,0.79287,0.79283,0.79284
1781651760000,0.79283,0.79283,0.79278,0.79278
1781651820000,0.79276,0.7928,0.79276,0.7928
1781651880000,0.7928,0.7928,0.7928,0.7928
1781651940000,0.79281,0.79281,0.7928,0.79281
1781652000000,0.7928,0.7928,0.7928,0.7928
1781652060000,0.7928,0.79281,0.7928,0.79281
1781652120000,0.79281,0.79282,0.79281,0.79281
1781652180000,0.7928,0.7928,0.79279,0.79279
1781652240000,0.79279,0.79279,0.79279,0.79279
1781652300000,0.79277,0.79277,0.79274,0.79274
1781652360000,0.79275,0.79277,0.79273,0.79274
1781652420000,0.79274,0.79274,0.79273,0.79273
1781652480000,0.79272,0.79272,0.79272,0.79272
1781652540000,0.79272,0.79272,0.79272,0.79272
1781652600000,0.79271,0.79274,0.79271,0.79274
1781652660000,0.79274,0.79274,0.79274,0.79274
1781652720000,0.79273,0.79274,0.79273,0.79273
1781652780000,0.79276,0.79279,0.79276,0.79278
1781652840000,0.79281,0.79288,0.79281,0.79286
1781652900000,0.79286,0.79288,0.79285,0.79288
1781652960000,0.79286,0.79291,0.79286,0.79291
1781653020000,0.79291,0.79291,0.7929,0.7929
1781653080000,0.7929,0.79294,0.7929,0.79293
1781653140000,0.79293,0.79293,0.79293,0.79293
1781653200000,0.79293,0.79293,0.79288,0.79289
1781653260000,0.79289,0.79289,0.79289,0.79289
1781653320000,0.79288,0.79288,0.79288,0.79288
1781653380000,0.79289,0.79295,0.79289,0.7929
1781653440000,0.79291,0.79291,0.79285,0.79287
1781653500000,0.79286,0.79288,0.79286,0.79288
1781653560000,0.79288,0.79289,0.79286,0.79288
1781653620000,0.7929,0.7929,0.79286,0.79288
1781653680000,0.79289,0.79293,0.79289,0.79291
1781653740000,0.79293,0.79293,0.79291,0.79292
1781653800000,0.79292,0.79298,0.79292,0.79296
1781653860000,0.79295,0.79298,0.79294,0.79295
1781653920000,0.79295,0.79296,0.79293,0.79296
1781653980000,0.79294,0.79295,0.79293,0.79294
1781654040000,0.79297,0.79299,0.79296,0.79297
1781654100000,0.79299,0.79306,0.79299,0.79306
1781654160000,0.79305,0.79306,0.79304,0.79304
1781654220000,0.79306,0.79314,0.79304,0.79313
1781654280000,0.79314,0.79319,0.79312,0.79316
1781654340000,0.79316,0.79318,0.79315,0.79316
1781654400000,0.79316,0.79324,0.7931,0.79322
1781654460000,0.7932,0.79322,0.79311,0.79312
1781654520000,0.79311,0.79315,0.79309,0.79312
1781654580000,0.79311,0.79313,0.79304,0.79306
1781654640000,0.79307,0.79308,0.79303,0.79304
1781654700000,0.79304,0.79305,0.79296,0.79299
1781654760000,0.793,0.79301,0.79289,0.7929
1781654820000,0.79291,0.79291,0.7928,0.79285
1781654880000,0.79285,0.79287,0.7928,0.79281
1781654940000,0.79282,0.79285,0.79281,0.79285
1781655000000,0.79285,0.79287,0.79282,0.79283
1781655060000,0.79285,0.79288,0.79282,0.79284
1781655120000,0.79284,0.79288,0.79281,0.79283
1781655180000,0.79283,0.79283,0.79276,0.79279
1781655240000,0.7928,0.79284,0.79278,0.79282
1781655300000,0.79283,0.79283,0.79277,0.7928
1781655360000,0.79281,0.79281,0.79274,0.79275
1781655420000,0.79275,0.79276,0.79273,0.79274
1781655480000,0.79275,0.79275,0.79268,0.7927
1781655540000,0.79273,0.79273,0.79262,0.79263
1781655600000,0.79263,0.79263,0.79254,0.7926
1781655660000,0.79261,0.79262,0.7926,0.79261
1781655720000,0.7926,0.79261,0.79259,0.79261
1781655780000,0.79262,0.79265,0.79262,0.79265
1781655840000,0.79264,0.79266,0.79261,0.79262
1781655900000,0.79262,0.79262,0.79258,0.7926
1781655960000,0.79259,0.79259,0.79255,0.79256
1781656020000,0.79256,0.79258,0.79247,0.7925
1781656080000,0.7925,0.79253,0.79247,0.7925
1781656140000,0.7925,0.79255,0.79248,0.79251
1781656200000,0.79251,0.79255,0.7925,0.79254
1781656260000,0.79253,0.79253,0.79248,0.79249
1781656320000,0.79249,0.79258,0.79249,0.79257
1781656380000,0.79258,0.79259,0.79256,0.79258
1781656440000,0.79257,0.79259,0.79254,0.79254
1781656500000,0.79254,0.79254,0.79253,0.79254
1781656560000,0.79253,0.79254,0.7925,0.79251
1781656620000,0.79251,0.79254,0.79244,0.79245
1781656680000,0.79245,0.79249,0.79244,0.79249
1781656740000,0.79249,0.7925,0.79248,0.79249
1781656800000,0.79249,0.79249,0.79244,0.79245
1781656860000,0.79245,0.79247,0.79241,0.79241
1781656920000,0.7924,0.79242,0.79239,0.7924
1781656980000,0.79239,0.7924,0.79239,0.7924
1781657040000,0.79238,0.79245,0.79238,0.79243
1781657100000,0.79241,0.79249,0.79241,0.79249
1781657160000,0.7925,0.79253,0.79248,0.79249
1781657220000,0.79248,0.79248,0.79246,0.79248
1781657280000,0.79247,0.79249,0.79246,0.79249
1781657340000,0.79248,0.79256,0.79245,0.79256
1781657400000,0.79256,0.79266,0.79256,0.79266
1781657460000,0.79267,0.79269,0.79262,0.79266
1781657520000,0.79265,0.79265,0.79256,0.79259
1781657580000,0.7926,0.7926,0.79251,0.79256
1781657640000,0.79256,0.79268,0.79253,0.79262
1781657700000,0.7926,0.79264,0.79256,0.79259
1781657760000,0.7926,0.79261,0.79258,0.7926
1781657820000,0.79261,0.79268,0.79258,0.79262
1781657880000,0.79261,0.79263,0.79254,0.79255
1781657940000,0.79256,0.79256,0.79247,0.79247
1781658000000,0.79247,0.79256,0.79245,0.79249
1781658060000,0.79248,0.79253,0.79244,0.79253
1781658120000,0.79252,0.79253,0.79243,0.79246
1781658180000,0.79245,0.79245,0.79241,0.79244
1781658240000,0.79245,0.79247,0.79238,0.79239
1781658300000,0.7924,0.79243,0.7923,0.79231
1781658360000,0.79232,0.79234,0.7922,0.79225
1781658420000,0.79226,0.79231,0.79224,0.7923
1781658480000,0.79229,0.79233,0.79228,0.79228
1781658540000,0.79226,0.79239,0.79226,0.79239
1781658600000,0.79241,0.79244,0.79239,0.79242
1781658660000,0.79241,0.79241,0.79239,0.7924
1781658720000,0.79239,0.79239,0.79234,0.79237
1781658780000,0.79237,0.7924,0.79236,0.79236
1781658840000,0.79241,0.79246,0.79239,0.79245
1781658900000,0.79246,0.79253,0.79246,0.79249
1781658960000,0.7925,0.79253,0.79249,0.79252
1781659020000,0.79252,0.79254,0.79249,0.7925
1781659080000,0.79249,0.79249,0.79245,0.79249
1781659140000,0.79252,0.79254,0.7925,0.79253
1781659200000,0.79254,0.79258,0.79244,0.79246
1781659260000,0.79245,0.7925,0.79245,0.79246
1781659320000,0.79247,0.7925,0.79246,0.79246
1781659380000,0.79247,0.79252,0.79246,0.79249
1781659440000,0.7925,0.79256,0.7925,0.79253
1781659500000,0.79251,0.79252,0.79247,0.79247
1781659560000,0.79248,0.79254,0.79246,0.79254
1781659620000,0.79254,0.79256,0.79251,0.79251
1781659680000,0.79253,0.79256,0.79251,0.79255
1781659740000,0.79257,0.79271,0.79257,0.7927
1781659800000,0.7927,0.79276,0.79265,0.79272
1781659860000,0.79271,0.79274,0.79271,0.79273
1781659920000,0.79274,0.79287,0.79274,0.7928
1781659980000,0.79279,0.7928,0.79277,0.79278
1781660040000,0.79278,0.79279,0.79277,0.79279
1781660100000,0.79278,0.79278,0.79269,0.79271
1781660160000,0.79272,0.79272,0.7927,0.79272
1781660220000,0.79272,0.79273,0.79271,0.79272
1781660280000,0.79273,0.79273,0.79272,0.79272
1781660340000,0.7927,0.7927,0.79267,0.79267
1781660400000,0.79268,0.79271,0.79264,0.79268
1781660460000,0.79267,0.79269,0.79264,0.79264
1781660520000,0.79265,0.79266,0.79256,0.79258
1781660580000,0.79257,0.79258,0.79252,0.79257
1781660640000,0.79258,0.7926,0.79255,0.79255
1781660700000,0.79254,0.79255,0.79249,0.79251
1781660760000,0.79252,0.79258,0.79252,0.79255
1781660820000,0.79255,0.79261,0.79252,0.79261
1781660880000,0.79259,0.79269,0.79259,0.79267
1781660940000,0.79267,0.79269,0.79263,0.79266
1781661000000,0.79266,0.7927,0.79264,0.79264
1781661060000,0.79263,0.79264,0.79261,0.79261
1781661120000,0.7926,0.79267,0.7926,0.79267
1781661180000,0.79267,0.79267,0.79262,0.79263
1781661240000,0.79263,0.79263,0.79259,0.79261
1781661300000,0.79262,0.79262,0.79259,0.7926
1781661360000,0.7926,0.7926,0.79259,0.79259
1781661420000,0.79259,0.7926,0.79258,0.79259
1781661480000,0.79259,0.79259,0.79252,0.79255
1781661540000,0.79256,0.79259,0.79255,0.79257
1781661600000,0.79257,0.7926,0.79253,0.79256
1781661660000,0.79252,0.79252,0.79249,0.79249
1781661720000,0.79247,0.79247,0.79242,0.79243
1781661780000,0.79242,0.79247,0.79242,0.79246
1781661840000,0.79247,0.79247,0.79241,0.79241
1781661900000,0.79242,0.79244,0.7924,0.7924
1781661960000,0.79238,0.79244,0.79238,0.79244
1781662020000,0.79244,0.79244,0.79241,0.79244
1781662080000,0.79245,0.79245,0.7924,0.7924
1781662140000,0.79241,0.79245,0.79241,0.79243
1781662200000,0.79243,0.79247,0.79243,0.79246
1781662260000,0.79245,0.79247,0.79241,0.79243
1781662320000,0.79243,0.79244,0.79242,0.79243
1781662380000,0.79243,0.79244,0.79242,0.79242
1781662440000,0.79241,0.79245,0.79241,0.79241
1781662500000,0.79241,0.79246,0.79241,0.79245
1781662560000,0.79244,0.79246,0.79244,0.79244
1781662620000,0.79244,0.79253,0.79242,0.79251
1781662680000,0.79252,0.79252,0.79249,0.79251
1781662740000,0.7925,0.7925,0.79243,0.79243
1781662800000,0.79245,0.79246,0.79231,0.79233
1781662860000,0.79233,0.79233,0.79224,0.79224
1781662920000,0.79224,0.79227,0.79221,0.79225
1781662980000,0.79224,0.79224,0.79224,0.79224
1781663040000,0.79222,0.79226,0.79219,0.79223
1781663100000,0.79223,0.79223,0.79218,0.79222
1781663160000,0.79224,0.79224,0.79217,0.79218
1781663220000,0.79216,0.79221,0.79216,0.7922
1781663280000,0.79221,0.79221,0.79219,0.7922
1781663340000,0.79221,0.79223,0.79221,0.79222
1781663400000,0.79222,0.79229,0.79219,0.79228
1781663460000,0.79229,0.79232,0.79226,0.79226
1781663520000,0.79227,0.79227,0.79224,0.79225
1781663580000,0.79225,0.79226,0.79225,0.79225
1781663640000,0.79226,0.79232,0.79226,0.79232
1781663700000,0.79232,0.79234,0.7923,0.7923
1781663760000,0.79229,0.79232,0.79229,0.79231
1781663820000,0.79232,0.79236,0.79231,0.79232
1781663880000,0.79232,0.79233,0.79231,0.79233
1781663940000,0.79232,0.79233,0.79231,0.79232
1781664000000,0.79231,0.79231,0.7923,0.7923
1781664060000,0.79229,0.7923,0.79227,0.79227
1781664120000,0.79226,0.79227,0.79226,0.79226
1781664180000,0.79225,0.79227,0.79224,0.79227
1781664240000,0.79229,0.79232,0.79228,0.79232
1781664300000,0.79234,0.79243,0.79233,0.7924
1781664360000,0.7924,0.79241,0.79239,0.79241
1781664420000,0.7924,0.79242,0.79239,0.79242
1781664480000,0.79242,0.79243,0.7924,0.79242
1781664540000,0.79243,0.79243,0.79239,0.79239
1781664600000,0.79237,0.79239,0.79235,0.79239
1781664660000,0.7924,0.79243,0.7924,0.7924
1781664720000,0.79241,0.79241,0.79241,0.79241
1781664780000,0.79241,0.79244,0.79241,0.79244
1781664840000,0.79246,0.7925,0.79244,0.7925
1781664900000,0.79251,0.79252,0.79244,0.79244
1781664960000,0.79244,0.79246,0.79242,0.79246
1781665020000,0.79246,0.79247,0.79245,0.79247
1781665080000,0.79248,0.79248,0.79246,0.79246
1781665140000,0.79244,0.79256,0.79244,0.79256
1781665200000,0.79256,0.79257,0.79249,0.79249
1781665260000,0.7925,0.7925,0.79249,0.79249
1781665320000,0.79249,0.79251,0.79248,0.7925
1781665380000,0.79252,0.79252,0.79252,0.79252
1781665440000,0.79253,0.7926,0.79252,0.79258
1781665500000,0.79258,0.7926,0.79251,0.79256
1781665560000,0.79256,0.79256,0.79243,0.79243
1781665620000,0.79245,0.79245,0.79243,0.79245
1781665680000,0.79245,0.79245,0.79242,0.79244
1781665740000,0.79243,0.79244,0.79237,0.79238
1781665800000,0.79238,0.79242,0.79238,0.79242
1781665860000,0.79243,0.79244,0.79237,0.79239
1781665920000,0.79238,0.79241,0.79238,0.7924
1781665980000,0.7924,0.79244,0.79239,0.79244
1781666040000,0.79247,0.79247,0.79242,0.79242
1781666100000,0.79244,0.79246,0.79242,0.79246
1781666160000,0.79249,0.79255,0.79249,0.7925
1781666220000,0.7925,0.79255,0.7925,0.79253
1781666280000,0.79254,0.79255,0.79247,0.79248
1781666340000,0.79248,0.79249,0.79244,0.79249
1781666400000,0.79249,0.79249,0.79245,0.79247
1781666460000,0.79248,0.79248,0.79246,0.79246
1781666520000,0.79245,0.79246,0.79242,0.79244
1781666580000,0.79243,0.79243,0.7924,0.79241
1781666640000,0.79242,0.79242,0.79239,0.79241
1781666700000,0.79237,0.79242,0.79237,0.79237
1781666760000,0.7924,0.7924,0.79238,0.79239
1781666820000,0.79237,0.79239,0.79234,0.79238
1781666880000,0.79236,0.79239,0.79236,0.79238
1781666940000,0.79238,0.79239,0.79234,0.79236
1781667000000,0.79235,0.79236,0.79234,0.79236
1781667060000,0.79235,0.79236,0.79235,0.79236
1781667120000,0.79232,0.79232,0.79231,0.79232
1781667180000,0.79233,0.79233,0.7923,0.79232
1781667240000,0.79231,0.79232,0.79229,0.79231
1781667300000,0.79231,0.79233,0.79229,0.7923
1781667360000,0.7923,0.79232,0.79225,0.79226
1781667420000,0.79228,0.79231,0.79228,0.7923
1781667480000,0.79231,0.79232,0.79231,0.79231
1781667540000,0.79233,0.79236,0.79233,0.79235
1781667600000,0.79235,0.79237,0.79235,0.79235
1781667660000,0.79236,0.79236,0.79231,0.79231
1781667720000,0.7923,0.79231,0.79225,0.7923
1781667780000,0.79231,0.79234,0.7923,0.7923
1781667840000,0.79232,0.79236,0.79232,0.79236
1781667900000,0.79237,0.79239,0.79237,0.79238
1781667960000,0.79238,0.79238,0.79237,0.79237
1781668020000,0.79237,0.79237,0.79237,0.79237
1781668080000,0.79237,0.7924,0.79237,0.79238
1781668140000,0.79239,0.79239,0.79239,0.79239
1781668200000,0.79241,0.79242,0.79239,0.79239
1781668260000,0.79238,0.7924,0.79238,0.7924
1781668320000,0.79239,0.79239,0.79235,0.79236
1781668380000,0.79237,0.7924,0.79236,0.7924
1781668440000,0.79239,0.7924,0.79237,0.7924
1781668500000,0.7924,0.79243,0.7924,0.7924
1781668560000,0.79241,0.79244,0.79241,0.79244
1781668620000,0.79242,0.79243,0.79242,0.79242
1781668680000,0.79244,0.79248,0.79243,0.79243
1781668740000,0.79244,0.79247,0.79244,0.79246
1781668800000,0.79247,0.79248,0.79241,0.79241
1781668860000,0.79241,0.79242,0.7924,0.79242
1781668920000,0.79241,0.79241,0.79234,0.79235
1781668980000,0.79235,0.79237,0.79235,0.79237
1781669040000,0.79236,0.79236,0.79234,0.79235
1781669100000,0.79225,0.79226,0.79221,0.79225
1781669160000,0.79225,0.79225,0.79217,0.7922
1781669220000,0.79221,0.79227,0.79221,0.79227
1781669280000,0.79227,0.79227,0.79226,0.79226
1781669340000,0.79229,0.79229,0.79225,0.79225
1781669400000,0.79223,0.79223,0.79218,0.79219
1781669460000,0.7922,0.79224,0.79218,0.79222
1781669520000,0.79221,0.79224,0.79221,0.79222
1781669580000,0.79221,0.79223,0.79217,0.79222
1781669640000,0.7922,0.79221,0.79219,0.79221
1781669700000,0.79222,0.79222,0.79215,0.79215
1781669760000,0.79215,0.79217,0.7921,0.79215
1781669820000,0.79216,0.79218,0.79216,0.79216
1781669880000,0.79218,0.79218,0.79216,0.79216
1781669940000,0.79216,0.79216,0.7921,0.79211
1781670000000,0.79212,0.79217,0.79212,0.79215
1781670060000,0.79216,0.79217,0.79214,0.79217
1781670120000,0.79217,0.7922,0.79216,0.7922
1781670180000,0.79221,0.79224,0.79221,0.79224
1781670240000,0.79223,0.79224,0.79221,0.79221
1781670300000,0.79222,0.79223,0.79221,0.79222
1781670360000,0.79224,0.79224,0.7922,0.7922
1781670420000,0.79219,0.79224,0.79219,0.79224
1781670480000,0.79225,0.79225,0.7922,0.79221
1781670540000,0.79222,0.79225,0.79222,0.79224
1781670600000,0.79223,0.79223,0.7922,0.79221
1781670660000,0.79221,0.79221,0.79218,0.79219
1781670720000,0.79218,0.79219,0.79217,0.79219
1781670780000,0.79221,0.79221,0.7922,0.79221
1781670840000,0.79221,0.79228,0.7922,0.79228
1781670900000,0.79227,0.79227,0.79223,0.79223
1781670960000,0.79223,0.79223,0.79223,0.79223
1781671020000,0.79223,0.79225,0.79223,0.79225
1781671080000,0.79227,0.79229,0.79221,0.79222
1781671140000,0.79222,0.79225,0.79222,0.79223
1781671200000,0.79224,0.79224,0.79222,0.79222
1781671260000,0.79222,0.79222,0.79222,0.79222
1781671320000,0.79222,0.79222,0.79218,0.79219
1781671380000,0.79218,0.79218,0.79217,0.79217
1781671440000,0.79218,0.7922,0.79218,0.79219
1781671500000,0.7922,0.7922,0.79217,0.79218
1781671560000,0.79217,0.79221,0.79217,0.79218
1781671620000,0.79217,0.79217,0.79215,0.79215
1781671680000,0.79216,0.79218,0.79214,0.79218
1781671740000,0.79217,0.79217,0.79211,0.79211
1781671800000,0.79212,0.79213,0.7921,0.79212
1781671860000,0.79214,0.79214,0.79205,0.79205
1781671920000,0.79206,0.79209,0.79206,0.79209
1781671980000,0.79206,0.79208,0.792,0.792
1781672040000,0.79198,0.79199,0.79197,0.79198
1781672100000,0.79198,0.792,0.79197,0.79199
1781672160000,0.79201,0.79202,0.79199,0.79202
1781672220000,0.79202,0.79207,0.79202,0.79206
1781672280000,0.79206,0.79208,0.79204,0.79206
1781672340000,0.79205,0.79205,0.79204,0.79204
1781672400000,0.79205,0.79207,0.79199,0.79205
1781672460000,0.79204,0.79204,0.79196,0.79197
1781672520000,0.79196,0.79197,0.79196,0.79196
1781672580000,0.79196,0.79197,0.79189,0.7919
1781672640000,0.7919,0.79192,0.79187,0.79191
1781672700000,0.79191,0.79194,0.7919,0.79194
1781672760000,0.79195,0.79195,0.79189,0.79189
1781672820000,0.7919,0.7919,0.79186,0.79186
1781672880000,0.79187,0.7919,0.79185,0.79186
1781672940000,0.79186,0.79194,0.79184,0.79194
1781673000000,0.79195,0.79198,0.79195,0.79196
1781673060000,0.79197,0.79197,0.79196,0.79196
1781673120000,0.79198,0.792,0.79198,0.79199
1781673180000,0.79199,0.79199,0.79196,0.79199
1781673240000,0.79198,0.79198,0.79196,0.79196
1781673300000,0.79197,0.79197,0.79192,0.79192
1781673360000,0.79191,0.79192,0.79188,0.79189
1781673420000,0.79189,0.79189,0.79185,0.79186
1781673480000,0.79186,0.79187,0.79184,0.79185
1781673540000,0.79184,0.79186,0.79183,0.79186
1781673600000,0.79183,0.79185,0.79179,0.7918
1781673660000,0.79177,0.79178,0.79175,0.79175
1781673720000,0.79176,0.79183,0.79175,0.79175
1781673780000,0.79174,0.79185,0.79174,0.79185
1781673840000,0.79184,0.79186,0.79183,0.79185
1781673900000,0.79185,0.79195,0.79185,0.79195
1781673960000,0.79195,0.79195,0.79191,0.79191
1781674020000,0.7919,0.79192,0.79188,0.79191
1781674080000,0.7919,0.79192,0.7919,0.79192
1781674140000,0.79191,0.79191,0.79189,0.79189
1781674200000,0.79189,0.79191,0.79185,0.79189
1781674260000,0.79189,0.79191,0.79185,0.79191
1781674320000,0.79188,0.79188,0.79185,0.79187
1781674380000,0.79187,0.79187,0.79181,0.79185
1781674440000,0.79186,0.79186,0.7918,0.79183
1781674500000,0.79183,0.79186,0.79178,0.79184
1781674560000,0.79185,0.79186,0.79184,0.79186
1781674620000,0.79185,0.79186,0.79184,0.79186
1781674680000,0.79186,0.79189,0.79186,0.79187
1781674740000,0.79186,0.7919,0.79184,0.7919
1781674800000,0.79188,0.79195,0.79188,0.79195
1781674860000,0.79195,0.79197,0.79186,0.79186
1781674920000,0.79187,0.79192,0.79187,0.79189
1781674980000,0.79188,0.7919,0.79187,0.79189
1781675040000,0.79187,0.79187,0.79183,0.79185
1781675100000,0.79186,0.79186,0.79183,0.79185
1781675160000,0.79187,0.79189,0.79185,0.79189
1781675220000,0.79188,0.79189,0.79182,0.79184
1781675280000,0.79183,0.79184,0.7918,0.7918
1781675340000,0.7918,0.79184,0.79179,0.7918
1781675400000,0.79182,0.79183,0.79179,0.79182
1781675460000,0.79182,0.79185,0.79182,0.79185
1781675520000,0.79184,0.79185,0.79177,0.79179
1781675580000,0.79179,0.79179,0.79171,0.79175
1781675640000,0.79175,0.79175,0.79174,0.79174
1781675700000,0.79173,0.79191,0.79173,0.79189
1781675760000,0.7919,0.79199,0.79188,0.79196
1781675820000,0.79194,0.79195,0.79188,0.79194
1781675880000,0.79192,0.792,0.79192,0.79198
1781675940000,0.79198,0.79204,0.79197,0.792
1781676000000,0.79197,0.79216,0.79196,0.79215
1781676060000,0.79216,0.79218,0.79208,0.79209
1781676120000,0.79208,0.79208,0.79192,0.79195
1781676180000,0.79198,0.792,0.79195,0.79197
1781676240000,0.79196,0.79196,0.79174,0.79177
1781676300000,0.79175,0.79175,0.79169,0.79171
1781676360000,0.79171,0.79173,0.79156,0.79157
1781676420000,0.79158,0.79158,0.79155,0.79155
1781676480000,0.79155,0.79155,0.79141,0.79146
1781676540000,0.79144,0.79152,0.79141,0.79152
1781676600000,0.79152,0.79156,0.7915,0.79152
1781676660000,0.79151,0.79164,0.79146,0.7915
1781676720000,0.7915,0.79172,0.79148,0.79172
1781676780000,0.79172,0.79179,0.79167,0.79174
1781676840000,0.79172,0.79174,0.79155,0.79155
1781676900000,0.79158,0.79162,0.7915,0.79154
1781676960000,0.79155,0.79172,0.79155,0.79167
1781677020000,0.79167,0.79171,0.79164,0.79171
1781677080000,0.79172,0.7918,0.79168,0.7917
1781677140000,0.79169,0.79171,0.79167,0.79168
1781677200000,0.7917,0.79174,0.79169,0.79174
1781677260000,0.79177,0.79186,0.79176,0.79185
1781677320000,0.79186,0.79191,0.79174,0.79174
1781677380000,0.79175,0.79181,0.79167,0.79181
1781677440000,0.79182,0.7919,0.7918,0.79185
1781677500000,0.79184,0.79201,0.79184,0.79197
1781677560000,0.79198,0.79211,0.79198,0.79201
1781677620000,0.79199,0.79205,0.79192,0.79192
1781677680000,0.79194,0.79215,0.79193,0.79214
1781677740000,0.79213,0.79226,0.79213,0.79223
1781677800000,0.79225,0.79236,0.79217,0.79234
1781677860000,0.79234,0.79235,0.7922,0.79225
1781677920000,0.79224,0.79233,0.79224,0.79232
1781677980000,0.7923,0.7924,0.79227,0.79237
1781678040000,0.79237,0.79238,0.7923,0.7923
1781678100000,0.79231,0.79241,0.79225,0.79229
1781678160000,0.7923,0.79235,0.79226,0.79228
1781678220000,0.79228,0.79229,0.79217,0.79218
1781678280000,0.79219,0.79224,0.79215,0.79215
1781678340000,0.79215,0.79215,0.79205,0.79207
1781678400000,0.7921,0.79212,0.79202,0.79202
1781678460000,0.79204,0.79216,0.79203,0.79214
1781678520000,0.79214,0.79215,0.79205,0.79207
1781678580000,0.79206,0.79211,0.79205,0.79208
1781678640000,0.79207,0.79211,0.792,0.79202
1781678700000,0.79202,0.79208,0.79202,0.79208
1781678760000,0.79206,0.79206,0.79192,0.79196
1781678820000,0.79199,0.79205,0.79197,0.79197
1781678880000,0.79197,0.79199,0.79189,0.79189
1781678940000,0.79189,0.79195,0.79188,0.79189
1781679000000,0.79189,0.79189,0.79175,0.79182
1781679060000,0.79185,0.79185,0.7918,0.79181
1781679120000,0.79182,0.79186,0.7918,0.79185
1781679180000,0.79186,0.79186,0.79174,0.79174
1781679240000,0.79175,0.7918,0.79174,0.79177
1781679300000,0.79177,0.79195,0.79177,0.7919
1781679360000,0.79191,0.79193,0.79183,0.79183
1781679420000,0.79184,0.79186,0.79181,0.79182
1781679480000,0.79182,0.79183,0.79176,0.79176
1781679540000,0.79175,0.79177,0.79168,0.79171
1781679600000,0.79173,0.79187,0.7917,0.79186
1781679660000,0.79186,0.79187,0.79177,0.79183
1781679720000,0.79183,0.79185,0.79173,0.79174
1781679780000,0.79174,0.7918,0.79166,0.79172
1781679840000,0.79173,0.79177,0.79171,0.79173
1781679900000,0.79174,0.79181,0.79172,0.79177
1781679960000,0.79178,0.79179,0.79161,0.79163
1781680020000,0.79164,0.79168,0.79155,0.79155
1781680080000,0.79154,0.79154,0.79135,0.79136
1781680140000,0.79136,0.79142,0.79124,0.79137
1781680200000,0.79136,0.79141,0.79135,0.79141
1781680260000,0.79141,0.79142,0.79129,0.79129
1781680320000,0.7913,0.79132,0.79124,0.79125
1781680380000,0.79126,0.79131,0.79126,0.79129
1781680440000,0.7913,0.79131,0.79118,0.79119
1781680500000,0.79118,0.79121,0.79105,0.79105
1781680560000,0.79106,0.79106,0.79101,0.79105
1781680620000,0.79105,0.79115,0.791,0.79112
1781680680000,0.79111,0.79116,0.79108,0.79116
1781680740000,0.79117,0.79117,0.79105,0.79113
1781680800000,0.79111,0.79119,0.79105,0.79117
1781680860000,0.79118,0.79118,0.79097,0.79101
1781680920000,0.79102,0.79117,0.79101,0.79117
1781680980000,0.79116,0.79119,0.79106,0.79106
1781681040000,0.79106,0.79117,0.79104,0.79113
1781681100000,0.79114,0.79118,0.79108,0.79109
1781681160000,0.7911,0.79124,0.79108,0.79123
1781681220000,0.79122,0.7913,0.79122,0.79128
1781681280000,0.79129,0.79138,0.79128,0.79136
1781681340000,0.79136,0.79137,0.79125,0.79132
1781681400000,0.7913,0.79137,0.79129,0.79131
1781681460000,0.79131,0.79139,0.79129,0.79139
1781681520000,0.7914,0.79147,0.79137,0.79144
1781681580000,0.79143,0.79154,0.79143,0.79145
1781681640000,0.79143,0.79151,0.79142,0.79151
1781681700000,0.79151,0.79152,0.7914,0.79141
1781681760000,0.7914,0.7914,0.79121,0.79122
1781681820000,0.79122,0.79128,0.79119,0.79121
1781681880000,0.79121,0.79126,0.79113,0.79124
1781681940000,0.79124,0.79124,0.79112,0.79117
1781682000000,0.79116,0.7912,0.79103,0.79114
1781682060000,0.79114,0.79122,0.79114,0.79118
1781682120000,0.79117,0.79123,0.79115,0.7912
1781682180000,0.79118,0.79125,0.79115,0.79115
1781682240000,0.79115,0.79133,0.79115,0.79123
1781682300000,0.79121,0.79127,0.79119,0.79125
1781682360000,0.79123,0.79136,0.79123,0.79129
1781682420000,0.7913,0.79131,0.79128,0.7913
1781682480000,0.79131,0.79134,0.79128,0.7913
1781682540000,0.79131,0.79141,0.79131,0.79134
1781682600000,0.79134,0.79136,0.79124,0.79133
1781682660000,0.79131,0.79134,0.79126,0.79127
1781682720000,0.79127,0.79131,0.79122,0.79131
1781682780000,0.79133,0.79134,0.79127,0.79129
1781682840000,0.79129,0.79137,0.79129,0.79135
1781682900000,0.79134,0.79136,0.79131,0.79131
1781682960000,0.79131,0.79132,0.79123,0.79129
1781683020000,0.79129,0.79129,0.79113,0.79118
1781683080000,0.79116,0.79125,0.79114,0.79115
1781683140000,0.79115,0.79116,0.79111,0.79113
1781683200000,0.7911,0.79126,0.7911,0.79121
1781683260000,0.7912,0.79127,0.79112,0.79118
1781683320000,0.79118,0.79118,0.79109,0.7911
1781683380000,0.79109,0.79127,0.79109,0.79127
1781683440000,0.79127,0.79127,0.79115,0.79116
1781683500000,0.79116,0.79116,0.79108,0.79108
1781683560000,0.79112,0.79118,0.7911,0.79117
1781683620000,0.79117,0.79119,0.79108,0.79118
1781683680000,0.79117,0.7912,0.79116,0.79116
1781683740000,0.79116,0.79117,0.79103,0.79103
1781683800000,0.79103,0.79142,0.79103,0.79142
1781683860000,0.79145,0.7915,0.79136,0.79136
1781683920000,0.79137,0.79154,0.79133,0.79153
1781683980000,0.79152,0.79152,0.79133,0.79133
1781684040000,0.79135,0.79139,0.79119,0.79139
1781684100000,0.79139,0.79143,0.79135,0.79143
1781684160000,0.79144,0.79171,0.79144,0.79168
1781684220000,0.79168,0.79169,0.79161,0.79163
1781684280000,0.79162,0.79175,0.79162,0.79173
1781684340000,0.79175,0.79199,0.79175,0.79198
1781684400000,0.79199,0.79203,0.79194,0.79194
1781684460000,0.79194,0.79196,0.79187,0.79188
1781684520000,0.79187,0.79207,0.79187,0.79206
1781684580000,0.79205,0.7921,0.79203,0.79208
1781684640000,0.79206,0.79222,0.79202,0.79222
1781684700000,0.7922,0.7922,0.79211,0.79213
1781684760000,0.79215,0.79218,0.79199,0.79199
1781684820000,0.79199,0.79203,0.79178,0.79178
1781684880000,0.79176,0.7918,0.79173,0.79178
1781684940000,0.79179,0.79188,0.79177,0.79185
1781685000000,0.79186,0.79197,0.79186,0.79197
1781685060000,0.79197,0.79201,0.79189,0.79198
1781685120000,0.79198,0.79198,0.79186,0.7919
1781685180000,0.79191,0.79192,0.79181,0.79187
1781685240000,0.79188,0.79191,0.79183,0.79183
1781685300000,0.79182,0.7919,0.7918,0.7919
1781685360000,0.7919,0.79195,0.79189,0.79194
1781685420000,0.79193,0.79205,0.79193,0.79205
1781685480000,0.79202,0.79204,0.79189,0.79192
1781685540000,0.79192,0.79194,0.79184,0.7919
1781685600000,0.79191,0.792,0.79189,0.79193
1781685660000,0.79193,0.79196,0.79186,0.79186
1781685720000,0.79187,0.79189,0.79181,0.79187
1781685780000,0.79186,0.79195,0.79182,0.79193
1781685840000,0.79194,0.79201,0.79193,0.79195
1781685900000,0.79194,0.79202,0.79189,0.79202
1781685960000,0.79202,0.79202,0.79178,0.79183
1781686020000,0.79184,0.79189,0.79183,0.79186
1781686080000,0.79187,0.7919,0.79185,0.7919
1781686140000,0.79191,0.79198,0.79189,0.79191
1781686200000,0.7919,0.7919,0.79178,0.79183
1781686260000,0.79182,0.79189,0.79182,0.79186
1781686320000,0.79185,0.79186,0.79171,0.79176
1781686380000,0.79176,0.79182,0.79175,0.7918
1781686440000,0.79178,0.79181,0.79175,0.79176
1781686500000,0.79174,0.79193,0.79171,0.79192
1781686560000,0.79193,0.79194,0.79186,0.79186
1781686620000,0.79187,0.79192,0.79187,0.79187
1781686680000,0.79187,0.79193,0.79187,0.79187
1781686740000,0.79187,0.79187,0.79182,0.79186
1781686800000,0.79187,0.79191,0.79183,0.79188
1781686860000,0.79189,0.79192,0.79189,0.7919
1781686920000,0.7919,0.7919,0.7918,0.79182
1781686980000,0.79181,0.79194,0.79178,0.79187
1781687040000,0.79185,0.79185,0.79176,0.79178
1781687100000,0.79178,0.7918,0.79172,0.79175
1781687160000,0.79175,0.79175,0.79171,0.79174
1781687220000,0.79175,0.79175,0.79161,0.79163
1781687280000,0.79163,0.79174,0.79162,0.79174
1781687340000,0.79175,0.79181,0.79175,0.79181
1781687400000,0.79182,0.79186,0.79176,0.79178
1781687460000,0.79177,0.79178,0.79166,0.79168
1781687520000,0.79168,0.79169,0.79157,0.79158
1781687580000,0.7916,0.79169,0.79159,0.79165
1781687640000,0.79164,0.7917,0.79164,0.79167
1781687700000,0.79166,0.79166,0.79162,0.79165
1781687760000,0.79166,0.79169,0.79155,0.79158
1781687820000,0.79159,0.7916,0.79156,0.79156
1781687880000,0.79157,0.79162,0.79157,0.79157
1781687940000,0.79158,0.79158,0.79148,0.79151
1781688000000,0.79152,0.79152,0.79145,0.79151
1781688060000,0.7915,0.79151,0.79144,0.79148
1781688120000,0.79147,0.79154,0.79147,0.79154
1781688180000,0.79155,0.79158,0.79148,0.79148
1781688240000,0.79148,0.79149,0.79134,0.79136
1781688300000,0.79135,0.79135,0.79121,0.79129
1781688360000,0.79128,0.79132,0.79124,0.79126
1781688420000,0.79127,0.79128,0.79123,0.79124
1781688480000,0.79123,0.79135,0.79123,0.79132
1781688540000,0.79133,0.79141,0.79131,0.79138
1781688600000,0.79137,0.79139,0.79132,0.79138
1781688660000,0.79138,0.79143,0.7913,0.79132
1781688720000,0.79131,0.7914,0.7913,0.79136
1781688780000,0.79137,0.79147,0.79137,0.79142
1781688840000,0.79141,0.79142,0.79133,0.79133
1781688900000,0.79133,0.79138,0.7913,0.79136
1781688960000,0.79135,0.79135,0.79128,0.79131
1781689020000,0.79131,0.79135,0.7913,0.79133
1781689080000,0.79134,0.7914,0.79132,0.7914
1781689140000,0.79138,0.79139,0.79132,0.79134
1781689200000,0.79134,0.79137,0.79132,0.79132
1781689260000,0.79133,0.79136,0.79131,0.79131
1781689320000,0.7913,0.79145,0.7913,0.79143
1781689380000,0.79144,0.79152,0.79144,0.79152
1781689440000,0.79151,0.79153,0.79145,0.79153
1781689500000,0.79154,0.79164,0.79154,0.79158
1781689560000,0.79158,0.79159,0.79155,0.79157
1781689620000,0.79157,0.79157,0.79153,0.79153
1781689680000,0.79153,0.79153,0.79147,0.79147
1781689740000,0.79142,0.79146,0.7914,0.79142
1781689800000,0.79142,0.79147,0.79142,0.79145
1781689860000,0.79143,0.79143,0.79139,0.79141
1781689920000,0.79141,0.79143,0.79139,0.79142
1781689980000,0.79142,0.79149,0.79142,0.79144
1781690040000,0.79145,0.79147,0.79142,0.79146
1781690100000,0.79147,0.79155,0.79142,0.79155
1781690160000,0.79156,0.79156,0.79145,0.79146
1781690220000,0.79146,0.79148,0.7914,0.79142
1781690280000,0.79141,0.79142,0.79137,0.79141
1781690340000,0.7914,0.79148,0.79137,0.79147
1781690400000,0.79148,0.79165,0.79148,0.79154
1781690460000,0.79155,0.79157,0.79151,0.79157
1781690520000,0.79155,0.79157,0.79147,0.7915
1781690580000,0.79148,0.79148,0.79144,0.79144
1781690640000,0.79144,0.79156,0.79143,0.79152
1781690700000,0.79152,0.79152,0.7915,0.7915
1781690760000,0.7915,0.79151,0.79147,0.79148
1781690820000,0.79147,0.79163,0.79147,0.79161
1781690880000,0.79158,0.79166,0.79158,0.79163
1781690940000,0.79164,0.79164,0.79157,0.79161
1781691000000,0.79161,0.79165,0.79157,0.79162
1781691060000,0.79162,0.79171,0.79159,0.79171
1781691120000,0.7917,0.79172,0.79163,0.79172
1781691180000,0.79172,0.79176,0.79169,0.79176
1781691240000,0.79176,0.79176,0.7916,0.79164
1781691300000,0.79164,0.79179,0.79164,0.79178
1781691360000,0.7918,0.79183,0.79175,0.79182
1781691420000,0.79182,0.79187,0.79178,0.79186
1781691480000,0.79186,0.79188,0.79184,0.79187
1781691540000,0.79188,0.79194,0.79187,0.79193
1781691600000,0.79193,0.79202,0.79192,0.79197
1781691660000,0.79198,0.79203,0.79198,0.79203
1781691720000,0.79202,0.79211,0.79201,0.79211
1781691780000,0.7921,0.7921,0.792,0.792
1781691840000,0.79201,0.79202,0.79193,0.792
1781691900000,0.79201,0.79205,0.792,0.79202
1781691960000,0.79205,0.79209,0.79202,0.79207
1781692020000,0.79207,0.79208,0.792,0.792
1781692080000,0.792,0.79203,0.79197,0.79202
1781692140000,0.79202,0.79217,0.79202,0.79212
1781692200000,0.79213,0.79214,0.79208,0.79209
1781692260000,0.79209,0.79214,0.79203,0.79206
1781692320000,0.79205,0.79208,0.79202,0.79207
1781692380000,0.79207,0.79212,0.792,0.79209
1781692440000,0.79209,0.79212,0.79208,0.79209
1781692500000,0.79209,0.79212,0.79201,0.79205
1781692560000,0.79204,0.79205,0.79197,0.79198
1781692620000,0.79198,0.79208,0.79198,0.79202
1781692680000,0.79203,0.79208,0.79202,0.79206
1781692740000,0.79205,0.79205,0.79194,0.79197
1781692800000,0.79197,0.79207,0.79197,0.79206
1781692860000,0.79206,0.79212,0.79206,0.79208
1781692920000,0.79207,0.7921,0.79205,0.7921
1781692980000,0.7921,0.79213,0.7921,0.79213
1781693040000,0.79212,0.79213,0.79203,0.79204
1781693100000,0.79204,0.79204,0.7919,0.79191
1781693160000,0.79196,0.79206,0.79195,0.79202
1781693220000,0.79202,0.79205,0.79198,0.79201
1781693280000,0.79201,0.79203,0.792,0.79202
1781693340000,0.79202,0.79208,0.79202,0.79205
1781693400000,0.79205,0.79205,0.79194,0.79195
1781693460000,0.79195,0.79202,0.79194,0.79202
1781693520000,0.79203,0.79213,0.79202,0.79212
1781693580000,0.79211,0.79226,0.79211,0.79224
1781693640000,0.79225,0.79247,0.79219,0.79236
1781693700000,0.79236,0.79238,0.79233,0.79234
1781693760000,0.79236,0.79236,0.79226,0.79227
1781693820000,0.79226,0.7923,0.79225,0.79225
1781693880000,0.79226,0.79228,0.79223,0.79226
1781693940000,0.79225,0.79226,0.79221,0.79223
1781694000000,0.79224,0.79226,0.79217,0.79221
1781694060000,0.79221,0.79225,0.79216,0.79225
1781694120000,0.79226,0.7923,0.79225,0.79227
1781694180000,0.79227,0.79227,0.79222,0.79223
1781694240000,0.79224,0.79228,0.79223,0.79225
1781694300000,0.79227,0.79236,0.79227,0.79232
1781694360000,0.79232,0.79234,0.79226,0.79226
1781694420000,0.79226,0.7923,0.79224,0.79226
1781694480000,0.79228,0.79243,0.79228,0.79243
1781694540000,0.79242,0.7925,0.7924,0.7925
1781694600000,0.79249,0.79251,0.79244,0.79246
1781694660000,0.79246,0.7926,0.79246,0.79257
1781694720000,0.79259,0.79267,0.79258,0.79264
1781694780000,0.79263,0.79275,0.7926,0.79274
1781694840000,0.79273,0.79273,0.79262,0.79266
1781694900000,0.79267,0.79268,0.79256,0.79263
1781694960000,0.79262,0.79262,0.7924,0.7924
1781695020000,0.79241,0.79255,0.79241,0.79252
1781695080000,0.79252,0.7926,0.79251,0.7926
1781695140000,0.79259,0.79264,0.79258,0.79264
1781695200000,0.79265,0.79271,0.79265,0.79271
1781695260000,0.7927,0.79271,0.79265,0.79267
1781695320000,0.79267,0.79277,0.79267,0.79276
1781695380000,0.79277,0.79283,0.79271,0.79283
1781695440000,0.79283,0.79289,0.79282,0.79288
1781695500000,0.79289,0.79291,0.7928,0.79281
1781695560000,0.79282,0.79284,0.79276,0.79281
1781695620000,0.79282,0.79289,0.79281,0.79289
1781695680000,0.79288,0.79288,0.79283,0.79287
1781695740000,0.79287,0.79292,0.79286,0.79288
1781695800000,0.79289,0.79292,0.79286,0.79289
1781695860000,0.7929,0.79306,0.79289,0.79298
1781695920000,0.793,0.79305,0.79298,0.79298
1781695980000,0.79299,0.7931,0.79298,0.7931
1781696040000,0.79309,0.79314,0.79307,0.79311
1781696100000,0.79311,0.79311,0.79295,0.79299
1781696160000,0.79303,0.79303,0.79292,0.79302
1781696220000,0.79301,0.79302,0.79298,0.79301
1781696280000,0.79301,0.79306,0.793,0.79301
1781696340000,0.79303,0.79308,0.79299,0.79299
1781696400000,0.79299,0.79315,0.79296,0.79315
1781696460000,0.79315,0.79319,0.79312,0.79319
1781696520000,0.79319,0.79331,0.79317,0.7933
1781696580000,0.79331,0.79333,0.79317,0.79318
1781696640000,0.79319,0.7932,0.79313,0.79317
1781696700000,0.79319,0.7932,0.79305,0.79305
1781696760000,0.79307,0.79307,0.79297,0.79303
1781696820000,0.79303,0.79304,0.793,0.79304
1781696880000,0.79302,0.79309,0.79301,0.79305
1781696940000,0.79305,0.79305,0.79299,0.793
1781697000000,0.79301,0.7931,0.79301,0.79308
1781697060000,0.79309,0.79314,0.79308,0.79314
1781697120000,0.79313,0.79314,0.79299,0.793
1781697180000,0.79301,0.79301,0.79293,0.79294
1781697240000,0.79295,0.79295,0.79287,0.79289
1781697300000,0.79292,0.79297,0.79289,0.79297
1781697360000,0.79297,0.79313,0.79297,0.79312
1781697420000,0.79313,0.79314,0.79304,0.79309
1781697480000,0.79308,0.79308,0.79299,0.79299
1781697540000,0.793,0.793,0.79287,0.79287
1781697600000,0.79285,0.79293,0.79275,0.79275
1781697660000,0.79277,0.79278,0.79269,0.79271
1781697720000,0.79271,0.79276,0.79268,0.79271
1781697780000,0.79271,0.79271,0.79266,0.79271
1781697840000,0.79271,0.79283,0.7927,0.79283
1781697900000,0.79282,0.79286,0.7928,0.79284
1781697960000,0.79285,0.79285,0.79278,0.7928
1781698020000,0.79279,0.7929,0.79278,0.79289
1781698080000,0.79289,0.79295,0.79288,0.79293
1781698140000,0.79294,0.79303,0.79292,0.79301
1781698200000,0.79302,0.79302,0.79297,0.79298
1781698260000,0.793,0.79303,0.79296,0.79298
1781698320000,0.79299,0.79303,0.79296,0.79296
1781698380000,0.79296,0.79296,0.79289,0.79295
1781698440000,0.79294,0.79301,0.79294,0.79297
1781698500000,0.79297,0.79299,0.79295,0.79298
1781698560000,0.79297,0.79305,0.79297,0.793
1781698620000,0.79299,0.79299,0.79285,0.79288
1781698680000,0.79288,0.79288,0.79281,0.79282
1781698740000,0.79281,0.79283,0.79279,0.79279
1781698800000,0.79279,0.7928,0.7927,0.7927
1781698860000,0.7927,0.79287,0.79269,0.79287
1781698920000,0.79287,0.7929,0.79284,0.79285
1781698980000,0.79285,0.79287,0.79264,0.79264
1781699040000,0.79263,0.79266,0.79261,0.79262
1781699100000,0.7926,0.79263,0.79257,0.79257
1781699160000,0.79258,0.79259,0.79253,0.79253
1781699220000,0.79255,0.79261,0.79253,0.79261
1781699280000,0.79262,0.79262,0.79255,0.79255
1781699340000,0.79255,0.79266,0.79252,0.79256
1781699400000,0.79256,0.79288,0.79254,0.79285
1781699460000,0.79286,0.79288,0.79271,0.7928
1781699520000,0.79281,0.79287,0.79279,0.79279
1781699580000,0.7928,0.79285,0.79275,0.79277
1781699640000,0.79276,0.79278,0.79262,0.79262
1781699700000,0.7926,0.79263,0.79257,0.7926
1781699760000,0.79259,0.79261,0.79253,0.79256
1781699820000,0.79256,0.79258,0.79246,0.79251
1781699880000,0.79251,0.79251,0.79235,0.7925
1781699940000,0.7925,0.7925,0.7924,0.79246
1781700000000,0.79246,0.79256,0.79246,0.79253
1781700060000,0.79254,0.7926,0.79242,0.79248
1781700120000,0.79247,0.79258,0.79247,0.79252
1781700180000,0.7925,0.79255,0.79247,0.79251
1781700240000,0.79251,0.79253,0.79247,0.79251
1781700300000,0.79253,0.79253,0.79245,0.79251
1781700360000,0.7925,0.7925,0.79242,0.79243
1781700420000,0.79244,0.79256,0.79244,0.79251
1781700480000,0.7925,0.79258,0.79247,0.79247
1781700540000,0.79246,0.79252,0.79244,0.79251
1781700600000,0.79251,0.79252,0.79237,0.79237
1781700660000,0.79238,0.79241,0.79236,0.79237
1781700720000,0.79239,0.79241,0.79232,0.79233
1781700780000,0.79236,0.79238,0.79231,0.79232
1781700840000,0.79232,0.7924,0.79226,0.79238
1781700900000,0.79238,0.79247,0.79235,0.79243
1781700960000,0.79243,0.79252,0.79237,0.79252
1781701020000,0.79252,0.79253,0.79243,0.79243
1781701080000,0.79244,0.79244,0.79232,0.79234
1781701140000,0.79233,0.79237,0.79232,0.79232
1781701200000,0.79233,0.79243,0.7923,0.79239
1781701260000,0.79238,0.79241,0.79234,0.79235
1781701320000,0.79234,0.79241,0.79232,0.79237
1781701380000,0.79239,0.79254,0.79236,0.79254
1781701440000,0.79255,0.79271,0.79253,0.79271
1781701500000,0.79271,0.79271,0.79258,0.79262
1781701560000,0.79262,0.79264,0.79261,0.79264
1781701620000,0.79265,0.79267,0.79251,0.79254
1781701680000,0.79255,0.7926,0.79251,0.79253
1781701740000,0.79254,0.79256,0.79247,0.79253
1781701800000,0.79252,0.79258,0.79252,0.79254
1781701860000,0.79256,0.79264,0.79256,0.79261
1781701920000,0.79262,0.79264,0.79259,0.79262
1781701980000,0.79263,0.79263,0.79251,0.79251
1781702040000,0.79252,0.79257,0.79252,0.79255
1781702100000,0.79256,0.79262,0.79253,0.79262
1781702160000,0.79262,0.79266,0.79256,0.79264
1781702220000,0.79264,0.79264,0.79256,0.79258
1781702280000,0.79258,0.7926,0.79252,0.79257
1781702340000,0.79258,0.79262,0.79254,0.79254
1781702400000,0.79254,0.79262,0.79253,0.79261
1781702460000,0.79259,0.79263,0.79255,0.79263
1781702520000,0.79264,0.79264,0.79249,0.7925
1781702580000,0.79249,0.79258,0.79247,0.79255
1781702640000,0.79257,0.79258,0.79253,0.79256
1781702700000,0.79254,0.79262,0.79253,0.7926
1781702760000,0.79258,0.79272,0.79258,0.7927
1781702820000,0.79272,0.79279,0.79272,0.79279
1781702880000,0.7928,0.79288,0.7928,0.79288
1781702940000,0.79286,0.79288,0.79279,0.79288
1781703000000,0.79287,0.79294,0.79281,0.79286
1781703060000,0.79288,0.79291,0.79284,0.79284
1781703120000,0.79284,0.79292,0.79284,0.79292
1781703180000,0.79293,0.79293,0.79281,0.79281
1781703240000,0.79282,0.79291,0.79279,0.79289
1781703300000,0.7929,0.79297,0.79281,0.79282
1781703360000,0.79281,0.79281,0.79271,0.79273
1781703420000,0.79271,0.79275,0.79265,0.79271
1781703480000,0.79271,0.79284,0.79264,0.79271
1781703540000,0.7927,0.79271,0.79261,0.79264
1781703600000,0.79267,0.79267,0.79257,0.79262
1781703660000,0.79263,0.79265,0.79247,0.79253
1781703720000,0.79254,0.7927,0.79254,0.79266
1781703780000,0.79266,0.79269,0.79252,0.79252
1781703840000,0.79253,0.79264,0.79253,0.79256
1781703900000,0.79258,0.79261,0.79253,0.79256
1781703960000,0.79255,0.79263,0.79249,0.79257
1781704020000,0.79256,0.79263,0.79254,0.79255
1781704080000,0.79256,0.79257,0.79238,0.79238
1781704140000,0.79238,0.79238,0.79229,0.79232
1781704200000,0.79233,0.7924,0.79217,0.79226
1781704260000,0.79226,0.79233,0.79225,0.79232
1781704320000,0.79231,0.79248,0.79231,0.79247
1781704380000,0.79247,0.79258,0.79245,0.7925
1781704440000,0.79251,0.79261,0.7924,0.79257
1781704500000,0.79256,0.7926,0.79247,0.79247
1781704560000,0.79248,0.79264,0.79247,0.79262
1781704620000,0.79261,0.79267,0.79259,0.79264
1781704680000,0.79264,0.79264,0.7925,0.79251
1781704740000,0.7925,0.79251,0.79242,0.79251
1781704800000,0.79252,0.79261,0.79249,0.79258
1781704860000,0.79258,0.79264,0.79248,0.79259
1781704920000,0.79257,0.7927,0.79255,0.79269
1781704980000,0.7927,0.79277,0.79266,0.7927
1781705040000,0.7927,0.79278,0.79265,0.7927
1781705100000,0.79271,0.79272,0.79257,0.79263
1781705160000,0.79266,0.79269,0.79259,0.79262
1781705220000,0.79263,0.79266,0.79253,0.79254
1781705280000,0.79255,0.79266,0.79255,0.79266
1781705340000,0.79266,0.79276,0.79265,0.79276
1781705400000,0.79276,0.79278,0.79268,0.79277
1781705460000,0.79278,0.79282,0.79276,0.7928
1781705520000,0.79282,0.79286,0.79277,0.79279
1781705580000,0.79279,0.79292,0.79278,0.79289
1781705640000,0.79288,0.79294,0.79287,0.7929
1781705700000,0.79291,0.79304,0.79291,0.79299
1781705760000,0.79297,0.79301,0.79286,0.79301
1781705820000,0.79302,0.79313,0.79301,0.79312
1781705880000,0.79313,0.79318,0.79309,0.7931
1781705940000,0.79309,0.79313,0.79298,0.79304
1781706000000,0.79302,0.79307,0.79299,0.79307
1781706060000,0.79308,0.79324,0.79308,0.79322
1781706120000,0.79322,0.79326,0.7932,0.79324
1781706180000,0.79325,0.79334,0.79322,0.79325
1781706240000,0.79324,0.79324,0.79307,0.79313
1781706300000,0.79313,0.79313,0.79294,0.79299
1781706360000,0.79298,0.793,0.79289,0.79296
1781706420000,0.79297,0.79306,0.79297,0.79301
1781706480000,0.793,0.79306,0.79291,0.79304
1781706540000,0.79302,0.79308,0.793,0.79307
1781706600000,0.79308,0.79308,0.79281,0.79284
1781706660000,0.79284,0.79294,0.79281,0.79294
1781706720000,0.79292,0.79295,0.79287,0.79293
1781706780000,0.79293,0.793,0.79291,0.793
1781706840000,0.79299,0.79303,0.79294,0.79295
1781706900000,0.79294,0.79304,0.79293,0.793
1781706960000,0.79302,0.7931,0.79302,0.79306
1781707020000,0.79306,0.79314,0.79303,0.79304
1781707080000,0.79306,0.79317,0.79304,0.79317
1781707140000,0.79316,0.79316,0.79301,0.79301
1781707200000,0.79302,0.7931,0.79301,0.7931
1781707260000,0.79308,0.79325,0.79308,0.79325
1781707320000,0.79324,0.79324,0.79305,0.79306
1781707380000,0.79305,0.79309,0.79296,0.79298
1781707440000,0.79298,0.79306,0.79298,0.79301
1781707500000,0.79302,0.79304,0.79293,0.79296
1781707560000,0.79296,0.79305,0.79296,0.79305
1781707620000,0.79305,0.79394,0.79298,0.79369
1781707680000,0.79369,0.79369,0.793,0.793
1781707740000,0.79301,0.79319,0.79301,0.79307
1781707800000,0.79305,0.79313,0.79298,0.793
1781707860000,0.793,0.79303,0.79294,0.793
1781707920000,0.79301,0.79301,0.79276,0.79279
1781707980000,0.7928,0.79301,0.79277,0.79299
1781708040000,0.79301,0.79317,0.79297,0.79315
1781708100000,0.79312,0.79312,0.79303,0.79307
1781708160000,0.79307,0.79313,0.79298,0.79309
1781708220000,0.79309,0.79326,0.793,0.79309
1781708280000,0.79309,0.79318,0.79303,0.79318
1781708340000,0.79318,0.79319,0.79302,0.79305
1781708400000,0.79307,0.79321,0.79307,0.79317
1781708460000,0.79316,0.7932,0.79308,0.79318
1781708520000,0.79318,0.7933,0.79313,0.7933
1781708580000,0.7933,0.79333,0.79308,0.79309
1781708640000,0.79308,0.7931,0.79302,0.79308
1781708700000,0.79307,0.79329,0.79306,0.79322
1781708760000,0.7932,0.79321,0.7931,0.79321
1781708820000,0.79322,0.7933,0.79321,0.79321
1781708880000,0.79319,0.79319,0.79312,0.79314
1781708940000,0.79317,0.79332,0.79314,0.79332
1781709000000,0.79331,0.79336,0.79328,0.79332
1781709060000,0.79334,0.7934,0.7933,0.79335
1781709120000,0.79333,0.7934,0.7933,0.7933
1781709180000,0.79332,0.79338,0.7933,0.79335
1781709240000,0.79333,0.79334,0.79329,0.7933
1781709300000,0.79331,0.79336,0.79313,0.79313
1781709360000,0.79313,0.79316,0.79304,0.79308
1781709420000,0.7931,0.79321,0.7931,0.79317
1781709480000,0.79317,0.79317,0.79301,0.79302
1781709540000,0.79303,0.79307,0.79296,0.79296
1781709600000,0.79295,0.79303,0.79291,0.79299
1781709660000,0.79298,0.79309,0.79295,0.79309
1781709720000,0.79309,0.79316,0.79305,0.79309
1781709780000,0.7931,0.79311,0.79305,0.79308
1781709840000,0.79309,0.79316,0.79307,0.79316
1781709900000,0.79317,0.79318,0.7931,0.79317
1781709960000,0.79318,0.79323,0.79315,0.79323
1781710020000,0.79322,0.79323,0.79305,0.79306
1781710080000,0.79306,0.79312,0.79306,0.79307
1781710140000,0.79306,0.79312,0.79303,0.7931
1781710200000,0.79311,0.79321,0.79311,0.79314
1781710260000,0.79313,0.79318,0.7931,0.79315
1781710320000,0.79315,0.79315,0.79302,0.79308
1781710380000,0.79309,0.7931,0.79303,0.79309
1781710440000,0.79308,0.79312,0.79304,0.79308
1781710500000,0.79309,0.79312,0.79304,0.79308
1781710560000,0.79307,0.79312,0.79305,0.79311
1781710620000,0.79313,0.79318,0.7931,0.79318
1781710680000,0.79316,0.79317,0.7931,0.79315
1781710740000,0.79314,0.79316,0.79311,0.79316
1781710800000,0.79316,0.79332,0.79316,0.79327
1781710860000,0.79326,0.79327,0.79318,0.79318
1781710920000,0.79317,0.79317,0.79305,0.79311
1781710980000,0.7931,0.79313,0.7931,0.79313
1781711040000,0.79315,0.79317,0.79311,0.79317
1781711100000,0.79316,0.79317,0.79312,0.79315
1781711160000,0.79315,0.79319,0.79311,0.79319
1781711220000,0.7932,0.7932,0.7931,0.7931
1781711280000,0.79311,0.79313,0.79307,0.79311
1781711340000,0.79312,0.79313,0.7931,0.79313
1781711400000,0.79313,0.79328,0.79313,0.79328
1781711460000,0.79329,0.79334,0.79327,0.79334
1781711520000,0.79334,0.79337,0.79329,0.7933
1781711580000,0.7933,0.79331,0.79323,0.79325
1781711640000,0.79326,0.79331,0.79325,0.7933
1781711700000,0.79329,0.79329,0.79311,0.79311
1781711760000,0.79312,0.79316,0.793,0.793
1781711820000,0.79299,0.79306,0.79294,0.793
1781711880000,0.79301,0.79302,0.79283,0.79287
1781711940000,0.79288,0.79299,0.79288,0.79297
1781712000000,0.79296,0.79299,0.7929,0.79297
1781712060000,0.79297,0.79305,0.79297,0.79304
1781712120000,0.79304,0.79312,0.79294,0.79312
1781712180000,0.79313,0.79317,0.7931,0.79315
1781712240000,0.79316,0.79317,0.79311,0.79314
1781712300000,0.79314,0.79319,0.79313,0.79315
1781712360000,0.79313,0.79319,0.79303,0.79306
1781712420000,0.79304,0.79306,0.793,0.79306
1781712480000,0.79305,0.79312,0.79304,0.7931
1781712540000,0.79311,0.79311,0.79304,0.79307
1781712600000,0.79307,0.79316,0.79307,0.79311
1781712660000,0.79309,0.79317,0.79308,0.79313
1781712720000,0.79313,0.79322,0.79312,0.79322
1781712780000,0.79323,0.79331,0.7932,0.79331
1781712840000,0.79331,0.79335,0.7933,0.79331
1781712900000,0.79331,0.79332,0.79329,0.79332
1781712960000,0.79331,0.79341,0.79331,0.79337
1781713020000,0.79337,0.79339,0.79336,0.79338
1781713080000,0.79338,0.79338,0.79331,0.79334
1781713140000,0.79334,0.79337,0.7933,0.79332
1781713200000,0.7933,0.7933,0.79324,0.79327
1781713260000,0.79326,0.7933,0.79326,0.79329
1781713320000,0.79329,0.79334,0.79326,0.7933
1781713380000,0.79331,0.79332,0.79327,0.79327
1781713440000,0.79324,0.79324,0.79316,0.79317
1781713500000,0.79319,0.79323,0.79316,0.7932
1781713560000,0.79319,0.79325,0.79316,0.79323
1781713620000,0.79324,0.79333,0.79323,0.79325
1781713680000,0.79326,0.79328,0.79323,0.79326
1781713740000,0.79327,0.79327,0.79318,0.79318
1781713800000,0.79319,0.79325,0.79318,0.79324
1781713860000,0.79324,0.79331,0.79322,0.79328
1781713920000,0.79328,0.79333,0.79326,0.79333
1781713980000,0.79335,0.79338,0.79332,0.79336
1781714040000,0.79336,0.79336,0.7933,0.79334
1781714100000,0.79333,0.79335,0.7933,0.79335
1781714160000,0.79335,0.7934,0.79332,0.79339
1781714220000,0.79339,0.79339,0.79336,0.79336
1781714280000,0.79336,0.79338,0.7933,0.7933
1781714340000,0.7933,0.79333,0.79327,0.79333
1781714400000,0.79332,0.79333,0.7933,0.79331
1781714460000,0.79333,0.79335,0.79331,0.79334
1781714520000,0.79335,0.79341,0.79333,0.79341
1781714580000,0.7934,0.79344,0.79337,0.79338
1781714640000,0.79338,0.79338,0.79333,0.79333
1781714700000,0.79333,0.79336,0.79333,0.79334
1781714760000,0.79332,0.79334,0.79331,0.79334
1781714820000,0.79333,0.79333,0.79327,0.79327
1781714880000,0.79325,0.7933,0.79322,0.7933
1781714940000,0.79328,0.79328,0.79318,0.79322
1781715000000,0.79322,0.79324,0.7932,0.7932
1781715060000,0.79318,0.79318,0.79316,0.79318
1781715120000,0.79318,0.79319,0.79317,0.79318
1781715180000,0.79318,0.7933,0.79318,0.79329
1781715240000,0.79328,0.79336,0.79328,0.79335
1781715300000,0.79336,0.79336,0.79311,0.79316
1781715360000,0.79317,0.7932,0.79315,0.79319
1781715420000,0.79321,0.79326,0.79319,0.79324
1781715480000,0.79323,0.79326,0.79323,0.79324
1781715540000,0.79325,0.79325,0.79319,0.79322
1781715600000,0.79322,0.79331,0.79322,0.79327
1781715660000,0.79325,0.79328,0.79323,0.79328
1781715720000,0.79328,0.7933,0.79317,0.7932
1781715780000,0.79322,0.79322,0.79316,0.79321
1781715840000,0.79321,0.79321,0.79313,0.79315
1781715900000,0.79316,0.79319,0.79313,0.79319
1781715960000,0.79317,0.79327,0.79314,0.79327
1781716020000,0.79327,0.79332,0.79327,0.7933
1781716080000,0.79331,0.79353,0.79324,0.79331
1781716140000,0.79332,0.79338,0.79331,0.79333
1781716200000,0.79332,0.79337,0.79327,0.79333
1781716260000,0.79334,0.79338,0.79329,0.79334
1781716320000,0.79334,0.79336,0.79329,0.7933
1781716380000,0.7933,0.7933,0.79325,0.79326
1781716440000,0.79326,0.79328,0.79323,0.79328
1781716500000,0.79327,0.7933,0.79325,0.7933
1781716560000,0.7933,0.7933,0.79322,0.79329
1781716620000,0.7933,0.79331,0.79326,0.79328
1781716680000,0.79329,0.79335,0.79329,0.79332
1781716740000,0.79332,0.79333,0.79321,0.79326
1781716800000,0.79327,0.79331,0.79326,0.7933
1781716860000,0.79329,0.7933,0.79324,0.79326
1781716920000,0.79327,0.79329,0.79326,0.79328
1781716980000,0.79329,0.7933,0.79328,0.79328
1781717040000,0.79327,0.79327,0.7932,0.7932
1781717100000,0.7932,0.7932,0.79318,0.7932
1781717160000,0.79321,0.79323,0.79317,0.79317
1781717220000,0.79319,0.79322,0.79319,0.79321
1781717280000,0.7932,0.79323,0.79319,0.7932
1781717340000,0.7932,0.7932,0.79314,0.79319
1781717400000,0.79321,0.79323,0.7932,0.7932
1781717460000,0.7932,0.7932,0.79312,0.79314
1781717520000,0.79316,0.79317,0.79315,0.79315
1781717580000,0.79317,0.79321,0.79309,0.7931
1781717640000,0.79311,0.7932,0.79311,0.79316
1781717700000,0.79315,0.79321,0.79315,0.79321
1781717760000,0.79321,0.79323,0.7932,0.7932
1781717820000,0.79321,0.79323,0.79316,0.79323
1781717880000,0.79322,0.79323,0.79316,0.79316
1781717940000,0.79316,0.79318,0.79315,0.79317
1781718000000,0.79316,0.79317,0.79311,0.79314
1781718060000,0.79315,0.79316,0.79314,0.79316
1781718120000,0.79316,0.79316,0.79305,0.79305
1781718180000,0.79303,0.79305,0.79298,0.79302
1781718240000,0.79302,0.79304,0.793,0.793
1781718300000,0.79299,0.79299,0.79291,0.79293
1781718360000,0.79292,0.79298,0.79289,0.79291
1781718420000,0.79292,0.79299,0.79288,0.79296
1781718480000,0.79296,0.79296,0.79291,0.79291
1781718540000,0.7929,0.7929,0.79286,0.79289
1781718600000,0.79288,0.79292,0.79283,0.79283
1781718660000,0.79282,0.79282,0.79279,0.79282
1781718720000,0.79281,0.79281,0.79271,0.79274
1781718780000,0.79272,0.79273,0.79268,0.79269
1781718840000,0.7927,0.7927,0.79259,0.79265
1781718900000,0.79264,0.79268,0.79257,0.79268
1781718960000,0.79267,0.79269,0.79265,0.79265
1781719020000,0.79266,0.79275,0.79261,0.79264
1781719080000,0.79264,0.79268,0.79263,0.79263
1781719140000,0.79262,0.79264,0.79243,0.79243
1781719200000,0.79243,0.79642,0.79239,0.79621
1781719260000,0.79622,0.79667,0.79494,0.79494
1781719320000,0.79494,0.79576,0.79489,0.79559
1781719380000,0.7956,0.79578,0.79505,0.79528
1781719440000,0.79528,0.79596,0.79524,0.79591
1781719500000,0.79591,0.79648,0.79587,0.7962
1781719560000,0.79621,0.79626,0.79597,0.79616
1781719620000,0.79614,0.79632,0.79584,0.79623
1781719680000,0.79625,0.79672,0.79616,0.79657
1781719740000,0.79657,0.7967,0.79632,0.79661
1781719800000,0.79664,0.79674,0.79649,0.79673
1781719860000,0.79672,0.79677,0.79647,0.79661
1781719920000,0.79663,0.7967,0.79637,0.7964
1781719980000,0.79643,0.79678,0.79643,0.79675
1781720040000,0.79674,0.79687,0.79648,0.79666
1781720100000,0.79665,0.79669,0.79639,0.79642
1781720160000,0.79645,0.79665,0.79631,0.7964
1781720220000,0.7964,0.79645,0.79622,0.7963
1781720280000,0.79633,0.79635,0.79595,0.79615
1781720340000,0.79616,0.79618,0.79587,0.79601
1781720400000,0.79601,0.79607,0.79587,0.79606
1781720460000,0.79607,0.79613,0.79573,0.79574
1781720520000,0.79574,0.79602,0.79566,0.79597
1781720580000,0.79597,0.79597,0.79573,0.79578
1781720640000,0.79579,0.79599,0.79576,0.79593
1781720700000,0.79599,0.79652,0.79598,0.79645
1781720760000,0.79646,0.79649,0.79629,0.7964
1781720820000,0.79639,0.79662,0.79638,0.79641
1781720880000,0.79643,0.79652,0.79641,0.79643
1781720940000,0.79642,0.79653,0.7963,0.7963
1781721000000,0.79632,0.79662,0.79628,0.79661
1781721060000,0.7966,0.79661,0.79576,0.79577
1781721120000,0.79576,0.79687,0.79504,0.79589
1781721180000,0.79592,0.79717,0.79592,0.79705
1781721240000,0.79705,0.79748,0.79677,0.79745
1781721300000,0.79742,0.79745,0.79671,0.79676
1781721360000,0.79678,0.79688,0.7965,0.79656
1781721420000,0.79658,0.79662,0.79611,0.79642
1781721480000,0.79643,0.79649,0.79582,0.79583
1781721540000,0.79583,0.7959,0.79523,0.79576
1781721600000,0.79575,0.79589,0.7955,0.79574
1781721660000,0.79579,0.79626,0.79548,0.79567
1781721720000,0.79568,0.79621,0.79563,0.79572
1781721780000,0.79573,0.79601,0.79512,0.79523
1781721840000,0.79525,0.79531,0.79474,0.79507
1781721900000,0.79508,0.79542,0.79508,0.79538
1781721960000,0.79538,0.79568,0.79512,0.79568
1781722020000,0.79567,0.7958,0.79516,0.79522
1781722080000,0.79523,0.79571,0.79523,0.79537
1781722140000,0.79536,0.79549,0.79521,0.79538
1781722200000,0.79538,0.79584,0.79538,0.79579
1781722260000,0.79579,0.79589,0.7956,0.79583
1781722320000,0.79583,0.79595,0.79524,0.79567
1781722380000,0.79568,0.79612,0.79566,0.7961
1781722440000,0.79609,0.7963,0.79598,0.79627
1781722500000,0.79628,0.79689,0.79627,0.79674
1781722560000,0.79674,0.79683,0.7966,0.79683
1781722620000,0.79683,0.79713,0.7967,0.79713
1781722680000,0.79714,0.79734,0.79706,0.79733
1781722740000,0.79734,0.79734,0.79703,0.79714
1781722800000,0.79717,0.79724,0.79691,0.79692
1781722860000,0.79691,0.79734,0.7969,0.79731
1781722920000,0.79732,0.79798,0.79713,0.79795
1781722980000,0.79791,0.79815,0.79775,0.79789
1781723040000,0.79789,0.79853,0.79785,0.79853
1781723100000,0.79854,0.79869,0.79837,0.79839
1781723160000,0.79839,0.79865,0.79815,0.79862
1781723220000,0.79861,0.79883,0.79849,0.7988
1781723280000,0.79882,0.79887,0.79838,0.79868
1781723340000,0.79867,0.79883,0.79854,0.79881
1781723400000,0.79881,0.79909,0.79881,0.79907
1781723460000,0.79913,0.79933,0.79903,0.79933
1781723520000,0.79926,0.79962,0.79925,0.79962
1781723580000,0.79961,0.79965,0.79873,0.79891
1781723640000,0.79891,0.79917,0.7988,0.7988
1781723700000,0.79878,0.79923,0.79877,0.79891
1781723760000,0.79896,0.79908,0.79884,0.79906
1781723820000,0.79907,0.79947,0.79898,0.79946
1781723880000,0.79946,0.79971,0.79944,0.79969
1781723940000,0.79969,0.79978,0.7995,0.79976
1781724000000,0.79978,0.79986,0.79966,0.79975
1781724060000,0.79974,0.79991,0.79965,0.79976
1781724120000,0.79976,0.79986,0.79954,0.79984
1781724180000,0.79983,0.80003,0.79971,0.79989
1781724240000,0.79988,0.80025,0.79983,0.80022
1781724300000,0.80024,0.8003,0.7999,0.79999
1781724360000,0.80001,0.80004,0.79978,0.80001
1781724420000,0.80001,0.8002,0.79982,0.80017
1781724480000,0.80017,0.80027,0.80007,0.80017
1781724540000,0.80017,0.80056,0.80009,0.80052
1781724600000,0.80053,0.80076,0.80042,0.80061
1781724660000,0.80062,0.80065,0.80035,0.80048
1781724720000,0.80046,0.80073,0.80046,0.80058
1781724780000,0.80058,0.80071,0.80046,0.8007
1781724840000,0.80069,0.80117,0.80066,0.80117
1781724900000,0.80115,0.80116,0.80083,0.80088
1781724960000,0.80087,0.80107,0.80077,0.80096
1781725020000,0.80098,0.80102,0.80085,0.80094
1781725080000,0.80096,0.80145,0.80093,0.80143
1781725140000,0.80144,0.80146,0.8012,0.80129
1781725200000,0.8013,0.8015,0.80119,0.80123
1781725260000,0.80124,0.80124,0.80073,0.80104
1781725320000,0.80105,0.80125,0.80101,0.8012
1781725380000,0.8012,0.80127,0.80088,0.80095
1781725440000,0.80095,0.80118,0.80092,0.80102
1781725500000,0.80102,0.80102,0.80077,0.80085
1781725560000,0.80084,0.80103,0.80074,0.80099
1781725620000,0.80098,0.80099,0.80083,0.80089
1781725680000,0.80088,0.801,0.80082,0.80085
1781725740000,0.80086,0.80109,0.80081,0.80087
1781725800000,0.80091,0.80114,0.80052,0.8009
1781725860000,0.80089,0.80089,0.80066,0.80066
1781725920000,0.8007,0.80101,0.8007,0.80098
1781725980000,0.80099,0.80099,0.80087,0.8009
1781726040000,0.8009,0.8009,0.8006,0.80065
1781726100000,0.80066,0.80066,0.80037,0.80038
1781726160000,0.80038,0.8005,0.80023,0.80028
1781726220000,0.80027,0.80044,0.80024,0.80033
1781726280000,0.80035,0.80067,0.80035,0.8006
1781726340000,0.8006,0.80062,0.80048,0.8005
1781726400000,0.80052,0.80052,0.80027,0.80033
1781726460000,0.80033,0.80045,0.80029,0.80043
1781726520000,0.80043,0.80047,0.80034,0.8004
1781726580000,0.80041,0.8007,0.80038,0.80067
1781726640000,0.80066,0.80092,0.80066,0.80083
1781726700000,0.80081,0.80081,0.80066,0.80067
1781726760000,0.80068,0.80071,0.80057,0.80061
1781726820000,0.80061,0.80065,0.80053,0.80057
1781726880000,0.80059,0.80064,0.80054,0.80059
1781726940000,0.80059,0.8006,0.80053,0.80053
1781727000000,0.80054,0.80054,0.80036,0.80038
1781727060000,0.80038,0.80055,0.80038,0.80055
1781727120000,0.80055,0.80057,0.80051,0.80053
1781727180000,0.80051,0.80054,0.80047,0.80047
1781727240000,0.80046,0.80055,0.80041,0.80055
1781727300000,0.80053,0.8007,0.80051,0.80062
1781727360000,0.80062,0.80066,0.80051,0.80053
1781727420000,0.80053,0.80055,0.8004,0.80043
1781727480000,0.80041,0.80041,0.80003,0.80013
1781727540000,0.80014,0.80022,0.80011,0.80011
1781727600000,0.80009,0.80009,0.8,0.80002
1781727660000,0.80003,0.80004,0.79995,0.79996
1781727720000,0.79996,0.8,0.7999,0.79996
1781727780000,0.79996,0.80022,0.79996,0.80022
1781727840000,0.80022,0.80025,0.80013,0.80014
1781727900000,0.80011,0.80025,0.8001,0.80025
1781727960000,0.80028,0.80031,0.80015,0.80018
1781728020000,0.80019,0.8002,0.80011,0.80012
1781728080000,0.80011,0.80014,0.80003,0.80003
1781728140000,0.80004,0.8001,0.79992,0.79994
1781728200000,0.79996,0.79996,0.79985,0.79991
1781728260000,0.79991,0.79992,0.79985,0.79987
1781728320000,0.79987,0.79987,0.7997,0.7997
1781728380000,0.79969,0.79978,0.79967,0.79978
1781728440000,0.7998,0.7998,0.79971,0.79974
1781728500000,0.79975,0.79983,0.79975,0.79981
1781728560000,0.79982,0.79984,0.79967,0.79967
1781728620000,0.79966,0.79966,0.79955,0.79957
1781728680000,0.79958,0.79961,0.79942,0.79945
1781728740000,0.79946,0.79953,0.79944,0.7995
1781728800000,0.79948,0.79958,0.79948,0.79949
1781728860000,0.7995,0.79955,0.79937,0.79939
1781728920000,0.79941,0.79951,0.79935,0.7995
1781728980000,0.79951,0.79954,0.79943,0.79947
1781729040000,0.79945,0.79957,0.79942,0.79957
1781729100000,0.79958,0.79958,0.79946,0.79949
1781729160000,0.79948,0.7995,0.79944,0.7995
1781729220000,0.79949,0.79958,0.79948,0.79954
1781729280000,0.79956,0.79978,0.79956,0.79977
1781729340000,0.79975,0.79981,0.79973,0.79978
1781729400000,0.79979,0.79979,0.79959,0.79967
1781729460000,0.79968,0.79976,0.79968,0.79972
1781729520000,0.79968,0.79971,0.79963,0.79971
1781729580000,0.7997,0.7997,0.79968,0.79969
1781729640000,0.79971,0.79973,0.79969,0.7997
1781729700000,0.7997,0.79975,0.79969,0.79975
1781729760000,0.79974,0.79975,0.7997,0.79974
1781729820000,0.79974,0.79977,0.79971,0.79975
1781729880000,0.79974,0.79977,0.79963,0.79966
1781729940000,0.79967,0.79972,0.79963,0.79966
1781730000000,0.79966,0.79997,0.7993,0.7993
1781730060000,0.7993,0.7993,0.7993,0.7993
1781730120000,0.79941,0.79941,0.79941,0.79941
1781730180000,0.79938,0.79941,0.79938,0.79941
1781730240000,0.79938,0.79938,0.79937,0.79937
1781730300000,0.79929,0.79935,0.79929,0.79934
1781730360000,0.79935,0.79935,0.79933,0.79934
1781730420000,0.79934,0.79934,0.79933,0.79933
1781730480000,0.79934,0.79934,0.79902,0.79902
1781730540000,0.7992,0.7992,0.79902,0.79902
1781730600000,0.79902,0.79925,0.79902,0.79902
1781730660000,0.79902,0.7992,0.79902,0.79902
1781730720000,0.79919,0.79924,0.79902,0.79902
1781730780000,0.79915,0.79924,0.79902,0.79902
1781730840000,0.79916,0.79928,0.79885,0.79892
1781730900000,0.799,0.79926,0.7989,0.79896
1781730960000,0.79902,0.79917,0.7989,0.79893
1781731020000,0.79917,0.79917,0.79884,0.79891
1781731080000,0.79917,0.79953,0.79887,0.79908
1781731140000,0.79953,0.79953,0.799,0.79918
1781731200000,0.79904,0.7992,0.799,0.79906
1781731260000,0.79907,0.7992,0.799,0.79907
1781731320000,0.79907,0.79939,0.799,0.7991
1781731380000,0.79905,0.79939,0.79903,0.79918
1781731440000,0.7991,0.7994,0.79904,0.79906
1781731500000,0.79939,0.79939,0.79904,0.79908
1781731560000,0.79909,0.79939,0.79902,0.79914
1781731620000,0.79926,0.79939,0.79904,0.79904
1781731680000,0.79917,0.79939,0.79903,0.79908
1781731740000,0.79915,0.79937,0.79901,0.79904
1781731800000,0.79937,0.79937,0.79905,0.79923
1781731860000,0.79917,0.79942,0.79911,0.79931
1781731920000,0.79931,0.79931,0.79926,0.79928
1781731980000,0.79943,0.79948,0.79942,0.79948
1781732040000,0.79949,0.79949,0.79938,0.79938
1781732100000,0.79936,0.79936,0.79936,0.79936
1781732160000,0.79932,0.79932,0.79931,0.79931
1781732220000,0.79932,0.79932,0.79928,0.79928
1781732280000,0.79924,0.79924,0.79924,0.79924
1781732340000,0.79923,0.79924,0.79913,0.79913
1781732400000,0.79913,0.79941,0.79912,0.79941
1781732460000,0.79942,0.79943,0.79931,0.79943
1781732520000,0.79932,0.79932,0.79932,0.79932
1781732580000,0.79941,0.79941,0.79941,0.79941
1781732640000,0.79932,0.79935,0.79928,0.79928
1781732700000,0.79951,0.79951,0.79941,0.79941
1781732760000,0.79928,0.79943,0.79924,0.79943
1781732820000,0.79944,0.79946,0.79944,0.79946
1781732880000,0.79938,0.79938,0.79938,0.79938
1781732940000,0.79927,0.79938,0.79925,0.79938
1781733000000,0.79941,0.79942,0.79938,0.7994
1781733060000,0.79944,0.79944,0.79937,0.7994
1781733120000,0.7993,0.79935,0.7993,0.79935
1781733180000,0.79924,0.79926,0.79923,0.79926
1781733240000,0.79925,0.79928,0.79922,0.79924
1781733300000,0.79933,0.79933,0.79933,0.79933
1781733360000,0.79932,0.79932,0.79925,0.79932
1781733420000,0.7993,0.7993,0.79918,0.79918
1781733480000,0.79926,0.79934,0.79922,0.79922
1781733540000,0.79938,0.79938,0.79922,0.79923
1781733600000,0.79924,0.79953,0.7991,0.79953
1781733660000,0.79952,0.79955,0.79952,0.79954
1781733720000,0.79955,0.79958,0.79954,0.79956
1781733780000,0.79956,0.79966,0.79955,0.79966
1781733840000,0.79964,0.79967,0.79962,0.79965
1781733900000,0.79968,0.79968,0.79965,0.79965
1781733960000,0.79965,0.79967,0.79958,0.79959
1781734020000,0.79961,0.79969,0.79961,0.79962
1781734080000,0.79962,0.79973,0.79962,0.79972
1781734140000,0.79969,0.79969,0.79958,0.79964
1781734200000,0.79967,0.7997,0.79966,0.79969
1781734260000,0.79972,0.79976,0.79964,0.7997
1781734320000,0.79971,0.79971,0.79961,0.79961
1781734380000,0.79964,0.79969,0.79963,0.79967
1781734440000,0.79966,0.79972,0.79966,0.79972
1781734500000,0.79971,0.79972,0.79971,0.79972
1781734560000,0.79973,0.79975,0.79971,0.79975
1781734620000,0.79976,0.79976,0.79971,0.79975
1781734680000,0.79975,0.79976,0.79973,0.79974
1781734740000,0.79975,0.79978,0.79975,0.79976
1781734800000,0.79976,0.79976,0.79969,0.79973
1781734860000,0.7997,0.7997,0.79963,0.79965
1781734920000,0.79966,0.79974,0.79965,0.79974
1781734980000,0.79975,0.79979,0.79975,0.79977
1781735040000,0.79976,0.79982,0.79976,0.79979
1781735100000,0.79982,0.79985,0.79981,0.79984
1781735160000,0.79983,0.79983,0.79973,0.79975
1781735220000,0.79974,0.79984,0.79974,0.7998
1781735280000,0.7998,0.7998,0.7997,0.79971
1781735340000,0.79969,0.79978,0.79969,0.79978
1781735400000,0.79978,0.79983,0.79976,0.79981
1781735460000,0.79981,0.79981,0.79974,0.79974
1781735520000,0.79975,0.79977,0.79974,0.79977
1781735580000,0.79977,0.79979,0.79974,0.79978
1781735640000,0.79977,0.79977,0.79974,0.79976
1781735700000,0.79977,0.79978,0.79975,0.79978
1781735760000,0.79976,0.79978,0.79971,0.79975
1781735820000,0.79973,0.79975,0.79973,0.79975
1781735880000,0.79974,0.79974,0.79968,0.79968
1781735940000,0.79968,0.79971,0.79966,0.79969
1781736000000,0.79969,0.79971,0.79965,0.79966
1781736060000,0.79965,0.79965,0.79962,0.79962
1781736120000,0.79962,0.79963,0.79957,0.79959
1781736180000,0.79959,0.79961,0.79954,0.79961
1781736240000,0.79961,0.79969,0.79961,0.79969
1781736300000,0.79966,0.79966,0.7996,0.79964
1781736360000,0.79966,0.79969,0.79966,0.79969
1781736420000,0.79969,0.79972,0.79967,0.79972
1781736480000,0.79974,0.7998,0.79974,0.79975
1781736540000,0.79974,0.79976,0.79973,0.79973
1781736600000,0.79972,0.79972,0.79964,0.79967
1781736660000,0.79968,0.79968,0.79966,0.79968
1781736720000,0.79967,0.79968,0.79965,0.79965
1781736780000,0.79964,0.79965,0.79964,0.79964
1781736840000,0.79966,0.79966,0.79963,0.79963
1781736900000,0.79964,0.79968,0.79964,0.79968
1781736960000,0.79969,0.79969,0.79967,0.79969
1781737020000,0.79969,0.79972,0.79969,0.79969
1781737080000,0.7997,0.79971,0.79968,0.79968
1781737140000,0.79966,0.7997,0.79965,0.79967
1781737200000,0.79966,0.79966,0.7996,0.79963
1781737260000,0.79964,0.79965,0.79963,0.79963
1781737320000,0.79963,0.79965,0.79962,0.79964
1781737380000,0.79965,0.79965,0.79961,0.79961
1781737440000,0.79961,0.79961,0.79961,0.79961
1781737500000,0.79961,0.79961,0.7996,0.79961
1781737560000,0.7996,0.79961,0.79952,0.79952
1781737620000,0.79952,0.79955,0.79948,0.79948
1781737680000,0.79951,0.79952,0.79947,0.79948
1781737740000,0.79947,0.7995,0.79943,0.7995
1781737800000,0.7995,0.79954,0.7995,0.79953
1781737860000,0.79954,0.79954,0.7995,0.7995
1781737920000,0.7995,0.7995,0.79949,0.7995
1781737980000,0.79949,0.79949,0.79946,0.79946
1781738040000,0.79946,0.79946,0.79934,0.79934
1781738100000,0.79935,0.79936,0.79932,0.79933
1781738160000,0.79935,0.79937,0.79932,0.79933
1781738220000,0.79933,0.79939,0.79933,0.79939
1781738280000,0.79941,0.79943,0.7994,0.7994
1781738340000,0.79941,0.79945,0.79941,0.79944
1781738400000,0.79944,0.79944,0.79932,0.79933
1781738460000,0.79933,0.79934,0.79932,0.79932
1781738520000,0.79929,0.79929,0.79927,0.79929
1781738580000,0.7993,0.79931,0.79925,0.79926
1781738640000,0.79928,0.79933,0.79928,0.79933
1781738700000,0.79933,0.79936,0.79932,0.79935
1781738760000,0.79934,0.79935,0.79929,0.7993
1781738820000,0.79932,0.79936,0.79932,0.79936
1781738880000,0.79934,0.7994,0.79929,0.7994
1781738940000,0.7994,0.79943,0.79939,0.79943
1781739000000,0.79942,0.7995,0.79942,0.7995
1781739060000,0.7995,0.7995,0.79944,0.79948
1781739120000,0.79948,0.7995,0.79942,0.79948
1781739180000,0.79948,0.7995,0.79942,0.79945
1781739240000,0.79946,0.79946,0.79937,0.79938
1781739300000,0.79937,0.79947,0.79937,0.79947
1781739360000,0.79944,0.79944,0.79936,0.79936
1781739420000,0.79937,0.79947,0.79937,0.79947
1781739480000,0.79948,0.79948,0.79943,0.79946
1781739540000,0.79946,0.7995,0.79944,0.79949
1781739600000,0.79952,0.79959,0.79952,0.79959
1781739660000,0.79959,0.79962,0.79959,0.79961
1781739720000,0.79961,0.79962,0.79951,0.79951
1781739780000,0.7995,0.79951,0.79948,0.79948
1781739840000,0.79949,0.79949,0.79938,0.79938
1781739900000,0.7994,0.79941,0.79932,0.79935
1781739960000,0.79937,0.79938,0.79934,0.79936
1781740020000,0.79935,0.7994,0.79935,0.79938
1781740080000,0.7994,0.79944,0.79938,0.79939
1781740140000,0.79939,0.79939,0.79936,0.79937
1781740200000,0.79938,0.79938,0.79932,0.79936
1781740260000,0.79935,0.79936,0.79931,0.79932
1781740320000,0.79931,0.79931,0.79927,0.79929
1781740380000,0.79927,0.79932,0.79927,0.79932
1781740440000,0.7993,0.79935,0.7993,0.79932
1781740500000,0.79933,0.79938,0.79931,0.79937
1781740560000,0.79938,0.79946,0.79938,0.79944
1781740620000,0.79943,0.79943,0.79941,0.79941
1781740680000,0.79944,0.79944,0.79941,0.79944
1781740740000,0.79944,0.79945,0.79939,0.79939
1781740800000,0.79938,0.79939,0.79888,0.79888
1781740860000,0.79888,0.79896,0.79868,0.79869
1781740920000,0.7987,0.79881,0.79861,0.79866
1781740980000,0.79866,0.79867,0.79847,0.79854
1781741040000,0.79854,0.79855,0.79848,0.79848
1781741100000,0.79848,0.79857,0.79842,0.79846
1781741160000,0.79846,0.79847,0.79814,0.79823
1781741220000,0.79821,0.79836,0.79821,0.79828
1781741280000,0.79828,0.79851,0.79828,0.79848
1781741340000,0.79848,0.79866,0.79847,0.79865
1781741400000,0.79863,0.79876,0.79861,0.79869
1781741460000,0.79869,0.79881,0.79867,0.79872
1781741520000,0.79874,0.79875,0.79863,0.79871
1781741580000,0.79872,0.79884,0.7987,0.79876
1781741640000,0.79877,0.79883,0.79875,0.79878
1781741700000,0.79877,0.79879,0.7987,0.79877
1781741760000,0.79877,0.79878,0.7987,0.79876
1781741820000,0.79876,0.79876,0.7987,0.79872
1781741880000,0.79872,0.79877,0.79867,0.79874
1781741940000,0.79874,0.79884,0.79874,0.79881
1781742000000,0.79882,0.7989,0.79876,0.79882
1781742060000,0.79881,0.79884,0.79878,0.79882
1781742120000,0.79882,0.79904,0.79881,0.79899
1781742180000,0.79899,0.79899,0.79889,0.7989
1781742240000,0.79892,0.79901,0.79891,0.799
1781742300000,0.79901,0.79906,0.79901,0.79905
1781742360000,0.79903,0.79926,0.79895,0.79922
1781742420000,0.7992,0.79928,0.79916,0.79925
1781742480000,0.79923,0.79931,0.79923,0.7993
1781742540000,0.79934,0.79934,0.79924,0.79925
1781742600000,0.79926,0.79926,0.7991,0.79914
1781742660000,0.79915,0.79918,0.79906,0.79906
1781742720000,0.79904,0.79907,0.79899,0.79901
1781742780000,0.799,0.79907,0.79897,0.79907
1781742840000,0.79907,0.79909,0.79895,0.79895
1781742900000,0.79895,0.79906,0.79895,0.799
1781742960000,0.79901,0.7991,0.79901,0.79907
1781743020000,0.79907,0.79909,0.79903,0.79906
1781743080000,0.79906,0.79923,0.79901,0.79923
1781743140000,0.79923,0.79927,0.79918,0.79918
1781743200000,0.79918,0.79919,0.79913,0.79917
1781743260000,0.79916,0.79923,0.79913,0.79919
1781743320000,0.79917,0.79919,0.79912,0.79915
1781743380000,0.79915,0.79923,0.79915,0.79922
1781743440000,0.79923,0.79923,0.79908,0.79909
1781743500000,0.79907,0.7992,0.79907,0.79919
1781743560000,0.79918,0.79922,0.79913,0.79914
1781743620000,0.79912,0.79913,0.79909,0.79913
1781743680000,0.79911,0.79916,0.7991,0.79913
1781743740000,0.79913,0.79916,0.79909,0.7991
1781743800000,0.79909,0.79913,0.79905,0.79905
1781743860000,0.79904,0.7991,0.79904,0.79906
1781743920000,0.79907,0.79909,0.79892,0.79895
1781743980000,0.79897,0.79901,0.7988,0.79884
1781744040000,0.79883,0.79889,0.79873,0.79889
1781744100000,0.79887,0.79896,0.79882,0.79882
1781744160000,0.79882,0.7989,0.79878,0.79879
1781744220000,0.7988,0.79882,0.79868,0.79873
1781744280000,0.79874,0.79874,0.79864,0.79865
1781744340000,0.79866,0.7988,0.79864,0.7988
1781744400000,0.7988,0.79884,0.7987,0.79871
1781744460000,0.79871,0.79874,0.79864,0.79872
1781744520000,0.79871,0.79877,0.79864,0.7987
1781744580000,0.79869,0.79869,0.7986,0.7986
1781744640000,0.79858,0.79874,0.79853,0.79874
1781744700000,0.79872,0.79876,0.79862,0.79873
1781744760000,0.79872,0.79873,0.79851,0.79853
1781744820000,0.79854,0.79866,0.79852,0.79866
1781744880000,0.79867,0.79867,0.79856,0.79859
1781744940000,0.7986,0.79868,0.79852,0.79856
1781745000000,0.79857,0.7986,0.79855,0.79855
1781745060000,0.79854,0.79854,0.79844,0.7985
1781745120000,0.79849,0.79852,0.79844,0.79847
1781745180000,0.79846,0.79846,0.79836,0.79839
1781745240000,0.79838,0.79842,0.79838,0.79842
1781745300000,0.79844,0.79847,0.79841,0.79847
1781745360000,0.79848,0.79849,0.79844,0.79847
1781745420000,0.79848,0.79856,0.79847,0.79852
1781745480000,0.79851,0.79854,0.79846,0.79846
1781745540000,0.79846,0.79846,0.79844,0.79844
1781745600000,0.79845,0.79845,0.79831,0.79833
1781745660000,0.79831,0.79834,0.79826,0.7983
1781745720000,0.79831,0.79836,0.7983,0.79833
1781745780000,0.79834,0.79844,0.79832,0.7984
1781745840000,0.7984,0.79845,0.79839,0.79845
1781745900000,0.79844,0.79845,0.79838,0.79844
1781745960000,0.79842,0.79842,0.79834,0.79836
1781746020000,0.79835,0.79836,0.79834,0.79835
1781746080000,0.79836,0.79838,0.79823,0.79824
1781746140000,0.79825,0.79831,0.79825,0.79829
1781746200000,0.79826,0.79826,0.79823,0.79825
1781746260000,0.79822,0.79828,0.79822,0.79823
1781746320000,0.79825,0.7983,0.79824,0.7983
1781746380000,0.79828,0.79833,0.79826,0.79833
1781746440000,0.79837,0.79846,0.79837,0.79843
1781746500000,0.79841,0.79846,0.79839,0.79841
1781746560000,0.7984,0.79844,0.79836,0.79838
1781746620000,0.79839,0.79842,0.79832,0.79836
1781746680000,0.79834,0.79838,0.79833,0.79838
1781746740000,0.79837,0.7984,0.79836,0.79838
1781746800000,0.79836,0.79838,0.79834,0.79835
1781746860000,0.79835,0.79839,0.79833,0.79838
1781746920000,0.79838,0.79843,0.79834,0.79835
1781746980000,0.79836,0.79837,0.79827,0.79827
1781747040000,0.79827,0.79836,0.79827,0.79831
1781747100000,0.7983,0.79837,0.7983,0.79836
1781747160000,0.79836,0.79842,0.79835,0.79835
1781747220000,0.79836,0.79845,0.79833,0.79845
1781747280000,0.79843,0.79863,0.79842,0.79859
1781747340000,0.79858,0.79858,0.79852,0.79857
1781747400000,0.79856,0.79862,0.79854,0.79857
1781747460000,0.79858,0.79861,0.79857,0.79858
1781747520000,0.79858,0.79858,0.79851,0.79857
1781747580000,0.79858,0.79859,0.79853,0.79853
1781747640000,0.79852,0.79853,0.79847,0.79853
1781747700000,0.79854,0.79858,0.79854,0.79856
1781747760000,0.79856,0.79862,0.79854,0.7986
1781747820000,0.79861,0.79871,0.79861,0.79871
1781747880000,0.7987,0.79876,0.79868,0.79876
1781747940000,0.79876,0.79879,0.79876,0.79877
1781748000000,0.79876,0.79878,0.79871,0.79872
1781748060000,0.79873,0.79878,0.79871,0.79871
1781748120000,0.79871,0.7988,0.79869,0.79875
1781748180000,0.79876,0.79881,0.79871,0.79879
1781748240000,0.79877,0.79877,0.7987,0.7987
1781748300000,0.7987,0.7987,0.79863,0.79866
1781748360000,0.79866,0.79886,0.79866,0.79885
1781748420000,0.79886,0.79887,0.79881,0.79883
1781748480000,0.79883,0.79886,0.7988,0.79885
1781748540000,0.79884,0.79888,0.7988,0.79886
1781748600000,0.79887,0.79887,0.79883,0.79886
1781748660000,0.79887,0.79887,0.79885,0.79885
1781748720000,0.79888,0.79892,0.79886,0.79887
1781748780000,0.79884,0.79887,0.79882,0.79882
1781748840000,0.79884,0.7989,0.79884,0.79889
1781748900000,0.79888,0.79898,0.79888,0.79897
1781748960000,0.79895,0.79903,0.79895,0.79902
1781749020000,0.79903,0.79904,0.79895,0.79895
1781749080000,0.79895,0.799,0.7989,0.79899
1781749140000,0.79899,0.79903,0.79898,0.79901
1781749200000,0.799,0.79901,0.79898,0.79899
1781749260000,0.79899,0.79902,0.79898,0.79901
1781749320000,0.799,0.799,0.79896,0.799
1781749380000,0.79899,0.79899,0.79894,0.79894
1781749440000,0.79893,0.79897,0.79892,0.79897
1781749500000,0.79896,0.79896,0.79892,0.79893
1781749560000,0.79893,0.79893,0.79891,0.79892
1781749620000,0.79891,0.79893,0.79889,0.79889
1781749680000,0.79888,0.79891,0.79887,0.79889
1781749740000,0.79888,0.7989,0.79883,0.79885
1781749800000,0.79886,0.79887,0.79884,0.79886
1781749860000,0.79886,0.79891,0.79882,0.79891
1781749920000,0.7989,0.79892,0.79887,0.79889
1781749980000,0.7989,0.7989,0.7988,0.7988
1781750040000,0.7988,0.79882,0.79874,0.79874
1781750100000,0.79875,0.79883,0.79874,0.79883
1781750160000,0.79884,0.79884,0.79882,0.79883
1781750220000,0.79885,0.79887,0.79882,0.79883
1781750280000,0.79882,0.79884,0.7988,0.79884
1781750340000,0.79886,0.79886,0.7988,0.7988
1781750400000,0.79879,0.79879,0.79875,0.79875
1781750460000,0.79875,0.79875,0.79868,0.79873
1781750520000,0.79874,0.79874,0.79868,0.79868
1781750580000,0.79868,0.79868,0.79864,0.79864
1781750640000,0.79863,0.79863,0.7986,0.79862
1781750700000,0.7986,0.79863,0.79859,0.79859
1781750760000,0.7986,0.79869,0.7986,0.79868
1781750820000,0.79867,0.7987,0.79865,0.79869
1781750880000,0.79867,0.79869,0.79864,0.79865
1781750940000,0.79864,0.79867,0.79863,0.79864
1781751000000,0.79865,0.79867,0.79865,0.79866
1781751060000,0.79865,0.79865,0.7986,0.79862
1781751120000,0.79861,0.79862,0.79858,0.79858
1781751180000,0.79858,0.79867,0.79858,0.79867
1781751240000,0.79868,0.79877,0.79868,0.79876
1781751300000,0.79876,0.79877,0.79875,0.79875
1781751360000,0.79874,0.79875,0.79871,0.79871
1781751420000,0.79872,0.79874,0.79872,0.79873
1781751480000,0.79876,0.79877,0.79875,0.79877
1781751540000,0.79877,0.79877,0.79875,0.79877
1781751600000,0.79875,0.79884,0.79874,0.79884
1781751660000,0.79882,0.79887,0.79882,0.79884
1781751720000,0.79883,0.79885,0.79883,0.79884
1781751780000,0.79883,0.79886,0.79881,0.79886
1781751840000,0.79885,0.79886,0.79879,0.79879
1781751900000,0.7988,0.79882,0.7988,0.79882
1781751960000,0.79881,0.79881,0.79875,0.79875
1781752020000,0.79875,0.79882,0.79875,0.79882
1781752080000,0.79883,0.79883,0.79879,0.7988
1781752140000,0.7988,0.7988,0.79875,0.79875
1781752200000,0.79874,0.79874,0.79871,0.79872
1781752260000,0.79872,0.79879,0.79872,0.79879
1781752320000,0.79876,0.79877,0.79874,0.79875
1781752380000,0.79874,0.79875,0.79874,0.79875
1781752440000,0.79875,0.79875,0.7987,0.7987
1781752500000,0.79869,0.7987,0.79865,0.7987
1781752560000,0.79873,0.79879,0.79871,0.79877
1781752620000,0.79876,0.79879,0.79875,0.79875
1781752680000,0.79874,0.79877,0.79865,0.79865
1781752740000,0.79865,0.79869,0.79864,0.79867
1781752800000,0.79866,0.7987,0.79862,0.79862
1781752860000,0.79863,0.79863,0.79862,0.79863
1781752920000,0.79861,0.79865,0.79861,0.79862
1781752980000,0.79863,0.79868,0.79861,0.79867
1781753040000,0.79866,0.79866,0.79861,0.79864
1781753100000,0.79864,0.79866,0.79861,0.79861
1781753160000,0.79862,0.79862,0.79857,0.79858
1781753220000,0.79859,0.7986,0.79855,0.79855
1781753280000,0.79853,0.79854,0.79848,0.79851
1781753340000,0.79852,0.79854,0.79851,0.79853
1781753400000,0.79853,0.79859,0.79852,0.79853
1781753460000,0.79855,0.79855,0.79845,0.79845
1781753520000,0.79846,0.79852,0.79844,0.79851
1781753580000,0.79853,0.79854,0.79852,0.79854
1781753640000,0.79855,0.7986,0.79855,0.79859
1781753700000,0.7986,0.79865,0.79859,0.79863
1781753760000,0.79863,0.79871,0.79861,0.79867
1781753820000,0.79866,0.79868,0.79864,0.79865
1781753880000,0.79862,0.79864,0.79862,0.79864
1781753940000,0.79863,0.79865,0.79861,0.79864
1781754000000,0.79864,0.79865,0.79861,0.79861
1781754060000,0.7986,0.79862,0.7986,0.79861
1781754120000,0.79861,0.79865,0.79861,0.79863
1781754180000,0.79863,0.79863,0.79863,0.79863
1781754240000,0.79863,0.79863,0.79862,0.79862
1781754300000,0.79862,0.79864,0.79862,0.79863
1781754360000,0.79865,0.79866,0.79863,0.79866
1781754420000,0.79866,0.79866,0.79864,0.79864
1781754480000,0.79863,0.79864,0.79855,0.79856
1781754540000,0.79857,0.7986,0.79857,0.79859
1781754600000,0.7986,0.79865,0.7986,0.79864
1781754660000,0.79863,0.79863,0.79857,0.7986
1781754720000,0.79863,0.79863,0.7986,0.79861
1781754780000,0.79861,0.79862,0.7986,0.79861
1781754840000,0.79861,0.79866,0.7986,0.79863
1781754900000,0.79865,0.79866,0.79864,0.79866
1781754960000,0.79865,0.79866,0.79856,0.79856
1781755020000,0.79856,0.7986,0.79855,0.79859
1781755080000,0.79859,0.79861,0.79859,0.79861
1781755140000,0.79859,0.79861,0.79859,0.79861
1781755200000,0.79861,0.79861,0.79856,0.79857
1781755260000,0.79857,0.79857,0.79851,0.79854
1781755320000,0.79853,0.79853,0.79844,0.79844
1781755380000,0.79847,0.79848,0.79845,0.79846
1781755440000,0.79847,0.79852,0.79844,0.79852
1781755500000,0.79853,0.79854,0.79851,0.79854
1781755560000,0.79854,0.79857,0.7985,0.79857
1781755620000,0.79855,0.79858,0.79854,0.79856
1781755680000,0.79856,0.79858,0.79855,0.79858
1781755740000,0.79858,0.7986,0.79857,0.79859
1781755800000,0.79858,0.79866,0.79857,0.79864
1781755860000,0.79865,0.79872,0.79865,0.79871
1781755920000,0.79872,0.79875,0.79869,0.7987
1781755980000,0.79869,0.7988,0.79868,0.79877
1781756040000,0.79878,0.79885,0.79877,0.79885
1781756100000,0.79885,0.79885,0.79872,0.79873
1781756160000,0.79872,0.79873,0.79871,0.79871
1781756220000,0.79872,0.79873,0.79871,0.79873
1781756280000,0.79874,0.79877,0.79871,0.79876
1781756340000,0.79876,0.79879,0.79875,0.79879
1781756400000,0.79881,0.79884,0.7988,0.7988
1781756460000,0.7988,0.7988,0.79874,0.79875
1781756520000,0.79873,0.79874,0.79869,0.79869
1781756580000,0.79869,0.79873,0.79867,0.79872
1781756640000,0.79872,0.79883,0.79872,0.79882
1781756700000,0.79882,0.79882,0.79881,0.79881
1781756760000,0.79884,0.79885,0.79877,0.79877
1781756820000,0.79877,0.79879,0.79874,0.79878
1781756880000,0.79877,0.79878,0.79876,0.79877
1781756940000,0.79876,0.79879,0.7987,0.7987
1781757000000,0.79871,0.79877,0.79871,0.79875
1781757060000,0.79875,0.79877,0.79873,0.79873
1781757120000,0.79874,0.79876,0.79872,0.79872
1781757180000,0.79873,0.79878,0.79871,0.79873
1781757240000,0.79872,0.79875,0.7987,0.79872
1781757300000,0.79871,0.79874,0.79863,0.79864
1781757360000,0.79866,0.79867,0.79861,0.79862
1781757420000,0.79862,0.79867,0.79862,0.79864
1781757480000,0.79863,0.79864,0.79848,0.79849
1781757540000,0.79851,0.79853,0.79848,0.79851
1781757600000,0.79852,0.79858,0.79849,0.7985
1781757660000,0.79852,0.79854,0.79845,0.79847
1781757720000,0.79845,0.79845,0.79832,0.79832
1781757780000,0.79831,0.79842,0.7983,0.7984
1781757840000,0.79839,0.79843,0.79839,0.7984
1781757900000,0.79841,0.79842,0.79837,0.79841
1781757960000,0.79844,0.79846,0.79836,0.7984
1781758020000,0.79839,0.79844,0.79835,0.79835
1781758080000,0.79834,0.79841,0.79832,0.79838
1781758140000,0.79837,0.79837,0.79832,0.79835
1781758200000,0.79835,0.79835,0.79829,0.7983
1781758260000,0.7983,0.7983,0.79819,0.79828
1781758320000,0.79828,0.7983,0.79824,0.79828
1781758380000,0.79827,0.79835,0.79825,0.79833
1781758440000,0.79833,0.79836,0.79832,0.79835
1781758500000,0.79834,0.7984,0.79831,0.79839
1781758560000,0.79838,0.79839,0.79832,0.79834
1781758620000,0.79833,0.79837,0.79833,0.79836
1781758680000,0.79837,0.79843,0.79836,0.79843
1781758740000,0.79843,0.79844,0.79841,0.79844
1781758800000,0.79844,0.7985,0.7984,0.79848
1781758860000,0.79848,0.79849,0.79846,0.79849
1781758920000,0.7985,0.79859,0.7985,0.79854
1781758980000,0.79854,0.79857,0.79852,0.79853
1781759040000,0.79854,0.79856,0.79846,0.79847
1781759100000,0.79848,0.79849,0.79846,0.79849
1781759160000,0.79849,0.79849,0.79841,0.79842
1781759220000,0.79841,0.79843,0.79836,0.79841
1781759280000,0.7984,0.79843,0.79838,0.79839
1781759340000,0.7984,0.79843,0.7984,0.79842
1781759400000,0.79843,0.79847,0.79843,0.79846
1781759460000,0.79845,0.79852,0.79844,0.79852
1781759520000,0.79853,0.79857,0.79853,0.79856
1781759580000,0.79857,0.79857,0.79853,0.79854
1781759640000,0.79854,0.79869,0.79852,0.79863
1781759700000,0.79864,0.79869,0.79862,0.79869
1781759760000,0.79869,0.79872,0.79867,0.79869
1781759820000,0.79867,0.79871,0.79865,0.79865
1781759880000,0.79864,0.79868,0.79861,0.79863
1781759940000,0.79862,0.79866,0.7986,0.79866
1781760000000,0.79865,0.79871,0.79864,0.79869
1781760060000,0.7987,0.79875,0.7987,0.79874
1781760120000,0.79875,0.79884,0.79875,0.79884
1781760180000,0.79883,0.79883,0.7988,0.79881
1781760240000,0.79882,0.79887,0.79882,0.79887
1781760300000,0.79887,0.79891,0.79886,0.79889
1781760360000,0.79888,0.79889,0.79884,0.79884
1781760420000,0.79883,0.79886,0.7988,0.79886
1781760480000,0.79886,0.79897,0.79884,0.79897
1781760540000,0.79898,0.799,0.79895,0.79899
1781760600000,0.79899,0.79908,0.79894,0.79906
1781760660000,0.79902,0.79902,0.79888,0.7989
1781760720000,0.79889,0.79894,0.79887,0.79892
1781760780000,0.79892,0.79897,0.79891,0.79897
1781760840000,0.79896,0.79905,0.79894,0.79905
1781760900000,0.79904,0.7991,0.79904,0.79906
1781760960000,0.79907,0.79913,0.79906,0.79912
1781761020000,0.79911,0.79914,0.79909,0.79913
1781761080000,0.79916,0.79918,0.7991,0.79912
1781761140000,0.79913,0.79926,0.79913,0.79922
1781761200000,0.7992,0.7992,0.79914,0.79914
1781761260000,0.79913,0.79916,0.79912,0.79912
1781761320000,0.79911,0.79912,0.79895,0.79896
1781761380000,0.79898,0.79906,0.79894,0.79904
1781761440000,0.79903,0.79903,0.79893,0.79899
1781761500000,0.799,0.79901,0.79896,0.79898
1781761560000,0.79899,0.79902,0.79897,0.79901
1781761620000,0.799,0.79905,0.79896,0.799
1781761680000,0.799,0.79908,0.799,0.79904
1781761740000,0.79904,0.79908,0.79903,0.79908
1781761800000,0.79909,0.79912,0.79906,0.79911
1781761860000,0.79912,0.79916,0.79911,0.79914
1781761920000,0.79914,0.79916,0.7991,0.79913
1781761980000,0.79915,0.79919,0.79911,0.79915
1781762040000,0.79918,0.79922,0.79917,0.79921
1781762100000,0.79922,0.79929,0.79921,0.79923
1781762160000,0.79923,0.7994,0.79923,0.79935
1781762220000,0.79937,0.79946,0.79935,0.79944
1781762280000,0.79945,0.79951,0.79945,0.7995
1781762340000,0.79948,0.79952,0.79948,0.79949
1781762400000,0.7995,0.7995,0.79923,0.79927
1781762460000,0.79929,0.79944,0.79929,0.79932
1781762520000,0.79933,0.79933,0.7992,0.79927
1781762580000,0.79925,0.79927,0.7991,0.79921
1781762640000,0.7992,0.79923,0.79902,0.79903
1781762700000,0.79901,0.79905,0.79885,0.79885
1781762760000,0.79885,0.79895,0.79876,0.79895
1781762820000,0.79895,0.79912,0.79894,0.79907
1781762880000,0.79908,0.79917,0.79905,0.79913
1781762940000,0.79912,0.79913,0.79904,0.79906
1781763000000,0.79903,0.79906,0.79895,0.79901
1781763060000,0.799,0.799,0.79888,0.79892
1781763120000,0.79892,0.79893,0.79873,0.79877
1781763180000,0.7988,0.79889,0.79879,0.79883
1781763240000,0.79884,0.79884,0.79858,0.79867
1781763300000,0.79868,0.79884,0.79863,0.7988
1781763360000,0.79882,0.79899,0.79882,0.79895
1781763420000,0.79896,0.79907,0.79896,0.799
1781763480000,0.79898,0.79899,0.79888,0.79898
1781763540000,0.79899,0.79905,0.79897,0.79902
1781763600000,0.79902,0.79904,0.79889,0.79891
1781763660000,0.79892,0.799,0.79891,0.79897
1781763720000,0.79896,0.79899,0.79881,0.79881
1781763780000,0.79882,0.79888,0.79874,0.79874
1781763840000,0.79874,0.79875,0.79861,0.79872
1781763900000,0.79873,0.79878,0.79859,0.79859
1781763960000,0.79859,0.79863,0.79856,0.79858
1781764020000,0.79859,0.79867,0.79858,0.79867
1781764080000,0.79866,0.7987,0.79863,0.79863
1781764140000,0.79865,0.79866,0.79844,0.79844
1781764200000,0.79845,0.79854,0.79843,0.79854
1781764260000,0.79852,0.79858,0.79846,0.79857
1781764320000,0.79857,0.79864,0.79853,0.79863
1781764380000,0.79862,0.79862,0.79835,0.79836
1781764440000,0.79837,0.79846,0.79837,0.79845
1781764500000,0.79845,0.79853,0.79844,0.79852
1781764560000,0.7985,0.79878,0.79849,0.79875
1781764620000,0.79874,0.79881,0.79865,0.7988
1781764680000,0.79879,0.79889,0.79877,0.79887
1781764740000,0.79886,0.7989,0.79879,0.79879
1781764800000,0.79879,0.79888,0.79877,0.79888
1781764860000,0.79887,0.79887,0.79867,0.79867
1781764920000,0.79868,0.79883,0.79865,0.79881
1781764980000,0.79881,0.79881,0.79853,0.79855
1781765040000,0.79855,0.79855,0.79839,0.7984
1781765100000,0.79843,0.79856,0.79841,0.79854
1781765160000,0.79853,0.79853,0.7984,0.79841
1781765220000,0.79841,0.79851,0.79839,0.7984
1781765280000,0.79842,0.79855,0.79842,0.79848
1781765340000,0.79847,0.79856,0.79847,0.79856
1781765400000,0.79857,0.79861,0.79853,0.79861
1781765460000,0.79862,0.79869,0.7986,0.79866
1781765520000,0.79864,0.79876,0.79862,0.79876
1781765580000,0.79874,0.79875,0.79863,0.79869
1781765640000,0.79869,0.7987,0.79859,0.79859
1781765700000,0.79859,0.79871,0.79859,0.7987
1781765760000,0.79869,0.79877,0.79865,0.79873
1781765820000,0.79876,0.79887,0.79876,0.79881
1781765880000,0.79882,0.79885,0.79878,0.79885
1781765940000,0.79886,0.79898,0.79884,0.79887
1781766000000,0.79888,0.79898,0.79871,0.79886
1781766060000,0.79886,0.79903,0.79884,0.79898
1781766120000,0.79899,0.79917,0.79899,0.79909
1781766180000,0.7991,0.7991,0.79899,0.79909
1781766240000,0.7991,0.79916,0.79904,0.7991
1781766300000,0.7991,0.79933,0.79903,0.7993
1781766360000,0.79928,0.79946,0.79925,0.79934
1781766420000,0.79934,0.79935,0.79904,0.79904
1781766480000,0.79904,0.79918,0.79903,0.79903
1781766540000,0.79904,0.79911,0.79898,0.79898
1781766600000,0.79899,0.79917,0.79898,0.79916
1781766660000,0.79917,0.79923,0.7991,0.79912
1781766720000,0.7991,0.79927,0.7991,0.79918
1781766780000,0.79917,0.79926,0.79914,0.79921
1781766840000,0.79921,0.79928,0.79921,0.79924
1781766900000,0.79923,0.79927,0.79919,0.79922
1781766960000,0.79922,0.79931,0.79921,0.79925
1781767020000,0.79926,0.79931,0.79924,0.79925
1781767080000,0.79924,0.79924,0.79908,0.79914
1781767140000,0.79916,0.79929,0.79915,0.79928
1781767200000,0.79929,0.79943,0.79927,0.79941
1781767260000,0.79942,0.79942,0.79926,0.79941
1781767320000,0.79941,0.79944,0.79933,0.79941
1781767380000,0.79941,0.79956,0.79939,0.79951
1781767440000,0.79954,0.79963,0.79953,0.79962
1781767500000,0.79963,0.79964,0.79952,0.79964
1781767560000,0.79963,0.79965,0.79941,0.79941
1781767620000,0.79941,0.7995,0.79934,0.79945
1781767680000,0.79946,0.7995,0.79931,0.79932
1781767740000,0.79931,0.79932,0.799,0.799
1781767800000,0.799,0.79949,0.79899,0.79942
1781767860000,0.79942,0.80004,0.79942,0.79987
1781767920000,0.79987,0.8002,0.79987,0.80019
1781767980000,0.80019,0.80058,0.80019,0.80047
1781768040000,0.80045,0.80074,0.80045,0.80055
1781768100000,0.80055,0.80055,0.80026,0.80051
1781768160000,0.80051,0.80053,0.80029,0.80031
1781768220000,0.8003,0.8003,0.80012,0.80013
1781768280000,0.80013,0.80022,0.80007,0.80016
1781768340000,0.80016,0.80023,0.80003,0.80003
1781768400000,0.80003,0.80015,0.79999,0.80005
1781768460000,0.80005,0.80016,0.79983,0.7999
1781768520000,0.79986,0.79995,0.79976,0.79976
1781768580000,0.79976,0.79976,0.79959,0.79971
1781768640000,0.79974,0.79976,0.79958,0.79958
1781768700000,0.79957,0.79958,0.79947,0.79947
1781768760000,0.79947,0.7995,0.7993,0.79931
1781768820000,0.79933,0.79933,0.79915,0.79928
1781768880000,0.79928,0.79941,0.79925,0.79928
1781768940000,0.79927,0.79941,0.79925,0.79941
1781769000000,0.7994,0.7995,0.79918,0.79919
1781769060000,0.79919,0.79944,0.79916,0.79939
1781769120000,0.79938,0.79944,0.79925,0.79929
1781769180000,0.79931,0.7994,0.79927,0.79936
1781769240000,0.79935,0.79966,0.79933,0.79951
1781769300000,0.7995,0.7995,0.79927,0.79943
1781769360000,0.79942,0.79966,0.79939,0.79954
1781769420000,0.79954,0.79986,0.79954,0.79978
1781769480000,0.79977,0.7999,0.79974,0.7999
1781769540000,0.79989,0.80004,0.79988,0.79995
1781769600000,0.79994,0.80019,0.79991,0.80018
1781769660000,0.80018,0.80018,0.80001,0.80006
1781769720000,0.80004,0.80008,0.79987,0.7999
1781769780000,0.79993,0.80011,0.79992,0.80004
1781769840000,0.80005,0.80007,0.79991,0.79997
1781769900000,0.79996,0.80002,0.79981,0.79996
1781769960000,0.79997,0.80027,0.79996,0.80014
1781770020000,0.80014,0.80017,0.80002,0.80005
1781770080000,0.80006,0.80017,0.80005,0.80011
1781770140000,0.8001,0.8001,0.79997,0.80006
1781770200000,0.80005,0.80025,0.80005,0.80019
1781770260000,0.80021,0.80035,0.80018,0.80035
1781770320000,0.80036,0.80036,0.80024,0.80027
1781770380000,0.80027,0.80053,0.80027,0.80046
1781770440000,0.80049,0.8006,0.80046,0.80056
1781770500000,0.80057,0.80068,0.80055,0.80063
1781770560000,0.80063,0.80071,0.80052,0.80061
1781770620000,0.80061,0.80068,0.80052,0.80066
1781770680000,0.80066,0.80076,0.80061,0.80073
1781770740000,0.80074,0.80074,0.80046,0.80064
1781770800000,0.80067,0.80082,0.80058,0.8006
1781770860000,0.80061,0.80079,0.8006,0.80079
1781770920000,0.80079,0.80098,0.80079,0.80095
1781770980000,0.80095,0.80099,0.80094,0.80099
1781771040000,0.801,0.80134,0.80098,0.8013
1781771100000,0.80129,0.80133,0.8011,0.8013
1781771160000,0.80128,0.8015,0.8012,0.80149
1781771220000,0.80151,0.80153,0.80138,0.8014
1781771280000,0.80137,0.8015,0.8013,0.8015
1781771340000,0.80149,0.80164,0.80146,0.80146
1781771400000,0.80148,0.80153,0.80143,0.80148
1781771460000,0.8015,0.80161,0.80148,0.80161
1781771520000,0.80161,0.80163,0.80133,0.80153
1781771580000,0.80152,0.80167,0.80152,0.80166
1781771640000,0.80164,0.80192,0.80164,0.80189
1781771700000,0.80189,0.80196,0.8017,0.80178
1781771760000,0.80179,0.80181,0.80165,0.80167
1781771820000,0.80168,0.80178,0.80168,0.80172
1781771880000,0.80173,0.80177,0.80168,0.80169
1781771940000,0.8017,0.80191,0.8017,0.80179
1781772000000,0.80181,0.80189,0.80178,0.80184
1781772060000,0.80183,0.80204,0.80182,0.80202
1781772120000,0.80203,0.80212,0.80192,0.80206
1781772180000,0.80207,0.80217,0.80207,0.80213
1781772240000,0.80212,0.80226,0.80212,0.80226
1781772300000,0.80223,0.80228,0.80222,0.80225
1781772360000,0.80224,0.80248,0.80224,0.80244
1781772420000,0.80244,0.80248,0.80236,0.80247
1781772480000,0.80247,0.8025,0.80244,0.80247
1781772540000,0.80247,0.8025,0.80242,0.80248
1781772600000,0.80248,0.80251,0.80238,0.80238
1781772660000,0.80238,0.80241,0.8021,0.80213
1781772720000,0.80214,0.80231,0.8021,0.80227
1781772780000,0.80228,0.80244,0.80225,0.80238
1781772840000,0.80239,0.80239,0.80229,0.80236
1781772900000,0.80237,0.80248,0.80237,0.80241
1781772960000,0.80241,0.80248,0.8024,0.80245
1781773020000,0.80244,0.80252,0.80242,0.80251
1781773080000,0.8025,0.80255,0.80248,0.80254
1781773140000,0.80254,0.80254,0.8024,0.80241
1781773200000,0.8024,0.80251,0.80236,0.80247
1781773260000,0.80247,0.80249,0.80215,0.80223
1781773320000,0.80224,0.80247,0.802,0.80239
1781773380000,0.80239,0.80242,0.80221,0.8024
1781773440000,0.80243,0.80249,0.80239,0.80241
1781773500000,0.80242,0.80242,0.80233,0.80242
1781773560000,0.80242,0.80259,0.80242,0.80258
1781773620000,0.80257,0.80261,0.8024,0.80243
1781773680000,0.80243,0.80247,0.80239,0.80241
1781773740000,0.80242,0.80251,0.80242,0.80245
1781773800000,0.80244,0.80252,0.80242,0.80248
1781773860000,0.80248,0.8026,0.80248,0.8025
1781773920000,0.80251,0.80266,0.80248,0.80249
1781773980000,0.80249,0.8026,0.80249,0.80253
1781774040000,0.80251,0.80258,0.80249,0.80254
1781774100000,0.80255,0.80256,0.80234,0.80234
1781774160000,0.80237,0.80248,0.80237,0.80239
1781774220000,0.8024,0.80241,0.80227,0.80234
1781774280000,0.80234,0.80245,0.80234,0.80241
1781774340000,0.80242,0.80244,0.80232,0.80235
1781774400000,0.80238,0.80245,0.80234,0.80243
1781774460000,0.80242,0.80243,0.80236,0.80237
1781774520000,0.80236,0.8024,0.80231,0.80235
1781774580000,0.80236,0.8024,0.80228,0.8023
1781774640000,0.80229,0.80243,0.80226,0.80243
1781774700000,0.80242,0.80246,0.80238,0.80245
1781774760000,0.80247,0.80258,0.80245,0.8025
1781774820000,0.80251,0.80259,0.80251,0.80258
1781774880000,0.80259,0.8026,0.80248,0.80257
1781774940000,0.80258,0.80258,0.80247,0.80249
1781775000000,0.8025,0.80253,0.80245,0.80246
1781775060000,0.80246,0.80255,0.80244,0.80251
1781775120000,0.80253,0.80258,0.80252,0.80256
1781775180000,0.80255,0.80256,0.80243,0.80245
1781775240000,0.80246,0.80246,0.80229,0.80237
1781775300000,0.80238,0.80241,0.80234,0.80236
1781775360000,0.80237,0.80248,0.80237,0.80248
1781775420000,0.80249,0.80249,0.80241,0.80242
1781775480000,0.80242,0.80244,0.80231,0.80234
1781775540000,0.80234,0.80234,0.80225,0.8023
1781775600000,0.80229,0.80229,0.80222,0.80227
1781775660000,0.80227,0.80228,0.80206,0.80206
1781775720000,0.80208,0.80219,0.80208,0.80219
1781775780000,0.80219,0.80233,0.80219,0.80227
1781775840000,0.80227,0.80233,0.80222,0.80228
1781775900000,0.80226,0.80232,0.80216,0.80232
1781775960000,0.80235,0.80239,0.80231,0.80239
1781776020000,0.8024,0.8024,0.80231,0.80238
1781776080000,0.80238,0.80239,0.80231,0.80237
1781776140000,0.80238,0.80238,0.80227,0.80229
1781776200000,0.8023,0.80246,0.80229,0.80244
1781776260000,0.80243,0.80248,0.8024,0.80247
1781776320000,0.80247,0.80247,0.80243,0.80244
1781776380000,0.80244,0.80253,0.80242,0.80253
1781776440000,0.80253,0.80279,0.80253,0.80263
1781776500000,0.80261,0.80262,0.80253,0.8026
1781776560000,0.80259,0.80266,0.80258,0.80262
1781776620000,0.80261,0.80261,0.80247,0.8026
1781776680000,0.80261,0.80261,0.8025,0.8025
1781776740000,0.80251,0.80257,0.80249,0.80255
1781776800000,0.80256,0.80271,0.80255,0.80271
1781776860000,0.80271,0.80296,0.80271,0.80294
1781776920000,0.80295,0.80297,0.80292,0.80294
1781776980000,0.80294,0.80296,0.80286,0.80295
1781777040000,0.80295,0.80295,0.80291,0.80295
1781777100000,0.80294,0.80328,0.80293,0.80328
1781777160000,0.80327,0.80352,0.80325,0.80343
1781777220000,0.80341,0.80373,0.80341,0.8037
1781777280000,0.80369,0.80381,0.8036,0.8037
1781777340000,0.8037,0.80395,0.80368,0.80388
1781777400000,0.80389,0.804,0.80378,0.80399
1781777460000,0.80399,0.80399,0.80374,0.80389
1781777520000,0.80387,0.80387,0.80374,0.80384
1781777580000,0.80384,0.80385,0.80317,0.80317
1781777640000,0.80318,0.80324,0.80311,0.80313
1781777700000,0.80312,0.80312,0.80293,0.80297
1781777760000,0.80295,0.80298,0.80282,0.80285
1781777820000,0.80287,0.80302,0.80285,0.80297
1781777880000,0.80297,0.80323,0.80297,0.80314
1781777940000,0.80313,0.80313,0.80273,0.80273
1781778000000,0.80275,0.80278,0.80259,0.80259
1781778060000,0.8026,0.8028,0.8026,0.80273
1781778120000,0.80274,0.80307,0.80271,0.80303
1781778180000,0.80303,0.80312,0.80302,0.80302
1781778240000,0.80303,0.80318,0.80301,0.80315
1781778300000,0.80314,0.80323,0.80295,0.80311
1781778360000,0.80312,0.80326,0.80312,0.80326
1781778420000,0.80325,0.80327,0.80285,0.8029
1781778480000,0.8029,0.80295,0.80286,0.80286
1781778540000,0.80286,0.80287,0.80272,0.80283
1781778600000,0.80283,0.80283,0.80268,0.8028
1781778660000,0.80282,0.8029,0.80276,0.8029
1781778720000,0.8029,0.8029,0.8028,0.80284
1781778780000,0.80285,0.80324,0.80285,0.80324
1781778840000,0.80325,0.80328,0.80315,0.80326
1781778900000,0.80326,0.80335,0.80326,0.80329
1781778960000,0.8033,0.80345,0.80324,0.80333
1781779020000,0.80335,0.80353,0.80332,0.80353
1781779080000,0.80352,0.80362,0.80343,0.80351
1781779140000,0.8035,0.80352,0.80326,0.80326
1781779200000,0.80327,0.80331,0.80313,0.80314
1781779260000,0.80314,0.80324,0.80311,0.80318
1781779320000,0.8032,0.80344,0.80319,0.80342
1781779380000,0.80339,0.80343,0.80337,0.80343
1781779440000,0.80342,0.80361,0.80338,0.80358
1781779500000,0.80359,0.80362,0.80344,0.80362
1781779560000,0.80363,0.80366,0.80349,0.80364
1781779620000,0.80363,0.80365,0.8035,0.80355
1781779680000,0.80354,0.80361,0.80349,0.80356
1781779740000,0.80358,0.80367,0.80357,0.80367
1781779800000,0.80366,0.80369,0.80351,0.80361
1781779860000,0.8036,0.80369,0.80359,0.80366
1781779920000,0.80366,0.80377,0.80362,0.80364
1781779980000,0.80365,0.80367,0.80358,0.80362
1781780040000,0.80363,0.80368,0.80359,0.80359
1781780100000,0.80359,0.80359,0.8035,0.80353
1781780160000,0.80354,0.8036,0.80346,0.80355
1781780220000,0.80356,0.80361,0.80353,0.80359
1781780280000,0.8036,0.80377,0.80358,0.80376
1781780340000,0.80375,0.80376,0.80373,0.80375
1781780400000,0.80374,0.80374,0.80362,0.80363
1781780460000,0.80365,0.80369,0.80358,0.80359
1781780520000,0.80357,0.80371,0.80349,0.8037
1781780580000,0.8037,0.8038,0.80368,0.8037
1781780640000,0.80372,0.80381,0.80372,0.80381
1781780700000,0.8038,0.80381,0.80367,0.80367
1781780760000,0.80366,0.8037,0.80354,0.80358
1781780820000,0.80357,0.80365,0.80336,0.80341
1781780880000,0.80343,0.80351,0.80343,0.80347
1781780940000,0.80346,0.8037,0.80332,0.80353
1781781000000,0.80353,0.80369,0.80351,0.80368
1781781060000,0.80369,0.80385,0.80368,0.80385
1781781120000,0.80386,0.80388,0.80375,0.80383
1781781180000,0.80381,0.80402,0.8038,0.80398
1781781240000,0.80399,0.80413,0.8039,0.80392
1781781300000,0.80391,0.80397,0.80376,0.80395
1781781360000,0.80393,0.80406,0.80386,0.80405
1781781420000,0.80407,0.80418,0.80407,0.80417
1781781480000,0.8042,0.8044,0.80417,0.80434
1781781540000,0.80433,0.80458,0.80433,0.80447
1781781600000,0.80447,0.80464,0.80446,0.80453
1781781660000,0.80453,0.80457,0.80439,0.80448
1781781720000,0.80449,0.8045,0.80434,0.8044
1781781780000,0.8044,0.8044,0.80414,0.8042
1781781840000,0.8042,0.80423,0.8039,0.80391
1781781900000,0.80391,0.80405,0.80385,0.804
1781781960000,0.80402,0.80409,0.80389,0.80391
1781782020000,0.80391,0.80423,0.8039,0.80418
1781782080000,0.80418,0.80422,0.80411,0.80421
1781782140000,0.80423,0.80424,0.80404,0.80405
1781782200000,0.80405,0.80415,0.80401,0.80401
1781782260000,0.80399,0.80407,0.80384,0.80385
1781782320000,0.80386,0.80394,0.8038,0.8038
1781782380000,0.8038,0.80392,0.80377,0.80381
1781782440000,0.8038,0.80385,0.80369,0.80379
1781782500000,0.80379,0.80389,0.80378,0.80384
1781782560000,0.80384,0.80388,0.80379,0.80387
1781782620000,0.80388,0.80398,0.8038,0.80381
1781782680000,0.8038,0.80395,0.80377,0.80385
1781782740000,0.80386,0.80393,0.80371,0.80391
1781782800000,0.80393,0.80415,0.80393,0.80406
1781782860000,0.80408,0.80426,0.80408,0.80426
1781782920000,0.80426,0.80427,0.80419,0.80425
1781782980000,0.80424,0.80424,0.80417,0.80424
1781783040000,0.80423,0.80423,0.80413,0.8042
1781783100000,0.80422,0.80426,0.80418,0.80419
1781783160000,0.8042,0.80434,0.80415,0.80433
1781783220000,0.80433,0.8044,0.80426,0.80439
1781783280000,0.80436,0.80436,0.80428,0.80435
1781783340000,0.80436,0.80438,0.80431,0.80435
1781783400000,0.80434,0.80456,0.80434,0.80449
1781783460000,0.80449,0.8046,0.80449,0.80459
1781783520000,0.80459,0.80462,0.80448,0.80462
1781783580000,0.80462,0.80469,0.80458,0.80458
1781783640000,0.80457,0.80468,0.80457,0.80463
1781783700000,0.80462,0.80479,0.80459,0.80471
1781783760000,0.80472,0.80473,0.80458,0.80459
1781783820000,0.80457,0.80468,0.80451,0.80468
1781783880000,0.80468,0.80472,0.80466,0.80467
1781783940000,0.80468,0.80471,0.80462,0.80467
1781784000000,0.80469,0.80477,0.80467,0.8047
1781784060000,0.80469,0.80479,0.80468,0.80478
1781784120000,0.80478,0.80496,0.80478,0.80491
1781784180000,0.80489,0.80489,0.80463,0.80471
1781784240000,0.80469,0.80469,0.80449,0.80456
1781784300000,0.80458,0.80462,0.80453,0.80458
1781784360000,0.80457,0.80461,0.80449,0.8045
1781784420000,0.80449,0.80451,0.80437,0.80439
1781784480000,0.8044,0.80441,0.80426,0.80436
1781784540000,0.80436,0.80442,0.80418,0.80423
1781784600000,0.80422,0.80424,0.80405,0.80411
1781784660000,0.8041,0.80413,0.80389,0.80391
1781784720000,0.80391,0.804,0.80374,0.80377
1781784780000,0.80377,0.80384,0.80369,0.80373
1781784840000,0.80373,0.80375,0.80356,0.80366
1781784900000,0.80367,0.80372,0.80356,0.8036
1781784960000,0.80359,0.80399,0.80358,0.80399
1781785020000,0.804,0.80404,0.80385,0.80385
1781785080000,0.80386,0.80386,0.80368,0.80371
1781785140000,0.80372,0.8038,0.80362,0.80366
1781785200000,0.80368,0.80371,0.80321,0.80324
1781785260000,0.80325,0.80331,0.80284,0.80305
1781785320000,0.80305,0.80333,0.8029,0.8033
1781785380000,0.80329,0.80334,0.80315,0.80324
1781785440000,0.80324,0.80326,0.80304,0.80309
1781785500000,0.80309,0.80312,0.80282,0.80299
1781785560000,0.80302,0.80336,0.80302,0.80331
1781785620000,0.80334,0.80372,0.80334,0.80372
1781785680000,0.80372,0.80372,0.80354,0.80356
1781785740000,0.80356,0.80356,0.80336,0.80338
1781785800000,0.80338,0.80364,0.80332,0.80356
1781785860000,0.80356,0.80363,0.80332,0.80339
1781785920000,0.80338,0.80351,0.80338,0.80348
1781785980000,0.80349,0.80358,0.80344,0.80352
1781786040000,0.80353,0.80373,0.8035,0.80366
1781786100000,0.80364,0.80366,0.80353,0.80353
1781786160000,0.80356,0.80367,0.80354,0.80366
1781786220000,0.80365,0.80376,0.80362,0.80375
1781786280000,0.80376,0.80385,0.80366,0.80377
1781786340000,0.80378,0.80398,0.80378,0.80397
1781786400000,0.80396,0.80396,0.80384,0.80392
1781786460000,0.80392,0.80394,0.80379,0.80385
1781786520000,0.80383,0.80384,0.80354,0.80364
1781786580000,0.80365,0.80376,0.80364,0.80372
1781786640000,0.80372,0.80408,0.80368,0.80401
1781786700000,0.804,0.80402,0.80374,0.80389
1781786760000,0.8039,0.80399,0.80379,0.80381
1781786820000,0.80385,0.80388,0.80379,0.80387
1781786880000,0.80386,0.80389,0.80374,0.80379
1781786940000,0.80379,0.80382,0.80368,0.80371
1781787000000,0.80372,0.80375,0.80361,0.80364
1781787060000,0.80363,0.80363,0.80343,0.80343
1781787120000,0.80342,0.80365,0.80342,0.80349
1781787180000,0.80348,0.80369,0.80346,0.80359
1781787240000,0.8036,0.80373,0.80359,0.80367
1781787300000,0.80367,0.80367,0.80352,0.80361
1781787360000,0.80363,0.80387,0.80363,0.80385
1781787420000,0.80386,0.80392,0.80358,0.80365
1781787480000,0.80366,0.80371,0.80357,0.80363
1781787540000,0.80362,0.80371,0.80357,0.80362
1781787600000,0.80363,0.80371,0.80348,0.80371
1781787660000,0.80371,0.8038,0.80361,0.80367
1781787720000,0.80367,0.80379,0.80357,0.80371
1781787780000,0.80371,0.80385,0.80357,0.80382
1781787840000,0.80381,0.80394,0.80377,0.80391
1781787900000,0.80392,0.80394,0.80386,0.80388
1781787960000,0.80389,0.80391,0.8037,0.80388
1781788020000,0.8039,0.80408,0.80388,0.80406
1781788080000,0.80406,0.80409,0.80396,0.80397
1781788140000,0.80396,0.80396,0.80369,0.80384
1781788200000,0.80382,0.80383,0.80359,0.80364
1781788260000,0.80363,0.80369,0.80356,0.80361
1781788320000,0.80363,0.80379,0.80362,0.80372
1781788380000,0.80372,0.8038,0.80367,0.80371
1781788440000,0.8037,0.80374,0.80351,0.80352
1781788500000,0.80354,0.80368,0.80344,0.80366
1781788560000,0.80367,0.80408,0.80366,0.80405
1781788620000,0.80405,0.8043,0.80405,0.80417
1781788680000,0.80416,0.80418,0.80407,0.80408
1781788740000,0.8041,0.80411,0.80391,0.80403
1781788800000,0.80403,0.80437,0.80402,0.80437
1781788860000,0.80436,0.80448,0.80435,0.80444
1781788920000,0.80444,0.80444,0.80427,0.80431
1781788980000,0.80432,0.80442,0.80423,0.80423
1781789040000,0.80424,0.80424,0.8041,0.8042
1781789100000,0.80419,0.80428,0.80401,0.80426
1781789160000,0.80426,0.80426,0.80411,0.80426
1781789220000,0.80425,0.80425,0.80402,0.80404
1781789280000,0.80407,0.80408,0.80368,0.80368
1781789340000,0.80368,0.8038,0.80362,0.80362
1781789400000,0.80363,0.80363,0.80337,0.80347
1781789460000,0.80347,0.80356,0.80325,0.80326
1781789520000,0.80329,0.80333,0.80312,0.80312
1781789580000,0.80313,0.80326,0.803,0.80325
1781789640000,0.80326,0.80331,0.80299,0.80305
1781789700000,0.80309,0.80315,0.80293,0.80297
1781789760000,0.80295,0.80304,0.80283,0.80304
1781789820000,0.80304,0.80304,0.80286,0.80293
1781789880000,0.80293,0.80302,0.80283,0.80283
1781789940000,0.80283,0.80293,0.80252,0.80259
1781790000000,0.80259,0.80287,0.80259,0.80286
1781790060000,0.8029,0.8029,0.80262,0.80266
1781790120000,0.80266,0.80273,0.8026,0.80262
1781790180000,0.80261,0.80295,0.8026,0.80291
1781790240000,0.8029,0.80306,0.80277,0.80301
1781790300000,0.80302,0.80329,0.80302,0.80316
1781790360000,0.80317,0.80331,0.80314,0.80316
1781790420000,0.80315,0.80327,0.80313,0.8032
1781790480000,0.80318,0.80329,0.80302,0.80328
1781790540000,0.80329,0.80341,0.80308,0.80316
1781790600000,0.80317,0.80333,0.80314,0.80327
1781790660000,0.80326,0.80331,0.80311,0.80315
1781790720000,0.80317,0.80331,0.80317,0.80322
1781790780000,0.80321,0.80335,0.80318,0.80333
1781790840000,0.80335,0.80346,0.80328,0.80343
1781790900000,0.80344,0.80345,0.80329,0.80342
1781790960000,0.80338,0.80343,0.8032,0.80327
1781791020000,0.80328,0.80338,0.80328,0.80335
1781791080000,0.80333,0.80338,0.80325,0.80325
1781791140000,0.80326,0.80342,0.80326,0.80331
1781791200000,0.80332,0.80352,0.80329,0.80331
1781791260000,0.80332,0.80347,0.80321,0.80343
1781791320000,0.80341,0.80345,0.80333,0.80336
1781791380000,0.80338,0.80338,0.8032,0.80323
1781791440000,0.80322,0.80338,0.80322,0.80333
1781791500000,0.80333,0.80337,0.8032,0.80321
1781791560000,0.80322,0.80327,0.80304,0.80306
1781791620000,0.80306,0.80318,0.80302,0.80303
1781791680000,0.80304,0.80324,0.80304,0.80316
1781791740000,0.80316,0.80317,0.80298,0.80305
1781791800000,0.80304,0.80337,0.80303,0.8033
1781791860000,0.80331,0.80352,0.80324,0.80352
1781791920000,0.80352,0.80378,0.80351,0.80366
1781791980000,0.80366,0.80371,0.80357,0.80364
1781792040000,0.8036,0.80362,0.80342,0.80348
1781792100000,0.80348,0.80371,0.80346,0.80369
1781792160000,0.80371,0.80371,0.80344,0.80345
1781792220000,0.80345,0.80351,0.80323,0.80324
1781792280000,0.80324,0.80331,0.80313,0.80319
1781792340000,0.80317,0.80317,0.8031,0.8031
1781792400000,0.8031,0.80317,0.80299,0.80301
1781792460000,0.80302,0.80302,0.80274,0.80275
1781792520000,0.80275,0.80299,0.80269,0.80299
1781792580000,0.80298,0.80301,0.80277,0.80283
1781792640000,0.80282,0.80287,0.80275,0.80277
1781792700000,0.80278,0.8028,0.80271,0.80274
1781792760000,0.80274,0.80291,0.80269,0.8029
1781792820000,0.8029,0.80293,0.80279,0.80285
1781792880000,0.80286,0.80302,0.8028,0.80296
1781792940000,0.80299,0.80307,0.80295,0.80298
1781793000000,0.80298,0.80321,0.80289,0.80319
1781793060000,0.8032,0.80327,0.80309,0.80326
1781793120000,0.80325,0.80327,0.80312,0.80322
1781793180000,0.80323,0.80323,0.80314,0.80321
1781793240000,0.80322,0.8033,0.80312,0.80313
1781793300000,0.80311,0.8032,0.80307,0.80315
1781793360000,0.80317,0.80322,0.80301,0.80313
1781793420000,0.80313,0.80316,0.80306,0.80311
1781793480000,0.80312,0.80332,0.8031,0.80329
1781793540000,0.8033,0.8033,0.80307,0.80311
1781793600000,0.80311,0.80313,0.80303,0.80311
1781793660000,0.80309,0.80316,0.803,0.8031
1781793720000,0.8031,0.80314,0.80302,0.80302
1781793780000,0.80301,0.80305,0.80296,0.80301
1781793840000,0.80301,0.80306,0.80294,0.80305
1781793900000,0.80306,0.80307,0.80271,0.80281
1781793960000,0.80282,0.80289,0.8027,0.80277
1781794020000,0.80276,0.80292,0.80276,0.80292
1781794080000,0.80293,0.80295,0.80287,0.80292
1781794140000,0.80291,0.80296,0.80271,0.80276
1781794200000,0.80275,0.80279,0.80264,0.80268
1781794260000,0.8027,0.80285,0.80256,0.80256
1781794320000,0.80258,0.80282,0.80258,0.8028
1781794380000,0.80281,0.80281,0.80265,0.80267
1781794440000,0.80266,0.80268,0.80241,0.80241
1781794500000,0.80243,0.80261,0.80242,0.80257
1781794560000,0.80257,0.80258,0.80241,0.80242
1781794620000,0.80243,0.80247,0.80217,0.80217
1781794680000,0.80218,0.80231,0.80211,0.80215
1781794740000,0.80216,0.80234,0.80216,0.80223
1781794800000,0.80223,0.80223,0.80206,0.80209
1781794860000,0.80209,0.80241,0.80209,0.80237
1781794920000,0.80235,0.80245,0.80223,0.80237
1781794980000,0.80235,0.80263,0.80234,0.80256
1781795040000,0.80255,0.8026,0.80248,0.80258
1781795100000,0.80259,0.80265,0.80247,0.8026
1781795160000,0.80259,0.80286,0.80245,0.80284
1781795220000,0.80284,0.80288,0.80271,0.80285
1781795280000,0.80285,0.80288,0.80274,0.80277
1781795340000,0.80276,0.80287,0.80274,0.80286
1781795400000,0.80284,0.80287,0.80278,0.80279
1781795460000,0.80278,0.80287,0.80274,0.80278
1781795520000,0.80279,0.80284,0.80277,0.80277
1781795580000,0.80277,0.80286,0.80268,0.80286
1781795640000,0.80285,0.80306,0.80281,0.80304
1781795700000,0.80304,0.80304,0.80286,0.80286
1781795760000,0.80287,0.80298,0.80286,0.80297
1781795820000,0.80297,0.80304,0.80297,0.80297
1781795880000,0.80296,0.80302,0.8029,0.80293
1781795940000,0.80293,0.80294,0.80287,0.80288
1781796000000,0.80287,0.8029,0.80279,0.8029
1781796060000,0.8029,0.8029,0.80265,0.80265
1781796120000,0.80267,0.80284,0.80265,0.80281
1781796180000,0.80281,0.80287,0.80279,0.80285
1781796240000,0.80284,0.80307,0.80284,0.80304
1781796300000,0.80304,0.80321,0.80301,0.80321
1781796360000,0.80319,0.80323,0.80311,0.80318
1781796420000,0.80316,0.80328,0.8031,0.80314
1781796480000,0.80314,0.8032,0.80311,0.8032
1781796540000,0.8032,0.8032,0.80309,0.80314
1781796600000,0.80315,0.80322,0.80306,0.8031
1781796660000,0.80311,0.80327,0.80311,0.8032
1781796720000,0.80321,0.80331,0.80318,0.8033
1781796780000,0.80329,0.80343,0.80328,0.8034
1781796840000,0.8034,0.80341,0.80327,0.80328
1781796900000,0.80328,0.80342,0.80321,0.80326
1781796960000,0.80326,0.80332,0.80311,0.80327
1781797020000,0.80326,0.80333,0.80324,0.8033
1781797080000,0.80329,0.80365,0.80329,0.80365
1781797140000,0.80364,0.80368,0.80356,0.80368
1781797200000,0.80368,0.80371,0.80346,0.80348
1781797260000,0.80347,0.80348,0.80338,0.80344
1781797320000,0.80345,0.80357,0.80345,0.80352
1781797380000,0.80351,0.80357,0.80347,0.80348
1781797440000,0.80349,0.8035,0.80338,0.80348
1781797500000,0.80348,0.80353,0.80347,0.80348
1781797560000,0.8035,0.80355,0.80342,0.80346
1781797620000,0.80347,0.80355,0.80346,0.80347
1781797680000,0.80348,0.80353,0.80345,0.80348
1781797740000,0.80347,0.80347,0.8034,0.8034
1781797800000,0.8034,0.80346,0.80335,0.80345
1781797860000,0.80346,0.80351,0.80342,0.80349
1781797920000,0.8035,0.8035,0.80337,0.80343
1781797980000,0.80344,0.80349,0.80341,0.80348
1781798040000,0.80349,0.80385,0.80349,0.80385
1781798100000,0.80384,0.80385,0.80374,0.80377
1781798160000,0.80378,0.80387,0.80374,0.80383
1781798220000,0.80385,0.80385,0.80373,0.80373
1781798280000,0.80374,0.80377,0.80365,0.80375
1781798340000,0.80375,0.80402,0.80374,0.80401
1781798400000,0.804,0.80402,0.80372,0.80382
1781798460000,0.80383,0.80401,0.80383,0.80401
1781798520000,0.804,0.80421,0.80398,0.80418
1781798580000,0.80417,0.80429,0.80417,0.80424
1781798640000,0.80424,0.80432,0.80416,0.80429
1781798700000,0.8043,0.80431,0.80417,0.80429
1781798760000,0.8043,0.80433,0.80409,0.80427
1781798820000,0.80427,0.80436,0.80427,0.80427
1781798880000,0.80426,0.80428,0.80417,0.80427
1781798940000,0.80428,0.80431,0.8041,0.80411
1781799000000,0.80412,0.80418,0.8041,0.80416
1781799060000,0.80416,0.80417,0.80401,0.80411
1781799120000,0.80412,0.80418,0.80407,0.80418
1781799180000,0.80418,0.8044,0.80415,0.8044
1781799240000,0.80439,0.80439,0.80428,0.80436
1781799300000,0.80434,0.80446,0.80432,0.80444
1781799360000,0.80446,0.80459,0.80445,0.80452
1781799420000,0.80451,0.80463,0.80449,0.80461
1781799480000,0.80461,0.80467,0.80458,0.80465
1781799540000,0.80464,0.80466,0.80456,0.80456
1781799600000,0.80456,0.8046,0.80448,0.80456
1781799660000,0.80457,0.80461,0.80453,0.80458
1781799720000,0.80459,0.80465,0.80459,0.80464
1781799780000,0.80464,0.80469,0.80454,0.80454
1781799840000,0.80453,0.80454,0.80432,0.80434
1781799900000,0.8043,0.8043,0.80413,0.80423
1781799960000,0.80422,0.80423,0.80412,0.80421
1781800020000,0.80422,0.80422,0.8041,0.80413
1781800080000,0.80411,0.80418,0.80411,0.80416
1781800140000,0.80416,0.80421,0.80412,0.8042
1781800200000,0.80422,0.80428,0.80418,0.80427
1781800260000,0.80427,0.80427,0.80417,0.80419
1781800320000,0.80419,0.80429,0.80418,0.80427
1781800380000,0.80429,0.80446,0.80429,0.80442
1781800440000,0.80441,0.80442,0.80432,0.80442
1781800500000,0.80441,0.80448,0.80437,0.80447
1781800560000,0.80448,0.80465,0.80446,0.80463
1781800620000,0.80462,0.80462,0.80429,0.80429
1781800680000,0.8043,0.80444,0.80427,0.80441
1781800740000,0.80441,0.80441,0.8043,0.80432
1781800800000,0.80432,0.80433,0.80422,0.80429
1781800860000,0.80427,0.80438,0.80427,0.80437
1781800920000,0.80437,0.80446,0.80436,0.80441
1781800980000,0.80441,0.80443,0.80436,0.80441
1781801040000,0.80439,0.80439,0.80434,0.80435
1781801100000,0.80435,0.80438,0.80433,0.80433
1781801160000,0.80434,0.80439,0.80432,0.80435
1781801220000,0.80435,0.80442,0.80432,0.80438
1781801280000,0.80437,0.80461,0.80437,0.8046
1781801340000,0.80461,0.80463,0.80452,0.80462
1781801400000,0.80462,0.80478,0.80462,0.80476
1781801460000,0.80474,0.80481,0.80464,0.8048
1781801520000,0.80479,0.80482,0.80469,0.8047
1781801580000,0.8047,0.80473,0.80462,0.80469
1781801640000,0.80471,0.80475,0.80467,0.8047
1781801700000,0.8047,0.80476,0.8047,0.80474
1781801760000,0.80473,0.80477,0.8047,0.80477
1781801820000,0.80477,0.80483,0.80471,0.80476
1781801880000,0.80475,0.80477,0.80457,0.80457
1781801940000,0.80455,0.80459,0.80446,0.80449
1781802000000,0.80449,0.80463,0.80448,0.80453
1781802060000,0.80452,0.80459,0.80451,0.80459
1781802120000,0.80458,0.80458,0.80436,0.80438
1781802180000,0.80439,0.80447,0.80439,0.80444
1781802240000,0.80444,0.80448,0.80428,0.80428
1781802300000,0.8043,0.80431,0.80424,0.80427
1781802360000,0.80427,0.80439,0.80423,0.80436
1781802420000,0.80435,0.8044,0.80435,0.80439
1781802480000,0.80439,0.80439,0.80432,0.80435
1781802540000,0.80434,0.80435,0.80431,0.80434
1781802600000,0.80433,0.80435,0.80428,0.80435
1781802660000,0.80435,0.80438,0.80429,0.80429
1781802720000,0.80428,0.80429,0.80417,0.80419
1781802780000,0.80418,0.80419,0.80416,0.80418
1781802840000,0.80417,0.80431,0.80416,0.8043
1781802900000,0.80429,0.80433,0.80424,0.80425
1781802960000,0.80426,0.80426,0.80421,0.80424
1781803020000,0.80424,0.80427,0.80412,0.80413
1781803080000,0.80414,0.80417,0.80409,0.80409
1781803140000,0.8041,0.80414,0.8041,0.80412
1781803200000,0.8041,0.80412,0.80405,0.80412
1781803260000,0.80413,0.80417,0.80411,0.80413
1781803320000,0.80414,0.80423,0.8041,0.80418
1781803380000,0.80419,0.80426,0.80418,0.80422
1781803440000,0.80422,0.80422,0.80411,0.80418
1781803500000,0.80417,0.80421,0.80415,0.80421
1781803560000,0.80422,0.80425,0.80421,0.80424
1781803620000,0.80425,0.80428,0.80423,0.80423
1781803680000,0.80422,0.80428,0.80416,0.80428
1781803740000,0.80428,0.80428,0.80422,0.80427
1781803800000,0.80427,0.80434,0.80427,0.80434
1781803860000,0.80435,0.80436,0.80433,0.80435
1781803920000,0.80435,0.80437,0.80427,0.80427
1781803980000,0.80427,0.80444,0.80427,0.80444
1781804040000,0.80443,0.80457,0.80436,0.80457
1781804100000,0.80456,0.80462,0.80452,0.80462
1781804160000,0.80463,0.80464,0.80456,0.80461
1781804220000,0.80462,0.80463,0.80456,0.80458
1781804280000,0.80457,0.80462,0.80457,0.80458
1781804340000,0.80457,0.80473,0.80456,0.80472
1781804400000,0.80471,0.80473,0.80458,0.80461
1781804460000,0.80464,0.80472,0.80461,0.80472
1781804520000,0.80473,0.80476,0.80468,0.80476
1781804580000,0.80476,0.80478,0.80473,0.80478
1781804640000,0.80477,0.80479,0.80467,0.80472
1781804700000,0.80473,0.80482,0.80473,0.80482
1781804760000,0.80481,0.80485,0.8048,0.8048
1781804820000,0.80479,0.80485,0.80478,0.80483
1781804880000,0.80483,0.80483,0.80472,0.80481
1781804940000,0.8048,0.80483,0.8048,0.80481
1781805000000,0.80482,0.80485,0.80479,0.80479
1781805060000,0.80481,0.80484,0.8048,0.80483
1781805120000,0.80481,0.80481,0.80475,0.80476
1781805180000,0.80477,0.80479,0.80472,0.80473
1781805240000,0.80474,0.80486,0.80474,0.80486
1781805300000,0.80485,0.80487,0.80483,0.80486
1781805360000,0.80486,0.80487,0.80482,0.80486
1781805420000,0.80487,0.80488,0.80484,0.80485
1781805480000,0.80485,0.80485,0.80483,0.80484
1781805540000,0.80484,0.80488,0.80484,0.80486
1781805600000,0.80487,0.80496,0.80485,0.80492
1781805660000,0.80491,0.80498,0.80491,0.80496
1781805720000,0.80496,0.80518,0.80494,0.80512
1781805780000,0.80511,0.80514,0.8051,0.80513
1781805840000,0.80513,0.80513,0.80501,0.80502
1781805900000,0.805,0.805,0.80477,0.80481
1781805960000,0.8048,0.80498,0.8048,0.80498
1781806020000,0.80499,0.80499,0.80491,0.80491
1781806080000,0.8049,0.8049,0.80481,0.80483
1781806140000,0.80483,0.80487,0.8048,0.8048
1781806200000,0.80478,0.80486,0.80474,0.80476
1781806260000,0.80477,0.80478,0.80473,0.80478
1781806320000,0.80477,0.80481,0.80477,0.80481
1781806380000,0.80482,0.80484,0.80479,0.8048
1781806440000,0.80479,0.80479,0.80472,0.80475
1781806500000,0.80476,0.80482,0.80476,0.8048
1781806560000,0.80478,0.80483,0.80478,0.80483
1781806620000,0.80484,0.80497,0.80484,0.80488
1781806680000,0.80489,0.80491,0.80481,0.80481
1781806740000,0.8048,0.80485,0.80479,0.80484
1781806800000,0.80486,0.80489,0.80484,0.80488
1781806860000,0.80487,0.80487,0.80479,0.80481
1781806920000,0.80479,0.8048,0.80472,0.80478
1781806980000,0.80478,0.80481,0.80475,0.80475
1781807040000,0.80475,0.80482,0.80475,0.80481
1781807100000,0.80481,0.80481,0.80464,0.80464
1781807160000,0.80465,0.80476,0.80465,0.80475
1781807220000,0.80476,0.80484,0.80471,0.80473
1781807280000,0.80474,0.8049,0.80473,0.80487
1781807340000,0.80486,0.80491,0.80484,0.80487
1781807400000,0.80489,0.80498,0.80484,0.80484
1781807460000,0.80484,0.80488,0.8048,0.80483
1781807520000,0.80484,0.80492,0.80481,0.80489
1781807580000,0.8049,0.80492,0.80486,0.80486
1781807640000,0.80488,0.80488,0.80484,0.80487
1781807700000,0.80486,0.80486,0.80482,0.80484
1781807760000,0.80484,0.80492,0.80483,0.80491
1781807820000,0.8049,0.80492,0.80482,0.80482
1781807880000,0.80483,0.80485,0.80481,0.80482
1781807940000,0.80482,0.80484,0.8048,0.80482
1781808000000,0.80483,0.80485,0.80479,0.80481
1781808060000,0.80482,0.80482,0.80472,0.80474
1781808120000,0.80474,0.80476,0.8047,0.80476
1781808180000,0.80476,0.80478,0.80474,0.80475
1781808240000,0.80475,0.80476,0.80472,0.80474
1781808300000,0.80474,0.80476,0.8047,0.80475
1781808360000,0.80473,0.80475,0.80466,0.80475
1781808420000,0.80475,0.80481,0.80475,0.8048
1781808480000,0.8048,0.80498,0.80478,0.80498
1781808540000,0.805,0.8051,0.80494,0.80495
1781808600000,0.80497,0.80501,0.80493,0.80498
1781808660000,0.80498,0.80501,0.80494,0.80495
1781808720000,0.80496,0.80499,0.8049,0.80498
1781808780000,0.80498,0.80508,0.80495,0.80504
1781808840000,0.80504,0.80514,0.80501,0.80514
1781808900000,0.80513,0.80513,0.80495,0.80497
1781808960000,0.80497,0.80505,0.80495,0.805
1781809020000,0.80501,0.80515,0.805,0.80512
1781809080000,0.80511,0.80511,0.80502,0.80504
1781809140000,0.80503,0.80512,0.80489,0.80509
1781809200000,0.80508,0.80517,0.80504,0.80508
1781809260000,0.80509,0.80528,0.80507,0.80528
1781809320000,0.80527,0.80535,0.80521,0.80535
1781809380000,0.80534,0.80542,0.8053,0.8054
1781809440000,0.80539,0.8055,0.80537,0.8055
1781809500000,0.80551,0.80554,0.80542,0.80544
1781809560000,0.80543,0.80547,0.80535,0.80535
1781809620000,0.80536,0.80539,0.80533,0.80537
1781809680000,0.80537,0.80541,0.80532,0.80536
1781809740000,0.80537,0.80538,0.80531,0.80534
1781809800000,0.80534,0.80537,0.80532,0.80536
1781809860000,0.80537,0.80545,0.80536,0.80545
1781809920000,0.80546,0.80552,0.80545,0.80548
1781809980000,0.80546,0.80548,0.80535,0.80538
1781810040000,0.80538,0.80541,0.80532,0.80536
1781810100000,0.80535,0.80541,0.80535,0.80538
1781810160000,0.80538,0.80584,0.80538,0.80576
1781810220000,0.80578,0.8058,0.80565,0.80578
1781810280000,0.80577,0.80598,0.80575,0.80597
1781810340000,0.80597,0.80597,0.80565,0.80569
1781810400000,0.80568,0.80587,0.80568,0.80586
1781810460000,0.80585,0.80603,0.80585,0.80591
1781810520000,0.80588,0.80588,0.80579,0.8058
1781810580000,0.8058,0.80608,0.8058,0.80606
1781810640000,0.80606,0.8061,0.80602,0.80604
1781810700000,0.80604,0.80609,0.80601,0.80608
1781810760000,0.80608,0.80617,0.80607,0.80615
1781810820000,0.80616,0.80617,0.80603,0.80603
1781810880000,0.80605,0.80605,0.80595,0.80596
1781810940000,0.80598,0.80598,0.80589,0.80591
1781811000000,0.80591,0.80592,0.80549,0.80572
1781811060000,0.80573,0.80579,0.80569,0.80571
1781811120000,0.80571,0.8058,0.80569,0.80579
1781811180000,0.80577,0.80589,0.80572,0.80579
1781811240000,0.80581,0.80586,0.80577,0.80577
1781811300000,0.80576,0.80576,0.80564,0.80571
1781811360000,0.80571,0.80571,0.8056,0.8057
1781811420000,0.80569,0.80573,0.80565,0.80566
1781811480000,0.80568,0.80576,0.80564,0.80569
1781811540000,0.80569,0.8057,0.80556,0.80556
1781811600000,0.80558,0.80558,0.80523,0.80544
1781811660000,0.80545,0.80545,0.80525,0.80535
1781811720000,0.80536,0.80539,0.80527,0.80531
1781811780000,0.8053,0.80533,0.8052,0.80521
1781811840000,0.8052,0.80522,0.80516,0.80521
1781811900000,0.80521,0.80522,0.80509,0.80513
1781811960000,0.80513,0.80513,0.80495,0.80508
1781812020000,0.80507,0.80507,0.805,0.80504
1781812080000,0.80504,0.80504,0.805,0.805
1781812140000,0.80501,0.80501,0.80483,0.80487
1781812200000,0.80487,0.80494,0.80472,0.80475
1781812260000,0.80476,0.80478,0.80465,0.80469
1781812320000,0.8047,0.80473,0.80452,0.80452
1781812380000,0.80451,0.80466,0.8045,0.80454
1781812440000,0.80456,0.80467,0.80452,0.80456
1781812500000,0.80456,0.8047,0.80455,0.80466
1781812560000,0.80467,0.80483,0.80463,0.80478
1781812620000,0.80476,0.80482,0.80474,0.80476
1781812680000,0.80477,0.80482,0.80475,0.80476
1781812740000,0.80475,0.80482,0.80475,0.80479
1781812800000,0.80478,0.80496,0.80475,0.80496
1781812860000,0.80495,0.80495,0.80484,0.80486
1781812920000,0.80486,0.80486,0.80468,0.80469
1781812980000,0.80469,0.80469,0.80459,0.80459
1781813040000,0.80458,0.80462,0.80446,0.80446
1781813100000,0.80446,0.80449,0.80442,0.80443
1781813160000,0.80442,0.80449,0.80442,0.80446
1781813220000,0.80448,0.80456,0.80446,0.80446
1781813280000,0.80446,0.80447,0.80443,0.80443
1781813340000,0.80444,0.80447,0.80437,0.80437
1781813400000,0.80437,0.80437,0.80434,0.80434
1781813460000,0.80435,0.80435,0.80415,0.80418
1781813520000,0.80417,0.8042,0.80413,0.80413
1781813580000,0.80414,0.80414,0.80404,0.80408
1781813640000,0.80407,0.80422,0.80399,0.80399
1781813700000,0.804,0.80403,0.80397,0.80402
1781813760000,0.80402,0.80402,0.80391,0.80399
1781813820000,0.80399,0.80403,0.80399,0.80403
1781813880000,0.80402,0.80402,0.80398,0.80398
1781813940000,0.80399,0.80403,0.80393,0.80401
1781814000000,0.80402,0.80412,0.804,0.80412
1781814060000,0.80409,0.80409,0.80398,0.80398
1781814120000,0.80399,0.80404,0.80399,0.80404
1781814180000,0.80405,0.80408,0.80405,0.80408
1781814240000,0.8041,0.8042,0.8041,0.8042
1781814300000,0.80421,0.80423,0.80419,0.80421
1781814360000,0.80421,0.80428,0.80421,0.80424
1781814420000,0.80424,0.80424,0.80421,0.80423
1781814480000,0.80422,0.80422,0.80417,0.80417
1781814540000,0.80418,0.80418,0.80411,0.80412
1781814600000,0.80411,0.80411,0.80388,0.80395
1781814660000,0.80398,0.80403,0.80396,0.80403
1781814720000,0.80404,0.80412,0.80404,0.80412
1781814780000,0.80413,0.80413,0.80413,0.80413
1781814840000,0.80412,0.80412,0.80405,0.80405
1781814900000,0.80406,0.80413,0.80406,0.80413
1781814960000,0.80414,0.8042,0.80414,0.80418
1781815020000,0.80419,0.8042,0.80418,0.80419
1781815080000,0.80419,0.80423,0.80418,0.80423
1781815140000,0.80422,0.80422,0.80422,0.80422
1781815200000,0.80422,0.80423,0.80414,0.80415
1781815260000,0.80415,0.80417,0.80415,0.80417
1781815320000,0.8042,0.80427,0.8042,0.80427
1781815380000,0.80427,0.80432,0.80427,0.8043
1781815440000,0.80432,0.80439,0.80432,0.80439
1781815500000,0.8044,0.80442,0.80438,0.80439
1781815560000,0.80438,0.80446,0.80438,0.80444
1781815620000,0.80448,0.80449,0.80448,0.80449
1781815680000,0.80449,0.8045,0.80448,0.80449
1781815740000,0.80446,0.80447,0.80444,0.80445
1781815800000,0.80444,0.8045,0.80439,0.8045
1781815860000,0.8045,0.80454,0.80449,0.80449
1781815920000,0.8045,0.8045,0.80448,0.80449
1781815980000,0.80449,0.80454,0.80449,0.80454
1781816040000,0.80454,0.80455,0.80454,0.80455
1781816100000,0.80454,0.80456,0.80445,0.80446
1781816160000,0.80446,0.80453,0.80446,0.80452
1781816220000,0.80452,0.80457,0.80451,0.80456
1781816280000,0.80457,0.80457,0.80449,0.80454
1781816340000,0.80452,0.80458,0.80423,0.80423
1781816400000,0.80435,0.80435,0.80433,0.80433
1781816460000,0.80433,0.80433,0.80433,0.80433
1781816520000,0.80433,0.80433,0.80433,0.80433
1781816580000,0.80433,0.80433,0.80433,0.80433
1781816640000,0.80388,0.80392,0.80388,0.80392
1781816700000,0.80392,0.80392,0.80381,0.80381
1781816760000,0.80381,0.80381,0.80378,0.80378
1781816820000,0.80378,0.80378,0.80378,0.80378
1781816880000,0.80378,0.80378,0.80378,0.80378
1781816940000,0.80378,0.80378,0.8037,0.80373
1781817000000,0.80381,0.80384,0.80381,0.80384
1781817060000,0.8041,0.8041,0.8041,0.8041
1781817120000,0.8041,0.8041,0.80401,0.8041
1781817180000,0.80433,0.80439,0.80433,0.80438
1781817240000,0.80438,0.80438,0.80438,0.80438
1781817300000,0.80439,0.80439,0.80376,0.80376
1781817360000,0.80372,0.80372,0.80372,0.80372
1781817420000,0.80373,0.80373,0.80373,0.80373
1781817480000,0.80375,0.80375,0.80375,0.80375
1781817540000,0.80379,0.80379,0.80379,0.80379
1781817600000,0.80409,0.80409,0.80409,0.80409
1781817660000,0.80422,0.80422,0.80422,0.80422
1781817720000,0.80422,0.80422,0.80422,0.80422
1781817780000,0.80422,0.80422,0.80422,0.80422
1781817840000,0.80422,0.80422,0.80422,0.80422
1781817900000,0.80422,0.80422,0.80422,0.80422
1781817960000,0.80422,0.80422,0.80422,0.80422
1781818020000,0.80422,0.80422,0.80422,0.80422
1781818080000,0.80422,0.80422,0.80422,0.80422
1781818140000,0.80422,0.80422,0.80422,0.80422
1781818200000,0.80422,0.80422,0.80422,0.80422
1781818260000,0.80422,0.80422,0.80421,0.80421
1781818320000,0.80422,0.80423,0.80422,0.80423
1781818380000,0.80422,0.80422,0.80397,0.80397
1781818440000,0.80407,0.80408,0.80396,0.80397
1781818500000,0.80397,0.80411,0.80388,0.80401
1781818560000,0.80402,0.80428,0.80402,0.8042
1781818620000,0.80419,0.80423,0.80418,0.80423
1781818680000,0.80414,0.80423,0.80414,0.80415
1781818740000,0.80412,0.80422,0.80412,0.80421
1781818800000,0.80417,0.80418,0.80414,0.80417
1781818860000,0.80417,0.80423,0.80417,0.8042
1781818920000,0.8042,0.80427,0.80417,0.80421
1781818980000,0.80422,0.80426,0.80422,0.80426
1781819040000,0.80426,0.80432,0.80425,0.80425
1781819100000,0.80423,0.8043,0.80408,0.80422
1781819160000,0.80423,0.80426,0.80414,0.80423
1781819220000,0.80413,0.80428,0.80412,0.80421
1781819280000,0.80421,0.80421,0.80412,0.80418
1781819340000,0.80418,0.80421,0.80408,0.80419
1781819400000,0.80417,0.80419,0.80416,0.80417
1781819460000,0.80419,0.80419,0.80416,0.80419
1781819520000,0.80419,0.80421,0.80408,0.8042
1781819580000,0.80421,0.80424,0.80412,0.80419
1781819640000,0.80418,0.80418,0.80416,0.80417
1781819700000,0.80416,0.80417,0.80416,0.80417
1781819760000,0.80417,0.80417,0.80416,0.80417
1781819820000,0.80417,0.80427,0.80416,0.80427
1781819880000,0.80427,0.80437,0.80426,0.80427
1781819940000,0.80427,0.80427,0.8042,0.80427
1781820000000,0.80427,0.80435,0.80426,0.80432
1781820060000,0.80436,0.80441,0.8043,0.80437
1781820120000,0.80435,0.80453,0.80434,0.8045
1781820180000,0.8045,0.80459,0.8045,0.80458
1781820240000,0.80452,0.80456,0.80452,0.80454
1781820300000,0.80455,0.80455,0.80437,0.80446
1781820360000,0.80445,0.80445,0.80436,0.80436
1781820420000,0.80437,0.80437,0.80427,0.80427
1781820480000,0.80428,0.80433,0.80427,0.80433
1781820540000,0.80433,0.80438,0.80431,0.80437
1781820600000,0.80439,0.80439,0.80431,0.80433
1781820660000,0.80434,0.80438,0.8043,0.80437
1781820720000,0.80441,0.80443,0.80437,0.80441
1781820780000,0.80441,0.80441,0.80437,0.80439
1781820840000,0.80443,0.80447,0.80441,0.80444
1781820900000,0.80443,0.80446,0.80443,0.80445
1781820960000,0.80446,0.80446,0.80445,0.80445
1781821020000,0.80445,0.80445,0.80441,0.80441
1781821080000,0.80443,0.80448,0.80443,0.80448
1781821140000,0.80448,0.80452,0.80447,0.80451
1781821200000,0.8045,0.80452,0.80448,0.80449
1781821260000,0.80447,0.80449,0.80447,0.80448
1781821320000,0.80448,0.80452,0.80448,0.80448
1781821380000,0.80449,0.80453,0.80446,0.80447
1781821440000,0.80447,0.80448,0.80444,0.80447
1781821500000,0.80447,0.80447,0.80445,0.80446
1781821560000,0.80446,0.80448,0.80445,0.80448
1781821620000,0.80448,0.80455,0.80448,0.80448
1781821680000,0.80448,0.80448,0.80444,0.80445
1781821740000,0.80444,0.80448,0.80444,0.80448
1781821800000,0.80445,0.80446,0.80445,0.80446
1781821860000,0.80447,0.80447,0.80445,0.80445
1781821920000,0.80446,0.80446,0.80445,0.80446
1781821980000,0.80445,0.80446,0.80445,0.80445
1781822040000,0.80446,0.80446,0.80445,0.80445
1781822100000,0.80446,0.80447,0.80443,0.80443
1781822160000,0.80443,0.80448,0.80443,0.80447
1781822220000,0.80447,0.80449,0.80447,0.80448
1781822280000,0.80445,0.80449,0.80445,0.80449
1781822340000,0.80448,0.80449,0.80448,0.80448
1781822400000,0.80447,0.80449,0.80443,0.80445
1781822460000,0.80445,0.80445,0.80444,0.80444
1781822520000,0.80444,0.80444,0.80443,0.80443
1781822580000,0.80444,0.80444,0.80443,0.80443
1781822640000,0.80442,0.80442,0.80437,0.80437
1781822700000,0.80436,0.80436,0.80431,0.80434
1781822760000,0.80432,0.80432,0.80425,0.80427
1781822820000,0.80427,0.80433,0.80426,0.80433
1781822880000,0.80433,0.80437,0.80431,0.80436
1781822940000,0.80435,0.80436,0.80428,0.80428
1781823000000,0.80429,0.80436,0.80429,0.80433
1781823060000,0.80433,0.80433,0.80426,0.80426
1781823120000,0.80427,0.80429,0.80427,0.80429
1781823180000,0.80429,0.80432,0.80426,0.80426
1781823240000,0.80426,0.80428,0.80426,0.80428
1781823300000,0.80428,0.8043,0.80426,0.80426
1781823360000,0.80426,0.80426,0.80424,0.80426
1781823420000,0.80425,0.80426,0.80422,0.80426
1781823480000,0.80428,0.80429,0.80425,0.80425
1781823540000,0.80425,0.80427,0.80422,0.80423
1781823600000,0.80423,0.80434,0.80423,0.80432
1781823660000,0.80432,0.80432,0.80429,0.80431
1781823720000,0.80429,0.80437,0.80429,0.80437
1781823780000,0.80437,0.80437,0.80431,0.80431
1781823840000,0.80431,0.80432,0.8043,0.8043
1781823900000,0.80429,0.80434,0.80429,0.80432
1781823960000,0.80434,0.80435,0.80432,0.80435
1781824020000,0.80433,0.80437,0.80433,0.80435
1781824080000,0.80435,0.80435,0.80432,0.80433
1781824140000,0.80432,0.80433,0.80429,0.80432
1781824200000,0.80432,0.80432,0.80426,0.80427
1781824260000,0.80427,0.80427,0.80425,0.80427
1781824320000,0.80428,0.80428,0.80424,0.80424
1781824380000,0.80423,0.80426,0.80421,0.80425
1781824440000,0.80425,0.80434,0.80424,0.80433
1781824500000,0.80434,0.80434,0.80431,0.80431
1781824560000,0.80439,0.80445,0.80438,0.80445
1781824620000,0.80445,0.80445,0.80443,0.80445
1781824680000,0.80447,0.80451,0.80447,0.80451
1781824740000,0.80451,0.80454,0.80451,0.80451
1781824800000,0.8045,0.8045,0.80449,0.8045
1781824860000,0.80451,0.80452,0.80451,0.80452
1781824920000,0.80452,0.80452,0.8045,0.8045
1781824980000,0.8045,0.8045,0.80447,0.8045
1781825040000,0.80452,0.80453,0.80449,0.8045
1781825100000,0.80449,0.80451,0.80449,0.80451
1781825160000,0.80451,0.80451,0.80449,0.80449
1781825220000,0.80449,0.8045,0.80449,0.8045
1781825280000,0.80449,0.80454,0.80449,0.80454
1781825340000,0.80454,0.80454,0.80454,0.80454
1781825400000,0.80454,0.80454,0.80454,0.80454
1781825460000,0.80457,0.80457,0.80457,0.80457
1781825520000,0.80457,0.80457,0.80457,0.80457
1781825580000,0.80457,0.80458,0.80456,0.80457
1781825640000,0.80458,0.80463,0.80456,0.80463
1781825700000,0.80462,0.80465,0.80462,0.80465
1781825760000,0.80462,0.80462,0.80462,0.80462
1781825820000,0.80463,0.80463,0.80461,0.80461
1781825880000,0.80461,0.80462,0.80461,0.80461
1781825940000,0.80461,0.80464,0.80461,0.80462
1781826000000,0.80462,0.80462,0.80461,0.80461
1781826060000,0.80459,0.80459,0.80458,0.80459
1781826120000,0.80458,0.80459,0.80456,0.80456
1781826180000,0.80455,0.80465,0.80455,0.80465
1781826240000,0.80464,0.80468,0.80464,0.80468
1781826300000,0.80468,0.80472,0.80468,0.8047
1781826360000,0.80469,0.80473,0.80469,0.80471
1781826420000,0.80471,0.80471,0.8047,0.80471
1781826480000,0.8047,0.8047,0.80469,0.8047
1781826540000,0.80468,0.80468,0.80465,0.80465
1781826600000,0.80465,0.80466,0.80464,0.80466
1781826660000,0.80467,0.80469,0.80465,0.80469
1781826720000,0.80472,0.80473,0.80472,0.80472
1781826780000,0.80473,0.80473,0.80473,0.80473
1781826840000,0.80473,0.80473,0.80472,0.80473
1781826900000,0.80473,0.80473,0.80469,0.80469
1781826960000,0.80471,0.80493,0.80471,0.80492
1781827020000,0.80492,0.80492,0.80491,0.80491
1781827080000,0.8049,0.80491,0.80485,0.80488
1781827140000,0.80487,0.80494,0.80487,0.8049
1781827200000,0.8049,0.8049,0.80469,0.80472
1781827260000,0.80473,0.80475,0.80464,0.80471
1781827320000,0.8047,0.8047,0.80459,0.80461
1781827380000,0.80462,0.80466,0.80456,0.80459
1781827440000,0.8046,0.80466,0.80459,0.80461
1781827500000,0.80461,0.80461,0.80453,0.80455
1781827560000,0.80455,0.80459,0.80445,0.80459
1781827620000,0.80457,0.80462,0.80456,0.8046
1781827680000,0.80461,0.80469,0.8046,0.80466
1781827740000,0.80466,0.8047,0.80461,0.80467
1781827800000,0.80465,0.80471,0.80464,0.8047
1781827860000,0.80469,0.80471,0.80464,0.80466
1781827920000,0.80465,0.80473,0.80464,0.80471
1781827980000,0.80472,0.80473,0.80469,0.80472
1781828040000,0.80473,0.80475,0.80471,0.80475
1781828100000,0.80473,0.80473,0.80462,0.80462
1781828160000,0.80462,0.80464,0.80458,0.8046
1781828220000,0.80461,0.80466,0.8046,0.80465
1781828280000,0.80464,0.80469,0.80462,0.80469
1781828340000,0.80469,0.80469,0.80462,0.80465
1781828400000,0.80465,0.80466,0.80463,0.80466
1781828460000,0.80467,0.80469,0.80464,0.80468
1781828520000,0.80466,0.80466,0.80462,0.80466
1781828580000,0.80465,0.80465,0.8046,0.8046
1781828640000,0.80458,0.80459,0.80455,0.80455
1781828700000,0.80456,0.80458,0.80454,0.80457
1781828760000,0.80456,0.80464,0.80455,0.80464
1781828820000,0.80465,0.80472,0.80465,0.80472
1781828880000,0.80471,0.80474,0.8047,0.80472
1781828940000,0.80475,0.80483,0.80475,0.80483
1781829000000,0.80482,0.80482,0.80471,0.80472
1781829060000,0.8047,0.80475,0.80469,0.80474
1781829120000,0.80475,0.80475,0.80471,0.80471
1781829180000,0.80472,0.80472,0.80471,0.80472
1781829240000,0.80473,0.80474,0.80473,0.80474
1781829300000,0.80473,0.80476,0.80466,0.80466
1781829360000,0.80464,0.80468,0.80441,0.80444
1781829420000,0.80445,0.80469,0.80443,0.80468
1781829480000,0.80468,0.80474,0.80466,0.80466
1781829540000,0.80468,0.80471,0.80465,0.80469
1781829600000,0.8047,0.80475,0.8047,0.80474
1781829660000,0.80473,0.80473,0.80467,0.80467
1781829720000,0.80469,0.8047,0.80467,0.80467
1781829780000,0.80467,0.80468,0.80462,0.80463
1781829840000,0.80464,0.80465,0.80461,0.80461
1781829900000,0.80462,0.80466,0.80457,0.80457
1781829960000,0.8046,0.80461,0.80458,0.80458
1781830020000,0.80457,0.80461,0.80452,0.80452
1781830080000,0.80451,0.80452,0.8045,0.80451
1781830140000,0.80449,0.8045,0.80444,0.8045
1781830200000,0.8045,0.80452,0.80442,0.80445
1781830260000,0.80446,0.80449,0.80444,0.80449
1781830320000,0.80449,0.80451,0.80434,0.80435
1781830380000,0.80435,0.80441,0.80433,0.80441
1781830440000,0.80442,0.80446,0.80433,0.80439
1781830500000,0.80438,0.80448,0.80438,0.80441
1781830560000,0.80444,0.80447,0.80442,0.80445
1781830620000,0.80446,0.80454,0.80441,0.80453
1781830680000,0.80453,0.8046,0.80452,0.8046
1781830740000,0.80462,0.80466,0.80457,0.80466
1781830800000,0.80465,0.80466,0.80454,0.80456
1781830860000,0.80457,0.8046,0.80447,0.80452
1781830920000,0.8045,0.80462,0.8045,0.80456
1781830980000,0.80456,0.80456,0.80447,0.80449
1781831040000,0.80449,0.80449,0.80441,0.80445
1781831100000,0.80446,0.80451,0.80444,0.80448
1781831160000,0.80448,0.8045,0.80444,0.80447
1781831220000,0.80448,0.80455,0.80448,0.80452
1781831280000,0.80453,0.8046,0.80452,0.8046
1781831340000,0.80458,0.80463,0.80458,0.80461
1781831400000,0.8046,0.8046,0.80459,0.80459
1781831460000,0.8046,0.80466,0.80454,0.80456
1781831520000,0.80457,0.80458,0.80451,0.80451
1781831580000,0.8045,0.80461,0.80448,0.80461
1781831640000,0.80462,0.80462,0.80459,0.80461
1781831700000,0.80459,0.8046,0.80456,0.80457
1781831760000,0.80459,0.80461,0.80458,0.80461
1781831820000,0.8046,0.80468,0.8046,0.80467
1781831880000,0.80468,0.80468,0.80466,0.80467
1781831940000,0.80468,0.80469,0.80462,0.80462
1781832000000,0.80463,0.80477,0.80463,0.80475
1781832060000,0.80473,0.80473,0.80469,0.80469
1781832120000,0.80468,0.80473,0.80466,0.80466
1781832180000,0.80467,0.80475,0.80465,0.80474
1781832240000,0.80474,0.80487,0.80474,0.80487
1781832300000,0.80488,0.80488,0.8048,0.80482
1781832360000,0.80483,0.80492,0.80483,0.80492
1781832420000,0.80491,0.80494,0.8049,0.80492
1781832480000,0.80492,0.80492,0.80485,0.80486
1781832540000,0.80485,0.80487,0.8048,0.8048
1781832600000,0.80481,0.80492,0.80481,0.80489
1781832660000,0.80489,0.805,0.80488,0.80496
1781832720000,0.80497,0.80502,0.80495,0.80501
1781832780000,0.80501,0.80501,0.80493,0.80495
1781832840000,0.80494,0.80495,0.80489,0.80491
1781832900000,0.80491,0.80494,0.80488,0.80493
1781832960000,0.80492,0.80504,0.80492,0.80502
1781833020000,0.80503,0.8051,0.80502,0.8051
1781833080000,0.80509,0.80511,0.80509,0.8051
1781833140000,0.80508,0.80511,0.80507,0.80509
1781833200000,0.8051,0.80511,0.80507,0.80508
1781833260000,0.80508,0.80513,0.80508,0.80513
1781833320000,0.80511,0.80517,0.80511,0.80516
1781833380000,0.80517,0.80519,0.80513,0.80514
1781833440000,0.80514,0.80518,0.80513,0.80517
1781833500000,0.80516,0.8052,0.80515,0.80519
1781833560000,0.8052,0.80522,0.80515,0.80516
1781833620000,0.80515,0.80521,0.80514,0.80521
1781833680000,0.80519,0.80527,0.80518,0.80527
1781833740000,0.80526,0.80529,0.80525,0.80529
1781833800000,0.80529,0.80532,0.80528,0.80529
1781833860000,0.80531,0.80539,0.80531,0.80537
1781833920000,0.80538,0.80543,0.80538,0.80541
1781833980000,0.80542,0.80544,0.80539,0.80543
1781834040000,0.80544,0.80556,0.80544,0.80554
1781834100000,0.80554,0.80564,0.80551,0.80562
1781834160000,0.80561,0.80564,0.80558,0.8056
1781834220000,0.8056,0.80566,0.80557,0.80564
1781834280000,0.80565,0.80573,0.80565,0.8057
1781834340000,0.80569,0.80569,0.80563,0.80565
1781834400000,0.80565,0.80567,0.80557,0.80567
1781834460000,0.80567,0.80567,0.80561,0.80566
1781834520000,0.80566,0.80568,0.80562,0.80567
1781834580000,0.80567,0.80572,0.80566,0.80569
1781834640000,0.80569,0.80569,0.80565,0.80568
1781834700000,0.80569,0.80573,0.80567,0.80572
1781834760000,0.80573,0.80575,0.80565,0.80566
1781834820000,0.80566,0.80572,0.80565,0.80571
1781834880000,0.80571,0.80577,0.80571,0.80574
1781834940000,0.80572,0.80572,0.80562,0.80565
1781835000000,0.80564,0.80566,0.80563,0.80564
1781835060000,0.80565,0.80565,0.80563,0.80563
1781835120000,0.80564,0.80564,0.80558,0.80559
1781835180000,0.80559,0.80561,0.80557,0.80558
1781835240000,0.80559,0.80561,0.80558,0.80558
1781835300000,0.80557,0.80563,0.80557,0.80563
1781835360000,0.80562,0.80562,0.80559,0.8056
1781835420000,0.80561,0.80567,0.80561,0.80567
1781835480000,0.80566,0.80567,0.8056,0.80565
1781835540000,0.80565,0.8057,0.80562,0.80568
1781835600000,0.80567,0.80567,0.80557,0.80562
1781835660000,0.80563,0.80563,0.80539,0.80539
1781835720000,0.8054,0.80544,0.80529,0.80535
1781835780000,0.80536,0.80536,0.8053,0.80531
1781835840000,0.80531,0.80531,0.80524,0.80527
1781835900000,0.80528,0.80536,0.80527,0.80535
1781835960000,0.80535,0.80535,0.8053,0.80533
1781836020000,0.8053,0.80532,0.80529,0.8053
1781836080000,0.80529,0.80529,0.80522,0.80526
1781836140000,0.8053,0.80533,0.80527,0.80528
1781836200000,0.8053,0.80533,0.8053,0.80531
1781836260000,0.8053,0.80539,0.80529,0.8053
1781836320000,0.8053,0.80531,0.80528,0.80531
1781836380000,0.8053,0.80541,0.8053,0.80538
1781836440000,0.80538,0.80539,0.80534,0.80537
1781836500000,0.80537,0.80538,0.80531,0.80531
1781836560000,0.80531,0.80537,0.80531,0.80536
1781836620000,0.80537,0.80544,0.80537,0.8054
1781836680000,0.80541,0.80545,0.80539,0.80542
1781836740000,0.80542,0.80542,0.80539,0.8054
1781836800000,0.80539,0.80541,0.80534,0.80538
1781836860000,0.80539,0.80543,0.80535,0.80537
1781836920000,0.80538,0.80539,0.80536,0.80539
1781836980000,0.80538,0.80541,0.80537,0.80538
1781837040000,0.80539,0.80539,0.80536,0.80538
1781837100000,0.80539,0.80547,0.80538,0.80547
1781837160000,0.80546,0.8056,0.80546,0.80559
1781837220000,0.80559,0.80561,0.80559,0.8056
1781837280000,0.80561,0.80561,0.80556,0.80557
1781837340000,0.80556,0.80558,0.80553,0.80557
1781837400000,0.80558,0.80565,0.80558,0.80564
1781837460000,0.80564,0.80572,0.80564,0.8057
1781837520000,0.80571,0.80572,0.80569,0.80572
1781837580000,0.80572,0.80575,0.80572,0.80575
1781837640000,0.80574,0.80574,0.80573,0.80573
1781837700000,0.80574,0.80575,0.80571,0.80573
1781837760000,0.80573,0.80575,0.80573,0.80575
1781837820000,0.80574,0.80584,0.80574,0.80581
1781837880000,0.8058,0.8058,0.80576,0.80577
1781837940000,0.80578,0.80578,0.80575,0.80577
1781838000000,0.80577,0.80585,0.80576,0.80584
1781838060000,0.80585,0.80597,0.80585,0.80593
1781838120000,0.80595,0.80606,0.80595,0.80605
1781838180000,0.80603,0.80609,0.806,0.80605
1781838240000,0.80605,0.80607,0.80599,0.806
1781838300000,0.806,0.80604,0.80595,0.80602
1781838360000,0.80602,0.80602,0.80594,0.80595
1781838420000,0.80594,0.80607,0.80591,0.806
1781838480000,0.80603,0.80613,0.80603,0.80609
1781838540000,0.80608,0.80618,0.80608,0.80615
1781838600000,0.80615,0.80617,0.80607,0.80608
1781838660000,0.80607,0.80613,0.80605,0.8061
1781838720000,0.80609,0.80616,0.80609,0.80614
1781838780000,0.80615,0.80618,0.80609,0.80611
1781838840000,0.80611,0.80615,0.80609,0.80614
1781838900000,0.80613,0.80622,0.80612,0.8062
1781838960000,0.80622,0.80639,0.80618,0.80633
1781839020000,0.80635,0.80648,0.80633,0.80645
1781839080000,0.80644,0.80655,0.80643,0.80648
1781839140000,0.80648,0.8065,0.8064,0.80641
1781839200000,0.80642,0.80647,0.80632,0.80634
1781839260000,0.80635,0.80635,0.80622,0.80628
1781839320000,0.80628,0.8064,0.80624,0.80639
1781839380000,0.8064,0.80647,0.80638,0.80642
1781839440000,0.8064,0.8064,0.80635,0.80635
1781839500000,0.80635,0.8065,0.80633,0.8065
1781839560000,0.8065,0.80653,0.80646,0.80646
1781839620000,0.80646,0.80654,0.80646,0.80654
1781839680000,0.80655,0.80663,0.80655,0.80663
1781839740000,0.80664,0.80669,0.80664,0.80667
1781839800000,0.80666,0.80672,0.80665,0.80667
1781839860000,0.80666,0.80671,0.80665,0.80671
1781839920000,0.8067,0.80671,0.80659,0.80663
1781839980000,0.80662,0.80668,0.80658,0.80668
1781840040000,0.80668,0.80669,0.8066,0.80663
1781840100000,0.80664,0.80667,0.80661,0.80665
1781840160000,0.80664,0.80665,0.80654,0.80654
1781840220000,0.80654,0.80665,0.80654,0.80665
1781840280000,0.80664,0.80687,0.80664,0.80686
1781840340000,0.80686,0.8069,0.8068,0.8068
1781840400000,0.80679,0.80679,0.80668,0.8067
1781840460000,0.80671,0.80675,0.80669,0.8067
1781840520000,0.80669,0.80673,0.8066,0.80672
1781840580000,0.80671,0.80674,0.80665,0.80665
1781840640000,0.80665,0.80667,0.8066,0.8066
1781840700000,0.80658,0.80668,0.80658,0.80667
1781840760000,0.80667,0.80671,0.80665,0.8067
1781840820000,0.80671,0.80675,0.80669,0.80673
1781840880000,0.80673,0.80679,0.80671,0.80676
1781840940000,0.80676,0.80677,0.80674,0.80677
1781841000000,0.80679,0.80682,0.80673,0.80674
1781841060000,0.80675,0.80683,0.80674,0.80681
1781841120000,0.8068,0.80681,0.8067,0.80671
1781841180000,0.80672,0.80679,0.80671,0.80679
1781841240000,0.8068,0.80683,0.80675,0.80681
1781841300000,0.80683,0.80687,0.8068,0.80686
1781841360000,0.80688,0.80688,0.80684,0.80684
1781841420000,0.80686,0.80688,0.80684,0.80687
1781841480000,0.80688,0.80693,0.80686,0.80686
1781841540000,0.80686,0.80693,0.80686,0.80687
1781841600000,0.80687,0.80695,0.80686,0.80695
1781841660000,0.80695,0.80709,0.80695,0.80697
1781841720000,0.80698,0.80708,0.80696,0.80705
1781841780000,0.80705,0.80718,0.80704,0.80712
1781841840000,0.80711,0.80718,0.80711,0.80715
1781841900000,0.80715,0.8072,0.80713,0.80716
1781841960000,0.80715,0.80727,0.80713,0.80726
1781842020000,0.80726,0.80736,0.80725,0.80731
1781842080000,0.80733,0.80733,0.80719,0.80725
1781842140000,0.80725,0.80729,0.80725,0.80726
1781842200000,0.80726,0.80726,0.80717,0.80721
1781842260000,0.80721,0.80721,0.80715,0.80715
1781842320000,0.80715,0.80721,0.80715,0.80719
1781842380000,0.80719,0.8072,0.80717,0.80719
1781842440000,0.80719,0.8072,0.80714,0.80715
1781842500000,0.80714,0.8073,0.80714,0.80729
1781842560000,0.80728,0.80729,0.80726,0.80729
1781842620000,0.8073,0.80734,0.8073,0.80733
1781842680000,0.80732,0.80734,0.8073,0.80733
1781842740000,0.80732,0.80733,0.80731,0.80732
1781842800000,0.80732,0.80732,0.80725,0.80725
1781842860000,0.80725,0.80728,0.80715,0.80725
1781842920000,0.80725,0.80735,0.80725,0.80734
1781842980000,0.80732,0.80747,0.8073,0.80747
1781843040000,0.80747,0.80757,0.80746,0.80757
1781843100000,0.80756,0.80759,0.80753,0.80753
1781843160000,0.80756,0.80757,0.80753,0.80757
1781843220000,0.80757,0.80765,0.80754,0.80755
1781843280000,0.80755,0.80771,0.80755,0.8076
1781843340000,0.80761,0.80768,0.8076,0.8076
1781843400000,0.80756,0.80756,0.80734,0.80734
1781843460000,0.80737,0.80739,0.80734,0.80739
1781843520000,0.8074,0.80745,0.80724,0.80725
1781843580000,0.80724,0.80733,0.80721,0.80732
1781843640000,0.80732,0.80752,0.8073,0.8075
1781843700000,0.8075,0.80775,0.8075,0.80774
1781843760000,0.80774,0.80774,0.80769,0.80769
1781843820000,0.80769,0.80774,0.80764,0.80771
1781843880000,0.80772,0.80782,0.80769,0.80776
1781843940000,0.80776,0.80784,0.80771,0.80784
1781844000000,0.80784,0.80784,0.80783,0.80784
1781844060000,0.80784,0.80787,0.80782,0.80784
1781844120000,0.80784,0.80784,0.80777,0.80782
1781844180000,0.80781,0.80785,0.80777,0.80785
1781844240000,0.80786,0.80787,0.80785,0.80786
1781844300000,0.80787,0.80787,0.80784,0.80785
1781844360000,0.80784,0.80785,0.80782,0.80783
1781844420000,0.80784,0.80795,0.80783,0.80793
1781844480000,0.80792,0.80801,0.80792,0.80799
1781844540000,0.808,0.80815,0.80794,0.80807
1781844600000,0.80808,0.80816,0.80807,0.8081
1781844660000,0.8081,0.80816,0.80804,0.80815
1781844720000,0.80813,0.80817,0.80806,0.80811
1781844780000,0.80812,0.80819,0.80812,0.80819
1781844840000,0.80819,0.80833,0.80818,0.80829
1781844900000,0.80828,0.80828,0.80819,0.80824
1781844960000,0.80824,0.80835,0.80824,0.80834
1781845020000,0.80834,0.80847,0.80831,0.80847
1781845080000,0.80848,0.80848,0.80836,0.8084
1781845140000,0.8084,0.8084,0.80832,0.80833
1781845200000,0.80832,0.80845,0.80832,0.80844
1781845260000,0.80844,0.80847,0.80841,0.80847
1781845320000,0.80843,0.80843,0.80831,0.80838
1781845380000,0.80837,0.80869,0.80837,0.80863
1781845440000,0.80861,0.80863,0.80845,0.8085
1781845500000,0.8085,0.80853,0.80842,0.80851
1781845560000,0.80852,0.80864,0.80852,0.80864
1781845620000,0.80866,0.80881,0.80861,0.80866
1781845680000,0.80866,0.80872,0.80863,0.80866
1781845740000,0.80867,0.80875,0.80862,0.80871
1781845800000,0.8087,0.80872,0.80856,0.80872
1781845860000,0.80874,0.80877,0.80865,0.80868
1781845920000,0.80869,0.80869,0.80861,0.80865
1781845980000,0.80863,0.80864,0.80848,0.80852
1781846040000,0.80853,0.8087,0.80853,0.80865
1781846100000,0.80865,0.80885,0.80865,0.80885
1781846160000,0.80884,0.80903,0.80882,0.80901
1781846220000,0.80901,0.80913,0.809,0.80909
1781846280000,0.80908,0.80915,0.80905,0.80907
1781846340000,0.80906,0.80908,0.80888,0.80888
1781846400000,0.8089,0.80894,0.80886,0.8089
1781846460000,0.80889,0.80893,0.80872,0.80874
1781846520000,0.80874,0.80883,0.8087,0.80878
1781846580000,0.80878,0.80878,0.80862,0.80862
1781846640000,0.80863,0.80874,0.80861,0.80873
1781846700000,0.80872,0.80881,0.8087,0.8087
1781846760000,0.80871,0.80882,0.80869,0.80882
1781846820000,0.80882,0.80893,0.80877,0.80893
1781846880000,0.80894,0.80895,0.80879,0.80885
1781846940000,0.80885,0.80885,0.80858,0.80866
1781847000000,0.80865,0.80866,0.8085,0.80857
1781847060000,0.80857,0.80868,0.80851,0.80852
1781847120000,0.80852,0.80852,0.80837,0.80848
1781847180000,0.80849,0.80852,0.80845,0.80851
1781847240000,0.80851,0.80855,0.80847,0.80849
1781847300000,0.80848,0.80849,0.80836,0.80837
1781847360000,0.80838,0.80841,0.80829,0.80829
1781847420000,0.8083,0.80854,0.80823,0.80852
1781847480000,0.80852,0.80866,0.80852,0.80864
1781847540000,0.80865,0.8087,0.80864,0.80866
1781847600000,0.80866,0.80866,0.80845,0.80856
1781847660000,0.80857,0.80861,0.80853,0.80857
1781847720000,0.80861,0.80861,0.80846,0.80854
1781847780000,0.80853,0.8086,0.8085,0.80854
1781847840000,0.80853,0.80858,0.80849,0.80849
1781847900000,0.80847,0.80847,0.80835,0.80839
1781847960000,0.80839,0.8084,0.80833,0.80837
1781848020000,0.8084,0.80849,0.80835,0.80849
1781848080000,0.80849,0.8085,0.80848,0.8085
1781848140000,0.8085,0.8085,0.80841,0.80842
1781848200000,0.80841,0.80842,0.80803,0.80803
1781848260000,0.80802,0.80802,0.80763,0.80769
1781848320000,0.80768,0.80774,0.80759,0.80774
1781848380000,0.80774,0.80791,0.80774,0.80775
1781848440000,0.80774,0.80774,0.80743,0.80743
1781848500000,0.80743,0.80753,0.80743,0.80746
1781848560000,0.80748,0.80773,0.80746,0.80772
1781848620000,0.80773,0.80787,0.80766,0.80784
1781848680000,0.80784,0.80785,0.80767,0.80768
1781848740000,0.80767,0.80771,0.80766,0.8077
1781848800000,0.8077,0.80783,0.80766,0.8078
1781848860000,0.80779,0.80792,0.80762,0.80764
1781848920000,0.80767,0.80772,0.80763,0.80768
1781848980000,0.80766,0.80767,0.80742,0.80742
1781849040000,0.80743,0.80744,0.80727,0.80743
1781849100000,0.80742,0.80747,0.80735,0.80745
1781849160000,0.80746,0.8075,0.80734,0.80736
1781849220000,0.80738,0.80752,0.80728,0.8073
1781849280000,0.80731,0.8075,0.80731,0.80745
1781849340000,0.80747,0.80756,0.80741,0.80742
1781849400000,0.80741,0.80766,0.80741,0.80764
1781849460000,0.80764,0.80765,0.80755,0.80758
1781849520000,0.80756,0.80756,0.80745,0.80747
1781849580000,0.80749,0.8075,0.80726,0.80726
1781849640000,0.80725,0.80733,0.80723,0.80733
1781849700000,0.80732,0.80748,0.80732,0.80748
1781849760000,0.80747,0.80751,0.80745,0.80745
1781849820000,0.80743,0.80743,0.80732,0.80737
1781849880000,0.80736,0.80738,0.8073,0.80736
1781849940000,0.80735,0.80738,0.80729,0.8073
1781850000000,0.8073,0.80731,0.80711,0.80726
1781850060000,0.80727,0.80729,0.80718,0.80718
1781850120000,0.80717,0.80717,0.80701,0.80703
1781850180000,0.80704,0.8072,0.80704,0.8072
1781850240000,0.80717,0.80717,0.80708,0.80708
1781850300000,0.80709,0.80712,0.80706,0.80707
1781850360000,0.80703,0.80712,0.80699,0.807
1781850420000,0.807,0.807,0.80696,0.80697
1781850480000,0.80697,0.80698,0.80687,0.80694
1781850540000,0.80693,0.80701,0.80685,0.80699
1781850600000,0.807,0.807,0.80688,0.80694
1781850660000,0.80693,0.80718,0.80691,0.80716
1781850720000,0.80717,0.80732,0.80716,0.80724
1781850780000,0.80723,0.80749,0.80719,0.80749
1781850840000,0.80747,0.80764,0.80736,0.80736
1781850900000,0.80736,0.80746,0.80736,0.80738
1781850960000,0.80738,0.80738,0.80728,0.80736
1781851020000,0.80737,0.80737,0.80724,0.8073
1781851080000,0.80729,0.80736,0.80718,0.80721
1781851140000,0.80721,0.80734,0.80721,0.80734
1781851200000,0.80732,0.80734,0.80717,0.80717
1781851260000,0.80721,0.8073,0.80718,0.80728
1781851320000,0.80728,0.80731,0.80724,0.80724
1781851380000,0.80723,0.80725,0.80718,0.80723
1781851440000,0.80722,0.80726,0.80721,0.80723
1781851500000,0.80723,0.80736,0.80717,0.80718
1781851560000,0.80718,0.80723,0.80715,0.80722
1781851620000,0.80722,0.80722,0.807,0.80703
1781851680000,0.80706,0.80707,0.807,0.80702
1781851740000,0.80702,0.80706,0.80696,0.80703
1781851800000,0.80704,0.80721,0.80704,0.80718
1781851860000,0.80717,0.80717,0.80707,0.80707
1781851920000,0.80706,0.80706,0.80688,0.80688
1781851980000,0.80688,0.80693,0.80686,0.80693
1781852040000,0.80693,0.80696,0.80688,0.80688
1781852100000,0.80687,0.80698,0.80687,0.80695
1781852160000,0.80695,0.80695,0.80681,0.80685
1781852220000,0.80686,0.80688,0.80668,0.80668
1781852280000,0.80668,0.80676,0.80668,0.80669
1781852340000,0.80669,0.80669,0.80654,0.80657
1781852400000,0.80659,0.80661,0.80638,0.80648
1781852460000,0.80648,0.80664,0.80646,0.80661
1781852520000,0.80663,0.80664,0.80638,0.80641
1781852580000,0.80643,0.8065,0.80637,0.80637
1781852640000,0.80638,0.80641,0.80614,0.80614
1781852700000,0.80613,0.80632,0.8061,0.80629
1781852760000,0.80629,0.80631,0.80615,0.80621
1781852820000,0.80621,0.80621,0.80612,0.80616
1781852880000,0.80617,0.80633,0.80616,0.80621
1781852940000,0.8062,0.8064,0.80618,0.80639
1781853000000,0.8064,0.80663,0.80639,0.80657
1781853060000,0.80656,0.80667,0.80654,0.80659
1781853120000,0.80659,0.80668,0.80659,0.80666
1781853180000,0.80665,0.80675,0.80665,0.80669
1781853240000,0.8067,0.8067,0.80655,0.80661
1781853300000,0.8066,0.80666,0.80657,0.80659
1781853360000,0.8066,0.80679,0.8066,0.80679
1781853420000,0.8068,0.8068,0.80672,0.80677
1781853480000,0.80676,0.80676,0.80662,0.80668
1781853540000,0.80669,0.8069,0.80667,0.80687
1781853600000,0.80687,0.80702,0.80683,0.80695
1781853660000,0.80696,0.80708,0.80694,0.80703
1781853720000,0.80704,0.80706,0.80695,0.80698
1781853780000,0.80698,0.80704,0.80687,0.80691
1781853840000,0.80689,0.80706,0.80687,0.80702
1781853900000,0.80701,0.80704,0.80696,0.80701
1781853960000,0.80701,0.80716,0.807,0.80713
1781854020000,0.80713,0.80713,0.80685,0.80694
1781854080000,0.80694,0.80698,0.80685,0.80691
1781854140000,0.80689,0.80695,0.80687,0.80694
1781854200000,0.80693,0.80699,0.8069,0.80698
1781854260000,0.80699,0.80709,0.80697,0.80707
1781854320000,0.80708,0.80712,0.80693,0.80693
1781854380000,0.80692,0.80707,0.80688,0.80707
1781854440000,0.80707,0.80708,0.80704,0.80705
1781854500000,0.80706,0.8073,0.80706,0.80722
1781854560000,0.80722,0.80722,0.80712,0.80715
1781854620000,0.80715,0.80715,0.807,0.80701
1781854680000,0.80702,0.80711,0.80701,0.8071
1781854740000,0.8071,0.80714,0.80709,0.80709
1781854800000,0.80708,0.80712,0.80699,0.80709
1781854860000,0.80711,0.80711,0.80706,0.80708
1781854920000,0.80708,0.80711,0.80698,0.80706
1781854980000,0.80707,0.80708,0.80696,0.80702
1781855040000,0.80703,0.80718,0.80703,0.80714
1781855100000,0.80713,0.80714,0.80703,0.80705
1781855160000,0.80703,0.80722,0.80703,0.80715
1781855220000,0.80714,0.80727,0.80714,0.80725
1781855280000,0.80727,0.80738,0.80723,0.80738
1781855340000,0.80738,0.8074,0.8073,0.80734
1781855400000,0.80733,0.80741,0.80726,0.80726
1781855460000,0.80729,0.80733,0.80724,0.80726
1781855520000,0.80728,0.80734,0.80725,0.80733
1781855580000,0.80733,0.80737,0.8073,0.80737
1781855640000,0.80737,0.80747,0.80735,0.80746
1781855700000,0.80745,0.80762,0.80743,0.80762
1781855760000,0.80762,0.80766,0.80758,0.80763
1781855820000,0.80762,0.80762,0.80736,0.80741
1781855880000,0.80741,0.80747,0.80736,0.80744
1781855940000,0.80743,0.8075,0.80739,0.8075
1781856000000,0.80749,0.80757,0.80742,0.80749
1781856060000,0.80747,0.80749,0.80737,0.80738
1781856120000,0.80738,0.8076,0.80731,0.80749
1781856180000,0.8075,0.80757,0.80728,0.80728
1781856240000,0.80727,0.80732,0.80689,0.80697
1781856300000,0.80698,0.80701,0.80692,0.80698
1781856360000,0.80698,0.80701,0.80688,0.80698
1781856420000,0.80699,0.80708,0.80697,0.80702
1781856480000,0.80703,0.80709,0.80696,0.80707
1781856540000,0.80706,0.80712,0.80703,0.80707
1781856600000,0.80706,0.80707,0.80701,0.80704
1781856660000,0.80706,0.80707,0.80693,0.80693
1781856720000,0.80693,0.80695,0.80674,0.80675
1781856780000,0.80674,0.80698,0.80669,0.80697
1781856840000,0.80697,0.80702,0.80686,0.80702
1781856900000,0.80703,0.80711,0.80681,0.80681
1781856960000,0.80682,0.80682,0.80653,0.80653
1781857020000,0.80652,0.80655,0.8064,0.80643
1781857080000,0.80642,0.80651,0.80634,0.80647
1781857140000,0.80647,0.80649,0.80636,0.80646
1781857200000,0.8065,0.80659,0.80647,0.80657
1781857260000,0.80657,0.80659,0.80648,0.8065
1781857320000,0.8065,0.80652,0.80636,0.80638
1781857380000,0.80637,0.80644,0.80622,0.80622
1781857440000,0.8062,0.8062,0.80611,0.80614
1781857500000,0.80613,0.80613,0.80605,0.80607
1781857560000,0.80607,0.80616,0.80601,0.80615
1781857620000,0.80616,0.80637,0.80614,0.80637
1781857680000,0.80638,0.8065,0.80637,0.8064
1781857740000,0.8064,0.8065,0.80636,0.80644
1781857800000,0.80643,0.80649,0.80633,0.80644
1781857860000,0.80641,0.80641,0.80627,0.80628
1781857920000,0.80628,0.80638,0.80625,0.80638
1781857980000,0.80638,0.80645,0.80637,0.80645
1781858040000,0.80644,0.80652,0.80621,0.80622
1781858100000,0.8062,0.80628,0.80614,0.80621
1781858160000,0.80622,0.80626,0.80606,0.80621
1781858220000,0.80622,0.80626,0.80612,0.80621
1781858280000,0.80621,0.80629,0.80618,0.80624
1781858340000,0.80624,0.80628,0.8062,0.8062
1781858400000,0.8062,0.80621,0.80607,0.80608
1781858460000,0.80608,0.80608,0.80599,0.80601
1781858520000,0.806,0.80604,0.80596,0.80598
1781858580000,0.80597,0.80601,0.80582,0.80592
1781858640000,0.80592,0.806,0.80592,0.80599
1781858700000,0.80598,0.80612,0.80597,0.80612
1781858760000,0.80611,0.80613,0.80604,0.80609
1781858820000,0.8061,0.80616,0.80605,0.80611
1781858880000,0.80611,0.80611,0.80595,0.80595
1781858940000,0.80595,0.80601,0.80593,0.80597
1781859000000,0.80598,0.80609,0.80592,0.80605
1781859060000,0.80606,0.80609,0.80599,0.80606
1781859120000,0.80607,0.80607,0.80602,0.80604
1781859180000,0.80603,0.80604,0.80594,0.80594
1781859240000,0.80593,0.80593,0.80584,0.80589
1781859300000,0.80589,0.80595,0.80585,0.80595
1781859360000,0.80594,0.80596,0.80584,0.80596
1781859420000,0.80596,0.80596,0.80583,0.8059
1781859480000,0.8059,0.80593,0.80588,0.8059
1781859540000,0.8059,0.80592,0.80575,0.80575
1781859600000,0.80576,0.80582,0.8057,0.80571
1781859660000,0.80573,0.80599,0.80572,0.80598
1781859720000,0.80598,0.80604,0.80589,0.80599
1781859780000,0.80599,0.80599,0.80575,0.80579
1781859840000,0.80578,0.80584,0.80576,0.80582
1781859900000,0.80581,0.80586,0.80579,0.80581
1781859960000,0.8058,0.8058,0.80572,0.80574
1781860020000,0.80575,0.80584,0.80575,0.80584
1781860080000,0.80584,0.80588,0.80579,0.80587
1781860140000,0.80586,0.80592,0.80581,0.80592
1781860200000,0.80592,0.80592,0.80584,0.80586
1781860260000,0.80588,0.80592,0.80563,0.80563
1781860320000,0.80564,0.80567,0.80556,0.80559
1781860380000,0.80557,0.80558,0.80551,0.80558
1781860440000,0.80557,0.8056,0.80555,0.80558
1781860500000,0.80559,0.80562,0.80549,0.80558
1781860560000,0.80557,0.80558,0.80539,0.80539
1781860620000,0.80541,0.80552,0.8054,0.8055
1781860680000,0.80549,0.8055,0.80545,0.80548
1781860740000,0.8055,0.80552,0.80546,0.80548
1781860800000,0.80551,0.80559,0.80549,0.80551
1781860860000,0.80554,0.80567,0.80551,0.80564
1781860920000,0.80564,0.80567,0.80559,0.80565
1781860980000,0.80565,0.8057,0.80554,0.8057
1781861040000,0.80571,0.80575,0.80571,0.80574
1781861100000,0.80573,0.80577,0.8057,0.80571
1781861160000,0.8057,0.8057,0.80564,0.80565
1781861220000,0.8057,0.80575,0.80567,0.80571
1781861280000,0.80571,0.80592,0.80567,0.8058
1781861340000,0.80579,0.8059,0.80579,0.80587
1781861400000,0.80588,0.80588,0.80577,0.80577
1781861460000,0.80577,0.80588,0.80576,0.80577
1781861520000,0.80575,0.80576,0.80572,0.80576
1781861580000,0.80574,0.80576,0.80566,0.80566
1781861640000,0.80565,0.80569,0.80562,0.80565
1781861700000,0.80566,0.80573,0.80561,0.80561
1781861760000,0.80561,0.80572,0.80559,0.80567
1781861820000,0.80566,0.80569,0.80563,0.80563
1781861880000,0.80562,0.80571,0.80562,0.80569
1781861940000,0.80569,0.80571,0.80565,0.8057
1781862000000,0.80569,0.80569,0.80559,0.8056
1781862060000,0.80558,0.8056,0.80554,0.80557
1781862120000,0.80555,0.80559,0.80555,0.80557
1781862180000,0.8056,0.8056,0.80552,0.80556
1781862240000,0.80556,0.8056,0.80555,0.80558
1781862300000,0.80558,0.8057,0.80558,0.80568
1781862360000,0.8057,0.80578,0.8057,0.80572
1781862420000,0.80572,0.80572,0.80564,0.80566
1781862480000,0.80566,0.8057,0.80564,0.80569
1781862540000,0.80568,0.80576,0.80568,0.80574
1781862600000,0.80574,0.80574,0.80565,0.80566
1781862660000,0.80565,0.80571,0.80564,0.80571
1781862720000,0.80573,0.80573,0.80561,0.80563
1781862780000,0.80562,0.80562,0.8054,0.8054
1781862840000,0.8054,0.80544,0.80534,0.80534
1781862900000,0.80535,0.80549,0.80534,0.80547
1781862960000,0.80547,0.80547,0.80541,0.80544
1781863020000,0.80543,0.80548,0.8054,0.80544
1781863080000,0.80543,0.80557,0.80541,0.80555
1781863140000,0.80556,0.80573,0.80556,0.8057
1781863200000,0.80569,0.80575,0.80556,0.80558
1781863260000,0.80558,0.80565,0.80557,0.80565
1781863320000,0.80566,0.80568,0.80561,0.80562
1781863380000,0.80561,0.8057,0.80561,0.8057
1781863440000,0.8057,0.80573,0.80568,0.80573
1781863500000,0.80572,0.80572,0.80567,0.80568
1781863560000,0.8057,0.8057,0.80566,0.8057
1781863620000,0.8057,0.80574,0.80568,0.80569
1781863680000,0.80569,0.80582,0.80569,0.80581
1781863740000,0.80582,0.80582,0.80573,0.80576
1781863800000,0.80576,0.80581,0.80575,0.80577
1781863860000,0.80577,0.8058,0.80573,0.8058
1781863920000,0.80579,0.80585,0.80579,0.80585
1781863980000,0.80585,0.80591,0.80582,0.80583
1781864040000,0.80582,0.80589,0.80581,0.80589
1781864100000,0.8059,0.80596,0.8059,0.80595
1781864160000,0.80594,0.80595,0.8059,0.80593
1781864220000,0.80593,0.80619,0.80593,0.80618
1781864280000,0.80618,0.80622,0.8061,0.80618
1781864340000,0.80619,0.80626,0.80615,0.80625
1781864400000,0.80624,0.80632,0.80624,0.8063
1781864460000,0.80631,0.80639,0.80628,0.80633
1781864520000,0.80633,0.80648,0.8063,0.80647
1781864580000,0.80647,0.80652,0.80641,0.80645
1781864640000,0.80643,0.80643,0.8063,0.8063
1781864700000,0.80631,0.80647,0.80629,0.80646
1781864760000,0.80643,0.80643,0.80633,0.80635
1781864820000,0.80634,0.80634,0.80626,0.8063
1781864880000,0.80629,0.80634,0.80627,0.80634
1781864940000,0.80632,0.80634,0.80629,0.80632
1781865000000,0.80634,0.80646,0.80632,0.8064
1781865060000,0.8064,0.80643,0.80636,0.80641
1781865120000,0.80641,0.80641,0.80633,0.80635
1781865180000,0.80635,0.80641,0.80633,0.80638
1781865240000,0.80636,0.80639,0.80631,0.80631
1781865300000,0.8063,0.80636,0.80628,0.80635
1781865360000,0.80636,0.80642,0.80634,0.80637
1781865420000,0.80636,0.80649,0.80635,0.80648
1781865480000,0.80649,0.80662,0.80645,0.80646
1781865540000,0.80647,0.8066,0.80646,0.80659
1781865600000,0.80658,0.80658,0.80645,0.80648
1781865660000,0.80649,0.8065,0.80642,0.80644
1781865720000,0.80643,0.80643,0.80638,0.80643
1781865780000,0.80642,0.80645,0.8063,0.80636
1781865840000,0.80636,0.80638,0.80634,0.80637
1781865900000,0.80637,0.80637,0.80626,0.80628
1781865960000,0.80627,0.80641,0.80626,0.80628
1781866020000,0.80627,0.80642,0.80625,0.80641
1781866080000,0.80642,0.80642,0.80631,0.80633
1781866140000,0.80633,0.80636,0.80628,0.80636
1781866200000,0.80636,0.80643,0.80631,0.80637
1781866260000,0.80637,0.80651,0.80634,0.80651
1781866320000,0.80651,0.80651,0.80631,0.80636
1781866380000,0.80636,0.80641,0.80632,0.80636
1781866440000,0.80636,0.80646,0.80636,0.80642
1781866500000,0.80644,0.80646,0.8063,0.80631
1781866560000,0.80631,0.80636,0.80626,0.80631
1781866620000,0.80632,0.80641,0.80627,0.80641
1781866680000,0.8064,0.8064,0.80633,0.80638
1781866740000,0.80639,0.80639,0.80633,0.80636
1781866800000,0.80637,0.80644,0.80636,0.80641
1781866860000,0.8064,0.80651,0.80638,0.8065
1781866920000,0.80652,0.80654,0.8064,0.80643
1781866980000,0.80642,0.80644,0.80638,0.8064
1781867040000,0.80641,0.80642,0.80633,0.80642
1781867100000,0.80642,0.80646,0.80639,0.80641
1781867160000,0.80641,0.80653,0.8064,0.80653
1781867220000,0.80653,0.80665,0.80644,0.80662
1781867280000,0.80662,0.80667,0.80654,0.80654
1781867340000,0.80653,0.80656,0.80635,0.80636
1781867400000,0.80637,0.80638,0.8063,0.80631
1781867460000,0.80631,0.80634,0.80627,0.80631
1781867520000,0.8063,0.80638,0.80625,0.80635
1781867580000,0.80636,0.80639,0.80633,0.80634
1781867640000,0.80634,0.80639,0.80633,0.80639
1781867700000,0.80638,0.80638,0.8063,0.80632
1781867760000,0.80632,0.80633,0.80631,0.80633
1781867820000,0.80632,0.80633,0.80628,0.8063
1781867880000,0.8063,0.80631,0.80619,0.80622
1781867940000,0.80622,0.80622,0.80617,0.80618
1781868000000,0.80618,0.80621,0.80606,0.80606
1781868060000,0.80606,0.80608,0.80603,0.80607
1781868120000,0.80607,0.80607,0.80599,0.80601
1781868180000,0.80602,0.80606,0.806,0.80605
1781868240000,0.80607,0.80609,0.80606,0.80607
1781868300000,0.80607,0.80609,0.80601,0.80609
1781868360000,0.80609,0.80617,0.80609,0.80616
1781868420000,0.80616,0.80618,0.80613,0.80618
1781868480000,0.80619,0.80624,0.80617,0.80621
1781868540000,0.80621,0.80641,0.80621,0.80641
1781868600000,0.80643,0.80652,0.80643,0.80649
1781868660000,0.80651,0.80651,0.80645,0.80646
1781868720000,0.80645,0.80652,0.80645,0.80651
1781868780000,0.80652,0.80657,0.80652,0.80657
1781868840000,0.8066,0.80663,0.80659,0.8066
1781868900000,0.80661,0.80665,0.80647,0.80647
1781868960000,0.8065,0.80655,0.8065,0.80655
1781869020000,0.80655,0.80671,0.80653,0.80671
1781869080000,0.8067,0.80672,0.80668,0.80669
1781869140000,0.8067,0.8067,0.8066,0.80661
1781869200000,0.80662,0.80665,0.80655,0.80655
1781869260000,0.80653,0.80653,0.80646,0.80647
1781869320000,0.80648,0.80652,0.80648,0.80651
1781869380000,0.80652,0.80652,0.80643,0.80644
1781869440000,0.80641,0.80642,0.80633,0.80633
1781869500000,0.80632,0.80634,0.8063,0.80634
1781869560000,0.80633,0.80636,0.80628,0.8063
1781869620000,0.80631,0.80631,0.80628,0.80629
1781869680000,0.80629,0.80648,0.80628,0.80648
1781869740000,0.80647,0.80651,0.80646,0.80649
1781869800000,0.80647,0.8066,0.80644,0.8066
1781869860000,0.80659,0.80659,0.80652,0.80656
1781869920000,0.80655,0.80655,0.8065,0.80652
1781869980000,0.80651,0.80666,0.80651,0.80661
1781870040000,0.80664,0.80666,0.80657,0.80661
1781870100000,0.80661,0.80685,0.80661,0.80683
1781870160000,0.80682,0.80683,0.80673,0.80678
1781870220000,0.80676,0.80676,0.80662,0.80666
1781870280000,0.80667,0.80678,0.80666,0.80676
1781870340000,0.80676,0.8068,0.80675,0.80677
1781870400000,0.80676,0.80676,0.80671,0.80673
1781870460000,0.80672,0.80673,0.80655,0.80655
1781870520000,0.80658,0.80675,0.80658,0.80672
1781870580000,0.80671,0.80676,0.80667,0.80667
1781870640000,0.80667,0.80669,0.80663,0.80664
1781870700000,0.80664,0.80683,0.80663,0.80679
1781870760000,0.8068,0.80682,0.8067,0.80671
1781870820000,0.80673,0.80673,0.80663,0.80666
1781870880000,0.80665,0.80667,0.80654,0.80654
1781870940000,0.80651,0.80652,0.80642,0.80648
1781871000000,0.80648,0.80652,0.80645,0.80645
1781871060000,0.80645,0.80659,0.80644,0.80656
1781871120000,0.80659,0.80659,0.80648,0.80654
1781871180000,0.80654,0.80656,0.8065,0.80654
1781871240000,0.80655,0.80661,0.80653,0.8066
1781871300000,0.80659,0.80662,0.80656,0.80658
1781871360000,0.80657,0.80666,0.80656,0.80665
1781871420000,0.80665,0.8067,0.80663,0.80665
1781871480000,0.80666,0.80675,0.80663,0.80671
1781871540000,0.8067,0.80672,0.80661,0.80662
1781871600000,0.80662,0.80672,0.80662,0.80668
1781871660000,0.80668,0.80671,0.80665,0.80665
1781871720000,0.80669,0.8067,0.80657,0.80658
1781871780000,0.80659,0.80676,0.80659,0.80676
1781871840000,0.80677,0.80688,0.80677,0.80682
1781871900000,0.80683,0.80686,0.80671,0.80672
1781871960000,0.80674,0.80674,0.80663,0.8067
1781872020000,0.80671,0.80683,0.80671,0.80681
1781872080000,0.80681,0.80682,0.80674,0.80682
1781872140000,0.80683,0.8069,0.80681,0.80687
1781872200000,0.80689,0.8069,0.80685,0.8069
1781872260000,0.80688,0.80689,0.80681,0.80686
1781872320000,0.80684,0.80685,0.80682,0.80684
1781872380000,0.80682,0.80685,0.8068,0.8068
1781872440000,0.80679,0.80681,0.80676,0.80681
1781872500000,0.8068,0.80684,0.8068,0.8068
1781872560000,0.80681,0.80692,0.80679,0.80692
1781872620000,0.80693,0.80712,0.80691,0.80699
1781872680000,0.807,0.80701,0.80685,0.80688
1781872740000,0.80687,0.80692,0.80687,0.8069
1781872800000,0.80691,0.80701,0.80689,0.80694
1781872860000,0.80694,0.80695,0.80682,0.80688
1781872920000,0.80687,0.80692,0.80685,0.80688
1781872980000,0.80689,0.80708,0.80688,0.80707
1781873040000,0.80709,0.80713,0.80707,0.80709
1781873100000,0.80708,0.80721,0.80708,0.80718
1781873160000,0.80717,0.80725,0.80717,0.80724
1781873220000,0.80723,0.80731,0.80722,0.80722
1781873280000,0.80722,0.80722,0.8071,0.80713
1781873340000,0.80712,0.80715,0.8071,0.80713
1781873400000,0.80713,0.80714,0.80658,0.8066
1781873460000,0.80657,0.80667,0.80608,0.80626
1781873520000,0.80626,0.80649,0.80617,0.8062
1781873580000,0.80622,0.80623,0.80601,0.8062
1781873640000,0.80622,0.80622,0.80594,0.80605
1781873700000,0.80604,0.80645,0.80601,0.80645
1781873760000,0.80647,0.80651,0.80613,0.80624
1781873820000,0.80624,0.80629,0.8062,0.80625
1781873880000,0.80625,0.80633,0.80623,0.80628
1781873940000,0.80629,0.80643,0.80626,0.80643
1781874000000,0.80641,0.80646,0.80632,0.80642
1781874060000,0.80643,0.80644,0.80634,0.8064
1781874120000,0.80639,0.80663,0.80637,0.80661
1781874180000,0.80662,0.80678,0.80662,0.80674
1781874240000,0.80674,0.8068,0.80672,0.80679
1781874300000,0.80679,0.80697,0.80674,0.80696
1781874360000,0.80698,0.80702,0.80695,0.80696
1781874420000,0.80696,0.80708,0.80696,0.80702
1781874480000,0.80703,0.80703,0.80691,0.80696
1781874540000,0.80695,0.80699,0.80691,0.80694
1781874600000,0.80695,0.80707,0.80691,0.80706
1781874660000,0.80707,0.80718,0.80705,0.80716
1781874720000,0.80716,0.80728,0.80713,0.80727
1781874780000,0.80728,0.80737,0.80727,0.80737
1781874840000,0.80736,0.80761,0.80736,0.80761
1781874900000,0.8076,0.8076,0.80732,0.80741
1781874960000,0.80739,0.80747,0.80736,0.80744
1781875020000,0.80744,0.80761,0.80737,0.8076
1781875080000,0.80759,0.80759,0.80744,0.8075
1781875140000,0.80751,0.80756,0.80749,0.80756
1781875200000,0.80755,0.80773,0.80755,0.80769
1781875260000,0.80771,0.80777,0.8077,0.80772
1781875320000,0.80773,0.80776,0.80772,0.80774
1781875380000,0.80775,0.80775,0.80766,0.80772
1781875440000,0.80771,0.80772,0.80755,0.80755
1781875500000,0.80756,0.80757,0.80748,0.80752
1781875560000,0.80752,0.80758,0.80747,0.8075
1781875620000,0.8075,0.80751,0.80736,0.80736
1781875680000,0.80737,0.80739,0.80731,0.80737
1781875740000,0.80736,0.80739,0.80724,0.80724
1781875800000,0.80723,0.80736,0.80723,0.80727
1781875860000,0.80728,0.80743,0.80728,0.80742
1781875920000,0.80742,0.80747,0.80736,0.80736
1781875980000,0.80737,0.80743,0.80737,0.80743
1781876040000,0.80742,0.80746,0.80739,0.80743
1781876100000,0.80742,0.8075,0.80741,0.80746
1781876160000,0.80747,0.80747,0.80735,0.80737
1781876220000,0.80736,0.80754,0.8073,0.80754
1781876280000,0.80754,0.8076,0.80747,0.8075
1781876340000,0.80751,0.80756,0.80746,0.80746
1781876400000,0.80747,0.80752,0.8074,0.8075
1781876460000,0.80751,0.80753,0.80748,0.80752
1781876520000,0.80753,0.80753,0.8072,0.8072
1781876580000,0.8072,0.80727,0.80711,0.80719
1781876640000,0.80719,0.80741,0.80719,0.80722
1781876700000,0.80724,0.80727,0.80719,0.80721
1781876760000,0.80722,0.80725,0.80718,0.80722
1781876820000,0.80723,0.80727,0.80718,0.80718
1781876880000,0.80719,0.80729,0.80718,0.80728
1781876940000,0.80727,0.80728,0.80717,0.80718
1781877000000,0.80718,0.80722,0.80717,0.80717
1781877060000,0.80718,0.80718,0.80707,0.80709
1781877120000,0.80708,0.80722,0.80705,0.80722
1781877180000,0.8072,0.8072,0.80711,0.80718
1781877240000,0.80718,0.80721,0.80712,0.8072
1781877300000,0.80719,0.80724,0.80717,0.80724
1781877360000,0.80724,0.80724,0.80706,0.8072
1781877420000,0.80722,0.80739,0.80721,0.80735
1781877480000,0.80736,0.80741,0.80734,0.80734
1781877540000,0.80732,0.80736,0.80729,0.80734
1781877600000,0.80736,0.80752,0.80733,0.80743
1781877660000,0.80742,0.80749,0.80734,0.80736
1781877720000,0.80735,0.80744,0.80733,0.80734
1781877780000,0.80735,0.80743,0.80732,0.8074
1781877840000,0.8074,0.80749,0.8074,0.80741
1781877900000,0.8074,0.80745,0.80731,0.80745
1781877960000,0.80747,0.80758,0.80746,0.80746
1781878020000,0.80747,0.80749,0.80742,0.80743
1781878080000,0.80743,0.80758,0.80741,0.80755
1781878140000,0.80756,0.8077,0.80752,0.80764
1781878200000,0.80762,0.80775,0.80762,0.80773
1781878260000,0.80773,0.80775,0.80767,0.80775
1781878320000,0.80774,0.80775,0.80769,0.80771
1781878380000,0.80773,0.80773,0.80766,0.80768
1781878440000,0.8077,0.80787,0.80769,0.80781
1781878500000,0.80781,0.80786,0.80776,0.80786
1781878560000,0.80787,0.80787,0.80776,0.80776
1781878620000,0.80775,0.80784,0.80774,0.80784
1781878680000,0.80785,0.80792,0.80784,0.80787
1781878740000,0.80788,0.80791,0.80784,0.80784
1781878800000,0.80786,0.80786,0.80783,0.80785
1781878860000,0.80786,0.80786,0.80776,0.80782
1781878920000,0.80783,0.80788,0.8078,0.80784
1781878980000,0.80785,0.80789,0.80782,0.80783
1781879040000,0.80784,0.80786,0.80779,0.80785
1781879100000,0.80784,0.80784,0.80769,0.80769
1781879160000,0.80768,0.80768,0.80759,0.8076
1781879220000,0.8076,0.8077,0.80757,0.80769
1781879280000,0.80769,0.80771,0.80765,0.80767
1781879340000,0.80766,0.80769,0.80755,0.8076
1781879400000,0.80761,0.80762,0.80749,0.80751
1781879460000,0.80749,0.80756,0.80749,0.8075
1781879520000,0.80751,0.80753,0.80749,0.80752
1781879580000,0.80752,0.80754,0.80747,0.8075
1781879640000,0.80749,0.80753,0.80748,0.8075
1781879700000,0.8075,0.8075,0.80739,0.80745
1781879760000,0.80746,0.80751,0.80742,0.80751
1781879820000,0.80751,0.80756,0.80749,0.8075
1781879880000,0.80751,0.80755,0.80749,0.80749
1781879940000,0.80749,0.80749,0.80742,0.80743
1781880000000,0.80743,0.80744,0.80722,0.80727
1781880060000,0.80727,0.80737,0.80727,0.80736
1781880120000,0.80736,0.80747,0.80735,0.80747
1781880180000,0.80746,0.80747,0.80729,0.80732
1781880240000,0.80731,0.80743,0.80729,0.80743
1781880300000,0.80742,0.80746,0.80729,0.80738
1781880360000,0.80738,0.80742,0.80732,0.80739
1781880420000,0.80741,0.80742,0.8073,0.80732
1781880480000,0.80731,0.80744,0.80731,0.80742
1781880540000,0.80743,0.80748,0.80743,0.80746
1781880600000,0.80747,0.80764,0.80746,0.80761
1781880660000,0.80761,0.80761,0.80753,0.80757
1781880720000,0.80759,0.80759,0.80747,0.80747
1781880780000,0.80748,0.80777,0.80745,0.80775
1781880840000,0.80777,0.80779,0.80736,0.80737
1781880900000,0.80737,0.80749,0.80727,0.80747
1781880960000,0.80749,0.80749,0.80739,0.80742
1781881020000,0.80742,0.8077,0.8074,0.80767
1781881080000,0.80768,0.8079,0.80762,0.80789
1781881140000,0.80789,0.80796,0.80766,0.80768
1781881200000,0.80769,0.80776,0.8075,0.80754
1781881260000,0.80755,0.80756,0.80729,0.80729
1781881320000,0.8073,0.80749,0.80718,0.80748
1781881380000,0.8075,0.80752,0.80747,0.80751
1781881440000,0.80751,0.80759,0.80751,0.80755
1781881500000,0.80755,0.80757,0.80733,0.80736
1781881560000,0.80738,0.80747,0.80735,0.80744
1781881620000,0.80744,0.80744,0.8073,0.80733
1781881680000,0.80735,0.80739,0.80733,0.80739
1781881740000,0.80739,0.80739,0.80723,0.80725
1781881800000,0.80724,0.80727,0.80718,0.80723
1781881860000,0.80723,0.8073,0.80716,0.80724
1781881920000,0.80725,0.80732,0.80724,0.8073
1781881980000,0.80729,0.80738,0.80726,0.80737
1781882040000,0.80735,0.80737,0.8073,0.80736
1781882100000,0.80733,0.80734,0.80727,0.80732
1781882160000,0.8073,0.80732,0.80725,0.80725
1781882220000,0.80724,0.8073,0.80721,0.80723
1781882280000,0.80723,0.80732,0.80723,0.8073
1781882340000,0.8073,0.80737,0.80726,0.80731
1781882400000,0.80731,0.80731,0.80722,0.80722
1781882460000,0.80721,0.80731,0.80717,0.80729
1781882520000,0.80731,0.80747,0.80731,0.80747
1781882580000,0.80746,0.80749,0.80744,0.80745
1781882640000,0.80744,0.80748,0.80741,0.80747
1781882700000,0.80747,0.8075,0.80745,0.80749
1781882760000,0.80747,0.80752,0.80742,0.80746
1781882820000,0.80747,0.80751,0.80744,0.80746
1781882880000,0.80747,0.80748,0.8074,0.8074
1781882940000,0.80741,0.80747,0.8074,0.80747
1781883000000,0.80748,0.80768,0.80748,0.80763
1781883060000,0.80766,0.80771,0.80761,0.80761
1781883120000,0.80764,0.80772,0.80764,0.80768
1781883180000,0.8077,0.80777,0.8077,0.80776
1781883240000,0.80777,0.80777,0.80771,0.80771
1781883300000,0.8077,0.80776,0.80769,0.80776
1781883360000,0.80776,0.80784,0.80776,0.8078
1781883420000,0.8078,0.80792,0.8078,0.80792
1781883480000,0.80793,0.80801,0.80793,0.80801
1781883540000,0.808,0.80803,0.80798,0.80803
1781883600000,0.80802,0.80803,0.80792,0.80792
1781883660000,0.80791,0.80798,0.80791,0.80798
1781883720000,0.80801,0.80802,0.80798,0.80798
1781883780000,0.808,0.80802,0.80794,0.80794
1781883840000,0.80795,0.80801,0.80791,0.80799
1781883900000,0.808,0.808,0.80782,0.80782
1781883960000,0.80782,0.80784,0.80776,0.80779
1781884020000,0.80779,0.8078,0.80774,0.80777
1781884080000,0.80776,0.8078,0.80774,0.80776
1781884140000,0.80778,0.80782,0.80775,0.80782
1781884200000,0.80781,0.80783,0.80781,0.80783
1781884260000,0.80784,0.80794,0.80784,0.80792
1781884320000,0.8079,0.80792,0.80784,0.80786
1781884380000,0.80785,0.80785,0.80775,0.80775
1781884440000,0.80775,0.80787,0.80775,0.80786
1781884500000,0.80784,0.8079,0.80781,0.8079
1781884560000,0.80789,0.80795,0.80789,0.80789
1781884620000,0.80786,0.80791,0.80781,0.80782
1781884680000,0.80782,0.80786,0.80781,0.80785
1781884740000,0.80786,0.80786,0.80776,0.80778
1781884800000,0.80777,0.80784,0.80772,0.80784
1781884860000,0.80784,0.80785,0.80773,0.80776
1781884920000,0.80778,0.80782,0.80775,0.80781
1781884980000,0.8078,0.8078,0.80774,0.80775
1781885040000,0.80776,0.80777,0.80772,0.80774
1781885100000,0.80775,0.80776,0.80766,0.80774
1781885160000,0.80774,0.80774,0.80769,0.80769
1781885220000,0.80774,0.80774,0.80771,0.80771
1781885280000,0.80772,0.80779,0.80771,0.80775
1781885340000,0.80775,0.80776,0.80766,0.80767
1781885400000,0.80768,0.80768,0.80761,0.80765
1781885460000,0.80766,0.80767,0.80761,0.80764
1781885520000,0.80763,0.80766,0.80762,0.80762
1781885580000,0.80763,0.80767,0.80763,0.80763
1781885640000,0.80765,0.80765,0.80753,0.80756
1781885700000,0.80755,0.80762,0.80755,0.8076
1781885760000,0.80761,0.80772,0.80761,0.80772
1781885820000,0.80771,0.80774,0.80771,0.80773
1781885880000,0.80773,0.80773,0.80773,0.80773
1781885940000,0.80772,0.80788,0.80772,0.80788
1781886000000,0.80788,0.8079,0.80777,0.80777
1781886060000,0.80776,0.80776,0.80763,0.80763
1781886120000,0.80764,0.80766,0.80761,0.80761
1781886180000,0.80761,0.80761,0.80748,0.8075
1781886240000,0.80752,0.80752,0.8074,0.8074
1781886300000,0.8074,0.80741,0.80731,0.80735
1781886360000,0.80736,0.80737,0.80729,0.80729
1781886420000,0.8073,0.8073,0.80725,0.80725
1781886480000,0.80726,0.80727,0.80725,0.80725
1781886540000,0.80727,0.80731,0.80727,0.80729
1781886600000,0.80729,0.80733,0.80728,0.80729
1781886660000,0.8073,0.8073,0.80726,0.80726
1781886720000,0.80728,0.80739,0.80728,0.80739
1781886780000,0.8074,0.80747,0.8074,0.80747
1781886840000,0.80748,0.80748,0.80744,0.80748
1781886900000,0.80749,0.80754,0.80749,0.80754
1781886960000,0.80754,0.8077,0.80754,0.80766
1781887020000,0.80767,0.80772,0.80764,0.80765
1781887080000,0.80765,0.80766,0.80755,0.80757
1781887140000,0.80758,0.80761,0.80757,0.80758
1781887200000,0.80757,0.80757,0.80757,0.80757
1781887260000,0.80757,0.80759,0.80757,0.80759
1781887320000,0.80761,0.80762,0.80754,0.80758
1781887380000,0.8076,0.8076,0.80756,0.80756
1781887440000,0.80756,0.80756,0.8075,0.80755
1781887500000,0.80755,0.80755,0.80745,0.80746
1781887560000,0.80747,0.80747,0.8074,0.80741
1781887620000,0.80741,0.80742,0.8074,0.80742
1781887680000,0.80741,0.8075,0.80741,0.8075
1781887740000,0.80748,0.80751,0.80744,0.80744
1781887800000,0.80743,0.80744,0.80735,0.80741
1781887860000,0.80741,0.80752,0.8074,0.80752
1781887920000,0.80749,0.8075,0.80744,0.80744
1781887980000,0.80743,0.80746,0.80743,0.80746
1781888040000,0.80746,0.80761,0.80746,0.80761
1781888100000,0.8076,0.80761,0.80755,0.80758
1781888160000,0.80757,0.80757,0.80752,0.80755
1781888220000,0.80755,0.80757,0.80754,0.80757
1781888280000,0.80758,0.80762,0.80752,0.80752
1781888340000,0.80752,0.80754,0.80743,0.80751
1781888400000,0.80749,0.80749,0.80729,0.80733
1781888460000,0.80732,0.80735,0.80728,0.80731
1781888520000,0.8073,0.8073,0.80723,0.80726
1781888580000,0.80725,0.80725,0.80717,0.80717
1781888640000,0.80717,0.80722,0.80716,0.8072
1781888700000,0.8072,0.80722,0.80715,0.80715
1781888760000,0.80716,0.80716,0.80711,0.80714
1781888820000,0.80713,0.80714,0.80711,0.80714
1781888880000,0.80714,0.80716,0.80712,0.80714
1781888940000,0.80714,0.80714,0.80713,0.80714
1781889000000,0.80715,0.80733,0.80715,0.80729
1781889060000,0.8073,0.80736,0.8073,0.80736
1781889120000,0.80736,0.8075,0.80736,0.80748
1781889180000,0.80747,0.80753,0.80746,0.80746
1781889240000,0.80747,0.80752,0.80745,0.80747
1781889300000,0.80747,0.8075,0.80747,0.80748
1781889360000,0.80748,0.80748,0.80742,0.80746
1781889420000,0.80743,0.80747,0.80742,0.80745
1781889480000,0.80746,0.80748,0.80743,0.80747
1781889540000,0.80746,0.80747,0.80742,0.80744
1781889600000,0.80745,0.80747,0.80735,0.80739
1781889660000,0.80738,0.80744,0.80735,0.80741
1781889720000,0.80742,0.80744,0.8074,0.80742
1781889780000,0.80743,0.80746,0.80741,0.80743
1781889840000,0.80743,0.80748,0.80741,0.80742
1781889900000,0.80743,0.80745,0.80742,0.80743
1781889960000,0.80742,0.80748,0.80741,0.80743
1781890020000,0.80743,0.80744,0.80739,0.80741
1781890080000,0.80742,0.80743,0.80736,0.80737
1781890140000,0.80738,0.8074,0.80736,0.80737
1781890200000,0.80739,0.80739,0.80732,0.80734
1781890260000,0.80735,0.80741,0.80727,0.80728
1781890320000,0.80728,0.80728,0.80712,0.80716
1781890380000,0.80716,0.80719,0.80713,0.80718
1781890440000,0.80718,0.8072,0.80717,0.80719
1781890500000,0.80719,0.80724,0.80719,0.8072
1781890560000,0.8072,0.80723,0.8072,0.8072
1781890620000,0.80719,0.80723,0.80712,0.80721
1781890680000,0.80722,0.80722,0.80719,0.8072
1781890740000,0.80721,0.80722,0.80719,0.8072
1781890800000,0.80719,0.80721,0.80715,0.80716
1781890860000,0.80714,0.80714,0.8071,0.80712
1781890920000,0.80711,0.80712,0.80704,0.80712
1781890980000,0.80711,0.80713,0.80706,0.80711
1781891040000,0.80711,0.80713,0.80706,0.80711
1781891100000,0.80709,0.80714,0.80705,0.80707
1781891160000,0.80712,0.80714,0.80707,0.80712
1781891220000,0.80708,0.80714,0.80705,0.80707
1781891280000,0.80712,0.80713,0.80706,0.80713
1781891340000,0.80707,0.80715,0.80707,0.80708
1781891400000,0.80709,0.80711,0.80704,0.80706
1781891460000,0.80711,0.80711,0.80706,0.80706
1781891520000,0.80712,0.80712,0.80705,0.80708
1781891580000,0.80705,0.8071,0.807,0.80704
1781891640000,0.80707,0.80707,0.80699,0.80699
1781891700000,0.80699,0.80711,0.80698,0.80707
1781891760000,0.80709,0.80713,0.80705,0.80706
1781891820000,0.80707,0.80715,0.80698,0.80707
1781891880000,0.80708,0.80716,0.80703,0.80709
1781891940000,0.80705,0.80711,0.80701,0.80706
1781892000000,0.80707,0.80707,0.80699,0.807
1781892060000,0.807,0.80701,0.80698,0.80698
1781892120000,0.80701,0.80701,0.80698,0.80699
1781892180000,0.80697,0.80699,0.80695,0.80699
1781892240000,0.807,0.807,0.80697,0.80699
1781892300000,0.80699,0.80702,0.80697,0.80701
1781892360000,0.80698,0.80703,0.80697,0.807
1781892420000,0.807,0.80701,0.80699,0.80699
1781892480000,0.80698,0.80699,0.80698,0.80699
1781892540000,0.80699,0.80701,0.80699,0.80699
1781892600000,0.80699,0.807,0.80699,0.807
1781892660000,0.80701,0.80701,0.80698,0.80698
1781892720000,0.80699,0.80699,0.80699,0.80699
1781892780000,0.80701,0.80707,0.80699,0.80699
1781892840000,0.807,0.807,0.80699,0.807
1781892900000,0.80697,0.80699,0.80697,0.80699
1781892960000,0.80697,0.80698,0.80697,0.80697
1781893020000,0.80697,0.80697,0.80697,0.80697
1781893080000,0.80696,0.80697,0.80696,0.80697
1781893140000,0.80697,0.80698,0.80697,0.80698
1781893200000,0.80698,0.80698,0.80698,0.80698
1781893260000,0.80698,0.80698,0.80697,0.80698
1781893320000,0.80698,0.80698,0.80696,0.80698
1781893380000,0.80697,0.80698,0.80695,0.80695
1781893440000,0.80697,0.80697,0.80678,0.80681
1781893500000,0.80681,0.80681,0.80665,0.80668
1781893560000,0.80668,0.80669,0.80665,0.80669
1781893620000,0.80668,0.8067,0.80668,0.8067
1781893680000,0.80671,0.80672,0.80669,0.8067
1781893740000,0.80671,0.80675,0.80665,0.80669
1781893800000,0.8067,0.8067,0.80665,0.80668
1781893860000,0.80667,0.80669,0.80663,0.80667
1781893920000,0.80665,0.80668,0.80664,0.80664
1781893980000,0.80664,0.80665,0.80652,0.80655
1781894040000,0.80656,0.8066,0.80654,0.80657
1781894100000,0.80657,0.80661,0.80655,0.80656
1781894160000,0.80655,0.80657,0.80648,0.80651
1781894220000,0.80651,0.80653,0.80647,0.80652
1781894280000,0.80652,0.80652,0.80647,0.80648
1781894340000,0.80649,0.80652,0.80647,0.80649
1781894400000,0.80649,0.8065,0.80646,0.80646
1781894460000,0.80649,0.8065,0.80646,0.80646
1781894520000,0.80646,0.80648,0.80646,0.80647
1781894580000,0.80649,0.8065,0.80646,0.80648
1781894640000,0.8065,0.8065,0.80644,0.80647
1781894700000,0.80646,0.80647,0.80644,0.80646
1781894760000,0.80645,0.80646,0.80645,0.80646
1781894820000,0.80647,0.80649,0.80646,0.80647
1781894880000,0.80647,0.80649,0.80646,0.80647
1781894940000,0.80648,0.80648,0.80646,0.80646
1781895000000,0.80648,0.80651,0.80645,0.80647
1781895060000,0.80646,0.80649,0.80646,0.80647
1781895120000,0.80646,0.80666,0.80645,0.80659
1781895180000,0.80659,0.80661,0.80655,0.8066
1781895240000,0.80656,0.80661,0.80652,0.80656
1781895300000,0.80655,0.80671,0.80654,0.80668
1781895360000,0.80667,0.80668,0.80662,0.80666
1781895420000,0.80666,0.80687,0.80659,0.80679
1781895480000,0.80679,0.80681,0.80673,0.80675
1781895540000,0.80674,0.80676,0.80658,0.80658
1781895600000,0.80657,0.80658,0.80644,0.80646
1781895660000,0.80645,0.80652,0.8064,0.80648
1781895720000,0.80648,0.80655,0.80643,0.80644
1781895780000,0.80645,0.80645,0.80642,0.80642
1781895840000,0.80644,0.80647,0.80641,0.80645
1781895900000,0.80644,0.80646,0.80642,0.80646
1781895960000,0.80644,0.80646,0.80643,0.80645
1781896020000,0.80644,0.80645,0.8064,0.80642
1781896080000,0.80641,0.80645,0.80641,0.80644
1781896140000,0.80645,0.80645,0.80641,0.80642
1781896200000,0.80642,0.80643,0.80641,0.80643
1781896260000,0.80643,0.80643,0.80641,0.80641
1781896320000,0.80642,0.80644,0.80641,0.80643
1781896380000,0.80642,0.80643,0.80641,0.80641
1781896440000,0.8064,0.80643,0.8064,0.80641
1781896500000,0.8064,0.80643,0.8064,0.80642
1781896560000,0.80642,0.80643,0.8064,0.80642
1781896620000,0.80642,0.80643,0.80641,0.80641
1781896680000,0.80641,0.80646,0.80641,0.80646
1781896740000,0.80647,0.80663,0.80646,0.80662
1781896800000,0.80659,0.80661,0.80655,0.80658
1781896860000,0.80657,0.80662,0.80657,0.80659
1781896920000,0.80656,0.80659,0.80656,0.80658
1781896980000,0.80657,0.80657,0.80654,0.80654
1781897040000,0.80655,0.80656,0.80652,0.80653
1781897100000,0.80652,0.80653,0.8065,0.8065
1781897160000,0.80649,0.80652,0.80649,0.80652
1781897220000,0.80651,0.80653,0.80648,0.80649
1781897280000,0.80649,0.8065,0.80644,0.80646
1781897340000,0.80647,0.80648,0.80646,0.80648
1781897400000,0.80646,0.80646,0.8064,0.80642
1781897460000,0.80642,0.80642,0.80641,0.80641
1781897520000,0.8064,0.80642,0.8064,0.80642
1781897580000,0.8064,0.80647,0.8064,0.80644
1781897640000,0.80645,0.80645,0.80642,0.80644
1781897700000,0.80645,0.80645,0.80642,0.80643
1781897760000,0.80642,0.80643,0.80639,0.8064
1781897820000,0.8064,0.8064,0.8064,0.8064
1781897880000,0.8064,0.80642,0.80639,0.8064
1781897940000,0.80641,0.80647,0.8064,0.80645
1781898000000,0.80644,0.80651,0.80643,0.80651
1781898060000,0.80651,0.80654,0.80651,0.80654
1781898120000,0.80653,0.80655,0.80652,0.80653
1781898180000,0.80652,0.80653,0.80652,0.80653
1781898240000,0.80655,0.80665,0.80654,0.80662
1781898300000,0.80662,0.80662,0.80658,0.80659
1781898360000,0.80658,0.80663,0.80657,0.80657
1781898420000,0.80659,0.80659,0.80652,0.80654
1781898480000,0.80654,0.80654,0.80649,0.80652
1781898540000,0.80651,0.80652,0.80649,0.8065
1781898600000,0.8065,0.8065,0.80648,0.80649
1781898660000,0.80649,0.8065,0.80648,0.80649
1781898720000,0.80649,0.80649,0.80649,0.80649
1781898780000,0.80649,0.80652,0.80644,0.80649
1781898840000,0.80649,0.8065,0.80646,0.80646
1781898900000,0.80648,0.80651,0.80648,0.80651
1781898960000,0.80651,0.80651,0.80651,0.80651
1781899020000,0.80651,0.80665,0.80651,0.80661
1781899080000,0.80661,0.8067,0.8066,0.8067
1781899140000,0.8067,0.80677,0.8067,0.80672
1781899200000,0.80672,0.80693,0.8067,0.80678
1781899260000,0.80678,0.80681,0.8067,0.80671
1781899320000,0.80671,0.80671,0.80671,0.80671
1781899380000,0.80671,0.80674,0.8067,0.80671
1781899440000,0.80672,0.80672,0.8067,0.80671
1781899500000,0.8067,0.80674,0.8067,0.80673
1781899560000,0.80674,0.80674,0.8067,0.80671
1781899620000,0.80672,0.80672,0.8067,0.80671
1781899680000,0.8067,0.80674,0.80669,0.80669
1781899740000,0.8067,0.80675,0.80667,0.80673
1781899800000,0.80673,0.80681,0.80669,0.8067
1781899860000,0.8067,0.80674,0.80664,0.80672
1781899920000,0.80674,0.80676,0.80665,0.80667
1781899980000,0.80666,0.80667,0.80658,0.80663
1781900040000,0.80664,0.80666,0.80653,0.80654
1781900100000,0.80654,0.80664,0.80649,0.80663
1781900160000,0.80665,0.80674,0.80662,0.80665
1781900220000,0.80665,0.80678,0.80663,0.80669
1781900280000,0.80669,0.80672,0.80667,0.8067
1781900340000,0.80669,0.80677,0.80668,0.80674
1781900400000,0.80675,0.8068,0.80673,0.80677
1781900460000,0.80676,0.8068,0.80675,0.8068
1781900520000,0.80679,0.80684,0.80678,0.80679
1781900580000,0.8068,0.80682,0.80679,0.80681
1781900640000,0.80679,0.80679,0.80678,0.80679
1781900700000,0.80679,0.80682,0.80675,0.80678
1781900760000,0.80678,0.80691,0.80678,0.80683
1781900820000,0.80684,0.80691,0.80681,0.80683
1781900880000,0.80683,0.80683,0.80681,0.80682
1781900940000,0.80682,0.80685,0.80681,0.80685
1781901000000,0.80685,0.80688,0.80682,0.80683
1781901060000,0.80683,0.80687,0.8067,0.8068
1781901120000,0.80679,0.80683,0.80679,0.8068
1781901180000,0.80681,0.80686,0.80681,0.80684
1781901240000,0.80685,0.80686,0.80684,0.80685
1781901300000,0.80684,0.80689,0.80682,0.80682
1781901360000,0.80682,0.80684,0.80674,0.80677
1781901420000,0.80675,0.80682,0.80673,0.80676
1781901480000,0.80677,0.80682,0.80664,0.80674
1781901540000,0.80674,0.80678,0.80668,0.80674
1781901600000,0.80675,0.80679,0.8067,0.80676
1781901660000,0.80673,0.80676,0.8067,0.80674
1781901720000,0.80674,0.80677,0.80667,0.8067
1781901780000,0.80669,0.80671,0.80657,0.80665
1781901840000,0.80665,0.80669,0.80659,0.80662
1781901900000,0.80662,0.80673,0.80651,0.80656
1781901960000,0.80654,0.80671,0.80648,0.80651
1781902020000,0.8065,0.8067,0.80649,0.8065
1781902080000,0.80647,0.80648,0.80647,0.80648
1781902140000,0.80648,0.8067,0.80647,0.80663
1781902200000,0.80639,0.80666,0.80637,0.8064
1781902260000,0.80665,0.80665,0.80638,0.80663
1781902320000,0.80642,0.80665,0.80642,0.80661
1781902380000,0.80664,0.80666,0.80639,0.80639
1781902440000,0.80658,0.80667,0.80644,0.80663
1781902500000,0.80665,0.80672,0.80638,0.80664
1781902560000,0.80669,0.80672,0.80636,0.80662
1781902620000,0.8066,0.8067,0.80635,0.80659
1781902680000,0.80633,0.807,0.80632,0.80671
1781902740000,0.80675,0.80679,0.80669,0.80677
1781902800000,0.80677,0.80677,0.80677,0.80677
1781902860000,0.80677,0.80677,0.80677,0.80677
1781902920000,0.80677,0.80677,0.80677,0.80677
1781902980000,0.80677,0.80677,0.80677,0.80677
1781903040000,0.80677,0.80677,0.80677,0.80677
1781903100000,0.80677,0.80677,0.80677,0.80677
1781903160000,0.80677,0.80677,0.80677,0.80677
1781903220000,0.80677,0.80677,0.80677,0.80677
1781903280000,0.80677,0.80677,0.80677,0.80677
1781903340000,0.80677,0.80677,0.80677,0.80677
1781903400000,0.80677,0.80677,0.80677,0.80677
1781903460000,0.80677,0.80677,0.80677,0.80677
1781903520000,0.80677,0.80677,0.80677,0.80677
1781903580000,0.80677,0.80677,0.80677,0.80677
1781903640000,0.80677,0.80677,0.80677,0.80677
1781903700000,0.80677,0.80677,0.80677,0.80677
1781903760000,0.80677,0.80677,0.80677,0.80677
1781903820000,0.80677,0.80677,0.80677,0.80677
1781903880000,0.80677,0.80677,0.80677,0.80677
1781903940000,0.80677,0.80677,0.80677,0.80677
1781904000000,0.80677,0.80677,0.80677,0.80677
1781904060000,0.80677,0.80677,0.80677,0.80677
1781904120000,0.80677,0.80677,0.80677,0.80677
1781904180000,0.80677,0.80677,0.80677,0.80677
1781904240000,0.80677,0.80677,0.80677,0.80677
1781904300000,0.80677,0.80677,0.80677,0.80677
1781904360000,0.80677,0.80677,0.80677,0.80677
1781904420000,0.80677,0.80677,0.80677,0.80677
1781904480000,0.80677,0.80677,0.80677,0.80677
1781904540000,0.80677,0.80677,0.80677,0.80677
1781904600000,0.80677,0.80677,0.80677,0.80677
1781904660000,0.80677,0.80677,0.80677,0.80677
1781904720000,0.80677,0.80677,0.80677,0.80677
1781904780000,0.80677,0.80677,0.80677,0.80677
1781904840000,0.80677,0.80677,0.80677,0.80677
1781904900000,0.80677,0.80677,0.80677,0.80677
1781904960000,0.80677,0.80677,0.80677,0.80677
1781905020000,0.80677,0.80677,0.80677,0.80677
1781905080000,0.80677,0.80677,0.80677,0.80677
1781905140000,0.80677,0.80677,0.80677,0.80677
1781905200000,0.80677,0.80677,0.80677,0.80677
1781905260000,0.80677,0.80677,0.80677,0.80677
1781905320000,0.80677,0.80677,0.80677,0.80677
1781905380000,0.80677,0.80677,0.80677,0.80677
1781905440000,0.80677,0.80677,0.80677,0.80677
1781905500000,0.80677,0.80677,0.80677,0.80677
1781905560000,0.80677,0.80677,0.80677,0.80677
1781905620000,0.80677,0.80677,0.80677,0.80677
1781905680000,0.80677,0.80677,0.80677,0.80677
1781905740000,0.80677,0.80677,0.80677,0.80677
1781905800000,0.80677,0.80677,0.80677,0.80677
1781905860000,0.80677,0.80677,0.80677,0.80677
1781905920000,0.80677,0.80677,0.80677,0.80677
1781905980000,0.80677,0.80677,0.80677,0.80677
1781906040000,0.80677,0.80677,0.80677,0.80677
1781906100000,0.80677,0.80677,0.80677,0.80677
1781906160000,0.80677,0.80677,0.80677,0.80677
1781906220000,0.80677,0.80677,0.80677,0.80677
1781906280000,0.80677,0.80677,0.80677,0.80677
1781906340000,0.80677,0.80677,0.80677,0.80677
1781906400000,0.80677,0.80677,0.80677,0.80677
1781906460000,0.80677,0.80677,0.80677,0.80677
1781906520000,0.80677,0.80677,0.80677,0.80677
1781906580000,0.80677,0.80677,0.80677,0.80677
1781906640000,0.80677,0.80677,0.80677,0.80677
1781906700000,0.80677,0.80677,0.80677,0.80677
1781906760000,0.80677,0.80677,0.80677,0.80677
1781906820000,0.80677,0.80677,0.80677,0.80677
1781906880000,0.80677,0.80677,0.80677,0.80677
1781906940000,0.80677,0.80677,0.80677,0.80677
1781907000000,0.80677,0.80677,0.80677,0.80677
1781907060000,0.80677,0.80677,0.80677,0.80677
1781907120000,0.80677,0.80677,0.80677,0.80677
1781907180000,0.80677,0.80677,0.80677,0.80677
1781907240000,0.80677,0.80677,0.80677,0.80677
1781907300000,0.80677,0.80677,0.80677,0.80677
1781907360000,0.80677,0.80677,0.80677,0.80677
1781907420000,0.80677,0.80677,0.80677,0.80677
1781907480000,0.80677,0.80677,0.80677,0.80677
1781907540000,0.80677,0.80677,0.80677,0.80677
1781907600000,0.80677,0.80677,0.80677,0.80677
1781907660000,0.80677,0.80677,0.80677,0.80677
1781907720000,0.80677,0.80677,0.80677,0.80677
1781907780000,0.80677,0.80677,0.80677,0.80677
1781907840000,0.80677,0.80677,0.80677,0.80677
1781907900000,0.80677,0.80677,0.80677,0.80677
1781907960000,0.80677,0.80677,0.80677,0.80677
1781908020000,0.80677,0.80677,0.80677,0.80677
1781908080000,0.80677,0.80677,0.80677,0.80677
1781908140000,0.80677,0.80677,0.80677,0.80677
1781908200000,0.80677,0.80677,0.80677,0.80677
1781908260000,0.80677,0.80677,0.80677,0.80677
1781908320000,0.80677,0.80677,0.80677,0.80677
1781908380000,0.80677,0.80677,0.80677,0.80677
1781908440000,0.80677,0.80677,0.80677,0.80677
1781908500000,0.80677,0.80677,0.80677,0.80677
1781908560000,0.80677,0.80677,0.80677,0.80677
1781908620000,0.80677,0.80677,0.80677,0.80677
1781908680000,0.80677,0.80677,0.80677,0.80677
1781908740000,0.80677,0.80677,0.80677,0.80677
1781908800000,0.80677,0.80677,0.80677,0.80677
1781908860000,0.80677,0.80677,0.80677,0.80677
1781908920000,0.80677,0.80677,0.80677,0.80677
1781908980000,0.80677,0.80677,0.80677,0.80677
1781909040000,0.80677,0.80677,0.80677,0.80677
1781909100000,0.80677,0.80677,0.80677,0.80677
1781909160000,0.80677,0.80677,0.80677,0.80677
1781909220000,0.80677,0.80677,0.80677,0.80677
1781909280000,0.80677,0.80677,0.80677,0.80677
1781909340000,0.80677,0.80677,0.80677,0.80677
1781909400000,0.80677,0.80677,0.80677,0.80677
1781909460000,0.80677,0.80677,0.80677,0.80677
1781909520000,0.80677,0.80677,0.80677,0.80677
1781909580000,0.80677,0.80677,0.80677,0.80677
1781909640000,0.80677,0.80677,0.80677,0.80677
1781909700000,0.80677,0.80677,0.80677,0.80677
1781909760000,0.80677,0.80677,0.80677,0.80677
1781909820000,0.80677,0.80677,0.80677,0.80677
1781909880000,0.80677,0.80677,0.80677,0.80677
1781909940000,0.80677,0.80677,0.80677,0.80677
1781910000000,0.80677,0.80677,0.80677,0.80677
1781910060000,0.80677,0.80677,0.80677,0.80677
1781910120000,0.80677,0.80677,0.80677,0.80677
1781910180000,0.80677,0.80677,0.80677,0.80677
1781910240000,0.80677,0.80677,0.80677,0.80677
1781910300000,0.80677,0.80677,0.80677,0.80677
1781910360000,0.80677,0.80677,0.80677,0.80677
1781910420000,0.80677,0.80677,0.80677,0.80677
1781910480000,0.80677,0.80677,0.80677,0.80677
1781910540000,0.80677,0.80677,0.80677,0.80677
1781910600000,0.80677,0.80677,0.80677,0.80677
1781910660000,0.80677,0.80677,0.80677,0.80677
1781910720000,0.80677,0.80677,0.80677,0.80677
1781910780000,0.80677,0.80677,0.80677,0.80677
1781910840000,0.80677,0.80677,0.80677,0.80677
1781910900000,0.80677,0.80677,0.80677,0.80677
1781910960000,0.80677,0.80677,0.80677,0.80677
1781911020000,0.80677,0.80677,0.80677,0.80677
1781911080000,0.80677,0.80677,0.80677,0.80677
1781911140000,0.80677,0.80677,0.80677,0.80677
1781911200000,0.80677,0.80677,0.80677,0.80677
1781911260000,0.80677,0.80677,0.80677,0.80677
1781911320000,0.80677,0.80677,0.80677,0.80677
1781911380000,0.80677,0.80677,0.80677,0.80677
1781911440000,0.80677,0.80677,0.80677,0.80677
1781911500000,0.80677,0.80677,0.80677,0.80677
1781911560000,0.80677,0.80677,0.80677,0.80677
1781911620000,0.80677,0.80677,0.80677,0.80677
1781911680000,0.80677,0.80677,0.80677,0.80677
1781911740000,0.80677,0.80677,0.80677,0.80677
1781911800000,0.80677,0.80677,0.80677,0.80677
1781911860000,0.80677,0.80677,0.80677,0.80677
1781911920000,0.80677,0.80677,0.80677,0.80677
1781911980000,0.80677,0.80677,0.80677,0.80677
1781912040000,0.80677,0.80677,0.80677,0.80677
1781912100000,0.80677,0.80677,0.80677,0.80677
1781912160000,0.80677,0.80677,0.80677,0.80677
1781912220000,0.80677,0.80677,0.80677,0.80677
1781912280000,0.80677,0.80677,0.80677,0.80677
1781912340000,0.80677,0.80677,0.80677,0.80677
1781912400000,0.80677,0.80677,0.80677,0.80677
1781912460000,0.80677,0.80677,0.80677,0.80677
1781912520000,0.80677,0.80677,0.80677,0.80677
1781912580000,0.80677,0.80677,0.80677,0.80677
1781912640000,0.80677,0.80677,0.80677,0.80677
1781912700000,0.80677,0.80677,0.80677,0.80677
1781912760000,0.80677,0.80677,0.80677,0.80677
1781912820000,0.80677,0.80677,0.80677,0.80677
1781912880000,0.80677,0.80677,0.80677,0.80677
1781912940000,0.80677,0.80677,0.80677,0.80677
1781913000000,0.80677,0.80677,0.80677,0.80677
1781913060000,0.80677,0.80677,0.80677,0.80677
1781913120000,0.80677,0.80677,0.80677,0.80677
1781913180000,0.80677,0.80677,0.80677,0.80677
1781913240000,0.80677,0.80677,0.80677,0.80677
1781913300000,0.80677,0.80677,0.80677,0.80677
1781913360000,0.80677,0.80677,0.80677,0.80677
1781913420000,0.80677,0.80677,0.80677,0.80677
1781913480000,0.80677,0.80677,0.80677,0.80677
1781913540000,0.80677,0.80677,0.80677,0.80677
1781913600000,0.80677,0.80677,0.80677,0.80677
1781913660000,0.80677,0.80677,0.80677,0.80677
1781913720000,0.80677,0.80677,0.80677,0.80677
1781913780000,0.80677,0.80677,0.80677,0.80677
1781913840000,0.80677,0.80677,0.80677,0.80677
1781913900000,0.80677,0.80677,0.80677,0.80677
1781913960000,0.80677,0.80677,0.80677,0.80677
1781914020000,0.80677,0.80677,0.80677,0.80677
1781914080000,0.80677,0.80677,0.80677,0.80677
1781914140000,0.80677,0.80677,0.80677,0.80677
1781914200000,0.80677,0.80677,0.80677,0.80677
1781914260000,0.80677,0.80677,0.80677,0.80677
1781914320000,0.80677,0.80677,0.80677,0.80677
1781914380000,0.80677,0.80677,0.80677,0.80677
1781914440000,0.80677,0.80677,0.80677,0.80677
1781914500000,0.80677,0.80677,0.80677,0.80677
1781914560000,0.80677,0.80677,0.80677,0.80677
1781914620000,0.80677,0.80677,0.80677,0.80677
1781914680000,0.80677,0.80677,0.80677,0.80677
1781914740000,0.80677,0.80677,0.80677,0.80677
1781914800000,0.80677,0.80677,0.80677,0.80677
1781914860000,0.80677,0.80677,0.80677,0.80677
1781914920000,0.80677,0.80677,0.80677,0.80677
1781914980000,0.80677,0.80677,0.80677,0.80677
1781915040000,0.80677,0.80677,0.80677,0.80677
1781915100000,0.80677,0.80677,0.80677,0.80677
1781915160000,0.80677,0.80677,0.80677,0.80677
1781915220000,0.80677,0.80677,0.80677,0.80677
1781915280000,0.80677,0.80677,0.80677,0.80677
1781915340000,0.80677,0.80677,0.80677,0.80677
1781915400000,0.80677,0.80677,0.80677,0.80677
1781915460000,0.80677,0.80677,0.80677,0.80677
1781915520000,0.80677,0.80677,0.80677,0.80677
1781915580000,0.80677,0.80677,0.80677,0.80677
1781915640000,0.80677,0.80677,0.80677,0.80677
1781915700000,0.80677,0.80677,0.80677,0.80677
1781915760000,0.80677,0.80677,0.80677,0.80677
1781915820000,0.80677,0.80677,0.80677,0.80677
1781915880000,0.80677,0.80677,0.80677,0.80677
1781915940000,0.80677,0.80677,0.80677,0.80677
1781916000000,0.80677,0.80677,0.80677,0.80677
1781916060000,0.80677,0.80677,0.80677,0.80677
1781916120000,0.80677,0.80677,0.80677,0.80677
1781916180000,0.80677,0.80677,0.80677,0.80677
1781916240000,0.80677,0.80677,0.80677,0.80677
1781916300000,0.80677,0.80677,0.80677,0.80677
1781916360000,0.80677,0.80677,0.80677,0.80677
1781916420000,0.80677,0.80677,0.80677,0.80677
1781916480000,0.80677,0.80677,0.80677,0.80677
1781916540000,0.80677,0.80677,0.80677,0.80677
1781916600000,0.80677,0.80677,0.80677,0.80677
1781916660000,0.80677,0.80677,0.80677,0.80677
1781916720000,0.80677,0.80677,0.80677,0.80677
1781916780000,0.80677,0.80677,0.80677,0.80677
1781916840000,0.80677,0.80677,0.80677,0.80677
1781916900000,0.80677,0.80677,0.80677,0.80677
1781916960000,0.80677,0.80677,0.80677,0.80677
1781917020000,0.80677,0.80677,0.80677,0.80677
1781917080000,0.80677,0.80677,0.80677,0.80677
1781917140000,0.80677,0.80677,0.80677,0.80677
1781917200000,0.80677,0.80677,0.80677,0.80677
1781917260000,0.80677,0.80677,0.80677,0.80677
1781917320000,0.80677,0.80677,0.80677,0.80677
1781917380000,0.80677,0.80677,0.80677,0.80677
1781917440000,0.80677,0.80677,0.80677,0.80677
1781917500000,0.80677,0.80677,0.80677,0.80677
1781917560000,0.80677,0.80677,0.80677,0.80677
1781917620000,0.80677,0.80677,0.80677,0.80677
1781917680000,0.80677,0.80677,0.80677,0.80677
1781917740000,0.80677,0.80677,0.80677,0.80677
1781917800000,0.80677,0.80677,0.80677,0.80677
1781917860000,0.80677,0.80677,0.80677,0.80677
1781917920000,0.80677,0.80677,0.80677,0.80677
1781917980000,0.80677,0.80677,0.80677,0.80677
1781918040000,0.80677,0.80677,0.80677,0.80677
1781918100000,0.80677,0.80677,0.80677,0.80677
1781918160000,0.80677,0.80677,0.80677,0.80677
1781918220000,0.80677,0.80677,0.80677,0.80677
1781918280000,0.80677,0.80677,0.80677,0.80677
1781918340000,0.80677,0.80677,0.80677,0.80677
1781918400000,0.80677,0.80677,0.80677,0.80677
1781918460000,0.80677,0.80677,0.80677,0.80677
1781918520000,0.80677,0.80677,0.80677,0.80677
1781918580000,0.80677,0.80677,0.80677,0.80677
1781918640000,0.80677,0.80677,0.80677,0.80677
1781918700000,0.80677,0.80677,0.80677,0.80677
1781918760000,0.80677,0.80677,0.80677,0.80677
1781918820000,0.80677,0.80677,0.80677,0.80677
1781918880000,0.80677,0.80677,0.80677,0.80677
1781918940000,0.80677,0.80677,0.80677,0.80677
1781919000000,0.80677,0.80677,0.80677,0.80677
1781919060000,0.80677,0.80677,0.80677,0.80677
1781919120000,0.80677,0.80677,0.80677,0.80677
1781919180000,0.80677,0.80677,0.80677,0.80677
1781919240000,0.80677,0.80677,0.80677,0.80677
1781919300000,0.80677,0.80677,0.80677,0.80677
1781919360000,0.80677,0.80677,0.80677,0.80677
1781919420000,0.80677,0.80677,0.80677,0.80677
1781919480000,0.80677,0.80677,0.80677,0.80677
1781919540000,0.80677,0.80677,0.80677,0.80677
1781919600000,0.80677,0.80677,0.80677,0.80677
1781919660000,0.80677,0.80677,0.80677,0.80677
1781919720000,0.80677,0.80677,0.80677,0.80677
1781919780000,0.80677,0.80677,0.80677,0.80677
1781919840000,0.80677,0.80677,0.80677,0.80677
1781919900000,0.80677,0.80677,0.80677,0.80677
1781919960000,0.80677,0.80677,0.80677,0.80677
1781920020000,0.80677,0.80677,0.80677,0.80677
1781920080000,0.80677,0.80677,0.80677,0.80677
1781920140000,0.80677,0.80677,0.80677,0.80677
1781920200000,0.80677,0.80677,0.80677,0.80677
1781920260000,0.80677,0.80677,0.80677,0.80677
1781920320000,0.80677,0.80677,0.80677,0.80677
1781920380000,0.80677,0.80677,0.80677,0.80677
1781920440000,0.80677,0.80677,0.80677,0.80677
1781920500000,0.80677,0.80677,0.80677,0.80677
1781920560000,0.80677,0.80677,0.80677,0.80677
1781920620000,0.80677,0.80677,0.80677,0.80677
1781920680000,0.80677,0.80677,0.80677,0.80677
1781920740000,0.80677,0.80677,0.80677,0.80677
1781920800000,0.80677,0.80677,0.80677,0.80677
1781920860000,0.80677,0.80677,0.80677,0.80677
1781920920000,0.80677,0.80677,0.80677,0.80677
1781920980000,0.80677,0.80677,0.80677,0.80677
1781921040000,0.80677,0.80677,0.80677,0.80677
1781921100000,0.80677,0.80677,0.80677,0.80677
1781921160000,0.80677,0.80677,0.80677,0.80677
1781921220000,0.80677,0.80677,0.80677,0.80677
1781921280000,0.80677,0.80677,0.80677,0.80677
1781921340000,0.80677,0.80677,0.80677,0.80677
1781921400000,0.80677,0.80677,0.80677,0.80677
1781921460000,0.80677,0.80677,0.80677,0.80677
1781921520000,0.80677,0.80677,0.80677,0.80677
1781921580000,0.80677,0.80677,0.80677,0.80677
1781921640000,0.80677,0.80677,0.80677,0.80677
1781921700000,0.80677,0.80677,0.80677,0.80677
1781921760000,0.80677,0.80677,0.80677,0.80677
1781921820000,0.80677,0.80677,0.80677,0.80677
1781921880000,0.80677,0.80677,0.80677,0.80677
1781921940000,0.80677,0.80677,0.80677,0.80677
1781922000000,0.80677,0.80677,0.80677,0.80677
1781922060000,0.80677,0.80677,0.80677,0.80677
1781922120000,0.80677,0.80677,0.80677,0.80677
1781922180000,0.80677,0.80677,0.80677,0.80677
1781922240000,0.80677,0.80677,0.80677,0.80677
1781922300000,0.80677,0.80677,0.80677,0.80677
1781922360000,0.80677,0.80677,0.80677,0.80677
1781922420000,0.80677,0.80677,0.80677,0.80677
1781922480000,0.80677,0.80677,0.80677,0.80677
1781922540000,0.80677,0.80677,0.80677,0.80677
1781922600000,0.80677,0.80677,0.80677,0.80677
1781922660000,0.80677,0.80677,0.80677,0.80677
1781922720000,0.80677,0.80677,0.80677,0.80677
1781922780000,0.80677,0.80677,0.80677,0.80677
1781922840000,0.80677,0.80677,0.80677,0.80677
1781922900000,0.80677,0.80677,0.80677,0.80677
1781922960000,0.80677,0.80677,0.80677,0.80677
1781923020000,0.80677,0.80677,0.80677,0.80677
1781923080000,0.80677,0.80677,0.80677,0.80677
1781923140000,0.80677,0.80677,0.80677,0.80677
1781923200000,0.80677,0.80677,0.80677,0.80677
1781923260000,0.80677,0.80677,0.80677,0.80677
1781923320000,0.80677,0.80677,0.80677,0.80677
1781923380000,0.80677,0.80677,0.80677,0.80677
1781923440000,0.80677,0.80677,0.80677,0.80677
1781923500000,0.80677,0.80677,0.80677,0.80677
1781923560000,0.80677,0.80677,0.80677,0.80677
1781923620000,0.80677,0.80677,0.80677,0.80677
1781923680000,0.80677,0.80677,0.80677,0.80677
1781923740000,0.80677,0.80677,0.80677,0.80677
1781923800000,0.80677,0.80677,0.80677,0.80677
1781923860000,0.80677,0.80677,0.80677,0.80677
1781923920000,0.80677,0.80677,0.80677,0.80677
1781923980000,0.80677,0.80677,0.80677,0.80677
1781924040000,0.80677,0.80677,0.80677,0.80677
1781924100000,0.80677,0.80677,0.80677,0.80677
1781924160000,0.80677,0.80677,0.80677,0.80677
1781924220000,0.80677,0.80677,0.80677,0.80677
1781924280000,0.80677,0.80677,0.80677,0.80677
1781924340000,0.80677,0.80677,0.80677,0.80677
1781924400000,0.80677,0.80677,0.80677,0.80677
1781924460000,0.80677,0.80677,0.80677,0.80677
1781924520000,0.80677,0.80677,0.80677,0.80677
1781924580000,0.80677,0.80677,0.80677,0.80677
1781924640000,0.80677,0.80677,0.80677,0.80677
1781924700000,0.80677,0.80677,0.80677,0.80677
1781924760000,0.80677,0.80677,0.80677,0.80677
1781924820000,0.80677,0.80677,0.80677,0.80677
1781924880000,0.80677,0.80677,0.80677,0.80677
1781924940000,0.80677,0.80677,0.80677,0.80677
1781925000000,0.80677,0.80677,0.80677,0.80677
1781925060000,0.80677,0.80677,0.80677,0.80677
1781925120000,0.80677,0.80677,0.80677,0.80677
1781925180000,0.80677,0.80677,0.80677,0.80677
1781925240000,0.80677,0.80677,0.80677,0.80677
1781925300000,0.80677,0.80677,0.80677,0.80677
1781925360000,0.80677,0.80677,0.80677,0.80677
1781925420000,0.80677,0.80677,0.80677,0.80677
1781925480000,0.80677,0.80677,0.80677,0.80677
1781925540000,0.80677,0.80677,0.80677,0.80677
1781925600000,0.80677,0.80677,0.80677,0.80677
1781925660000,0.80677,0.80677,0.80677,0.80677
1781925720000,0.80677,0.80677,0.80677,0.80677
1781925780000,0.80677,0.80677,0.80677,0.80677
1781925840000,0.80677,0.80677,0.80677,0.80677
1781925900000,0.80677,0.80677,0.80677,0.80677
1781925960000,0.80677,0.80677,0.80677,0.80677
1781926020000,0.80677,0.80677,0.80677,0.80677
1781926080000,0.80677,0.80677,0.80677,0.80677
1781926140000,0.80677,0.80677,0.80677,0.80677
1781926200000,0.80677,0.80677,0.80677,0.80677
1781926260000,0.80677,0.80677,0.80677,0.80677
1781926320000,0.80677,0.80677,0.80677,0.80677
1781926380000,0.80677,0.80677,0.80677,0.80677
1781926440000,0.80677,0.80677,0.80677,0.80677
1781926500000,0.80677,0.80677,0.80677,0.80677
1781926560000,0.80677,0.80677,0.80677,0.80677
1781926620000,0.80677,0.80677,0.80677,0.80677
1781926680000,0.80677,0.80677,0.80677,0.80677
1781926740000,0.80677,0.80677,0.80677,0.80677
1781926800000,0.80677,0.80677,0.80677,0.80677
1781926860000,0.80677,0.80677,0.80677,0.80677
1781926920000,0.80677,0.80677,0.80677,0.80677
1781926980000,0.80677,0.80677,0.80677,0.80677
1781927040000,0.80677,0.80677,0.80677,0.80677
1781927100000,0.80677,0.80677,0.80677,0.80677
1781927160000,0.80677,0.80677,0.80677,0.80677
1781927220000,0.80677,0.80677,0.80677,0.80677
1781927280000,0.80677,0.80677,0.80677,0.80677
1781927340000,0.80677,0.80677,0.80677,0.80677
1781927400000,0.80677,0.80677,0.80677,0.80677
1781927460000,0.80677,0.80677,0.80677,0.80677
1781927520000,0.80677,0.80677,0.80677,0.80677
1781927580000,0.80677,0.80677,0.80677,0.80677
1781927640000,0.80677,0.80677,0.80677,0.80677
1781927700000,0.80677,0.80677,0.80677,0.80677
1781927760000,0.80677,0.80677,0.80677,0.80677
1781927820000,0.80677,0.80677,0.80677,0.80677
1781927880000,0.80677,0.80677,0.80677,0.80677
1781927940000,0.80677,0.80677,0.80677,0.80677
1781928000000,0.80677,0.80677,0.80677,0.80677
1781928060000,0.80677,0.80677,0.80677,0.80677
1781928120000,0.80677,0.80677,0.80677,0.80677
1781928180000,0.80677,0.80677,0.80677,0.80677
1781928240000,0.80677,0.80677,0.80677,0.80677
1781928300000,0.80677,0.80677,0.80677,0.80677
1781928360000,0.80677,0.80677,0.80677,0.80677
1781928420000,0.80677,0.80677,0.80677,0.80677
1781928480000,0.80677,0.80677,0.80677,0.80677
1781928540000,0.80677,0.80677,0.80677,0.80677
1781928600000,0.80677,0.80677,0.80677,0.80677
1781928660000,0.80677,0.80677,0.80677,0.80677
1781928720000,0.80677,0.80677,0.80677,0.80677
1781928780000,0.80677,0.80677,0.80677,0.80677
1781928840000,0.80677,0.80677,0.80677,0.80677
1781928900000,0.80677,0.80677,0.80677,0.80677
1781928960000,0.80677,0.80677,0.80677,0.80677
1781929020000,0.80677,0.80677,0.80677,0.80677
1781929080000,0.80677,0.80677,0.80677,0.80677
1781929140000,0.80677,0.80677,0.80677,0.80677
1781929200000,0.80677,0.80677,0.80677,0.80677
1781929260000,0.80677,0.80677,0.80677,0.80677
1781929320000,0.80677,0.80677,0.80677,0.80677
1781929380000,0.80677,0.80677,0.80677,0.80677
1781929440000,0.80677,0.80677,0.80677,0.80677
1781929500000,0.80677,0.80677,0.80677,0.80677
1781929560000,0.80677,0.80677,0.80677,0.80677
1781929620000,0.80677,0.80677,0.80677,0.80677
1781929680000,0.80677,0.80677,0.80677,0.80677
1781929740000,0.80677,0.80677,0.80677,0.80677
1781929800000,0.80677,0.80677,0.80677,0.80677
1781929860000,0.80677,0.80677,0.80677,0.80677
1781929920000,0.80677,0.80677,0.80677,0.80677
1781929980000,0.80677,0.80677,0.80677,0.80677
1781930040000,0.80677,0.80677,0.80677,0.80677
1781930100000,0.80677,0.80677,0.80677,0.80677
1781930160000,0.80677,0.80677,0.80677,0.80677
1781930220000,0.80677,0.80677,0.80677,0.80677
1781930280000,0.80677,0.80677,0.80677,0.80677
1781930340000,0.80677,0.80677,0.80677,0.80677
1781930400000,0.80677,0.80677,0.80677,0.80677
1781930460000,0.80677,0.80677,0.80677,0.80677
1781930520000,0.80677,0.80677,0.80677,0.80677
1781930580000,0.80677,0.80677,0.80677,0.80677
1781930640000,0.80677,0.80677,0.80677,0.80677
1781930700000,0.80677,0.80677,0.80677,0.80677
1781930760000,0.80677,0.80677,0.80677,0.80677
1781930820000,0.80677,0.80677,0.80677,0.80677
1781930880000,0.80677,0.80677,0.80677,0.80677
1781930940000,0.80677,0.80677,0.80677,0.80677
1781931000000,0.80677,0.80677,0.80677,0.80677
1781931060000,0.80677,0.80677,0.80677,0.80677
1781931120000,0.80677,0.80677,0.80677,0.80677
1781931180000,0.80677,0.80677,0.80677,0.80677
1781931240000,0.80677,0.80677,0.80677,0.80677
1781931300000,0.80677,0.80677,0.80677,0.80677
1781931360000,0.80677,0.80677,0.80677,0.80677
1781931420000,0.80677,0.80677,0.80677,0.80677
1781931480000,0.80677,0.80677,0.80677,0.80677
1781931540000,0.80677,0.80677,0.80677,0.80677
1781931600000,0.80677,0.80677,0.80677,0.80677
1781931660000,0.80677,0.80677,0.80677,0.80677
1781931720000,0.80677,0.80677,0.80677,0.80677
1781931780000,0.80677,0.80677,0.80677,0.80677
1781931840000,0.80677,0.80677,0.80677,0.80677
1781931900000,0.80677,0.80677,0.80677,0.80677
1781931960000,0.80677,0.80677,0.80677,0.80677
1781932020000,0.80677,0.80677,0.80677,0.80677
1781932080000,0.80677,0.80677,0.80677,0.80677
1781932140000,0.80677,0.80677,0.80677,0.80677
1781932200000,0.80677,0.80677,0.80677,0.80677
1781932260000,0.80677,0.80677,0.80677,0.80677
1781932320000,0.80677,0.80677,0.80677,0.80677
1781932380000,0.80677,0.80677,0.80677,0.80677
1781932440000,0.80677,0.80677,0.80677,0.80677
1781932500000,0.80677,0.80677,0.80677,0.80677
1781932560000,0.80677,0.80677,0.80677,0.80677
1781932620000,0.80677,0.80677,0.80677,0.80677
1781932680000,0.80677,0.80677,0.80677,0.80677
1781932740000,0.80677,0.80677,0.80677,0.80677
1781932800000,0.80677,0.80677,0.80677,0.80677
1781932860000,0.80677,0.80677,0.80677,0.80677
1781932920000,0.80677,0.80677,0.80677,0.80677
1781932980000,0.80677,0.80677,0.80677,0.80677
1781933040000,0.80677,0.80677,0.80677,0.80677
1781933100000,0.80677,0.80677,0.80677,0.80677
1781933160000,0.80677,0.80677,0.80677,0.80677
1781933220000,0.80677,0.80677,0.80677,0.80677
1781933280000,0.80677,0.80677,0.80677,0.80677
1781933340000,0.80677,0.80677,0.80677,0.80677
1781933400000,0.80677,0.80677,0.80677,0.80677
1781933460000,0.80677,0.80677,0.80677,0.80677
1781933520000,0.80677,0.80677,0.80677,0.80677
1781933580000,0.80677,0.80677,0.80677,0.80677
1781933640000,0.80677,0.80677,0.80677,0.80677
1781933700000,0.80677,0.80677,0.80677,0.80677
1781933760000,0.80677,0.80677,0.80677,0.80677
1781933820000,0.80677,0.80677,0.80677,0.80677
1781933880000,0.80677,0.80677,0.80677,0.80677
1781933940000,0.80677,0.80677,0.80677,0.80677
1781934000000,0.80677,0.80677,0.80677,0.80677
1781934060000,0.80677,0.80677,0.80677,0.80677
1781934120000,0.80677,0.80677,0.80677,0.80677
1781934180000,0.80677,0.80677,0.80677,0.80677
1781934240000,0.80677,0.80677,0.80677,0.80677
1781934300000,0.80677,0.80677,0.80677,0.80677
1781934360000,0.80677,0.80677,0.80677,0.80677
1781934420000,0.80677,0.80677,0.80677,0.80677
1781934480000,0.80677,0.80677,0.80677,0.80677
1781934540000,0.80677,0.80677,0.80677,0.80677
1781934600000,0.80677,0.80677,0.80677,0.80677
1781934660000,0.80677,0.80677,0.80677,0.80677
1781934720000,0.80677,0.80677,0.80677,0.80677
1781934780000,0.80677,0.80677,0.80677,0.80677
1781934840000,0.80677,0.80677,0.80677,0.80677
1781934900000,0.80677,0.80677,0.80677,0.80677
1781934960000,0.80677,0.80677,0.80677,0.80677
1781935020000,0.80677,0.80677,0.80677,0.80677
1781935080000,0.80677,0.80677,0.80677,0.80677
1781935140000,0.80677,0.80677,0.80677,0.80677
1781935200000,0.80677,0.80677,0.80677,0.80677
1781935260000,0.80677,0.80677,0.80677,0.80677
1781935320000,0.80677,0.80677,0.80677,0.80677
1781935380000,0.80677,0.80677,0.80677,0.80677
1781935440000,0.80677,0.80677,0.80677,0.80677
1781935500000,0.80677,0.80677,0.80677,0.80677
1781935560000,0.80677,0.80677,0.80677,0.80677
1781935620000,0.80677,0.80677,0.80677,0.80677
1781935680000,0.80677,0.80677,0.80677,0.80677
1781935740000,0.80677,0.80677,0.80677,0.80677
1781935800000,0.80677,0.80677,0.80677,0.80677
1781935860000,0.80677,0.80677,0.80677,0.80677
1781935920000,0.80677,0.80677,0.80677,0.80677
1781935980000,0.80677,0.80677,0.80677,0.80677
1781936040000,0.80677,0.80677,0.80677,0.80677
1781936100000,0.80677,0.80677,0.80677,0.80677
1781936160000,0.80677,0.80677,0.80677,0.80677
1781936220000,0.80677,0.80677,0.80677,0.80677
1781936280000,0.80677,0.80677,0.80677,0.80677
1781936340000,0.80677,0.80677,0.80677,0.80677
1781936400000,0.80677,0.80677,0.80677,0.80677
1781936460000,0.80677,0.80677,0.80677,0.80677
1781936520000,0.80677,0.80677,0.80677,0.80677
1781936580000,0.80677,0.80677,0.80677,0.80677
1781936640000,0.80677,0.80677,0.80677,0.80677
1781936700000,0.80677,0.80677,0.80677,0.80677
1781936760000,0.80677,0.80677,0.80677,0.80677
1781936820000,0.80677,0.80677,0.80677,0.80677
1781936880000,0.80677,0.80677,0.80677,0.80677
1781936940000,0.80677,0.80677,0.80677,0.80677
1781937000000,0.80677,0.80677,0.80677,0.80677
1781937060000,0.80677,0.80677,0.80677,0.80677
1781937120000,0.80677,0.80677,0.80677,0.80677
1781937180000,0.80677,0.80677,0.80677,0.80677
1781937240000,0.80677,0.80677,0.80677,0.80677
1781937300000,0.80677,0.80677,0.80677,0.80677
1781937360000,0.80677,0.80677,0.80677,0.80677
1781937420000,0.80677,0.80677,0.80677,0.80677
1781937480000,0.80677,0.80677,0.80677,0.80677
1781937540000,0.80677,0.80677,0.80677,0.80677
1781937600000,0.80677,0.80677,0.80677,0.80677
1781937660000,0.80677,0.80677,0.80677,0.80677
1781937720000,0.80677,0.80677,0.80677,0.80677
1781937780000,0.80677,0.80677,0.80677,0.80677
1781937840000,0.80677,0.80677,0.80677,0.80677
1781937900000,0.80677,0.80677,0.80677,0.80677
1781937960000,0.80677,0.80677,0.80677,0.80677
1781938020000,0.80677,0.80677,0.80677,0.80677
1781938080000,0.80677,0.80677,0.80677,0.80677
1781938140000,0.80677,0.80677,0.80677,0.80677
1781938200000,0.80677,0.80677,0.80677,0.80677
1781938260000,0.80677,0.80677,0.80677,0.80677
1781938320000,0.80677,0.80677,0.80677,0.80677
1781938380000,0.80677,0.80677,0.80677,0.80677
1781938440000,0.80677,0.80677,0.80677,0.80677
1781938500000,0.80677,0.80677,0.80677,0.80677
1781938560000,0.80677,0.80677,0.80677,0.80677
1781938620000,0.80677,0.80677,0.80677,0.80677
1781938680000,0.80677,0.80677,0.80677,0.80677
1781938740000,0.80677,0.80677,0.80677,0.80677
1781938800000,0.80677,0.80677,0.80677,0.80677
1781938860000,0.80677,0.80677,0.80677,0.80677
1781938920000,0.80677,0.80677,0.80677,0.80677
1781938980000,0.80677,0.80677,0.80677,0.80677
1781939040000,0.80677,0.80677,0.80677,0.80677
1781939100000,0.80677,0.80677,0.80677,0.80677
1781939160000,0.80677,0.80677,0.80677,0.80677
1781939220000,0.80677,0.80677,0.80677,0.80677
1781939280000,0.80677,0.80677,0.80677,0.80677
1781939340000,0.80677,0.80677,0.80677,0.80677
1781939400000,0.80677,0.80677,0.80677,0.80677
1781939460000,0.80677,0.80677,0.80677,0.80677
1781939520000,0.80677,0.80677,0.80677,0.80677
1781939580000,0.80677,0.80677,0.80677,0.80677
1781939640000,0.80677,0.80677,0.80677,0.80677
1781939700000,0.80677,0.80677,0.80677,0.80677
1781939760000,0.80677,0.80677,0.80677,0.80677
1781939820000,0.80677,0.80677,0.80677,0.80677
1781939880000,0.80677,0.80677,0.80677,0.80677
1781939940000,0.80677,0.80677,0.80677,0.80677
1781940000000,0.80677,0.80677,0.80677,0.80677
1781940060000,0.80677,0.80677,0.80677,0.80677
1781940120000,0.80677,0.80677,0.80677,0.80677
1781940180000,0.80677,0.80677,0.80677,0.80677
1781940240000,0.80677,0.80677,0.80677,0.80677
1781940300000,0.80677,0.80677,0.80677,0.80677
1781940360000,0.80677,0.80677,0.80677,0.80677
1781940420000,0.80677,0.80677,0.80677,0.80677
1781940480000,0.80677,0.80677,0.80677,0.80677
1781940540000,0.80677,0.80677,0.80677,0.80677
1781940600000,0.80677,0.80677,0.80677,0.80677
1781940660000,0.80677,0.80677,0.80677,0.80677
1781940720000,0.80677,0.80677,0.80677,0.80677
1781940780000,0.80677,0.80677,0.80677,0.80677
1781940840000,0.80677,0.80677,0.80677,0.80677
1781940900000,0.80677,0.80677,0.80677,0.80677
1781940960000,0.80677,0.80677,0.80677,0.80677
1781941020000,0.80677,0.80677,0.80677,0.80677
1781941080000,0.80677,0.80677,0.80677,0.80677
1781941140000,0.80677,0.80677,0.80677,0.80677
1781941200000,0.80677,0.80677,0.80677,0.80677
1781941260000,0.80677,0.80677,0.80677,0.80677
1781941320000,0.80677,0.80677,0.80677,0.80677
1781941380000,0.80677,0.80677,0.80677,0.80677
1781941440000,0.80677,0.80677,0.80677,0.80677
1781941500000,0.80677,0.80677,0.80677,0.80677
1781941560000,0.80677,0.80677,0.80677,0.80677
1781941620000,0.80677,0.80677,0.80677,0.80677
1781941680000,0.80677,0.80677,0.80677,0.80677
1781941740000,0.80677,0.80677,0.80677,0.80677
1781941800000,0.80677,0.80677,0.80677,0.80677
1781941860000,0.80677,0.80677,0.80677,0.80677
1781941920000,0.80677,0.80677,0.80677,0.80677
1781941980000,0.80677,0.80677,0.80677,0.80677
1781942040000,0.80677,0.80677,0.80677,0.80677
1781942100000,0.80677,0.80677,0.80677,0.80677
1781942160000,0.80677,0.80677,0.80677,0.80677
1781942220000,0.80677,0.80677,0.80677,0.80677
1781942280000,0.80677,0.80677,0.80677,0.80677
1781942340000,0.80677,0.80677,0.80677,0.80677
1781942400000,0.80677,0.80677,0.80677,0.80677
1781942460000,0.80677,0.80677,0.80677,0.80677
1781942520000,0.80677,0.80677,0.80677,0.80677
1781942580000,0.80677,0.80677,0.80677,0.80677
1781942640000,0.80677,0.80677,0.80677,0.80677
1781942700000,0.80677,0.80677,0.80677,0.80677
1781942760000,0.80677,0.80677,0.80677,0.80677
1781942820000,0.80677,0.80677,0.80677,0.80677
1781942880000,0.80677,0.80677,0.80677,0.80677
1781942940000,0.80677,0.80677,0.80677,0.80677
1781943000000,0.80677,0.80677,0.80677,0.80677
1781943060000,0.80677,0.80677,0.80677,0.80677
1781943120000,0.80677,0.80677,0.80677,0.80677
1781943180000,0.80677,0.80677,0.80677,0.80677
1781943240000,0.80677,0.80677,0.80677,0.80677
1781943300000,0.80677,0.80677,0.80677,0.80677
1781943360000,0.80677,0.80677,0.80677,0.80677
1781943420000,0.80677,0.80677,0.80677,0.80677
1781943480000,0.80677,0.80677,0.80677,0.80677
1781943540000,0.80677,0.80677,0.80677,0.80677
1781943600000,0.80677,0.80677,0.80677,0.80677
1781943660000,0.80677,0.80677,0.80677,0.80677
1781943720000,0.80677,0.80677,0.80677,0.80677
1781943780000,0.80677,0.80677,0.80677,0.80677
1781943840000,0.80677,0.80677,0.80677,0.80677
1781943900000,0.80677,0.80677,0.80677,0.80677
1781943960000,0.80677,0.80677,0.80677,0.80677
1781944020000,0.80677,0.80677,0.80677,0.80677
1781944080000,0.80677,0.80677,0.80677,0.80677
1781944140000,0.80677,0.80677,0.80677,0.80677
1781944200000,0.80677,0.80677,0.80677,0.80677
1781944260000,0.80677,0.80677,0.80677,0.80677
1781944320000,0.80677,0.80677,0.80677,0.80677
1781944380000,0.80677,0.80677,0.80677,0.80677
1781944440000,0.80677,0.80677,0.80677,0.80677
1781944500000,0.80677,0.80677,0.80677,0.80677
1781944560000,0.80677,0.80677,0.80677,0.80677
1781944620000,0.80677,0.80677,0.80677,0.80677
1781944680000,0.80677,0.80677,0.80677,0.80677
1781944740000,0.80677,0.80677,0.80677,0.80677
1781944800000,0.80677,0.80677,0.80677,0.80677
1781944860000,0.80677,0.80677,0.80677,0.80677
1781944920000,0.80677,0.80677,0.80677,0.80677
1781944980000,0.80677,0.80677,0.80677,0.80677
1781945040000,0.80677,0.80677,0.80677,0.80677
1781945100000,0.80677,0.80677,0.80677,0.80677
1781945160000,0.80677,0.80677,0.80677,0.80677
1781945220000,0.80677,0.80677,0.80677,0.80677
1781945280000,0.80677,0.80677,0.80677,0.80677
1781945340000,0.80677,0.80677,0.80677,0.80677
1781945400000,0.80677,0.80677,0.80677,0.80677
1781945460000,0.80677,0.80677,0.80677,0.80677
1781945520000,0.80677,0.80677,0.80677,0.80677
1781945580000,0.80677,0.80677,0.80677,0.80677
1781945640000,0.80677,0.80677,0.80677,0.80677
1781945700000,0.80677,0.80677,0.80677,0.80677
1781945760000,0.80677,0.80677,0.80677,0.80677
1781945820000,0.80677,0.80677,0.80677,0.80677
1781945880000,0.80677,0.80677,0.80677,0.80677
1781945940000,0.80677,0.80677,0.80677,0.80677
1781946000000,0.80677,0.80677,0.80677,0.80677
1781946060000,0.80677,0.80677,0.80677,0.80677
1781946120000,0.80677,0.80677,0.80677,0.80677
1781946180000,0.80677,0.80677,0.80677,0.80677
1781946240000,0.80677,0.80677,0.80677,0.80677
1781946300000,0.80677,0.80677,0.80677,0.80677
1781946360000,0.80677,0.80677,0.80677,0.80677
1781946420000,0.80677,0.80677,0.80677,0.80677
1781946480000,0.80677,0.80677,0.80677,0.80677
1781946540000,0.80677,0.80677,0.80677,0.80677
1781946600000,0.80677,0.80677,0.80677,0.80677
1781946660000,0.80677,0.80677,0.80677,0.80677
1781946720000,0.80677,0.80677,0.80677,0.80677
1781946780000,0.80677,0.80677,0.80677,0.80677
1781946840000,0.80677,0.80677,0.80677,0.80677
1781946900000,0.80677,0.80677,0.80677,0.80677
1781946960000,0.80677,0.80677,0.80677,0.80677
1781947020000,0.80677,0.80677,0.80677,0.80677
1781947080000,0.80677,0.80677,0.80677,0.80677
1781947140000,0.80677,0.80677,0.80677,0.80677
1781947200000,0.80677,0.80677,0.80677,0.80677
1781947260000,0.80677,0.80677,0.80677,0.80677
1781947320000,0.80677,0.80677,0.80677,0.80677
1781947380000,0.80677,0.80677,0.80677,0.80677
1781947440000,0.80677,0.80677,0.80677,0.80677
1781947500000,0.80677,0.80677,0.80677,0.80677
1781947560000,0.80677,0.80677,0.80677,0.80677
1781947620000,0.80677,0.80677,0.80677,0.80677
1781947680000,0.80677,0.80677,0.80677,0.80677
1781947740000,0.80677,0.80677,0.80677,0.80677
1781947800000,0.80677,0.80677,0.80677,0.80677
1781947860000,0.80677,0.80677,0.80677,0.80677
1781947920000,0.80677,0.80677,0.80677,0.80677
1781947980000,0.80677,0.80677,0.80677,0.80677
1781948040000,0.80677,0.80677,0.80677,0.80677
1781948100000,0.80677,0.80677,0.80677,0.80677
1781948160000,0.80677,0.80677,0.80677,0.80677
1781948220000,0.80677,0.80677,0.80677,0.80677
1781948280000,0.80677,0.80677,0.80677,0.80677
1781948340000,0.80677,0.80677,0.80677,0.80677
1781948400000,0.80677,0.80677,0.80677,0.80677
1781948460000,0.80677,0.80677,0.80677,0.80677
1781948520000,0.80677,0.80677,0.80677,0.80677
1781948580000,0.80677,0.80677,0.80677,0.80677
1781948640000,0.80677,0.80677,0.80677,0.80677
1781948700000,0.80677,0.80677,0.80677,0.80677
1781948760000,0.80677,0.80677,0.80677,0.80677
1781948820000,0.80677,0.80677,0.80677,0.80677
1781948880000,0.80677,0.80677,0.80677,0.80677
1781948940000,0.80677,0.80677,0.80677,0.80677
1781949000000,0.80677,0.80677,0.80677,0.80677
1781949060000,0.80677,0.80677,0.80677,0.80677
1781949120000,0.80677,0.80677,0.80677,0.80677
1781949180000,0.80677,0.80677,0.80677,0.80677
1781949240000,0.80677,0.80677,0.80677,0.80677
1781949300000,0.80677,0.80677,0.80677,0.80677
1781949360000,0.80677,0.80677,0.80677,0.80677
1781949420000,0.80677,0.80677,0.80677,0.80677
1781949480000,0.80677,0.80677,0.80677,0.80677
1781949540000,0.80677,0.80677,0.80677,0.80677
1781949600000,0.80677,0.80677,0.80677,0.80677
1781949660000,0.80677,0.80677,0.80677,0.80677
1781949720000,0.80677,0.80677,0.80677,0.80677
1781949780000,0.80677,0.80677,0.80677,0.80677
1781949840000,0.80677,0.80677,0.80677,0.80677
1781949900000,0.80677,0.80677,0.80677,0.80677
1781949960000,0.80677,0.80677,0.80677,0.80677
1781950020000,0.80677,0.80677,0.80677,0.80677
1781950080000,0.80677,0.80677,0.80677,0.80677
1781950140000,0.80677,0.80677,0.80677,0.80677
1781950200000,0.80677,0.80677,0.80677,0.80677
1781950260000,0.80677,0.80677,0.80677,0.80677
1781950320000,0.80677,0.80677,0.80677,0.80677
1781950380000,0.80677,0.80677,0.80677,0.80677
1781950440000,0.80677,0.80677,0.80677,0.80677
1781950500000,0.80677,0.80677,0.80677,0.80677
1781950560000,0.80677,0.80677,0.80677,0.80677
1781950620000,0.80677,0.80677,0.80677,0.80677
1781950680000,0.80677,0.80677,0.80677,0.80677
1781950740000,0.80677,0.80677,0.80677,0.80677
1781950800000,0.80677,0.80677,0.80677,0.80677
1781950860000,0.80677,0.80677,0.80677,0.80677
1781950920000,0.80677,0.80677,0.80677,0.80677
1781950980000,0.80677,0.80677,0.80677,0.80677
1781951040000,0.80677,0.80677,0.80677,0.80677
1781951100000,0.80677,0.80677,0.80677,0.80677
1781951160000,0.80677,0.80677,0.80677,0.80677
1781951220000,0.80677,0.80677,0.80677,0.80677
1781951280000,0.80677,0.80677,0.80677,0.80677
1781951340000,0.80677,0.80677,0.80677,0.80677
1781951400000,0.80677,0.80677,0.80677,0.80677
1781951460000,0.80677,0.80677,0.80677,0.80677
1781951520000,0.80677,0.80677,0.80677,0.80677
1781951580000,0.80677,0.80677,0.80677,0.80677
1781951640000,0.80677,0.80677,0.80677,0.80677
1781951700000,0.80677,0.80677,0.80677,0.80677
1781951760000,0.80677,0.80677,0.80677,0.80677
1781951820000,0.80677,0.80677,0.80677,0.80677
1781951880000,0.80677,0.80677,0.80677,0.80677
1781951940000,0.80677,0.80677,0.80677,0.80677
1781952000000,0.80677,0.80677,0.80677,0.80677
1781952060000,0.80677,0.80677,0.80677,0.80677
1781952120000,0.80677,0.80677,0.80677,0.80677
1781952180000,0.80677,0.80677,0.80677,0.80677
1781952240000,0.80677,0.80677,0.80677,0.80677
1781952300000,0.80677,0.80677,0.80677,0.80677
1781952360000,0.80677,0.80677,0.80677,0.80677
1781952420000,0.80677,0.80677,0.80677,0.80677
1781952480000,0.80677,0.80677,0.80677,0.80677
1781952540000,0.80677,0.80677,0.80677,0.80677
1781952600000,0.80677,0.80677,0.80677,0.80677
1781952660000,0.80677,0.80677,0.80677,0.80677
1781952720000,0.80677,0.80677,0.80677,0.80677
1781952780000,0.80677,0.80677,0.80677,0.80677
1781952840000,0.80677,0.80677,0.80677,0.80677
1781952900000,0.80677,0.80677,0.80677,0.80677
1781952960000,0.80677,0.80677,0.80677,0.80677
1781953020000,0.80677,0.80677,0.80677,0.80677
1781953080000,0.80677,0.80677,0.80677,0.80677
1781953140000,0.80677,0.80677,0.80677,0.80677
1781953200000,0.80677,0.80677,0.80677,0.80677
1781953260000,0.80677,0.80677,0.80677,0.80677
1781953320000,0.80677,0.80677,0.80677,0.80677
1781953380000,0.80677,0.80677,0.80677,0.80677
1781953440000,0.80677,0.80677,0.80677,0.80677
1781953500000,0.80677,0.80677,0.80677,0.80677
1781953560000,0.80677,0.80677,0.80677,0.80677
1781953620000,0.80677,0.80677,0.80677,0.80677
1781953680000,0.80677,0.80677,0.80677,0.80677
1781953740000,0.80677,0.80677,0.80677,0.80677
1781953800000,0.80677,0.80677,0.80677,0.80677
1781953860000,0.80677,0.80677,0.80677,0.80677
1781953920000,0.80677,0.80677,0.80677,0.80677
1781953980000,0.80677,0.80677,0.80677,0.80677
1781954040000,0.80677,0.80677,0.80677,0.80677
1781954100000,0.80677,0.80677,0.80677,0.80677
1781954160000,0.80677,0.80677,0.80677,0.80677
1781954220000,0.80677,0.80677,0.80677,0.80677
1781954280000,0.80677,0.80677,0.80677,0.80677
1781954340000,0.80677,0.80677,0.80677,0.80677
1781954400000,0.80677,0.80677,0.80677,0.80677
1781954460000,0.80677,0.80677,0.80677,0.80677
1781954520000,0.80677,0.80677,0.80677,0.80677
1781954580000,0.80677,0.80677,0.80677,0.80677
1781954640000,0.80677,0.80677,0.80677,0.80677
1781954700000,0.80677,0.80677,0.80677,0.80677
1781954760000,0.80677,0.80677,0.80677,0.80677
1781954820000,0.80677,0.80677,0.80677,0.80677
1781954880000,0.80677,0.80677,0.80677,0.80677
1781954940000,0.80677,0.80677,0.80677,0.80677
1781955000000,0.80677,0.80677,0.80677,0.80677
1781955060000,0.80677,0.80677,0.80677,0.80677
1781955120000,0.80677,0.80677,0.80677,0.80677
1781955180000,0.80677,0.80677,0.80677,0.80677
1781955240000,0.80677,0.80677,0.80677,0.80677
1781955300000,0.80677,0.80677,0.80677,0.80677
1781955360000,0.80677,0.80677,0.80677,0.80677
1781955420000,0.80677,0.80677,0.80677,0.80677
1781955480000,0.80677,0.80677,0.80677,0.80677
1781955540000,0.80677,0.80677,0.80677,0.80677
1781955600000,0.80677,0.80677,0.80677,0.80677
1781955660000,0.80677,0.80677,0.80677,0.80677
1781955720000,0.80677,0.80677,0.80677,0.80677
1781955780000,0.80677,0.80677,0.80677,0.80677
1781955840000,0.80677,0.80677,0.80677,0.80677
1781955900000,0.80677,0.80677,0.80677,0.80677
1781955960000,0.80677,0.80677,0.80677,0.80677
1781956020000,0.80677,0.80677,0.80677,0.80677
1781956080000,0.80677,0.80677,0.80677,0.80677
1781956140000,0.80677,0.80677,0.80677,0.80677
1781956200000,0.80677,0.80677,0.80677,0.80677
1781956260000,0.80677,0.80677,0.80677,0.80677
1781956320000,0.80677,0.80677,0.80677,0.80677
1781956380000,0.80677,0.80677,0.80677,0.80677
1781956440000,0.80677,0.80677,0.80677,0.80677
1781956500000,0.80677,0.80677,0.80677,0.80677
1781956560000,0.80677,0.80677,0.80677,0.80677
1781956620000,0.80677,0.80677,0.80677,0.80677
1781956680000,0.80677,0.80677,0.80677,0.80677
1781956740000,0.80677,0.80677,0.80677,0.80677
1781956800000,0.80677,0.80677,0.80677,0.80677
1781956860000,0.80677,0.80677,0.80677,0.80677
1781956920000,0.80677,0.80677,0.80677,0.80677
1781956980000,0.80677,0.80677,0.80677,0.80677
1781957040000,0.80677,0.80677,0.80677,0.80677
1781957100000,0.80677,0.80677,0.80677,0.80677
1781957160000,0.80677,0.80677,0.80677,0.80677
1781957220000,0.80677,0.80677,0.80677,0.80677
1781957280000,0.80677,0.80677,0.80677,0.80677
1781957340000,0.80677,0.80677,0.80677,0.80677
1781957400000,0.80677,0.80677,0.80677,0.80677
1781957460000,0.80677,0.80677,0.80677,0.80677
1781957520000,0.80677,0.80677,0.80677,0.80677
1781957580000,0.80677,0.80677,0.80677,0.80677
1781957640000,0.80677,0.80677,0.80677,0.80677
1781957700000,0.80677,0.80677,0.80677,0.80677
1781957760000,0.80677,0.80677,0.80677,0.80677
1781957820000,0.80677,0.80677,0.80677,0.80677
1781957880000,0.80677,0.80677,0.80677,0.80677
1781957940000,0.80677,0.80677,0.80677,0.80677
1781958000000,0.80677,0.80677,0.80677,0.80677
1781958060000,0.80677,0.80677,0.80677,0.80677
1781958120000,0.80677,0.80677,0.80677,0.80677
1781958180000,0.80677,0.80677,0.80677,0.80677
1781958240000,0.80677,0.80677,0.80677,0.80677
1781958300000,0.80677,0.80677,0.80677,0.80677
1781958360000,0.80677,0.80677,0.80677,0.80677
1781958420000,0.80677,0.80677,0.80677,0.80677
1781958480000,0.80677,0.80677,0.80677,0.80677
1781958540000,0.80677,0.80677,0.80677,0.80677
1781958600000,0.80677,0.80677,0.80677,0.80677
1781958660000,0.80677,0.80677,0.80677,0.80677
1781958720000,0.80677,0.80677,0.80677,0.80677
1781958780000,0.80677,0.80677,0.80677,0.80677
1781958840000,0.80677,0.80677,0.80677,0.80677
1781958900000,0.80677,0.80677,0.80677,0.80677
1781958960000,0.80677,0.80677,0.80677,0.80677
1781959020000,0.80677,0.80677,0.80677,0.80677
1781959080000,0.80677,0.80677,0.80677,0.80677
1781959140000,0.80677,0.80677,0.80677,0.80677
1781959200000,0.80677,0.80677,0.80677,0.80677
1781959260000,0.80677,0.80677,0.80677,0.80677
1781959320000,0.80677,0.80677,0.80677,0.80677
1781959380000,0.80677,0.80677,0.80677,0.80677
1781959440000,0.80677,0.80677,0.80677,0.80677
1781959500000,0.80677,0.80677,0.80677,0.80677
1781959560000,0.80677,0.80677,0.80677,0.80677
1781959620000,0.80677,0.80677,0.80677,0.80677
1781959680000,0.80677,0.80677,0.80677,0.80677
1781959740000,0.80677,0.80677,0.80677,0.80677
1781959800000,0.80677,0.80677,0.80677,0.80677
1781959860000,0.80677,0.80677,0.80677,0.80677
1781959920000,0.80677,0.80677,0.80677,0.80677
1781959980000,0.80677,0.80677,0.80677,0.80677
1781960040000,0.80677,0.80677,0.80677,0.80677
1781960100000,0.80677,0.80677,0.80677,0.80677
1781960160000,0.80677,0.80677,0.80677,0.80677
1781960220000,0.80677,0.80677,0.80677,0.80677
1781960280000,0.80677,0.80677,0.80677,0.80677
1781960340000,0.80677,0.80677,0.80677,0.80677
1781960400000,0.80677,0.80677,0.80677,0.80677
1781960460000,0.80677,0.80677,0.80677,0.80677
1781960520000,0.80677,0.80677,0.80677,0.80677
1781960580000,0.80677,0.80677,0.80677,0.80677
1781960640000,0.80677,0.80677,0.80677,0.80677
1781960700000,0.80677,0.80677,0.80677,0.80677
1781960760000,0.80677,0.80677,0.80677,0.80677
1781960820000,0.80677,0.80677,0.80677,0.80677
1781960880000,0.80677,0.80677,0.80677,0.80677
1781960940000,0.80677,0.80677,0.80677,0.80677
1781961000000,0.80677,0.80677,0.80677,0.80677
1781961060000,0.80677,0.80677,0.80677,0.80677
1781961120000,0.80677,0.80677,0.80677,0.80677
1781961180000,0.80677,0.80677,0.80677,0.80677
1781961240000,0.80677,0.80677,0.80677,0.80677
1781961300000,0.80677,0.80677,0.80677,0.80677
1781961360000,0.80677,0.80677,0.80677,0.80677
1781961420000,0.80677,0.80677,0.80677,0.80677
1781961480000,0.80677,0.80677,0.80677,0.80677
1781961540000,0.80677,0.80677,0.80677,0.80677
1781961600000,0.80677,0.80677,0.80677,0.80677
1781961660000,0.80677,0.80677,0.80677,0.80677
1781961720000,0.80677,0.80677,0.80677,0.80677
1781961780000,0.80677,0.80677,0.80677,0.80677
1781961840000,0.80677,0.80677,0.80677,0.80677
1781961900000,0.80677,0.80677,0.80677,0.80677
1781961960000,0.80677,0.80677,0.80677,0.80677
1781962020000,0.80677,0.80677,0.80677,0.80677
1781962080000,0.80677,0.80677,0.80677,0.80677
1781962140000,0.80677,0.80677,0.80677,0.80677
1781962200000,0.80677,0.80677,0.80677,0.80677
1781962260000,0.80677,0.80677,0.80677,0.80677
1781962320000,0.80677,0.80677,0.80677,0.80677
1781962380000,0.80677,0.80677,0.80677,0.80677
1781962440000,0.80677,0.80677,0.80677,0.80677
1781962500000,0.80677,0.80677,0.80677,0.80677
1781962560000,0.80677,0.80677,0.80677,0.80677
1781962620000,0.80677,0.80677,0.80677,0.80677
1781962680000,0.80677,0.80677,0.80677,0.80677
1781962740000,0.80677,0.80677,0.80677,0.80677
1781962800000,0.80677,0.80677,0.80677,0.80677
1781962860000,0.80677,0.80677,0.80677,0.80677
1781962920000,0.80677,0.80677,0.80677,0.80677
1781962980000,0.80677,0.80677,0.80677,0.80677
1781963040000,0.80677,0.80677,0.80677,0.80677
1781963100000,0.80677,0.80677,0.80677,0.80677
1781963160000,0.80677,0.80677,0.80677,0.80677
1781963220000,0.80677,0.80677,0.80677,0.80677
1781963280000,0.80677,0.80677,0.80677,0.80677
1781963340000,0.80677,0.80677,0.80677,0.80677
1781963400000,0.80677,0.80677,0.80677,0.80677
1781963460000,0.80677,0.80677,0.80677,0.80677
1781963520000,0.80677,0.80677,0.80677,0.80677
1781963580000,0.80677,0.80677,0.80677,0.80677
1781963640000,0.80677,0.80677,0.80677,0.80677
1781963700000,0.80677,0.80677,0.80677,0.80677
1781963760000,0.80677,0.80677,0.80677,0.80677
1781963820000,0.80677,0.80677,0.80677,0.80677
1781963880000,0.80677,0.80677,0.80677,0.80677
1781963940000,0.80677,0.80677,0.80677,0.80677
1781964000000,0.80677,0.80677,0.80677,0.80677
1781964060000,0.80677,0.80677,0.80677,0.80677
1781964120000,0.80677,0.80677,0.80677,0.80677
1781964180000,0.80677,0.80677,0.80677,0.80677
1781964240000,0.80677,0.80677,0.80677,0.80677
1781964300000,0.80677,0.80677,0.80677,0.80677
1781964360000,0.80677,0.80677,0.80677,0.80677
1781964420000,0.80677,0.80677,0.80677,0.80677
1781964480000,0.80677,0.80677,0.80677,0.80677
1781964540000,0.80677,0.80677,0.80677,0.80677
1781964600000,0.80677,0.80677,0.80677,0.80677
1781964660000,0.80677,0.80677,0.80677,0.80677
1781964720000,0.80677,0.80677,0.80677,0.80677
1781964780000,0.80677,0.80677,0.80677,0.80677
1781964840000,0.80677,0.80677,0.80677,0.80677
1781964900000,0.80677,0.80677,0.80677,0.80677
1781964960000,0.80677,0.80677,0.80677,0.80677
1781965020000,0.80677,0.80677,0.80677,0.80677
1781965080000,0.80677,0.80677,0.80677,0.80677
1781965140000,0.80677,0.80677,0.80677,0.80677
1781965200000,0.80677,0.80677,0.80677,0.80677
1781965260000,0.80677,0.80677,0.80677,0.80677
1781965320000,0.80677,0.80677,0.80677,0.80677
1781965380000,0.80677,0.80677,0.80677,0.80677
1781965440000,0.80677,0.80677,0.80677,0.80677
1781965500000,0.80677,0.80677,0.80677,0.80677
1781965560000,0.80677,0.80677,0.80677,0.80677
1781965620000,0.80677,0.80677,0.80677,0.80677
1781965680000,0.80677,0.80677,0.80677,0.80677
1781965740000,0.80677,0.80677,0.80677,0.80677
1781965800000,0.80677,0.80677,0.80677,0.80677
1781965860000,0.80677,0.80677,0.80677,0.80677
1781965920000,0.80677,0.80677,0.80677,0.80677
1781965980000,0.80677,0.80677,0.80677,0.80677
1781966040000,0.80677,0.80677,0.80677,0.80677
1781966100000,0.80677,0.80677,0.80677,0.80677
1781966160000,0.80677,0.80677,0.80677,0.80677
1781966220000,0.80677,0.80677,0.80677,0.80677
1781966280000,0.80677,0.80677,0.80677,0.80677
1781966340000,0.80677,0.80677,0.80677,0.80677
1781966400000,0.80677,0.80677,0.80677,0.80677
1781966460000,0.80677,0.80677,0.80677,0.80677
1781966520000,0.80677,0.80677,0.80677,0.80677
1781966580000,0.80677,0.80677,0.80677,0.80677
1781966640000,0.80677,0.80677,0.80677,0.80677
1781966700000,0.80677,0.80677,0.80677,0.80677
1781966760000,0.80677,0.80677,0.80677,0.80677
1781966820000,0.80677,0.80677,0.80677,0.80677
1781966880000,0.80677,0.80677,0.80677,0.80677
1781966940000,0.80677,0.80677,0.80677,0.80677
1781967000000,0.80677,0.80677,0.80677,0.80677
1781967060000,0.80677,0.80677,0.80677,0.80677
1781967120000,0.80677,0.80677,0.80677,0.80677
1781967180000,0.80677,0.80677,0.80677,0.80677
1781967240000,0.80677,0.80677,0.80677,0.80677
1781967300000,0.80677,0.80677,0.80677,0.80677
1781967360000,0.80677,0.80677,0.80677,0.80677
1781967420000,0.80677,0.80677,0.80677,0.80677
1781967480000,0.80677,0.80677,0.80677,0.80677
1781967540000,0.80677,0.80677,0.80677,0.80677
1781967600000,0.80677,0.80677,0.80677,0.80677
1781967660000,0.80677,0.80677,0.80677,0.80677
1781967720000,0.80677,0.80677,0.80677,0.80677
1781967780000,0.80677,0.80677,0.80677,0.80677
1781967840000,0.80677,0.80677,0.80677,0.80677
1781967900000,0.80677,0.80677,0.80677,0.80677
1781967960000,0.80677,0.80677,0.80677,0.80677
1781968020000,0.80677,0.80677,0.80677,0.80677
1781968080000,0.80677,0.80677,0.80677,0.80677
1781968140000,0.80677,0.80677,0.80677,0.80677
1781968200000,0.80677,0.80677,0.80677,0.80677
1781968260000,0.80677,0.80677,0.80677,0.80677
1781968320000,0.80677,0.80677,0.80677,0.80677
1781968380000,0.80677,0.80677,0.80677,0.80677
1781968440000,0.80677,0.80677,0.80677,0.80677
1781968500000,0.80677,0.80677,0.80677,0.80677
1781968560000,0.80677,0.80677,0.80677,0.80677
1781968620000,0.80677,0.80677,0.80677,0.80677
1781968680000,0.80677,0.80677,0.80677,0.80677
1781968740000,0.80677,0.80677,0.80677,0.80677
1781968800000,0.80677,0.80677,0.80677,0.80677
1781968860000,0.80677,0.80677,0.80677,0.80677
1781968920000,0.80677,0.80677,0.80677,0.80677
1781968980000,0.80677,0.80677,0.80677,0.80677
1781969040000,0.80677,0.80677,0.80677,0.80677
1781969100000,0.80677,0.80677,0.80677,0.80677
1781969160000,0.80677,0.80677,0.80677,0.80677
1781969220000,0.80677,0.80677,0.80677,0.80677
1781969280000,0.80677,0.80677,0.80677,0.80677
1781969340000,0.80677,0.80677,0.80677,0.80677
1781969400000,0.80677,0.80677,0.80677,0.80677
1781969460000,0.80677,0.80677,0.80677,0.80677
1781969520000,0.80677,0.80677,0.80677,0.80677
1781969580000,0.80677,0.80677,0.80677,0.80677
1781969640000,0.80677,0.80677,0.80677,0.80677
1781969700000,0.80677,0.80677,0.80677,0.80677
1781969760000,0.80677,0.80677,0.80677,0.80677
1781969820000,0.80677,0.80677,0.80677,0.80677
1781969880000,0.80677,0.80677,0.80677,0.80677
1781969940000,0.80677,0.80677,0.80677,0.80677
1781970000000,0.80677,0.80677,0.80677,0.80677
1781970060000,0.80677,0.80677,0.80677,0.80677
1781970120000,0.80677,0.80677,0.80677,0.80677
1781970180000,0.80677,0.80677,0.80677,0.80677
1781970240000,0.80677,0.80677,0.80677,0.80677
1781970300000,0.80677,0.80677,0.80677,0.80677
1781970360000,0.80677,0.80677,0.80677,0.80677
1781970420000,0.80677,0.80677,0.80677,0.80677
1781970480000,0.80677,0.80677,0.80677,0.80677
1781970540000,0.80677,0.80677,0.80677,0.80677
1781970600000,0.80677,0.80677,0.80677,0.80677
1781970660000,0.80677,0.80677,0.80677,0.80677
1781970720000,0.80677,0.80677,0.80677,0.80677
1781970780000,0.80677,0.80677,0.80677,0.80677
1781970840000,0.80677,0.80677,0.80677,0.80677
1781970900000,0.80677,0.80677,0.80677,0.80677
1781970960000,0.80677,0.80677,0.80677,0.80677
1781971020000,0.80677,0.80677,0.80677,0.80677
1781971080000,0.80677,0.80677,0.80677,0.80677
1781971140000,0.80677,0.80677,0.80677,0.80677
1781971200000,0.80677,0.80677,0.80677,0.80677
1781971260000,0.80677,0.80677,0.80677,0.80677
1781971320000,0.80677,0.80677,0.80677,0.80677
1781971380000,0.80677,0.80677,0.80677,0.80677
1781971440000,0.80677,0.80677,0.80677,0.80677
1781971500000,0.80677,0.80677,0.80677,0.80677
1781971560000,0.80677,0.80677,0.80677,0.80677
1781971620000,0.80677,0.80677,0.80677,0.80677
1781971680000,0.80677,0.80677,0.80677,0.80677
1781971740000,0.80677,0.80677,0.80677,0.80677
1781971800000,0.80677,0.80677,0.80677,0.80677
1781971860000,0.80677,0.80677,0.80677,0.80677
1781971920000,0.80677,0.80677,0.80677,0.80677
1781971980000,0.80677,0.80677,0.80677,0.80677
1781972040000,0.80677,0.80677,0.80677,0.80677
1781972100000,0.80677,0.80677,0.80677,0.80677
1781972160000,0.80677,0.80677,0.80677,0.80677
1781972220000,0.80677,0.80677,0.80677,0.80677
1781972280000,0.80677,0.80677,0.80677,0.80677
1781972340000,0.80677,0.80677,0.80677,0.80677
1781972400000,0.80677,0.80677,0.80677,0.80677
1781972460000,0.80677,0.80677,0.80677,0.80677
1781972520000,0.80677,0.80677,0.80677,0.80677
1781972580000,0.80677,0.80677,0.80677,0.80677
1781972640000,0.80677,0.80677,0.80677,0.80677
1781972700000,0.80677,0.80677,0.80677,0.80677
1781972760000,0.80677,0.80677,0.80677,0.80677
1781972820000,0.80677,0.80677,0.80677,0.80677
1781972880000,0.80677,0.80677,0.80677,0.80677
1781972940000,0.80677,0.80677,0.80677,0.80677
1781973000000,0.80677,0.80677,0.80677,0.80677
1781973060000,0.80677,0.80677,0.80677,0.80677
1781973120000,0.80677,0.80677,0.80677,0.80677
1781973180000,0.80677,0.80677,0.80677,0.80677
1781973240000,0.80677,0.80677,0.80677,0.80677
1781973300000,0.80677,0.80677,0.80677,0.80677
1781973360000,0.80677,0.80677,0.80677,0.80677
1781973420000,0.80677,0.80677,0.80677,0.80677
1781973480000,0.80677,0.80677,0.80677,0.80677
1781973540000,0.80677,0.80677,0.80677,0.80677
1781973600000,0.80677,0.80677,0.80677,0.80677
1781973660000,0.80677,0.80677,0.80677,0.80677
1781973720000,0.80677,0.80677,0.80677,0.80677
1781973780000,0.80677,0.80677,0.80677,0.80677
1781973840000,0.80677,0.80677,0.80677,0.80677
1781973900000,0.80677,0.80677,0.80677,0.80677
1781973960000,0.80677,0.80677,0.80677,0.80677
1781974020000,0.80677,0.80677,0.80677,0.80677
1781974080000,0.80677,0.80677,0.80677,0.80677
1781974140000,0.80677,0.80677,0.80677,0.80677
1781974200000,0.80677,0.80677,0.80677,0.80677
1781974260000,0.80677,0.80677,0.80677,0.80677
1781974320000,0.80677,0.80677,0.80677,0.80677
1781974380000,0.80677,0.80677,0.80677,0.80677
1781974440000,0.80677,0.80677,0.80677,0.80677
1781974500000,0.80677,0.80677,0.80677,0.80677
1781974560000,0.80677,0.80677,0.80677,0.80677
1781974620000,0.80677,0.80677,0.80677,0.80677
1781974680000,0.80677,0.80677,0.80677,0.80677
1781974740000,0.80677,0.80677,0.80677,0.80677
1781974800000,0.80677,0.80677,0.80677,0.80677
1781974860000,0.80677,0.80677,0.80677,0.80677
1781974920000,0.80677,0.80677,0.80677,0.80677
1781974980000,0.80677,0.80677,0.80677,0.80677
1781975040000,0.80677,0.80677,0.80677,0.80677
1781975100000,0.80677,0.80677,0.80677,0.80677
1781975160000,0.80677,0.80677,0.80677,0.80677
1781975220000,0.80677,0.80677,0.80677,0.80677
1781975280000,0.80677,0.80677,0.80677,0.80677
1781975340000,0.80677,0.80677,0.80677,0.80677
1781975400000,0.80677,0.80677,0.80677,0.80677
1781975460000,0.80677,0.80677,0.80677,0.80677
1781975520000,0.80677,0.80677,0.80677,0.80677
1781975580000,0.80677,0.80677,0.80677,0.80677
1781975640000,0.80677,0.80677,0.80677,0.80677
1781975700000,0.80677,0.80677,0.80677,0.80677
1781975760000,0.80677,0.80677,0.80677,0.80677
1781975820000,0.80677,0.80677,0.80677,0.80677
1781975880000,0.80677,0.80677,0.80677,0.80677
1781975940000,0.80677,0.80677,0.80677,0.80677
1781976000000,0.80677,0.80677,0.80677,0.80677
1781976060000,0.80677,0.80677,0.80677,0.80677
1781976120000,0.80677,0.80677,0.80677,0.80677
1781976180000,0.80677,0.80677,0.80677,0.80677
1781976240000,0.80677,0.80677,0.80677,0.80677
1781976300000,0.80677,0.80677,0.80677,0.80677
1781976360000,0.80677,0.80677,0.80677,0.80677
1781976420000,0.80677,0.80677,0.80677,0.80677
1781976480000,0.80677,0.80677,0.80677,0.80677
1781976540000,0.80677,0.80677,0.80677,0.80677
1781976600000,0.80677,0.80677,0.80677,0.80677
1781976660000,0.80677,0.80677,0.80677,0.80677
1781976720000,0.80677,0.80677,0.80677,0.80677
1781976780000,0.80677,0.80677,0.80677,0.80677
1781976840000,0.80677,0.80677,0.80677,0.80677
1781976900000,0.80677,0.80677,0.80677,0.80677
1781976960000,0.80677,0.80677,0.80677,0.80677
1781977020000,0.80677,0.80677,0.80677,0.80677
1781977080000,0.80677,0.80677,0.80677,0.80677
1781977140000,0.80677,0.80677,0.80677,0.80677
1781977200000,0.80677,0.80677,0.80677,0.80677
1781977260000,0.80677,0.80677,0.80677,0.80677
1781977320000,0.80677,0.80677,0.80677,0.80677
1781977380000,0.80677,0.80677,0.80677,0.80677
1781977440000,0.80677,0.80677,0.80677,0.80677
1781977500000,0.80677,0.80677,0.80677,0.80677
1781977560000,0.80677,0.80677,0.80677,0.80677
1781977620000,0.80677,0.80677,0.80677,0.80677
1781977680000,0.80677,0.80677,0.80677,0.80677
1781977740000,0.80677,0.80677,0.80677,0.80677
1781977800000,0.80677,0.80677,0.80677,0.80677
1781977860000,0.80677,0.80677,0.80677,0.80677
1781977920000,0.80677,0.80677,0.80677,0.80677
1781977980000,0.80677,0.80677,0.80677,0.80677
1781978040000,0.80677,0.80677,0.80677,0.80677
1781978100000,0.80677,0.80677,0.80677,0.80677
1781978160000,0.80677,0.80677,0.80677,0.80677
1781978220000,0.80677,0.80677,0.80677,0.80677
1781978280000,0.80677,0.80677,0.80677,0.80677
1781978340000,0.80677,0.80677,0.80677,0.80677
1781978400000,0.80677,0.80677,0.80677,0.80677
1781978460000,0.80677,0.80677,0.80677,0.80677
1781978520000,0.80677,0.80677,0.80677,0.80677
1781978580000,0.80677,0.80677,0.80677,0.80677
1781978640000,0.80677,0.80677,0.80677,0.80677
1781978700000,0.80677,0.80677,0.80677,0.80677
1781978760000,0.80677,0.80677,0.80677,0.80677
1781978820000,0.80677,0.80677,0.80677,0.80677
1781978880000,0.80677,0.80677,0.80677,0.80677
1781978940000,0.80677,0.80677,0.80677,0.80677
1781979000000,0.80677,0.80677,0.80677,0.80677
1781979060000,0.80677,0.80677,0.80677,0.80677
1781979120000,0.80677,0.80677,0.80677,0.80677
1781979180000,0.80677,0.80677,0.80677,0.80677
1781979240000,0.80677,0.80677,0.80677,0.80677
1781979300000,0.80677,0.80677,0.80677,0.80677
1781979360000,0.80677,0.80677,0.80677,0.80677
1781979420000,0.80677,0.80677,0.80677,0.80677
1781979480000,0.80677,0.80677,0.80677,0.80677
1781979540000,0.80677,0.80677,0.80677,0.80677
1781979600000,0.80677,0.80677,0.80677,0.80677
1781979660000,0.80677,0.80677,0.80677,0.80677
1781979720000,0.80677,0.80677,0.80677,0.80677
1781979780000,0.80677,0.80677,0.80677,0.80677
1781979840000,0.80677,0.80677,0.80677,0.80677
1781979900000,0.80677,0.80677,0.80677,0.80677
1781979960000,0.80677,0.80677,0.80677,0.80677
1781980020000,0.80677,0.80677,0.80677,0.80677
1781980080000,0.80677,0.80677,0.80677,0.80677
1781980140000,0.80677,0.80677,0.80677,0.80677
1781980200000,0.80677,0.80677,0.80677,0.80677
1781980260000,0.80677,0.80677,0.80677,0.80677
1781980320000,0.80677,0.80677,0.80677,0.80677
1781980380000,0.80677,0.80677,0.80677,0.80677
1781980440000,0.80677,0.80677,0.80677,0.80677
1781980500000,0.80677,0.80677,0.80677,0.80677
1781980560000,0.80677,0.80677,0.80677,0.80677
1781980620000,0.80677,0.80677,0.80677,0.80677
1781980680000,0.80677,0.80677,0.80677,0.80677
1781980740000,0.80677,0.80677,0.80677,0.80677
1781980800000,0.80677,0.80677,0.80677,0.80677
1781980860000,0.80677,0.80677,0.80677,0.80677
1781980920000,0.80677,0.80677,0.80677,0.80677
1781980980000,0.80677,0.80677,0.80677,0.80677
1781981040000,0.80677,0.80677,0.80677,0.80677
1781981100000,0.80677,0.80677,0.80677,0.80677
1781981160000,0.80677,0.80677,0.80677,0.80677
1781981220000,0.80677,0.80677,0.80677,0.80677
1781981280000,0.80677,0.80677,0.80677,0.80677
1781981340000,0.80677,0.80677,0.80677,0.80677
1781981400000,0.80677,0.80677,0.80677,0.80677
1781981460000,0.80677,0.80677,0.80677,0.80677
1781981520000,0.80677,0.80677,0.80677,0.80677
1781981580000,0.80677,0.80677,0.80677,0.80677
1781981640000,0.80677,0.80677,0.80677,0.80677
1781981700000,0.80677,0.80677,0.80677,0.80677
1781981760000,0.80677,0.80677,0.80677,0.80677
1781981820000,0.80677,0.80677,0.80677,0.80677
1781981880000,0.80677,0.80677,0.80677,0.80677
1781981940000,0.80677,0.80677,0.80677,0.80677
1781982000000,0.80677,0.80677,0.80677,0.80677
1781982060000,0.80677,0.80677,0.80677,0.80677
1781982120000,0.80677,0.80677,0.80677,0.80677
1781982180000,0.80677,0.80677,0.80677,0.80677
1781982240000,0.80677,0.80677,0.80677,0.80677
1781982300000,0.80677,0.80677,0.80677,0.80677
1781982360000,0.80677,0.80677,0.80677,0.80677
1781982420000,0.80677,0.80677,0.80677,0.80677
1781982480000,0.80677,0.80677,0.80677,0.80677
1781982540000,0.80677,0.80677,0.80677,0.80677
1781982600000,0.80677,0.80677,0.80677,0.80677
1781982660000,0.80677,0.80677,0.80677,0.80677
1781982720000,0.80677,0.80677,0.80677,0.80677
1781982780000,0.80677,0.80677,0.80677,0.80677
1781982840000,0.80677,0.80677,0.80677,0.80677
1781982900000,0.80677,0.80677,0.80677,0.80677
1781982960000,0.80677,0.80677,0.80677,0.80677
1781983020000,0.80677,0.80677,0.80677,0.80677
1781983080000,0.80677,0.80677,0.80677,0.80677
1781983140000,0.80677,0.80677,0.80677,0.80677
1781983200000,0.80677,0.80677,0.80677,0.80677
1781983260000,0.80677,0.80677,0.80677,0.80677
1781983320000,0.80677,0.80677,0.80677,0.80677
1781983380000,0.80677,0.80677,0.80677,0.80677
1781983440000,0.80677,0.80677,0.80677,0.80677
1781983500000,0.80677,0.80677,0.80677,0.80677
1781983560000,0.80677,0.80677,0.80677,0.80677
1781983620000,0.80677,0.80677,0.80677,0.80677
1781983680000,0.80677,0.80677,0.80677,0.80677
1781983740000,0.80677,0.80677,0.80677,0.80677
1781983800000,0.80677,0.80677,0.80677,0.80677
1781983860000,0.80677,0.80677,0.80677,0.80677
1781983920000,0.80677,0.80677,0.80677,0.80677
1781983980000,0.80677,0.80677,0.80677,0.80677
1781984040000,0.80677,0.80677,0.80677,0.80677
1781984100000,0.80677,0.80677,0.80677,0.80677
1781984160000,0.80677,0.80677,0.80677,0.80677
1781984220000,0.80677,0.80677,0.80677,0.80677
1781984280000,0.80677,0.80677,0.80677,0.80677
1781984340000,0.80677,0.80677,0.80677,0.80677
1781984400000,0.80677,0.80677,0.80677,0.80677
1781984460000,0.80677,0.80677,0.80677,0.80677
1781984520000,0.80677,0.80677,0.80677,0.80677
1781984580000,0.80677,0.80677,0.80677,0.80677
1781984640000,0.80677,0.80677,0.80677,0.80677
1781984700000,0.80677,0.80677,0.80677,0.80677
1781984760000,0.80677,0.80677,0.80677,0.80677
1781984820000,0.80677,0.80677,0.80677,0.80677
1781984880000,0.80677,0.80677,0.80677,0.80677
1781984940000,0.80677,0.80677,0.80677,0.80677
1781985000000,0.80677,0.80677,0.80677,0.80677
1781985060000,0.80677,0.80677,0.80677,0.80677
1781985120000,0.80677,0.80677,0.80677,0.80677
1781985180000,0.80677,0.80677,0.80677,0.80677
1781985240000,0.80677,0.80677,0.80677,0.80677
1781985300000,0.80677,0.80677,0.80677,0.80677
1781985360000,0.80677,0.80677,0.80677,0.80677
1781985420000,0.80677,0.80677,0.80677,0.80677
1781985480000,0.80677,0.80677,0.80677,0.80677
1781985540000,0.80677,0.80677,0.80677,0.80677
1781985600000,0.80677,0.80677,0.80677,0.80677
1781985660000,0.80677,0.80677,0.80677,0.80677
1781985720000,0.80677,0.80677,0.80677,0.80677
1781985780000,0.80677,0.80677,0.80677,0.80677
1781985840000,0.80677,0.80677,0.80677,0.80677
1781985900000,0.80677,0.80677,0.80677,0.80677
1781985960000,0.80677,0.80677,0.80677,0.80677
1781986020000,0.80677,0.80677,0.80677,0.80677
1781986080000,0.80677,0.80677,0.80677,0.80677
1781986140000,0.80677,0.80677,0.80677,0.80677
1781986200000,0.80677,0.80677,0.80677,0.80677
1781986260000,0.80677,0.80677,0.80677,0.80677
1781986320000,0.80677,0.80677,0.80677,0.80677
1781986380000,0.80677,0.80677,0.80677,0.80677
1781986440000,0.80677,0.80677,0.80677,0.80677
1781986500000,0.80677,0.80677,0.80677,0.80677
1781986560000,0.80677,0.80677,0.80677,0.80677
1781986620000,0.80677,0.80677,0.80677,0.80677
1781986680000,0.80677,0.80677,0.80677,0.80677
1781986740000,0.80677,0.80677,0.80677,0.80677
1781986800000,0.80677,0.80677,0.80677,0.80677
1781986860000,0.80677,0.80677,0.80677,0.80677
1781986920000,0.80677,0.80677,0.80677,0.80677
1781986980000,0.80677,0.80677,0.80677,0.80677
1781987040000,0.80677,0.80677,0.80677,0.80677
1781987100000,0.80677,0.80677,0.80677,0.80677
1781987160000,0.80677,0.80677,0.80677,0.80677
1781987220000,0.80677,0.80677,0.80677,0.80677
1781987280000,0.80677,0.80677,0.80677,0.80677
1781987340000,0.80677,0.80677,0.80677,0.80677
1781987400000,0.80677,0.80677,0.80677,0.80677
1781987460000,0.80677,0.80677,0.80677,0.80677
1781987520000,0.80677,0.80677,0.80677,0.80677
1781987580000,0.80677,0.80677,0.80677,0.80677
1781987640000,0.80677,0.80677,0.80677,0.80677
1781987700000,0.80677,0.80677,0.80677,0.80677
1781987760000,0.80677,0.80677,0.80677,0.80677
1781987820000,0.80677,0.80677,0.80677,0.80677
1781987880000,0.80677,0.80677,0.80677,0.80677
1781987940000,0.80677,0.80677,0.80677,0.80677
1781988000000,0.80677,0.80677,0.80677,0.80677
1781988060000,0.80677,0.80677,0.80677,0.80677
1781988120000,0.80677,0.80677,0.80677,0.80677
1781988180000,0.80677,0.80677,0.80677,0.80677
1781988240000,0.80677,0.80677,0.80677,0.80677
1781988300000,0.80677,0.80677,0.80677,0.80677
1781988360000,0.80677,0.80677,0.80677,0.80677
1781988420000,0.80677,0.80677,0.80677,0.80677
1781988480000,0.80677,0.80677,0.80677,0.80677
1781988540000,0.80677,0.80677,0.80677,0.80677
1781988600000,0.80677,0.80677,0.80677,0.80677
1781988660000,0.80677,0.80677,0.80677,0.80677
1781988720000,0.80677,0.80677,0.80677,0.80677
1781988780000,0.80677,0.80677,0.80677,0.80677
1781988840000,0.80677,0.80677,0.80677,0.80677
1781988900000,0.80677,0.80677,0.80677,0.80677
1781988960000,0.80677,0.80677,0.80677,0.80677
1781989020000,0.80677,0.80677,0.80677,0.80677
1781989080000,0.80677,0.80677,0.80677,0.80677
1781989140000,0.80677,0.80677,0.80677,0.80677
1781989200000,0.80677,0.80677,0.80677,0.80677
1781989260000,0.80677,0.80677,0.80677,0.80677
1781989320000,0.80677,0.80677,0.80677,0.80677
1781989380000,0.80677,0.80677,0.80677,0.80677
1781989440000,0.80677,0.80677,0.80677,0.80677
1781989500000,0.80677,0.80677,0.80677,0.80677
1781989560000,0.80677,0.80677,0.80677,0.80677
1781989620000,0.80677,0.80677,0.80677,0.80677
1781989680000,0.80677,0.80677,0.80677,0.80677
1781989740000,0.80677,0.80677,0.80677,0.80677
1781989800000,0.80677,0.80677,0.80677,0.80677
1781989860000,0.80677,0.80677,0.80677,0.80677
1781989920000,0.80677,0.80677,0.80677,0.80677
1781989980000,0.80677,0.80677,0.80677,0.80677
1781990040000,0.80677,0.80677,0.80677,0.80677
1781990100000,0.80677,0.80677,0.80677,0.80677
1781990160000,0.80677,0.80677,0.80677,0.80677
1781990220000,0.80677,0.80677,0.80677,0.80677
1781990280000,0.80677,0.80677,0.80677,0.80677
1781990340000,0.80677,0.80677,0.80677,0.80677
1781990400000,0.80677,0.80677,0.80677,0.80677
1781990460000,0.80677,0.80677,0.80677,0.80677
1781990520000,0.80677,0.80677,0.80677,0.80677
1781990580000,0.80677,0.80677,0.80677,0.80677
1781990640000,0.80677,0.80677,0.80677,0.80677
1781990700000,0.80677,0.80677,0.80677,0.80677
1781990760000,0.80677,0.80677,0.80677,0.80677
1781990820000,0.80677,0.80677,0.80677,0.80677
1781990880000,0.80677,0.80677,0.80677,0.80677
1781990940000,0.80677,0.80677,0.80677,0.80677
1781991000000,0.80677,0.80677,0.80677,0.80677
1781991060000,0.80677,0.80677,0.80677,0.80677
1781991120000,0.80677,0.80677,0.80677,0.80677
1781991180000,0.80677,0.80677,0.80677,0.80677
1781991240000,0.80677,0.80677,0.80677,0.80677
1781991300000,0.80677,0.80677,0.80677,0.80677
1781991360000,0.80677,0.80677,0.80677,0.80677
1781991420000,0.80677,0.80677,0.80677,0.80677
1781991480000,0.80677,0.80677,0.80677,0.80677
1781991540000,0.80677,0.80677,0.80677,0.80677
1781991600000,0.80677,0.80677,0.80677,0.80677
1781991660000,0.80677,0.80677,0.80677,0.80677
1781991720000,0.80677,0.80677,0.80677,0.80677
1781991780000,0.80677,0.80677,0.80677,0.80677
1781991840000,0.80677,0.80677,0.80677,0.80677
1781991900000,0.80677,0.80677,0.80677,0.80677
1781991960000,0.80677,0.80677,0.80677,0.80677
1781992020000,0.80677,0.80677,0.80677,0.80677
1781992080000,0.80677,0.80677,0.80677,0.80677
1781992140000,0.80677,0.80677,0.80677,0.80677
1781992200000,0.80677,0.80677,0.80677,0.80677
1781992260000,0.80677,0.80677,0.80677,0.80677
1781992320000,0.80677,0.80677,0.80677,0.80677
1781992380000,0.80677,0.80677,0.80677,0.80677
1781992440000,0.80677,0.80677,0.80677,0.80677
1781992500000,0.80677,0.80677,0.80677,0.80677
1781992560000,0.80677,0.80677,0.80677,0.80677
1781992620000,0.80677,0.80677,0.80677,0.80677
1781992680000,0.80677,0.80677,0.80677,0.80677
1781992740000,0.80677,0.80677,0.80677,0.80677
1781992800000,0.80677,0.80677,0.80677,0.80677
1781992860000,0.80677,0.80677,0.80677,0.80677
1781992920000,0.80677,0.80677,0.80677,0.80677
1781992980000,0.80677,0.80677,0.80677,0.80677
1781993040000,0.80677,0.80677,0.80677,0.80677
1781993100000,0.80677,0.80677,0.80677,0.80677
1781993160000,0.80677,0.80677,0.80677,0.80677
1781993220000,0.80677,0.80677,0.80677,0.80677
1781993280000,0.80677,0.80677,0.80677,0.80677
1781993340000,0.80677,0.80677,0.80677,0.80677
1781993400000,0.80677,0.80677,0.80677,0.80677
1781993460000,0.80677,0.80677,0.80677,0.80677
1781993520000,0.80677,0.80677,0.80677,0.80677
1781993580000,0.80677,0.80677,0.80677,0.80677
1781993640000,0.80677,0.80677,0.80677,0.80677
1781993700000,0.80677,0.80677,0.80677,0.80677
1781993760000,0.80677,0.80677,0.80677,0.80677
1781993820000,0.80677,0.80677,0.80677,0.80677
1781993880000,0.80677,0.80677,0.80677,0.80677
1781993940000,0.80677,0.80677,0.80677,0.80677
1781994000000,0.80677,0.80677,0.80677,0.80677
1781994060000,0.80677,0.80677,0.80677,0.80677
1781994120000,0.80677,0.80677,0.80677,0.80677
1781994180000,0.80677,0.80677,0.80677,0.80677
1781994240000,0.80677,0.80677,0.80677,0.80677
1781994300000,0.80677,0.80677,0.80677,0.80677
1781994360000,0.80677,0.80677,0.80677,0.80677
1781994420000,0.80677,0.80677,0.80677,0.80677
1781994480000,0.80677,0.80677,0.80677,0.80677
1781994540000,0.80677,0.80677,0.80677,0.80677
1781994600000,0.80677,0.80677,0.80677,0.80677
1781994660000,0.80677,0.80677,0.80677,0.80677
1781994720000,0.80677,0.80677,0.80677,0.80677
1781994780000,0.80677,0.80677,0.80677,0.80677
1781994840000,0.80677,0.80677,0.80677,0.80677
1781994900000,0.80677,0.80677,0.80677,0.80677
1781994960000,0.80677,0.80677,0.80677,0.80677
1781995020000,0.80677,0.80677,0.80677,0.80677
1781995080000,0.80677,0.80677,0.80677,0.80677
1781995140000,0.80677,0.80677,0.80677,0.80677
1781995200000,0.80677,0.80677,0.80677,0.80677
1781995260000,0.80677,0.80677,0.80677,0.80677
1781995320000,0.80677,0.80677,0.80677,0.80677
1781995380000,0.80677,0.80677,0.80677,0.80677
1781995440000,0.80677,0.80677,0.80677,0.80677
1781995500000,0.80677,0.80677,0.80677,0.80677
1781995560000,0.80677,0.80677,0.80677,0.80677
1781995620000,0.80677,0.80677,0.80677,0.80677
1781995680000,0.80677,0.80677,0.80677,0.80677
1781995740000,0.80677,0.80677,0.80677,0.80677
1781995800000,0.80677,0.80677,0.80677,0.80677
1781995860000,0.80677,0.80677,0.80677,0.80677
1781995920000,0.80677,0.80677,0.80677,0.80677
1781995980000,0.80677,0.80677,0.80677,0.80677
1781996040000,0.80677,0.80677,0.80677,0.80677
1781996100000,0.80677,0.80677,0.80677,0.80677
1781996160000,0.80677,0.80677,0.80677,0.80677
1781996220000,0.80677,0.80677,0.80677,0.80677
1781996280000,0.80677,0.80677,0.80677,0.80677
1781996340000,0.80677,0.80677,0.80677,0.80677
1781996400000,0.80677,0.80677,0.80677,0.80677
1781996460000,0.80677,0.80677,0.80677,0.80677
1781996520000,0.80677,0.80677,0.80677,0.80677
1781996580000,0.80677,0.80677,0.80677,0.80677
1781996640000,0.80677,0.80677,0.80677,0.80677
1781996700000,0.80677,0.80677,0.80677,0.80677
1781996760000,0.80677,0.80677,0.80677,0.80677
1781996820000,0.80677,0.80677,0.80677,0.80677
1781996880000,0.80677,0.80677,0.80677,0.80677
1781996940000,0.80677,0.80677,0.80677,0.80677
1781997000000,0.80677,0.80677,0.80677,0.80677
1781997060000,0.80677,0.80677,0.80677,0.80677
1781997120000,0.80677,0.80677,0.80677,0.80677
1781997180000,0.80677,0.80677,0.80677,0.80677
1781997240000,0.80677,0.80677,0.80677,0.80677
1781997300000,0.80677,0.80677,0.80677,0.80677
1781997360000,0.80677,0.80677,0.80677,0.80677
1781997420000,0.80677,0.80677,0.80677,0.80677
1781997480000,0.80677,0.80677,0.80677,0.80677
1781997540000,0.80677,0.80677,0.80677,0.80677
1781997600000,0.80677,0.80677,0.80677,0.80677
1781997660000,0.80677,0.80677,0.80677,0.80677
1781997720000,0.80677,0.80677,0.80677,0.80677
1781997780000,0.80677,0.80677,0.80677,0.80677
1781997840000,0.80677,0.80677,0.80677,0.80677
1781997900000,0.80677,0.80677,0.80677,0.80677
1781997960000,0.80677,0.80677,0.80677,0.80677
1781998020000,0.80677,0.80677,0.80677,0.80677
1781998080000,0.80677,0.80677,0.80677,0.80677
1781998140000,0.80677,0.80677,0.80677,0.80677
1781998200000,0.80677,0.80677,0.80677,0.80677
1781998260000,0.80677,0.80677,0.80677,0.80677
1781998320000,0.80677,0.80677,0.80677,0.80677
1781998380000,0.80677,0.80677,0.80677,0.80677
1781998440000,0.80677,0.80677,0.80677,0.80677
1781998500000,0.80677,0.80677,0.80677,0.80677
1781998560000,0.80677,0.80677,0.80677,0.80677
1781998620000,0.80677,0.80677,0.80677,0.80677
1781998680000,0.80677,0.80677,0.80677,0.80677
1781998740000,0.80677,0.80677,0.80677,0.80677
1781998800000,0.80677,0.80677,0.80677,0.80677
1781998860000,0.80677,0.80677,0.80677,0.80677
1781998920000,0.80677,0.80677,0.80677,0.80677
1781998980000,0.80677,0.80677,0.80677,0.80677
1781999040000,0.80677,0.80677,0.80677,0.80677
1781999100000,0.80677,0.80677,0.80677,0.80677
1781999160000,0.80677,0.80677,0.80677,0.80677
1781999220000,0.80677,0.80677,0.80677,0.80677
1781999280000,0.80677,0.80677,0.80677,0.80677
1781999340000,0.80677,0.80677,0.80677,0.80677
1781999400000,0.80677,0.80677,0.80677,0.80677
1781999460000,0.80677,0.80677,0.80677,0.80677
1781999520000,0.80677,0.80677,0.80677,0.80677
1781999580000,0.80677,0.80677,0.80677,0.80677
1781999640000,0.80677,0.80677,0.80677,0.80677
1781999700000,0.80677,0.80677,0.80677,0.80677
1781999760000,0.80677,0.80677,0.80677,0.80677
1781999820000,0.80677,0.80677,0.80677,0.80677
1781999880000,0.80677,0.80677,0.80677,0.80677
1781999940000,0.80677,0.80677,0.80677,0.80677
1782000000000,0.80677,0.80677,0.80677,0.80677
1782000060000,0.80677,0.80677,0.80677,0.80677
1782000120000,0.80677,0.80677,0.80677,0.80677
1782000180000,0.80677,0.80677,0.80677,0.80677
1782000240000,0.80677,0.80677,0.80677,0.80677
1782000300000,0.80677,0.80677,0.80677,0.80677
1782000360000,0.80677,0.80677,0.80677,0.80677
1782000420000,0.80677,0.80677,0.80677,0.80677
1782000480000,0.80677,0.80677,0.80677,0.80677
1782000540000,0.80677,0.80677,0.80677,0.80677
1782000600000,0.80677,0.80677,0.80677,0.80677
1782000660000,0.80677,0.80677,0.80677,0.80677
1782000720000,0.80677,0.80677,0.80677,0.80677
1782000780000,0.80677,0.80677,0.80677,0.80677
1782000840000,0.80677,0.80677,0.80677,0.80677
1782000900000,0.80677,0.80677,0.80677,0.80677
1782000960000,0.80677,0.80677,0.80677,0.80677
1782001020000,0.80677,0.80677,0.80677,0.80677
1782001080000,0.80677,0.80677,0.80677,0.80677
1782001140000,0.80677,0.80677,0.80677,0.80677
1782001200000,0.80677,0.80677,0.80677,0.80677
1782001260000,0.80677,0.80677,0.80677,0.80677
1782001320000,0.80677,0.80677,0.80677,0.80677
1782001380000,0.80677,0.80677,0.80677,0.80677
1782001440000,0.80677,0.80677,0.80677,0.80677
1782001500000,0.80677,0.80677,0.80677,0.80677
1782001560000,0.80677,0.80677,0.80677,0.80677
1782001620000,0.80677,0.80677,0.80677,0.80677
1782001680000,0.80677,0.80677,0.80677,0.80677
1782001740000,0.80677,0.80677,0.80677,0.80677
1782001800000,0.80677,0.80677,0.80677,0.80677
1782001860000,0.80677,0.80677,0.80677,0.80677
1782001920000,0.80677,0.80677,0.80677,0.80677
1782001980000,0.80677,0.80677,0.80677,0.80677
1782002040000,0.80677,0.80677,0.80677,0.80677
1782002100000,0.80677,0.80677,0.80677,0.80677
1782002160000,0.80677,0.80677,0.80677,0.80677
1782002220000,0.80677,0.80677,0.80677,0.80677
1782002280000,0.80677,0.80677,0.80677,0.80677
1782002340000,0.80677,0.80677,0.80677,0.80677
1782002400000,0.80677,0.80677,0.80677,0.80677
1782002460000,0.80677,0.80677,0.80677,0.80677
1782002520000,0.80677,0.80677,0.80677,0.80677
1782002580000,0.80677,0.80677,0.80677,0.80677
1782002640000,0.80677,0.80677,0.80677,0.80677
1782002700000,0.80677,0.80677,0.80677,0.80677
1782002760000,0.80677,0.80677,0.80677,0.80677
1782002820000,0.80677,0.80677,0.80677,0.80677
1782002880000,0.80677,0.80677,0.80677,0.80677
1782002940000,0.80677,0.80677,0.80677,0.80677
1782003000000,0.80677,0.80677,0.80677,0.80677
1782003060000,0.80677,0.80677,0.80677,0.80677
1782003120000,0.80677,0.80677,0.80677,0.80677
1782003180000,0.80677,0.80677,0.80677,0.80677
1782003240000,0.80677,0.80677,0.80677,0.80677
1782003300000,0.80677,0.80677,0.80677,0.80677
1782003360000,0.80677,0.80677,0.80677,0.80677
1782003420000,0.80677,0.80677,0.80677,0.80677
1782003480000,0.80677,0.80677,0.80677,0.80677
1782003540000,0.80677,0.80677,0.80677,0.80677
1782003600000,0.80677,0.80677,0.80677,0.80677
1782003660000,0.80677,0.80677,0.80677,0.80677
1782003720000,0.80677,0.80677,0.80677,0.80677
1782003780000,0.80677,0.80677,0.80677,0.80677
1782003840000,0.80677,0.80677,0.80677,0.80677
1782003900000,0.80677,0.80677,0.80677,0.80677
1782003960000,0.80677,0.80677,0.80677,0.80677
1782004020000,0.80677,0.80677,0.80677,0.80677
1782004080000,0.80677,0.80677,0.80677,0.80677
1782004140000,0.80677,0.80677,0.80677,0.80677
1782004200000,0.80677,0.80677,0.80677,0.80677
1782004260000,0.80677,0.80677,0.80677,0.80677
1782004320000,0.80677,0.80677,0.80677,0.80677
1782004380000,0.80677,0.80677,0.80677,0.80677
1782004440000,0.80677,0.80677,0.80677,0.80677
1782004500000,0.80677,0.80677,0.80677,0.80677
1782004560000,0.80677,0.80677,0.80677,0.80677
1782004620000,0.80677,0.80677,0.80677,0.80677
1782004680000,0.80677,0.80677,0.80677,0.80677
1782004740000,0.80677,0.80677,0.80677,0.80677
1782004800000,0.80677,0.80677,0.80677,0.80677
1782004860000,0.80677,0.80677,0.80677,0.80677
1782004920000,0.80677,0.80677,0.80677,0.80677
1782004980000,0.80677,0.80677,0.80677,0.80677
1782005040000,0.80677,0.80677,0.80677,0.80677
1782005100000,0.80677,0.80677,0.80677,0.80677
1782005160000,0.80677,0.80677,0.80677,0.80677
1782005220000,0.80677,0.80677,0.80677,0.80677
1782005280000,0.80677,0.80677,0.80677,0.80677
1782005340000,0.80677,0.80677,0.80677,0.80677
1782005400000,0.80677,0.80677,0.80677,0.80677
1782005460000,0.80677,0.80677,0.80677,0.80677
1782005520000,0.80677,0.80677,0.80677,0.80677
1782005580000,0.80677,0.80677,0.80677,0.80677
1782005640000,0.80677,0.80677,0.80677,0.80677
1782005700000,0.80677,0.80677,0.80677,0.80677
1782005760000,0.80677,0.80677,0.80677,0.80677
1782005820000,0.80677,0.80677,0.80677,0.80677
1782005880000,0.80677,0.80677,0.80677,0.80677
1782005940000,0.80677,0.80677,0.80677,0.80677
1782006000000,0.80677,0.80677,0.80677,0.80677
1782006060000,0.80677,0.80677,0.80677,0.80677
1782006120000,0.80677,0.80677,0.80677,0.80677
1782006180000,0.80677,0.80677,0.80677,0.80677
1782006240000,0.80677,0.80677,0.80677,0.80677
1782006300000,0.80677,0.80677,0.80677,0.80677
1782006360000,0.80677,0.80677,0.80677,0.80677
1782006420000,0.80677,0.80677,0.80677,0.80677
1782006480000,0.80677,0.80677,0.80677,0.80677
1782006540000,0.80677,0.80677,0.80677,0.80677
1782006600000,0.80677,0.80677,0.80677,0.80677
1782006660000,0.80677,0.80677,0.80677,0.80677
1782006720000,0.80677,0.80677,0.80677,0.80677
1782006780000,0.80677,0.80677,0.80677,0.80677
1782006840000,0.80677,0.80677,0.80677,0.80677
1782006900000,0.80677,0.80677,0.80677,0.80677
1782006960000,0.80677,0.80677,0.80677,0.80677
1782007020000,0.80677,0.80677,0.80677,0.80677
1782007080000,0.80677,0.80677,0.80677,0.80677
1782007140000,0.80677,0.80677,0.80677,0.80677
1782007200000,0.80677,0.80677,0.80677,0.80677
1782007260000,0.80677,0.80677,0.80677,0.80677
1782007320000,0.80677,0.80677,0.80677,0.80677
1782007380000,0.80677,0.80677,0.80677,0.80677
1782007440000,0.80677,0.80677,0.80677,0.80677
1782007500000,0.80677,0.80677,0.80677,0.80677
1782007560000,0.80677,0.80677,0.80677,0.80677
1782007620000,0.80677,0.80677,0.80677,0.80677
1782007680000,0.80677,0.80677,0.80677,0.80677
1782007740000,0.80677,0.80677,0.80677,0.80677
1782007800000,0.80677,0.80677,0.80677,0.80677
1782007860000,0.80677,0.80677,0.80677,0.80677
1782007920000,0.80677,0.80677,0.80677,0.80677
1782007980000,0.80677,0.80677,0.80677,0.80677
1782008040000,0.80677,0.80677,0.80677,0.80677
1782008100000,0.80677,0.80677,0.80677,0.80677
1782008160000,0.80677,0.80677,0.80677,0.80677
1782008220000,0.80677,0.80677,0.80677,0.80677
1782008280000,0.80677,0.80677,0.80677,0.80677
1782008340000,0.80677,0.80677,0.80677,0.80677
1782008400000,0.80677,0.80677,0.80677,0.80677
1782008460000,0.80677,0.80677,0.80677,0.80677
1782008520000,0.80677,0.80677,0.80677,0.80677
1782008580000,0.80677,0.80677,0.80677,0.80677
1782008640000,0.80677,0.80677,0.80677,0.80677
1782008700000,0.80677,0.80677,0.80677,0.80677
1782008760000,0.80677,0.80677,0.80677,0.80677
1782008820000,0.80677,0.80677,0.80677,0.80677
1782008880000,0.80677,0.80677,0.80677,0.80677
1782008940000,0.80677,0.80677,0.80677,0.80677
1782009000000,0.80677,0.80677,0.80677,0.80677
1782009060000,0.80677,0.80677,0.80677,0.80677
1782009120000,0.80677,0.80677,0.80677,0.80677
1782009180000,0.80677,0.80677,0.80677,0.80677
1782009240000,0.80677,0.80677,0.80677,0.80677
1782009300000,0.80677,0.80677,0.80677,0.80677
1782009360000,0.80677,0.80677,0.80677,0.80677
1782009420000,0.80677,0.80677,0.80677,0.80677
1782009480000,0.80677,0.80677,0.80677,0.80677
1782009540000,0.80677,0.80677,0.80677,0.80677
1782009600000,0.80677,0.80677,0.80677,0.80677
1782009660000,0.80677,0.80677,0.80677,0.80677
1782009720000,0.80677,0.80677,0.80677,0.80677
1782009780000,0.80677,0.80677,0.80677,0.80677
1782009840000,0.80677,0.80677,0.80677,0.80677
1782009900000,0.80677,0.80677,0.80677,0.80677
1782009960000,0.80677,0.80677,0.80677,0.80677
1782010020000,0.80677,0.80677,0.80677,0.80677
1782010080000,0.80677,0.80677,0.80677,0.80677
1782010140000,0.80677,0.80677,0.80677,0.80677
1782010200000,0.80677,0.80677,0.80677,0.80677
1782010260000,0.80677,0.80677,0.80677,0.80677
1782010320000,0.80677,0.80677,0.80677,0.80677
1782010380000,0.80677,0.80677,0.80677,0.80677
1782010440000,0.80677,0.80677,0.80677,0.80677
1782010500000,0.80677,0.80677,0.80677,0.80677
1782010560000,0.80677,0.80677,0.80677,0.80677
1782010620000,0.80677,0.80677,0.80677,0.80677
1782010680000,0.80677,0.80677,0.80677,0.80677
1782010740000,0.80677,0.80677,0.80677,0.80677
1782010800000,0.80677,0.80677,0.80677,0.80677
1782010860000,0.80677,0.80677,0.80677,0.80677
1782010920000,0.80677,0.80677,0.80677,0.80677
1782010980000,0.80677,0.80677,0.80677,0.80677
1782011040000,0.80677,0.80677,0.80677,0.80677
1782011100000,0.80677,0.80677,0.80677,0.80677
1782011160000,0.80677,0.80677,0.80677,0.80677
1782011220000,0.80677,0.80677,0.80677,0.80677
1782011280000,0.80677,0.80677,0.80677,0.80677
1782011340000,0.80677,0.80677,0.80677,0.80677
1782011400000,0.80677,0.80677,0.80677,0.80677
1782011460000,0.80677,0.80677,0.80677,0.80677
1782011520000,0.80677,0.80677,0.80677,0.80677
1782011580000,0.80677,0.80677,0.80677,0.80677
1782011640000,0.80677,0.80677,0.80677,0.80677
1782011700000,0.80677,0.80677,0.80677,0.80677
1782011760000,0.80677,0.80677,0.80677,0.80677
1782011820000,0.80677,0.80677,0.80677,0.80677
1782011880000,0.80677,0.80677,0.80677,0.80677
1782011940000,0.80677,0.80677,0.80677,0.80677
1782012000000,0.80677,0.80677,0.80677,0.80677
1782012060000,0.80677,0.80677,0.80677,0.80677
1782012120000,0.80677,0.80677,0.80677,0.80677
1782012180000,0.80677,0.80677,0.80677,0.80677
1782012240000,0.80677,0.80677,0.80677,0.80677
1782012300000,0.80677,0.80677,0.80677,0.80677
1782012360000,0.80677,0.80677,0.80677,0.80677
1782012420000,0.80677,0.80677,0.80677,0.80677
1782012480000,0.80677,0.80677,0.80677,0.80677
1782012540000,0.80677,0.80677,0.80677,0.80677
1782012600000,0.80677,0.80677,0.80677,0.80677
1782012660000,0.80677,0.80677,0.80677,0.80677
1782012720000,0.80677,0.80677,0.80677,0.80677
1782012780000,0.80677,0.80677,0.80677,0.80677
1782012840000,0.80677,0.80677,0.80677,0.80677
1782012900000,0.80677,0.80677,0.80677,0.80677
1782012960000,0.80677,0.80677,0.80677,0.80677
1782013020000,0.80677,0.80677,0.80677,0.80677
1782013080000,0.80677,0.80677,0.80677,0.80677
1782013140000,0.80677,0.80677,0.80677,0.80677
1782013200000,0.80677,0.80677,0.80677,0.80677
1782013260000,0.80677,0.80677,0.80677,0.80677
1782013320000,0.80677,0.80677,0.80677,0.80677
1782013380000,0.80677,0.80677,0.80677,0.80677
1782013440000,0.80677,0.80677,0.80677,0.80677
1782013500000,0.80677,0.80677,0.80677,0.80677
1782013560000,0.80677,0.80677,0.80677,0.80677
1782013620000,0.80677,0.80677,0.80677,0.80677
1782013680000,0.80677,0.80677,0.80677,0.80677
1782013740000,0.80677,0.80677,0.80677,0.80677
1782013800000,0.80677,0.80677,0.80677,0.80677
1782013860000,0.80677,0.80677,0.80677,0.80677
1782013920000,0.80677,0.80677,0.80677,0.80677
1782013980000,0.80677,0.80677,0.80677,0.80677
1782014040000,0.80677,0.80677,0.80677,0.80677
1782014100000,0.80677,0.80677,0.80677,0.80677
1782014160000,0.80677,0.80677,0.80677,0.80677
1782014220000,0.80677,0.80677,0.80677,0.80677
1782014280000,0.80677,0.80677,0.80677,0.80677
1782014340000,0.80677,0.80677,0.80677,0.80677
1782014400000,0.80677,0.80677,0.80677,0.80677
1782014460000,0.80677,0.80677,0.80677,0.80677
1782014520000,0.80677,0.80677,0.80677,0.80677
1782014580000,0.80677,0.80677,0.80677,0.80677
1782014640000,0.80677,0.80677,0.80677,0.80677
1782014700000,0.80677,0.80677,0.80677,0.80677
1782014760000,0.80677,0.80677,0.80677,0.80677
1782014820000,0.80677,0.80677,0.80677,0.80677
1782014880000,0.80677,0.80677,0.80677,0.80677
1782014940000,0.80677,0.80677,0.80677,0.80677
1782015000000,0.80677,0.80677,0.80677,0.80677
1782015060000,0.80677,0.80677,0.80677,0.80677
1782015120000,0.80677,0.80677,0.80677,0.80677
1782015180000,0.80677,0.80677,0.80677,0.80677
1782015240000,0.80677,0.80677,0.80677,0.80677
1782015300000,0.80677,0.80677,0.80677,0.80677
1782015360000,0.80677,0.80677,0.80677,0.80677
1782015420000,0.80677,0.80677,0.80677,0.80677
1782015480000,0.80677,0.80677,0.80677,0.80677
1782015540000,0.80677,0.80677,0.80677,0.80677
1782015600000,0.80677,0.80677,0.80677,0.80677
1782015660000,0.80677,0.80677,0.80677,0.80677
1782015720000,0.80677,0.80677,0.80677,0.80677
1782015780000,0.80677,0.80677,0.80677,0.80677
1782015840000,0.80677,0.80677,0.80677,0.80677
1782015900000,0.80677,0.80677,0.80677,0.80677
1782015960000,0.80677,0.80677,0.80677,0.80677
1782016020000,0.80677,0.80677,0.80677,0.80677
1782016080000,0.80677,0.80677,0.80677,0.80677
1782016140000,0.80677,0.80677,0.80677,0.80677
1782016200000,0.80677,0.80677,0.80677,0.80677
1782016260000,0.80677,0.80677,0.80677,0.80677
1782016320000,0.80677,0.80677,0.80677,0.80677
1782016380000,0.80677,0.80677,0.80677,0.80677
1782016440000,0.80677,0.80677,0.80677,0.80677
1782016500000,0.80677,0.80677,0.80677,0.80677
1782016560000,0.80677,0.80677,0.80677,0.80677
1782016620000,0.80677,0.80677,0.80677,0.80677
1782016680000,0.80677,0.80677,0.80677,0.80677
1782016740000,0.80677,0.80677,0.80677,0.80677
1782016800000,0.80677,0.80677,0.80677,0.80677
1782016860000,0.80677,0.80677,0.80677,0.80677
1782016920000,0.80677,0.80677,0.80677,0.80677
1782016980000,0.80677,0.80677,0.80677,0.80677
1782017040000,0.80677,0.80677,0.80677,0.80677
1782017100000,0.80677,0.80677,0.80677,0.80677
1782017160000,0.80677,0.80677,0.80677,0.80677
1782017220000,0.80677,0.80677,0.80677,0.80677
1782017280000,0.80677,0.80677,0.80677,0.80677
1782017340000,0.80677,0.80677,0.80677,0.80677
1782017400000,0.80677,0.80677,0.80677,0.80677
1782017460000,0.80677,0.80677,0.80677,0.80677
1782017520000,0.80677,0.80677,0.80677,0.80677
1782017580000,0.80677,0.80677,0.80677,0.80677
1782017640000,0.80677,0.80677,0.80677,0.80677
1782017700000,0.80677,0.80677,0.80677,0.80677
1782017760000,0.80677,0.80677,0.80677,0.80677
1782017820000,0.80677,0.80677,0.80677,0.80677
1782017880000,0.80677,0.80677,0.80677,0.80677
1782017940000,0.80677,0.80677,0.80677,0.80677
1782018000000,0.80677,0.80677,0.80677,0.80677
1782018060000,0.80677,0.80677,0.80677,0.80677
1782018120000,0.80677,0.80677,0.80677,0.80677
1782018180000,0.80677,0.80677,0.80677,0.80677
1782018240000,0.80677,0.80677,0.80677,0.80677
1782018300000,0.80677,0.80677,0.80677,0.80677
1782018360000,0.80677,0.80677,0.80677,0.80677
1782018420000,0.80677,0.80677,0.80677,0.80677
1782018480000,0.80677,0.80677,0.80677,0.80677
1782018540000,0.80677,0.80677,0.80677,0.80677
1782018600000,0.80677,0.80677,0.80677,0.80677
1782018660000,0.80677,0.80677,0.80677,0.80677
1782018720000,0.80677,0.80677,0.80677,0.80677
1782018780000,0.80677,0.80677,0.80677,0.80677
1782018840000,0.80677,0.80677,0.80677,0.80677
1782018900000,0.80677,0.80677,0.80677,0.80677
1782018960000,0.80677,0.80677,0.80677,0.80677
1782019020000,0.80677,0.80677,0.80677,0.80677
1782019080000,0.80677,0.80677,0.80677,0.80677
1782019140000,0.80677,0.80677,0.80677,0.80677
1782019200000,0.80677,0.80677,0.80677,0.80677
1782019260000,0.80677,0.80677,0.80677,0.80677
1782019320000,0.80677,0.80677,0.80677,0.80677
1782019380000,0.80677,0.80677,0.80677,0.80677
1782019440000,0.80677,0.80677,0.80677,0.80677
1782019500000,0.80677,0.80677,0.80677,0.80677
1782019560000,0.80677,0.80677,0.80677,0.80677
1782019620000,0.80677,0.80677,0.80677,0.80677
1782019680000,0.80677,0.80677,0.80677,0.80677
1782019740000,0.80677,0.80677,0.80677,0.80677
1782019800000,0.80677,0.80677,0.80677,0.80677
1782019860000,0.80677,0.80677,0.80677,0.80677
1782019920000,0.80677,0.80677,0.80677,0.80677
1782019980000,0.80677,0.80677,0.80677,0.80677
1782020040000,0.80677,0.80677,0.80677,0.80677
1782020100000,0.80677,0.80677,0.80677,0.80677
1782020160000,0.80677,0.80677,0.80677,0.80677
1782020220000,0.80677,0.80677,0.80677,0.80677
1782020280000,0.80677,0.80677,0.80677,0.80677
1782020340000,0.80677,0.80677,0.80677,0.80677
1782020400000,0.80677,0.80677,0.80677,0.80677
1782020460000,0.80677,0.80677,0.80677,0.80677
1782020520000,0.80677,0.80677,0.80677,0.80677
1782020580000,0.80677,0.80677,0.80677,0.80677
1782020640000,0.80677,0.80677,0.80677,0.80677
1782020700000,0.80677,0.80677,0.80677,0.80677
1782020760000,0.80677,0.80677,0.80677,0.80677
1782020820000,0.80677,0.80677,0.80677,0.80677
1782020880000,0.80677,0.80677,0.80677,0.80677
1782020940000,0.80677,0.80677,0.80677,0.80677
1782021000000,0.80677,0.80677,0.80677,0.80677
1782021060000,0.80677,0.80677,0.80677,0.80677
1782021120000,0.80677,0.80677,0.80677,0.80677
1782021180000,0.80677,0.80677,0.80677,0.80677
1782021240000,0.80677,0.80677,0.80677,0.80677
1782021300000,0.80677,0.80677,0.80677,0.80677
1782021360000,0.80677,0.80677,0.80677,0.80677
1782021420000,0.80677,0.80677,0.80677,0.80677
1782021480000,0.80677,0.80677,0.80677,0.80677
1782021540000,0.80677,0.80677,0.80677,0.80677
1782021600000,0.80677,0.80677,0.80677,0.80677
1782021660000,0.80677,0.80677,0.80677,0.80677
1782021720000,0.80677,0.80677,0.80677,0.80677
1782021780000,0.80677,0.80677,0.80677,0.80677
1782021840000,0.80677,0.80677,0.80677,0.80677
1782021900000,0.80677,0.80677,0.80677,0.80677
1782021960000,0.80677,0.80677,0.80677,0.80677
1782022020000,0.80677,0.80677,0.80677,0.80677
1782022080000,0.80677,0.80677,0.80677,0.80677
1782022140000,0.80677,0.80677,0.80677,0.80677
1782022200000,0.80677,0.80677,0.80677,0.80677
1782022260000,0.80677,0.80677,0.80677,0.80677
1782022320000,0.80677,0.80677,0.80677,0.80677
1782022380000,0.80677,0.80677,0.80677,0.80677
1782022440000,0.80677,0.80677,0.80677,0.80677
1782022500000,0.80677,0.80677,0.80677,0.80677
1782022560000,0.80677,0.80677,0.80677,0.80677
1782022620000,0.80677,0.80677,0.80677,0.80677
1782022680000,0.80677,0.80677,0.80677,0.80677
1782022740000,0.80677,0.80677,0.80677,0.80677
1782022800000,0.80677,0.80677,0.80677,0.80677
1782022860000,0.80677,0.80677,0.80677,0.80677
1782022920000,0.80677,0.80677,0.80677,0.80677
1782022980000,0.80677,0.80677,0.80677,0.80677
1782023040000,0.80677,0.80677,0.80677,0.80677
1782023100000,0.80677,0.80677,0.80677,0.80677
1782023160000,0.80677,0.80677,0.80677,0.80677
1782023220000,0.80677,0.80677,0.80677,0.80677
1782023280000,0.80677,0.80677,0.80677,0.80677
1782023340000,0.80677,0.80677,0.80677,0.80677
1782023400000,0.80677,0.80677,0.80677,0.80677
1782023460000,0.80677,0.80677,0.80677,0.80677
1782023520000,0.80677,0.80677,0.80677,0.80677
1782023580000,0.80677,0.80677,0.80677,0.80677
1782023640000,0.80677,0.80677,0.80677,0.80677
1782023700000,0.80677,0.80677,0.80677,0.80677
1782023760000,0.80677,0.80677,0.80677,0.80677
1782023820000,0.80677,0.80677,0.80677,0.80677
1782023880000,0.80677,0.80677,0.80677,0.80677
1782023940000,0.80677,0.80677,0.80677,0.80677
1782024000000,0.80677,0.80677,0.80677,0.80677
1782024060000,0.80677,0.80677,0.80677,0.80677
1782024120000,0.80677,0.80677,0.80677,0.80677
1782024180000,0.80677,0.80677,0.80677,0.80677
1782024240000,0.80677,0.80677,0.80677,0.80677
1782024300000,0.80677,0.80677,0.80677,0.80677
1782024360000,0.80677,0.80677,0.80677,0.80677
1782024420000,0.80677,0.80677,0.80677,0.80677
1782024480000,0.80677,0.80677,0.80677,0.80677
1782024540000,0.80677,0.80677,0.80677,0.80677
1782024600000,0.80677,0.80677,0.80677,0.80677
1782024660000,0.80677,0.80677,0.80677,0.80677
1782024720000,0.80677,0.80677,0.80677,0.80677
1782024780000,0.80677,0.80677,0.80677,0.80677
1782024840000,0.80677,0.80677,0.80677,0.80677
1782024900000,0.80677,0.80677,0.80677,0.80677
1782024960000,0.80677,0.80677,0.80677,0.80677
1782025020000,0.80677,0.80677,0.80677,0.80677
1782025080000,0.80677,0.80677,0.80677,0.80677
1782025140000,0.80677,0.80677,0.80677,0.80677
1782025200000,0.80677,0.80677,0.80677,0.80677
1782025260000,0.80677,0.80677,0.80677,0.80677
1782025320000,0.80677,0.80677,0.80677,0.80677
1782025380000,0.80677,0.80677,0.80677,0.80677
1782025440000,0.80677,0.80677,0.80677,0.80677
1782025500000,0.80677,0.80677,0.80677,0.80677
1782025560000,0.80677,0.80677,0.80677,0.80677
1782025620000,0.80677,0.80677,0.80677,0.80677
1782025680000,0.80677,0.80677,0.80677,0.80677
1782025740000,0.80677,0.80677,0.80677,0.80677
1782025800000,0.80677,0.80677,0.80677,0.80677
1782025860000,0.80677,0.80677,0.80677,0.80677
1782025920000,0.80677,0.80677,0.80677,0.80677
1782025980000,0.80677,0.80677,0.80677,0.80677
1782026040000,0.80677,0.80677,0.80677,0.80677
1782026100000,0.80677,0.80677,0.80677,0.80677
1782026160000,0.80677,0.80677,0.80677,0.80677
1782026220000,0.80677,0.80677,0.80677,0.80677
1782026280000,0.80677,0.80677,0.80677,0.80677
1782026340000,0.80677,0.80677,0.80677,0.80677
1782026400000,0.80677,0.80677,0.80677,0.80677
1782026460000,0.80677,0.80677,0.80677,0.80677
1782026520000,0.80677,0.80677,0.80677,0.80677
1782026580000,0.80677,0.80677,0.80677,0.80677
1782026640000,0.80677,0.80677,0.80677,0.80677
1782026700000,0.80677,0.80677,0.80677,0.80677
1782026760000,0.80677,0.80677,0.80677,0.80677
1782026820000,0.80677,0.80677,0.80677,0.80677
1782026880000,0.80677,0.80677,0.80677,0.80677
1782026940000,0.80677,0.80677,0.80677,0.80677
1782027000000,0.80677,0.80677,0.80677,0.80677
1782027060000,0.80677,0.80677,0.80677,0.80677
1782027120000,0.80677,0.80677,0.80677,0.80677
1782027180000,0.80677,0.80677,0.80677,0.80677
1782027240000,0.80677,0.80677,0.80677,0.80677
1782027300000,0.80677,0.80677,0.80677,0.80677
1782027360000,0.80677,0.80677,0.80677,0.80677
1782027420000,0.80677,0.80677,0.80677,0.80677
1782027480000,0.80677,0.80677,0.80677,0.80677
1782027540000,0.80677,0.80677,0.80677,0.80677
1782027600000,0.80677,0.80677,0.80677,0.80677
1782027660000,0.80677,0.80677,0.80677,0.80677
1782027720000,0.80677,0.80677,0.80677,0.80677
1782027780000,0.80677,0.80677,0.80677,0.80677
1782027840000,0.80677,0.80677,0.80677,0.80677
1782027900000,0.80677,0.80677,0.80677,0.80677
1782027960000,0.80677,0.80677,0.80677,0.80677
1782028020000,0.80677,0.80677,0.80677,0.80677
1782028080000,0.80677,0.80677,0.80677,0.80677
1782028140000,0.80677,0.80677,0.80677,0.80677
1782028200000,0.80677,0.80677,0.80677,0.80677
1782028260000,0.80677,0.80677,0.80677,0.80677
1782028320000,0.80677,0.80677,0.80677,0.80677
1782028380000,0.80677,0.80677,0.80677,0.80677
1782028440000,0.80677,0.80677,0.80677,0.80677
1782028500000,0.80677,0.80677,0.80677,0.80677
1782028560000,0.80677,0.80677,0.80677,0.80677
1782028620000,0.80677,0.80677,0.80677,0.80677
1782028680000,0.80677,0.80677,0.80677,0.80677
1782028740000,0.80677,0.80677,0.80677,0.80677
1782028800000,0.80677,0.80677,0.80677,0.80677
1782028860000,0.80677,0.80677,0.80677,0.80677
1782028920000,0.80677,0.80677,0.80677,0.80677
1782028980000,0.80677,0.80677,0.80677,0.80677
1782029040000,0.80677,0.80677,0.80677,0.80677
1782029100000,0.80677,0.80677,0.80677,0.80677
1782029160000,0.80677,0.80677,0.80677,0.80677
1782029220000,0.80677,0.80677,0.80677,0.80677
1782029280000,0.80677,0.80677,0.80677,0.80677
1782029340000,0.80677,0.80677,0.80677,0.80677
1782029400000,0.80677,0.80677,0.80677,0.80677
1782029460000,0.80677,0.80677,0.80677,0.80677
1782029520000,0.80677,0.80677,0.80677,0.80677
1782029580000,0.80677,0.80677,0.80677,0.80677
1782029640000,0.80677,0.80677,0.80677,0.80677
1782029700000,0.80677,0.80677,0.80677,0.80677
1782029760000,0.80677,0.80677,0.80677,0.80677
1782029820000,0.80677,0.80677,0.80677,0.80677
1782029880000,0.80677,0.80677,0.80677,0.80677
1782029940000,0.80677,0.80677,0.80677,0.80677
1782030000000,0.80677,0.80677,0.80677,0.80677
1782030060000,0.80677,0.80677,0.80677,0.80677
1782030120000,0.80677,0.80677,0.80677,0.80677
1782030180000,0.80677,0.80677,0.80677,0.80677
1782030240000,0.80677,0.80677,0.80677,0.80677
1782030300000,0.80677,0.80677,0.80677,0.80677
1782030360000,0.80677,0.80677,0.80677,0.80677
1782030420000,0.80677,0.80677,0.80677,0.80677
1782030480000,0.80677,0.80677,0.80677,0.80677
1782030540000,0.80677,0.80677,0.80677,0.80677
1782030600000,0.80677,0.80677,0.80677,0.80677
1782030660000,0.80677,0.80677,0.80677,0.80677
1782030720000,0.80677,0.80677,0.80677,0.80677
1782030780000,0.80677,0.80677,0.80677,0.80677
1782030840000,0.80677,0.80677,0.80677,0.80677
1782030900000,0.80677,0.80677,0.80677,0.80677
1782030960000,0.80677,0.80677,0.80677,0.80677
1782031020000,0.80677,0.80677,0.80677,0.80677
1782031080000,0.80677,0.80677,0.80677,0.80677
1782031140000,0.80677,0.80677,0.80677,0.80677
1782031200000,0.80677,0.80677,0.80677,0.80677
1782031260000,0.80677,0.80677,0.80677,0.80677
1782031320000,0.80677,0.80677,0.80677,0.80677
1782031380000,0.80677,0.80677,0.80677,0.80677
1782031440000,0.80677,0.80677,0.80677,0.80677
1782031500000,0.80677,0.80677,0.80677,0.80677
1782031560000,0.80677,0.80677,0.80677,0.80677
1782031620000,0.80677,0.80677,0.80677,0.80677
1782031680000,0.80677,0.80677,0.80677,0.80677
1782031740000,0.80677,0.80677,0.80677,0.80677
1782031800000,0.80677,0.80677,0.80677,0.80677
1782031860000,0.80677,0.80677,0.80677,0.80677
1782031920000,0.80677,0.80677,0.80677,0.80677
1782031980000,0.80677,0.80677,0.80677,0.80677
1782032040000,0.80677,0.80677,0.80677,0.80677
1782032100000,0.80677,0.80677,0.80677,0.80677
1782032160000,0.80677,0.80677,0.80677,0.80677
1782032220000,0.80677,0.80677,0.80677,0.80677
1782032280000,0.80677,0.80677,0.80677,0.80677
1782032340000,0.80677,0.80677,0.80677,0.80677
1782032400000,0.80677,0.80677,0.80677,0.80677
1782032460000,0.80677,0.80677,0.80677,0.80677
1782032520000,0.80677,0.80677,0.80677,0.80677
1782032580000,0.80677,0.80677,0.80677,0.80677
1782032640000,0.80677,0.80677,0.80677,0.80677
1782032700000,0.80677,0.80677,0.80677,0.80677
1782032760000,0.80677,0.80677,0.80677,0.80677
1782032820000,0.80677,0.80677,0.80677,0.80677
1782032880000,0.80677,0.80677,0.80677,0.80677
1782032940000,0.80677,0.80677,0.80677,0.80677
1782033000000,0.80677,0.80677,0.80677,0.80677
1782033060000,0.80677,0.80677,0.80677,0.80677
1782033120000,0.80677,0.80677,0.80677,0.80677
1782033180000,0.80677,0.80677,0.80677,0.80677
1782033240000,0.80677,0.80677,0.80677,0.80677
1782033300000,0.80677,0.80677,0.80677,0.80677
1782033360000,0.80677,0.80677,0.80677,0.80677
1782033420000,0.80677,0.80677,0.80677,0.80677
1782033480000,0.80677,0.80677,0.80677,0.80677
1782033540000,0.80677,0.80677,0.80677,0.80677
1782033600000,0.80677,0.80677,0.80677,0.80677
1782033660000,0.80677,0.80677,0.80677,0.80677
1782033720000,0.80677,0.80677,0.80677,0.80677
1782033780000,0.80677,0.80677,0.80677,0.80677
1782033840000,0.80677,0.80677,0.80677,0.80677
1782033900000,0.80677,0.80677,0.80677,0.80677
1782033960000,0.80677,0.80677,0.80677,0.80677
1782034020000,0.80677,0.80677,0.80677,0.80677
1782034080000,0.80677,0.80677,0.80677,0.80677
1782034140000,0.80677,0.80677,0.80677,0.80677
1782034200000,0.80677,0.80677,0.80677,0.80677
1782034260000,0.80677,0.80677,0.80677,0.80677
1782034320000,0.80677,0.80677,0.80677,0.80677
1782034380000,0.80677,0.80677,0.80677,0.80677
1782034440000,0.80677,0.80677,0.80677,0.80677
1782034500000,0.80677,0.80677,0.80677,0.80677
1782034560000,0.80677,0.80677,0.80677,0.80677
1782034620000,0.80677,0.80677,0.80677,0.80677
1782034680000,0.80677,0.80677,0.80677,0.80677
1782034740000,0.80677,0.80677,0.80677,0.80677
1782034800000,0.80677,0.80677,0.80677,0.80677
1782034860000,0.80677,0.80677,0.80677,0.80677
1782034920000,0.80677,0.80677,0.80677,0.80677
1782034980000,0.80677,0.80677,0.80677,0.80677
1782035040000,0.80677,0.80677,0.80677,0.80677
1782035100000,0.80677,0.80677,0.80677,0.80677
1782035160000,0.80677,0.80677,0.80677,0.80677
1782035220000,0.80677,0.80677,0.80677,0.80677
1782035280000,0.80677,0.80677,0.80677,0.80677
1782035340000,0.80677,0.80677,0.80677,0.80677
1782035400000,0.80677,0.80677,0.80677,0.80677
1782035460000,0.80677,0.80677,0.80677,0.80677
1782035520000,0.80677,0.80677,0.80677,0.80677
1782035580000,0.80677,0.80677,0.80677,0.80677
1782035640000,0.80677,0.80677,0.80677,0.80677
1782035700000,0.80677,0.80677,0.80677,0.80677
1782035760000,0.80677,0.80677,0.80677,0.80677
1782035820000,0.80677,0.80677,0.80677,0.80677
1782035880000,0.80677,0.80677,0.80677,0.80677
1782035940000,0.80677,0.80677,0.80677,0.80677
1782036000000,0.80677,0.80677,0.80677,0.80677
1782036060000,0.80677,0.80677,0.80677,0.80677
1782036120000,0.80677,0.80677,0.80677,0.80677
1782036180000,0.80677,0.80677,0.80677,0.80677
1782036240000,0.80677,0.80677,0.80677,0.80677
1782036300000,0.80677,0.80677,0.80677,0.80677
1782036360000,0.80677,0.80677,0.80677,0.80677
1782036420000,0.80677,0.80677,0.80677,0.80677
1782036480000,0.80677,0.80677,0.80677,0.80677
1782036540000,0.80677,0.80677,0.80677,0.80677
1782036600000,0.80677,0.80677,0.80677,0.80677
1782036660000,0.80677,0.80677,0.80677,0.80677
1782036720000,0.80677,0.80677,0.80677,0.80677
1782036780000,0.80677,0.80677,0.80677,0.80677
1782036840000,0.80677,0.80677,0.80677,0.80677
1782036900000,0.80677,0.80677,0.80677,0.80677
1782036960000,0.80677,0.80677,0.80677,0.80677
1782037020000,0.80677,0.80677,0.80677,0.80677
1782037080000,0.80677,0.80677,0.80677,0.80677
1782037140000,0.80677,0.80677,0.80677,0.80677
1782037200000,0.80677,0.80677,0.80677,0.80677
1782037260000,0.80677,0.80677,0.80677,0.80677
1782037320000,0.80677,0.80677,0.80677,0.80677
1782037380000,0.80677,0.80677,0.80677,0.80677
1782037440000,0.80677,0.80677,0.80677,0.80677
1782037500000,0.80677,0.80677,0.80677,0.80677
1782037560000,0.80677,0.80677,0.80677,0.80677
1782037620000,0.80677,0.80677,0.80677,0.80677
1782037680000,0.80677,0.80677,0.80677,0.80677
1782037740000,0.80677,0.80677,0.80677,0.80677
1782037800000,0.80677,0.80677,0.80677,0.80677
1782037860000,0.80677,0.80677,0.80677,0.80677
1782037920000,0.80677,0.80677,0.80677,0.80677
1782037980000,0.80677,0.80677,0.80677,0.80677
1782038040000,0.80677,0.80677,0.80677,0.80677
1782038100000,0.80677,0.80677,0.80677,0.80677
1782038160000,0.80677,0.80677,0.80677,0.80677
1782038220000,0.80677,0.80677,0.80677,0.80677
1782038280000,0.80677,0.80677,0.80677,0.80677
1782038340000,0.80677,0.80677,0.80677,0.80677
1782038400000,0.80677,0.80677,0.80677,0.80677
1782038460000,0.80677,0.80677,0.80677,0.80677
1782038520000,0.80677,0.80677,0.80677,0.80677
1782038580000,0.80677,0.80677,0.80677,0.80677
1782038640000,0.80677,0.80677,0.80677,0.80677
1782038700000,0.80677,0.80677,0.80677,0.80677
1782038760000,0.80677,0.80677,0.80677,0.80677
1782038820000,0.80677,0.80677,0.80677,0.80677
1782038880000,0.80677,0.80677,0.80677,0.80677
1782038940000,0.80677,0.80677,0.80677,0.80677
1782039000000,0.80677,0.80677,0.80677,0.80677
1782039060000,0.80677,0.80677,0.80677,0.80677
1782039120000,0.80677,0.80677,0.80677,0.80677
1782039180000,0.80677,0.80677,0.80677,0.80677
1782039240000,0.80677,0.80677,0.80677,0.80677
1782039300000,0.80677,0.80677,0.80677,0.80677
1782039360000,0.80677,0.80677,0.80677,0.80677
1782039420000,0.80677,0.80677,0.80677,0.80677
1782039480000,0.80677,0.80677,0.80677,0.80677
1782039540000,0.80677,0.80677,0.80677,0.80677
1782039600000,0.80677,0.80677,0.80677,0.80677
1782039660000,0.80677,0.80677,0.80677,0.80677
1782039720000,0.80677,0.80677,0.80677,0.80677
1782039780000,0.80677,0.80677,0.80677,0.80677
1782039840000,0.80677,0.80677,0.80677,0.80677
1782039900000,0.80677,0.80677,0.80677,0.80677
1782039960000,0.80677,0.80677,0.80677,0.80677
1782040020000,0.80677,0.80677,0.80677,0.80677
1782040080000,0.80677,0.80677,0.80677,0.80677
1782040140000,0.80677,0.80677,0.80677,0.80677
1782040200000,0.80677,0.80677,0.80677,0.80677
1782040260000,0.80677,0.80677,0.80677,0.80677
1782040320000,0.80677,0.80677,0.80677,0.80677
1782040380000,0.80677,0.80677,0.80677,0.80677
1782040440000,0.80677,0.80677,0.80677,0.80677
1782040500000,0.80677,0.80677,0.80677,0.80677
1782040560000,0.80677,0.80677,0.80677,0.80677
1782040620000,0.80677,0.80677,0.80677,0.80677
1782040680000,0.80677,0.80677,0.80677,0.80677
1782040740000,0.80677,0.80677,0.80677,0.80677
1782040800000,0.80677,0.80677,0.80677,0.80677
1782040860000,0.80677,0.80677,0.80677,0.80677
1782040920000,0.80677,0.80677,0.80677,0.80677
1782040980000,0.80677,0.80677,0.80677,0.80677
1782041040000,0.80677,0.80677,0.80677,0.80677
1782041100000,0.80677,0.80677,0.80677,0.80677
1782041160000,0.80677,0.80677,0.80677,0.80677
1782041220000,0.80677,0.80677,0.80677,0.80677
1782041280000,0.80677,0.80677,0.80677,0.80677
1782041340000,0.80677,0.80677,0.80677,0.80677
1782041400000,0.80677,0.80677,0.80677,0.80677
1782041460000,0.80677,0.80677,0.80677,0.80677
1782041520000,0.80677,0.80677,0.80677,0.80677
1782041580000,0.80677,0.80677,0.80677,0.80677
1782041640000,0.80677,0.80677,0.80677,0.80677
1782041700000,0.80677,0.80677,0.80677,0.80677
1782041760000,0.80677,0.80677,0.80677,0.80677
1782041820000,0.80677,0.80677,0.80677,0.80677
1782041880000,0.80677,0.80677,0.80677,0.80677
1782041940000,0.80677,0.80677,0.80677,0.80677
1782042000000,0.80677,0.80677,0.80677,0.80677
1782042060000,0.80677,0.80677,0.80677,0.80677
1782042120000,0.80677,0.80677,0.80677,0.80677
1782042180000,0.80677,0.80677,0.80677,0.80677
1782042240000,0.80677,0.80677,0.80677,0.80677
1782042300000,0.80677,0.80677,0.80677,0.80677
1782042360000,0.80677,0.80677,0.80677,0.80677
1782042420000,0.80677,0.80677,0.80677,0.80677
1782042480000,0.80677,0.80677,0.80677,0.80677
1782042540000,0.80677,0.80677,0.80677,0.80677
1782042600000,0.80677,0.80677,0.80677,0.80677
1782042660000,0.80677,0.80677,0.80677,0.80677
1782042720000,0.80677,0.80677,0.80677,0.80677
1782042780000,0.80677,0.80677,0.80677,0.80677
1782042840000,0.80677,0.80677,0.80677,0.80677
1782042900000,0.80677,0.80677,0.80677,0.80677
1782042960000,0.80677,0.80677,0.80677,0.80677
1782043020000,0.80677,0.80677,0.80677,0.80677
1782043080000,0.80677,0.80677,0.80677,0.80677
1782043140000,0.80677,0.80677,0.80677,0.80677
1782043200000,0.80677,0.80677,0.80677,0.80677
1782043260000,0.80677,0.80677,0.80677,0.80677
1782043320000,0.80677,0.80677,0.80677,0.80677
1782043380000,0.80677,0.80677,0.80677,0.80677
1782043440000,0.80677,0.80677,0.80677,0.80677
1782043500000,0.80677,0.80677,0.80677,0.80677
1782043560000,0.80677,0.80677,0.80677,0.80677
1782043620000,0.80677,0.80677,0.80677,0.80677
1782043680000,0.80677,0.80677,0.80677,0.80677
1782043740000,0.80677,0.80677,0.80677,0.80677
1782043800000,0.80677,0.80677,0.80677,0.80677
1782043860000,0.80677,0.80677,0.80677,0.80677
1782043920000,0.80677,0.80677,0.80677,0.80677
1782043980000,0.80677,0.80677,0.80677,0.80677
1782044040000,0.80677,0.80677,0.80677,0.80677
1782044100000,0.80677,0.80677,0.80677,0.80677
1782044160000,0.80677,0.80677,0.80677,0.80677
1782044220000,0.80677,0.80677,0.80677,0.80677
1782044280000,0.80677,0.80677,0.80677,0.80677
1782044340000,0.80677,0.80677,0.80677,0.80677
1782044400000,0.80677,0.80677,0.80677,0.80677
1782044460000,0.80677,0.80677,0.80677,0.80677
1782044520000,0.80677,0.80677,0.80677,0.80677
1782044580000,0.80677,0.80677,0.80677,0.80677
1782044640000,0.80677,0.80677,0.80677,0.80677
1782044700000,0.80677,0.80677,0.80677,0.80677
1782044760000,0.80677,0.80677,0.80677,0.80677
1782044820000,0.80677,0.80677,0.80677,0.80677
1782044880000,0.80677,0.80677,0.80677,0.80677
1782044940000,0.80677,0.80677,0.80677,0.80677
1782045000000,0.80677,0.80677,0.80677,0.80677
1782045060000,0.80677,0.80677,0.80677,0.80677
1782045120000,0.80677,0.80677,0.80677,0.80677
1782045180000,0.80677,0.80677,0.80677,0.80677
1782045240000,0.80677,0.80677,0.80677,0.80677
1782045300000,0.80677,0.80677,0.80677,0.80677
1782045360000,0.80677,0.80677,0.80677,0.80677
1782045420000,0.80677,0.80677,0.80677,0.80677
1782045480000,0.80677,0.80677,0.80677,0.80677
1782045540000,0.80677,0.80677,0.80677,0.80677
1782045600000,0.80677,0.80677,0.80677,0.80677
1782045660000,0.80677,0.80677,0.80677,0.80677
1782045720000,0.80677,0.80677,0.80677,0.80677
1782045780000,0.80677,0.80677,0.80677,0.80677
1782045840000,0.80677,0.80677,0.80677,0.80677
1782045900000,0.80677,0.80677,0.80677,0.80677
1782045960000,0.80677,0.80677,0.80677,0.80677
1782046020000,0.80677,0.80677,0.80677,0.80677
1782046080000,0.80677,0.80677,0.80677,0.80677
1782046140000,0.80677,0.80677,0.80677,0.80677
1782046200000,0.80677,0.80677,0.80677,0.80677
1782046260000,0.80677,0.80677,0.80677,0.80677
1782046320000,0.80677,0.80677,0.80677,0.80677
1782046380000,0.80677,0.80677,0.80677,0.80677
1782046440000,0.80677,0.80677,0.80677,0.80677
1782046500000,0.80677,0.80677,0.80677,0.80677
1782046560000,0.80677,0.80677,0.80677,0.80677
1782046620000,0.80677,0.80677,0.80677,0.80677
1782046680000,0.80677,0.80677,0.80677,0.80677
1782046740000,0.80677,0.80677,0.80677,0.80677
1782046800000,0.80677,0.80677,0.80677,0.80677
1782046860000,0.80677,0.80677,0.80677,0.80677
1782046920000,0.80677,0.80677,0.80677,0.80677
1782046980000,0.80677,0.80677,0.80677,0.80677
1782047040000,0.80677,0.80677,0.80677,0.80677
1782047100000,0.80677,0.80677,0.80677,0.80677
1782047160000,0.80677,0.80677,0.80677,0.80677
1782047220000,0.80677,0.80677,0.80677,0.80677
1782047280000,0.80677,0.80677,0.80677,0.80677
1782047340000,0.80677,0.80677,0.80677,0.80677
1782047400000,0.80677,0.80677,0.80677,0.80677
1782047460000,0.80677,0.80677,0.80677,0.80677
1782047520000,0.80677,0.80677,0.80677,0.80677
1782047580000,0.80677,0.80677,0.80677,0.80677
1782047640000,0.80677,0.80677,0.80677,0.80677
1782047700000,0.80677,0.80677,0.80677,0.80677
1782047760000,0.80677,0.80677,0.80677,0.80677
1782047820000,0.80677,0.80677,0.80677,0.80677
1782047880000,0.80677,0.80677,0.80677,0.80677
1782047940000,0.80677,0.80677,0.80677,0.80677
1782048000000,0.80677,0.80677,0.80677,0.80677
1782048060000,0.80677,0.80677,0.80677,0.80677
1782048120000,0.80677,0.80677,0.80677,0.80677
1782048180000,0.80677,0.80677,0.80677,0.80677
1782048240000,0.80677,0.80677,0.80677,0.80677
1782048300000,0.80677,0.80677,0.80677,0.80677
1782048360000,0.80677,0.80677,0.80677,0.80677
1782048420000,0.80677,0.80677,0.80677,0.80677
1782048480000,0.80677,0.80677,0.80677,0.80677
1782048540000,0.80677,0.80677,0.80677,0.80677
1782048600000,0.80677,0.80677,0.80677,0.80677
1782048660000,0.80677,0.80677,0.80677,0.80677
1782048720000,0.80677,0.80677,0.80677,0.80677
1782048780000,0.80677,0.80677,0.80677,0.80677
1782048840000,0.80677,0.80677,0.80677,0.80677
1782048900000,0.80677,0.80677,0.80677,0.80677
1782048960000,0.80677,0.80677,0.80677,0.80677
1782049020000,0.80677,0.80677,0.80677,0.80677
1782049080000,0.80677,0.80677,0.80677,0.80677
1782049140000,0.80677,0.80677,0.80677,0.80677
1782049200000,0.80677,0.80677,0.80677,0.80677
1782049260000,0.80677,0.80677,0.80677,0.80677
1782049320000,0.80677,0.80677,0.80677,0.80677
1782049380000,0.80677,0.80677,0.80677,0.80677
1782049440000,0.80677,0.80677,0.80677,0.80677
1782049500000,0.80677,0.80677,0.80677,0.80677
1782049560000,0.80677,0.80677,0.80677,0.80677
1782049620000,0.80677,0.80677,0.80677,0.80677
1782049680000,0.80677,0.80677,0.80677,0.80677
1782049740000,0.80677,0.80677,0.80677,0.80677
1782049800000,0.80677,0.80677,0.80677,0.80677
1782049860000,0.80677,0.80677,0.80677,0.80677
1782049920000,0.80677,0.80677,0.80677,0.80677
1782049980000,0.80677,0.80677,0.80677,0.80677
1782050040000,0.80677,0.80677,0.80677,0.80677
1782050100000,0.80677,0.80677,0.80677,0.80677
1782050160000,0.80677,0.80677,0.80677,0.80677
1782050220000,0.80677,0.80677,0.80677,0.80677
1782050280000,0.80677,0.80677,0.80677,0.80677
1782050340000,0.80677,0.80677,0.80677,0.80677
1782050400000,0.80677,0.80677,0.80677,0.80677
1782050460000,0.80677,0.80677,0.80677,0.80677
1782050520000,0.80677,0.80677,0.80677,0.80677
1782050580000,0.80677,0.80677,0.80677,0.80677
1782050640000,0.80677,0.80677,0.80677,0.80677
1782050700000,0.80677,0.80677,0.80677,0.80677
1782050760000,0.80677,0.80677,0.80677,0.80677
1782050820000,0.80677,0.80677,0.80677,0.80677
1782050880000,0.80677,0.80677,0.80677,0.80677
1782050940000,0.80677,0.80677,0.80677,0.80677
1782051000000,0.80677,0.80677,0.80677,0.80677
1782051060000,0.80677,0.80677,0.80677,0.80677
1782051120000,0.80677,0.80677,0.80677,0.80677
1782051180000,0.80677,0.80677,0.80677,0.80677
1782051240000,0.80677,0.80677,0.80677,0.80677
1782051300000,0.80677,0.80677,0.80677,0.80677
1782051360000,0.80677,0.80677,0.80677,0.80677
1782051420000,0.80677,0.80677,0.80677,0.80677
1782051480000,0.80677,0.80677,0.80677,0.80677
1782051540000,0.80677,0.80677,0.80677,0.80677
1782051600000,0.80677,0.80677,0.80677,0.80677
1782051660000,0.80677,0.80677,0.80677,0.80677
1782051720000,0.80677,0.80677,0.80677,0.80677
1782051780000,0.80677,0.80677,0.80677,0.80677
1782051840000,0.80677,0.80677,0.80677,0.80677
1782051900000,0.80677,0.80677,0.80677,0.80677
1782051960000,0.80677,0.80677,0.80677,0.80677
1782052020000,0.80677,0.80677,0.80677,0.80677
1782052080000,0.80677,0.80677,0.80677,0.80677
1782052140000,0.80677,0.80677,0.80677,0.80677
1782052200000,0.80677,0.80677,0.80677,0.80677
1782052260000,0.80677,0.80677,0.80677,0.80677
1782052320000,0.80677,0.80677,0.80677,0.80677
1782052380000,0.80677,0.80677,0.80677,0.80677
1782052440000,0.80677,0.80677,0.80677,0.80677
1782052500000,0.80677,0.80677,0.80677,0.80677
1782052560000,0.80677,0.80677,0.80677,0.80677
1782052620000,0.80677,0.80677,0.80677,0.80677
1782052680000,0.80677,0.80677,0.80677,0.80677
1782052740000,0.80677,0.80677,0.80677,0.80677
1782052800000,0.80677,0.80677,0.80677,0.80677
1782052860000,0.80677,0.80677,0.80677,0.80677
1782052920000,0.80677,0.80677,0.80677,0.80677
1782052980000,0.80677,0.80677,0.80677,0.80677
1782053040000,0.80677,0.80677,0.80677,0.80677
1782053100000,0.80677,0.80677,0.80677,0.80677
1782053160000,0.80677,0.80677,0.80677,0.80677
1782053220000,0.80677,0.80677,0.80677,0.80677
1782053280000,0.80677,0.80677,0.80677,0.80677
1782053340000,0.80677,0.80677,0.80677,0.80677
1782053400000,0.80677,0.80677,0.80677,0.80677
1782053460000,0.80677,0.80677,0.80677,0.80677
1782053520000,0.80677,0.80677,0.80677,0.80677
1782053580000,0.80677,0.80677,0.80677,0.80677
1782053640000,0.80677,0.80677,0.80677,0.80677
1782053700000,0.80677,0.80677,0.80677,0.80677
1782053760000,0.80677,0.80677,0.80677,0.80677
1782053820000,0.80677,0.80677,0.80677,0.80677
1782053880000,0.80677,0.80677,0.80677,0.80677
1782053940000,0.80677,0.80677,0.80677,0.80677
1782054000000,0.80677,0.80677,0.80677,0.80677
1782054060000,0.80677,0.80677,0.80677,0.80677
1782054120000,0.80677,0.80677,0.80677,0.80677
1782054180000,0.80677,0.80677,0.80677,0.80677
1782054240000,0.80677,0.80677,0.80677,0.80677
1782054300000,0.80677,0.80677,0.80677,0.80677
1782054360000,0.80677,0.80677,0.80677,0.80677
1782054420000,0.80677,0.80677,0.80677,0.80677
1782054480000,0.80677,0.80677,0.80677,0.80677
1782054540000,0.80677,0.80677,0.80677,0.80677
1782054600000,0.80677,0.80677,0.80677,0.80677
1782054660000,0.80677,0.80677,0.80677,0.80677
1782054720000,0.80677,0.80677,0.80677,0.80677
1782054780000,0.80677,0.80677,0.80677,0.80677
1782054840000,0.80677,0.80677,0.80677,0.80677
1782054900000,0.80677,0.80677,0.80677,0.80677
1782054960000,0.80677,0.80677,0.80677,0.80677
1782055020000,0.80677,0.80677,0.80677,0.80677
1782055080000,0.80677,0.80677,0.80677,0.80677
1782055140000,0.80677,0.80677,0.80677,0.80677
1782055200000,0.80677,0.80677,0.80677,0.80677
1782055260000,0.80677,0.80677,0.80677,0.80677
1782055320000,0.80677,0.80677,0.80677,0.80677
1782055380000,0.80677,0.80677,0.80677,0.80677
1782055440000,0.80677,0.80677,0.80677,0.80677
1782055500000,0.80677,0.80677,0.80677,0.80677
1782055560000,0.80677,0.80677,0.80677,0.80677
1782055620000,0.80677,0.80677,0.80677,0.80677
1782055680000,0.80677,0.80677,0.80677,0.80677
1782055740000,0.80677,0.80677,0.80677,0.80677
1782055800000,0.80677,0.80677,0.80677,0.80677
1782055860000,0.80677,0.80677,0.80677,0.80677
1782055920000,0.80677,0.80677,0.80677,0.80677
1782055980000,0.80677,0.80677,0.80677,0.80677
1782056040000,0.80677,0.80677,0.80677,0.80677
1782056100000,0.80677,0.80677,0.80677,0.80677
1782056160000,0.80677,0.80677,0.80677,0.80677
1782056220000,0.80677,0.80677,0.80677,0.80677
1782056280000,0.80677,0.80677,0.80677,0.80677
1782056340000,0.80677,0.80677,0.80677,0.80677
1782056400000,0.80677,0.80677,0.80677,0.80677
1782056460000,0.80677,0.80677,0.80677,0.80677
1782056520000,0.80677,0.80677,0.80677,0.80677
1782056580000,0.80677,0.80677,0.80677,0.80677
1782056640000,0.80677,0.80677,0.80677,0.80677
1782056700000,0.80677,0.80677,0.80677,0.80677
1782056760000,0.80677,0.80677,0.80677,0.80677
1782056820000,0.80677,0.80677,0.80677,0.80677
1782056880000,0.80677,0.80677,0.80677,0.80677
1782056940000,0.80677,0.80677,0.80677,0.80677
1782057000000,0.80677,0.80677,0.80677,0.80677
1782057060000,0.80677,0.80677,0.80677,0.80677
1782057120000,0.80677,0.80677,0.80677,0.80677
1782057180000,0.80677,0.80677,0.80677,0.80677
1782057240000,0.80677,0.80677,0.80677,0.80677
1782057300000,0.80677,0.80677,0.80677,0.80677
1782057360000,0.80677,0.80677,0.80677,0.80677
1782057420000,0.80677,0.80677,0.80677,0.80677
1782057480000,0.80677,0.80677,0.80677,0.80677
1782057540000,0.80677,0.80677,0.80677,0.80677
1782057600000,0.80677,0.80677,0.80677,0.80677
1782057660000,0.80677,0.80677,0.80677,0.80677
1782057720000,0.80677,0.80677,0.80677,0.80677
1782057780000,0.80677,0.80677,0.80677,0.80677
1782057840000,0.80677,0.80677,0.80677,0.80677
1782057900000,0.80677,0.80677,0.80677,0.80677
1782057960000,0.80677,0.80677,0.80677,0.80677
1782058020000,0.80677,0.80677,0.80677,0.80677
1782058080000,0.80677,0.80677,0.80677,0.80677
1782058140000,0.80677,0.80677,0.80677,0.80677
1782058200000,0.80677,0.80677,0.80677,0.80677
1782058260000,0.80677,0.80677,0.80677,0.80677
1782058320000,0.80677,0.80677,0.80677,0.80677
1782058380000,0.80677,0.80677,0.80677,0.80677
1782058440000,0.80677,0.80677,0.80677,0.80677
1782058500000,0.80677,0.80677,0.80677,0.80677
1782058560000,0.80677,0.80677,0.80677,0.80677
1782058620000,0.80677,0.80677,0.80677,0.80677
1782058680000,0.80677,0.80677,0.80677,0.80677
1782058740000,0.80677,0.80677,0.80677,0.80677
1782058800000,0.80677,0.80677,0.80677,0.80677
1782058860000,0.80677,0.80677,0.80677,0.80677
1782058920000,0.80677,0.80677,0.80677,0.80677
1782058980000,0.80677,0.80677,0.80677,0.80677
1782059040000,0.80677,0.80677,0.80677,0.80677
1782059100000,0.80677,0.80677,0.80677,0.80677
1782059160000,0.80677,0.80677,0.80677,0.80677
1782059220000,0.80677,0.80677,0.80677,0.80677
1782059280000,0.80677,0.80677,0.80677,0.80677
1782059340000,0.80677,0.80677,0.80677,0.80677
1782059400000,0.80677,0.80677,0.80677,0.80677
1782059460000,0.80677,0.80677,0.80677,0.80677
1782059520000,0.80677,0.80677,0.80677,0.80677
1782059580000,0.80677,0.80677,0.80677,0.80677
1782059640000,0.80677,0.80677,0.80677,0.80677
1782059700000,0.80677,0.80677,0.80677,0.80677
1782059760000,0.80677,0.80677,0.80677,0.80677
1782059820000,0.80677,0.80677,0.80677,0.80677
1782059880000,0.80677,0.80677,0.80677,0.80677
1782059940000,0.80677,0.80677,0.80677,0.80677
1782060000000,0.80677,0.80677,0.80677,0.80677
1782060060000,0.80677,0.80677,0.80677,0.80677
1782060120000,0.80677,0.80677,0.80677,0.80677
1782060180000,0.80677,0.80677,0.80677,0.80677
1782060240000,0.80677,0.80677,0.80677,0.80677
1782060300000,0.80677,0.80677,0.80677,0.80677
1782060360000,0.80677,0.80677,0.80677,0.80677
1782060420000,0.80677,0.80677,0.80677,0.80677
1782060480000,0.80677,0.80677,0.80677,0.80677
1782060540000,0.80677,0.80677,0.80677,0.80677
1782060600000,0.80677,0.80677,0.80677,0.80677
1782060660000,0.80677,0.80677,0.80677,0.80677
1782060720000,0.80677,0.80677,0.80677,0.80677
1782060780000,0.80677,0.80677,0.80677,0.80677
1782060840000,0.80677,0.80677,0.80677,0.80677
1782060900000,0.80677,0.80677,0.80677,0.80677
1782060960000,0.80677,0.80677,0.80677,0.80677
1782061020000,0.80677,0.80677,0.80677,0.80677
1782061080000,0.80677,0.80677,0.80677,0.80677
1782061140000,0.80677,0.80677,0.80677,0.80677
1782061200000,0.80677,0.80677,0.80677,0.80677
1782061260000,0.80677,0.80677,0.80677,0.80677
1782061320000,0.80677,0.80677,0.80677,0.80677
1782061380000,0.80677,0.80677,0.80677,0.80677
1782061440000,0.80677,0.80677,0.80677,0.80677
1782061500000,0.80677,0.80677,0.80677,0.80677
1782061560000,0.80677,0.80677,0.80677,0.80677
1782061620000,0.80677,0.80677,0.80677,0.80677
1782061680000,0.80677,0.80677,0.80677,0.80677
1782061740000,0.80677,0.80677,0.80677,0.80677
1782061800000,0.80677,0.80677,0.80677,0.80677
1782061860000,0.80677,0.80677,0.80677,0.80677
1782061920000,0.80677,0.80677,0.80677,0.80677
1782061980000,0.80677,0.80677,0.80677,0.80677
1782062040000,0.80677,0.80677,0.80677,0.80677
1782062100000,0.80677,0.80677,0.80677,0.80677
1782062160000,0.80677,0.80677,0.80677,0.80677
1782062220000,0.80677,0.80677,0.80677,0.80677
1782062280000,0.80677,0.80677,0.80677,0.80677
1782062340000,0.80677,0.80677,0.80677,0.80677
1782062400000,0.80677,0.80677,0.80677,0.80677
1782062460000,0.80677,0.80677,0.80677,0.80677
1782062520000,0.80677,0.80677,0.80677,0.80677
1782062580000,0.80677,0.80677,0.80677,0.80677
1782062640000,0.80677,0.80677,0.80677,0.80677
1782062700000,0.80677,0.80677,0.80677,0.80677
1782062760000,0.80677,0.80677,0.80677,0.80677
1782062820000,0.80677,0.80677,0.80677,0.80677
1782062880000,0.80677,0.80677,0.80677,0.80677
1782062940000,0.80677,0.80677,0.80677,0.80677
1782063000000,0.80677,0.80677,0.80677,0.80677
1782063060000,0.80677,0.80677,0.80677,0.80677
1782063120000,0.80677,0.80677,0.80677,0.80677
1782063180000,0.80677,0.80677,0.80677,0.80677
1782063240000,0.80677,0.80677,0.80677,0.80677
1782063300000,0.80677,0.80677,0.80677,0.80677
1782063360000,0.80677,0.80677,0.80677,0.80677
1782063420000,0.80677,0.80677,0.80677,0.80677
1782063480000,0.80677,0.80677,0.80677,0.80677
1782063540000,0.80677,0.80677,0.80677,0.80677
1782063600000,0.80677,0.80677,0.80677,0.80677
1782063660000,0.80677,0.80677,0.80677,0.80677
1782063720000,0.80677,0.80677,0.80677,0.80677
1782063780000,0.80677,0.80677,0.80677,0.80677
1782063840000,0.80677,0.80677,0.80677,0.80677
1782063900000,0.80677,0.80677,0.80677,0.80677
1782063960000,0.80677,0.80677,0.80677,0.80677
1782064020000,0.80677,0.80677,0.80677,0.80677
1782064080000,0.80677,0.80677,0.80677,0.80677
1782064140000,0.80677,0.80677,0.80677,0.80677
1782064200000,0.80677,0.80677,0.80677,0.80677
1782064260000,0.80677,0.80677,0.80677,0.80677
1782064320000,0.80677,0.80677,0.80677,0.80677
1782064380000,0.80677,0.80677,0.80677,0.80677
1782064440000,0.80677,0.80677,0.80677,0.80677
1782064500000,0.80677,0.80677,0.80677,0.80677
1782064560000,0.80677,0.80677,0.80677,0.80677
1782064620000,0.80677,0.80677,0.80677,0.80677
1782064680000,0.80677,0.80677,0.80677,0.80677
1782064740000,0.80677,0.80677,0.80677,0.80677
1782064800000,0.80677,0.80677,0.80677,0.80677
1782064860000,0.80677,0.80677,0.80677,0.80677
1782064920000,0.80677,0.80677,0.80677,0.80677
1782064980000,0.80677,0.80677,0.80677,0.80677
1782065040000,0.80677,0.80677,0.80677,0.80677
1782065100000,0.80677,0.80677,0.80677,0.80677
1782065160000,0.80677,0.80677,0.80677,0.80677
1782065220000,0.80677,0.80677,0.80677,0.80677
1782065280000,0.80677,0.80677,0.80677,0.80677
1782065340000,0.80677,0.80677,0.80677,0.80677
1782065400000,0.80677,0.80677,0.80677,0.80677
1782065460000,0.80677,0.80677,0.80677,0.80677
1782065520000,0.80677,0.80677,0.80677,0.80677
1782065580000,0.80677,0.80677,0.80677,0.80677
1782065640000,0.80677,0.80677,0.80677,0.80677
1782065700000,0.80677,0.80677,0.80677,0.80677
1782065760000,0.80677,0.80677,0.80677,0.80677
1782065820000,0.80677,0.80677,0.80677,0.80677
1782065880000,0.80677,0.80677,0.80677,0.80677
1782065940000,0.80677,0.80677,0.80677,0.80677
1782066000000,0.80677,0.80677,0.80677,0.80677
1782066060000,0.80677,0.80677,0.80677,0.80677
1782066120000,0.80677,0.80677,0.80677,0.80677
1782066180000,0.80677,0.80677,0.80677,0.80677
1782066240000,0.80677,0.80677,0.80677,0.80677
1782066300000,0.80677,0.80677,0.80677,0.80677
1782066360000,0.80677,0.80677,0.80677,0.80677
1782066420000,0.80677,0.80677,0.80677,0.80677
1782066480000,0.80677,0.80677,0.80677,0.80677
1782066540000,0.80677,0.80677,0.80677,0.80677
1782066600000,0.80677,0.80677,0.80677,0.80677
1782066660000,0.80677,0.80677,0.80677,0.80677
1782066720000,0.80677,0.80677,0.80677,0.80677
1782066780000,0.80677,0.80677,0.80677,0.80677
1782066840000,0.80677,0.80677,0.80677,0.80677
1782066900000,0.80677,0.80677,0.80677,0.80677
1782066960000,0.80677,0.80677,0.80677,0.80677
1782067020000,0.80677,0.80677,0.80677,0.80677
1782067080000,0.80677,0.80677,0.80677,0.80677
1782067140000,0.80677,0.80677,0.80677,0.80677
1782067200000,0.80677,0.80677,0.80677,0.80677
1782067260000,0.80677,0.80677,0.80677,0.80677
1782067320000,0.80677,0.80677,0.80677,0.80677
1782067380000,0.80677,0.80677,0.80677,0.80677
1782067440000,0.80677,0.80677,0.80677,0.80677
1782067500000,0.80677,0.80677,0.80677,0.80677
1782067560000,0.80677,0.80677,0.80677,0.80677
1782067620000,0.80677,0.80677,0.80677,0.80677
1782067680000,0.80677,0.80677,0.80677,0.80677
1782067740000,0.80677,0.80677,0.80677,0.80677
1782067800000,0.80677,0.80677,0.80677,0.80677
1782067860000,0.80677,0.80677,0.80677,0.80677
1782067920000,0.80677,0.80677,0.80677,0.80677
1782067980000,0.80677,0.80677,0.80677,0.80677
1782068040000,0.80677,0.80677,0.80677,0.80677
1782068100000,0.80677,0.80677,0.80677,0.80677
1782068160000,0.80677,0.80677,0.80677,0.80677
1782068220000,0.80677,0.80677,0.80677,0.80677
1782068280000,0.80677,0.80677,0.80677,0.80677
1782068340000,0.80677,0.80677,0.80677,0.80677
1782068400000,0.80677,0.80677,0.80677,0.80677
1782068460000,0.80677,0.80677,0.80677,0.80677
1782068520000,0.80677,0.80677,0.80677,0.80677
1782068580000,0.80677,0.80677,0.80677,0.80677
1782068640000,0.80677,0.80677,0.80677,0.80677
1782068700000,0.80677,0.80677,0.80677,0.80677
1782068760000,0.80677,0.80677,0.80677,0.80677
1782068820000,0.80677,0.80677,0.80677,0.80677
1782068880000,0.80677,0.80677,0.80677,0.80677
1782068940000,0.80677,0.80677,0.80677,0.80677
1782069000000,0.80677,0.80677,0.80677,0.80677
1782069060000,0.80677,0.80677,0.80677,0.80677
1782069120000,0.80677,0.80677,0.80677,0.80677
1782069180000,0.80677,0.80677,0.80677,0.80677
1782069240000,0.80677,0.80677,0.80677,0.80677
1782069300000,0.80677,0.80677,0.80677,0.80677
1782069360000,0.80677,0.80677,0.80677,0.80677
1782069420000,0.80677,0.80677,0.80677,0.80677
1782069480000,0.80677,0.80677,0.80677,0.80677
1782069540000,0.80677,0.80677,0.80677,0.80677
1782069600000,0.80677,0.80677,0.80677,0.80677
1782069660000,0.80677,0.80677,0.80677,0.80677
1782069720000,0.80677,0.80677,0.80677,0.80677
1782069780000,0.80677,0.80677,0.80677,0.80677
1782069840000,0.80677,0.80677,0.80677,0.80677
1782069900000,0.80677,0.80677,0.80677,0.80677
1782069960000,0.80677,0.80677,0.80677,0.80677
1782070020000,0.80677,0.80677,0.80677,0.80677
1782070080000,0.80677,0.80677,0.80677,0.80677
1782070140000,0.80677,0.80677,0.80677,0.80677
1782070200000,0.80677,0.80677,0.80677,0.80677
1782070260000,0.80677,0.80677,0.80677,0.80677
1782070320000,0.80677,0.80677,0.80677,0.80677
1782070380000,0.80677,0.80677,0.80677,0.80677
1782070440000,0.80677,0.80677,0.80677,0.80677
1782070500000,0.80677,0.80677,0.80677,0.80677
1782070560000,0.80677,0.80677,0.80677,0.80677
1782070620000,0.80677,0.80677,0.80677,0.80677
1782070680000,0.80677,0.80677,0.80677,0.80677
1782070740000,0.80677,0.80677,0.80677,0.80677
1782070800000,0.80677,0.80677,0.80677,0.80677
1782070860000,0.80677,0.80677,0.80677,0.80677
1782070920000,0.80677,0.80677,0.80677,0.80677
1782070980000,0.80677,0.80677,0.80677,0.80677
1782071040000,0.80677,0.80677,0.80677,0.80677
1782071100000,0.80677,0.80677,0.80677,0.80677
1782071160000,0.80677,0.80677,0.80677,0.80677
1782071220000,0.80677,0.80677,0.80677,0.80677
1782071280000,0.80677,0.80677,0.80677,0.80677
1782071340000,0.80677,0.80677,0.80677,0.80677
1782071400000,0.80677,0.80677,0.80677,0.80677
1782071460000,0.80677,0.80677,0.80677,0.80677
1782071520000,0.80677,0.80677,0.80677,0.80677
1782071580000,0.80677,0.80677,0.80677,0.80677
1782071640000,0.80677,0.80677,0.80677,0.80677
1782071700000,0.80677,0.80677,0.80677,0.80677
1782071760000,0.80677,0.80677,0.80677,0.80677
1782071820000,0.80677,0.80677,0.80677,0.80677
1782071880000,0.80677,0.80677,0.80677,0.80677
1782071940000,0.80677,0.80677,0.80677,0.80677
1782072000000,0.80677,0.80677,0.80677,0.80677
1782072060000,0.80677,0.80677,0.80677,0.80677
1782072120000,0.80677,0.80677,0.80677,0.80677
1782072180000,0.80677,0.80677,0.80677,0.80677
1782072240000,0.80677,0.80677,0.80677,0.80677
1782072300000,0.80677,0.80677,0.80677,0.80677
1782072360000,0.80677,0.80677,0.80677,0.80677
1782072420000,0.80677,0.80677,0.80677,0.80677
1782072480000,0.80677,0.80677,0.80677,0.80677
1782072540000,0.80677,0.80677,0.80677,0.80677
1782072600000,0.80677,0.80677,0.80677,0.80677
1782072660000,0.80677,0.80677,0.80677,0.80677
1782072720000,0.80677,0.80677,0.80677,0.80677
1782072780000,0.80677,0.80677,0.80677,0.80677
1782072840000,0.80677,0.80677,0.80677,0.80677
1782072900000,0.80677,0.80677,0.80677,0.80677
1782072960000,0.80677,0.80677,0.80677,0.80677
1782073020000,0.80677,0.80677,0.80677,0.80677
1782073080000,0.80677,0.80677,0.80677,0.80677
1782073140000,0.80677,0.80677,0.80677,0.80677
1782073200000,0.80677,0.80677,0.80677,0.80677
1782073260000,0.80677,0.80677,0.80677,0.80677
1782073320000,0.80677,0.80677,0.80677,0.80677
1782073380000,0.80677,0.80677,0.80677,0.80677
1782073440000,0.80677,0.80677,0.80677,0.80677
1782073500000,0.80677,0.80677,0.80677,0.80677
1782073560000,0.80677,0.80677,0.80677,0.80677
1782073620000,0.80677,0.80677,0.80677,0.80677
1782073680000,0.80677,0.80677,0.80677,0.80677
1782073740000,0.80677,0.80677,0.80677,0.80677
1782073800000,0.80677,0.80677,0.80677,0.80677
1782073860000,0.80677,0.80677,0.80677,0.80677
1782073920000,0.80677,0.80677,0.80677,0.80677
1782073980000,0.80677,0.80677,0.80677,0.80677
1782074040000,0.80677,0.80677,0.80677,0.80677
1782074100000,0.80677,0.80677,0.80677,0.80677
1782074160000,0.80677,0.80677,0.80677,0.80677
1782074220000,0.80677,0.80677,0.80677,0.80677
1782074280000,0.80677,0.80677,0.80677,0.80677
1782074340000,0.80677,0.80677,0.80677,0.80677
1782074400000,0.80677,0.80677,0.80677,0.80677
1782074460000,0.80677,0.80677,0.80677,0.80677
1782074520000,0.80677,0.80677,0.80677,0.80677
1782074580000,0.80677,0.80677,0.80677,0.80677
1782074640000,0.80677,0.80677,0.80677,0.80677
1782074700000,0.80677,0.80677,0.80677,0.80677
1782074760000,0.80677,0.80677,0.80677,0.80677
1782074820000,0.80677,0.80677,0.80677,0.80677
1782074880000,0.80677,0.80677,0.80677,0.80677
1782074940000,0.80677,0.80677,0.80677,0.80677
1782075000000,0.80677,0.80677,0.80677,0.80677
1782075060000,0.80677,0.80677,0.80677,0.80677
1782075120000,0.80677,0.80677,0.80677,0.80677
1782075180000,0.80677,0.80677,0.80677,0.80677
1782075240000,0.80677,0.80677,0.80677,0.80677
1782075300000,0.80677,0.80677,0.80677,0.80677
1782075360000,0.80677,0.80677,0.80677,0.80677
1782075420000,0.80677,0.80677,0.80677,0.80677
1782075480000,0.80677,0.80677,0.80677,0.80677
1782075540000,0.80677,0.80677,0.80677,0.80677
1782075600000,0.80689,0.80711,0.80689,0.80711
1782075660000,0.80711,0.80711,0.80711,0.80711
1782075720000,0.80711,0.80711,0.80711,0.80711
1782075780000,0.80711,0.80711,0.80711,0.80711
1782075840000,0.80711,0.80711,0.80711,0.80711
1782075900000,0.80685,0.80706,0.80685,0.80703
1782075960000,0.80699,0.80699,0.80699,0.80699
1782076020000,0.80699,0.80699,0.80695,0.80695
1782076080000,0.80696,0.80699,0.80696,0.80699
1782076140000,0.80695,0.80696,0.80695,0.80696
1782076200000,0.80695,0.80706,0.80695,0.80706
1782076260000,0.80707,0.80707,0.80703,0.80704
1782076320000,0.80704,0.80705,0.80699,0.80699
1782076380000,0.80699,0.80699,0.80698,0.80699
1782076440000,0.80697,0.80697,0.80697,0.80697
1782076500000,0.80698,0.80706,0.80698,0.80705
1782076560000,0.80703,0.80705,0.80703,0.80705
1782076620000,0.80703,0.80705,0.80703,0.80705
1782076680000,0.80706,0.80706,0.80705,0.80705
1782076740000,0.80703,0.80707,0.80703,0.80705
1782076800000,0.80706,0.80707,0.80699,0.80707
1782076860000,0.80706,0.80706,0.80704,0.80704
1782076920000,0.80705,0.80706,0.80705,0.80706
1782076980000,0.80704,0.80707,0.80704,0.80706
1782077040000,0.80705,0.8071,0.80705,0.8071
1782077100000,0.8071,0.80711,0.8071,0.80711
1782077160000,0.8074,0.8074,0.80739,0.8074
1782077220000,0.8074,0.8074,0.8074,0.8074
1782077280000,0.80742,0.80743,0.80742,0.80743
1782077340000,0.80743,0.80772,0.80743,0.80769
1782077400000,0.80769,0.80773,0.80769,0.80771
1782077460000,0.80771,0.80775,0.80771,0.80775
1782077520000,0.80773,0.80773,0.80773,0.80773
1782077580000,0.80773,0.80778,0.80771,0.80778
1782077640000,0.80771,0.80776,0.80771,0.80774
1782077700000,0.80773,0.80773,0.80769,0.8077
1782077760000,0.80779,0.80779,0.80776,0.80776
1782077820000,0.8078,0.8078,0.80777,0.80777
1782077880000,0.80772,0.80772,0.80772,0.80772
1782077940000,0.80771,0.80771,0.80771,0.80771
1782078000000,0.80772,0.80773,0.8077,0.80772
1782078060000,0.8077,0.8077,0.80725,0.80742
1782078120000,0.80742,0.80742,0.80742,0.80742
1782078180000,0.80743,0.80743,0.80742,0.80742
1782078240000,0.80743,0.80743,0.80742,0.80743
1782078300000,0.80743,0.80743,0.80743,0.80743
1782078360000,0.80743,0.80743,0.80712,0.80713
1782078420000,0.80713,0.80713,0.8071,0.8071
1782078480000,0.80709,0.80709,0.80709,0.80709
1782078540000,0.80708,0.80708,0.80706,0.80707
1782078600000,0.80707,0.80707,0.80706,0.80706
1782078660000,0.80704,0.80704,0.80704,0.80704
1782078720000,0.80704,0.80704,0.80704,0.80704
1782078780000,0.807,0.807,0.807,0.807
1782078840000,0.807,0.807,0.807,0.807
1782078900000,0.807,0.807,0.807,0.807
1782078960000,0.807,0.807,0.807,0.807
1782079020000,0.807,0.807,0.807,0.807
1782079080000,0.80701,0.80701,0.807,0.807
1782079140000,0.80702,0.80702,0.80702,0.80702
1782079200000,0.80706,0.80777,0.807,0.8077
1782079260000,0.80788,0.80791,0.8075,0.80754
1782079320000,0.80752,0.80759,0.80736,0.80744
1782079380000,0.80745,0.80762,0.80745,0.80757
1782079440000,0.80753,0.80761,0.80753,0.80759
1782079500000,0.80757,0.80757,0.80736,0.8074
1782079560000,0.80741,0.80753,0.8074,0.80751
1782079620000,0.80751,0.80759,0.80749,0.80752
1782079680000,0.80753,0.80764,0.80753,0.80764
1782079740000,0.80764,0.80776,0.80764,0.80764
1782079800000,0.80766,0.80767,0.80751,0.80751
1782079860000,0.80755,0.80756,0.80752,0.80756
1782079920000,0.80754,0.80759,0.80749,0.80756
1782079980000,0.80755,0.80756,0.80751,0.80755
1782080040000,0.80754,0.80754,0.80751,0.80751
1782080100000,0.80749,0.80749,0.80744,0.80747
1782080160000,0.80748,0.80751,0.80745,0.80745
1782080220000,0.80745,0.80748,0.80743,0.80743
1782080280000,0.80743,0.80743,0.80733,0.80735
1782080340000,0.80734,0.80738,0.80734,0.80735
1782080400000,0.80734,0.80738,0.80725,0.80731
1782080460000,0.80734,0.80736,0.80731,0.80733
1782080520000,0.80732,0.80734,0.80732,0.80734
1782080580000,0.80733,0.80733,0.8073,0.80733
1782080640000,0.80731,0.80734,0.80729,0.80734
1782080700000,0.80735,0.80736,0.80733,0.80736
1782080760000,0.80736,0.80736,0.80736,0.80736
1782080820000,0.80736,0.80739,0.80735,0.80739
1782080880000,0.80739,0.8075,0.80738,0.80746
1782080940000,0.80749,0.8075,0.80745,0.80748
1782081000000,0.80748,0.80748,0.80746,0.80748
1782081060000,0.80747,0.80759,0.80747,0.80759
1782081120000,0.80762,0.80769,0.80761,0.80768
1782081180000,0.80768,0.80781,0.80768,0.8078
1782081240000,0.80779,0.80779,0.80776,0.80779
1782081300000,0.80777,0.80782,0.80776,0.80782
1782081360000,0.8078,0.80781,0.80773,0.80774
1782081420000,0.80773,0.80774,0.80768,0.80768
1782081480000,0.80769,0.80769,0.80765,0.80768
1782081540000,0.8077,0.80776,0.8077,0.80775
1782081600000,0.80774,0.80778,0.80773,0.80778
1782081660000,0.80777,0.80781,0.80777,0.80781
1782081720000,0.80782,0.80783,0.80781,0.80783
1782081780000,0.80782,0.80784,0.80777,0.80779
1782081840000,0.80779,0.80781,0.80779,0.8078
1782081900000,0.80779,0.80779,0.80774,0.80778
1782081960000,0.80778,0.80779,0.80774,0.80776
1782082020000,0.80775,0.80782,0.80774,0.80781
1782082080000,0.80782,0.80782,0.80777,0.80779
1782082140000,0.80779,0.80779,0.80775,0.80777
1782082200000,0.80776,0.80776,0.80768,0.80776
1782082260000,0.80777,0.80777,0.80773,0.80774
1782082320000,0.80774,0.80775,0.80774,0.80775
1782082380000,0.80776,0.80776,0.80772,0.80774
1782082440000,0.80773,0.80774,0.80772,0.80772
1782082500000,0.80772,0.80775,0.80771,0.80774
1782082560000,0.80772,0.80775,0.80772,0.80775
1782082620000,0.80774,0.80777,0.80774,0.80776
1782082680000,0.80774,0.80776,0.80774,0.80775
1782082740000,0.80776,0.80776,0.80773,0.80773
1782082800000,0.80774,0.80774,0.80758,0.8076
1782082860000,0.8076,0.80765,0.80756,0.80761
1782082920000,0.80761,0.80761,0.80758,0.8076
1782082980000,0.80759,0.8076,0.80755,0.80758
1782083040000,0.80758,0.80763,0.80758,0.80762
1782083100000,0.80765,0.80765,0.80764,0.80765
1782083160000,0.80766,0.80769,0.80766,0.80768
1782083220000,0.80767,0.80767,0.80753,0.80753
1782083280000,0.80754,0.80755,0.80753,0.80755
1782083340000,0.80754,0.80754,0.80747,0.80753
1782083400000,0.80752,0.80754,0.8075,0.80754
1782083460000,0.80752,0.80755,0.80749,0.80752
1782083520000,0.80756,0.80758,0.80755,0.80758
1782083580000,0.80759,0.8077,0.80759,0.80769
1782083640000,0.8077,0.80773,0.80766,0.80768
1782083700000,0.80767,0.80779,0.80767,0.80777
1782083760000,0.80778,0.80782,0.80776,0.80776
1782083820000,0.80775,0.80775,0.80768,0.80768
1782083880000,0.80767,0.80774,0.80767,0.80773
1782083940000,0.80774,0.80777,0.80774,0.80776
1782084000000,0.80774,0.80775,0.80771,0.80774
1782084060000,0.80775,0.80775,0.80764,0.80771
1782084120000,0.80772,0.80773,0.80768,0.80772
1782084180000,0.80771,0.80778,0.80771,0.80776
1782084240000,0.8078,0.80782,0.80778,0.80782
1782084300000,0.8078,0.80784,0.8078,0.80784
1782084360000,0.80783,0.80784,0.80783,0.80783
1782084420000,0.80784,0.80787,0.80784,0.80787
1782084480000,0.80787,0.80789,0.80787,0.80787
1782084540000,0.80786,0.80786,0.80783,0.80783
1782084600000,0.80783,0.8079,0.80783,0.80787
1782084660000,0.80786,0.80787,0.80781,0.80783
1782084720000,0.80784,0.80784,0.80783,0.80783
1782084780000,0.80784,0.80784,0.80784,0.80784
1782084840000,0.80782,0.80783,0.80782,0.80783
1782084900000,0.80786,0.80794,0.80786,0.80794
1782084960000,0.80794,0.80802,0.80793,0.80801
1782085020000,0.80799,0.80801,0.80799,0.80801
1782085080000,0.80802,0.80804,0.80802,0.80804
1782085140000,0.80804,0.80809,0.80802,0.80804
1782085200000,0.80805,0.80813,0.80803,0.80813
1782085260000,0.80813,0.80816,0.80813,0.80816
1782085320000,0.80817,0.80825,0.80817,0.80822
1782085380000,0.80822,0.80826,0.80811,0.80811
1782085440000,0.80812,0.80816,0.80812,0.80816
1782085500000,0.80817,0.80819,0.80815,0.80816
1782085560000,0.80815,0.80818,0.80814,0.80814
1782085620000,0.80815,0.80818,0.80813,0.80817
1782085680000,0.80821,0.80826,0.8082,0.80825
1782085740000,0.80825,0.80827,0.80822,0.80827
1782085800000,0.80826,0.8083,0.80825,0.80827
1782085860000,0.80829,0.80829,0.80824,0.80824
1782085920000,0.8082,0.80835,0.80819,0.80828
1782085980000,0.80827,0.80833,0.80826,0.80826
1782086040000,0.80825,0.80829,0.80825,0.80828
1782086100000,0.80828,0.80831,0.80826,0.80826
1782086160000,0.80826,0.80826,0.80821,0.80822
1782086220000,0.80822,0.80822,0.80809,0.80809
1782086280000,0.8081,0.8081,0.80801,0.80808
1782086340000,0.80809,0.80809,0.80802,0.80804
1782086400000,0.80801,0.80803,0.80787,0.80799
1782086460000,0.80799,0.80806,0.8079,0.80791
1782086520000,0.80792,0.80809,0.80792,0.80805
1782086580000,0.80808,0.8081,0.80799,0.80806
1782086640000,0.80806,0.80812,0.80802,0.80811
1782086700000,0.8081,0.80816,0.8081,0.80815
1782086760000,0.80814,0.80823,0.80813,0.80815
1782086820000,0.80815,0.80819,0.80813,0.80813
1782086880000,0.80811,0.80815,0.80807,0.80812
1782086940000,0.80811,0.80814,0.80806,0.80808
1782087000000,0.80809,0.80813,0.80804,0.80809
1782087060000,0.80811,0.80816,0.80811,0.80814
1782087120000,0.80814,0.80814,0.80801,0.80801
1782087180000,0.80803,0.80823,0.80802,0.80818
1782087240000,0.80818,0.80818,0.8081,0.8081
1782087300000,0.8081,0.8081,0.80795,0.80803
1782087360000,0.80804,0.80806,0.808,0.80803
1782087420000,0.80802,0.80803,0.80799,0.80803
1782087480000,0.80802,0.80802,0.80794,0.80794
1782087540000,0.80795,0.808,0.80795,0.808
1782087600000,0.80798,0.80802,0.80798,0.80802
1782087660000,0.80802,0.80818,0.80802,0.80812
1782087720000,0.80813,0.80814,0.8081,0.80811
1782087780000,0.80812,0.80812,0.80805,0.80807
1782087840000,0.80807,0.80809,0.80802,0.80806
1782087900000,0.80805,0.80809,0.80805,0.80809
1782087960000,0.80809,0.80809,0.80793,0.80793
1782088020000,0.80794,0.808,0.80776,0.80783
1782088080000,0.80783,0.80804,0.80783,0.80803
1782088140000,0.80803,0.80803,0.80795,0.80797
1782088200000,0.80797,0.80798,0.80788,0.80791
1782088260000,0.80792,0.80801,0.80792,0.80801
1782088320000,0.80799,0.80799,0.80796,0.80797
1782088380000,0.80797,0.80806,0.80797,0.80806
1782088440000,0.80807,0.80817,0.80807,0.80813
1782088500000,0.80813,0.80822,0.8081,0.80817
1782088560000,0.80816,0.80822,0.80816,0.80817
1782088620000,0.80817,0.80825,0.80817,0.80825
1782088680000,0.80825,0.80825,0.80813,0.80813
1782088740000,0.80814,0.80814,0.80811,0.80811
1782088800000,0.80812,0.80813,0.80811,0.80811
1782088860000,0.80811,0.80828,0.80811,0.80825
1782088920000,0.80826,0.80833,0.80825,0.80827
1782088980000,0.80824,0.80828,0.80824,0.80825
1782089040000,0.80822,0.80829,0.80822,0.80829
1782089100000,0.80827,0.80828,0.80824,0.80828
1782089160000,0.80829,0.80844,0.80829,0.80836
1782089220000,0.80836,0.80839,0.80832,0.80839
1782089280000,0.8084,0.80846,0.80839,0.80846
1782089340000,0.80845,0.80845,0.80838,0.80842
1782089400000,0.80843,0.80854,0.80843,0.8085
1782089460000,0.80849,0.80851,0.80839,0.80841
1782089520000,0.8084,0.80845,0.80835,0.80845
1782089580000,0.80844,0.80855,0.80844,0.80848
1782089640000,0.80846,0.8085,0.80839,0.80839
1782089700000,0.8084,0.80842,0.80825,0.80834
1782089760000,0.80834,0.80837,0.80823,0.80824
1782089820000,0.80823,0.80824,0.80807,0.80811
1782089880000,0.80813,0.80823,0.80805,0.80807
1782089940000,0.80808,0.80808,0.80785,0.80786
1782090000000,0.80784,0.80784,0.80752,0.80771
1782090060000,0.80771,0.80778,0.80757,0.80778
1782090120000,0.80776,0.80781,0.80762,0.80763
1782090180000,0.80763,0.80765,0.80748,0.80751
1782090240000,0.8075,0.80757,0.80742,0.80742
1782090300000,0.8074,0.80741,0.80722,0.80728
1782090360000,0.80727,0.80736,0.80722,0.80734
1782090420000,0.80733,0.80735,0.80727,0.80728
1782090480000,0.80728,0.80734,0.80721,0.80721
1782090540000,0.80721,0.80723,0.80716,0.8072
1782090600000,0.8072,0.80728,0.80718,0.80718
1782090660000,0.80719,0.80725,0.80714,0.80716
1782090720000,0.80716,0.80726,0.80715,0.80722
1782090780000,0.80724,0.80725,0.80703,0.80711
1782090840000,0.80712,0.80717,0.80706,0.80717
1782090900000,0.80716,0.80728,0.80712,0.80728
1782090960000,0.80726,0.80735,0.80726,0.80733
1782091020000,0.80734,0.80738,0.80728,0.80733
1782091080000,0.80732,0.80739,0.80732,0.80738
1782091140000,0.80737,0.80744,0.80736,0.80744
1782091200000,0.80745,0.8075,0.8074,0.80741
1782091260000,0.80743,0.8075,0.80742,0.80747
1782091320000,0.80747,0.80754,0.80747,0.80751
1782091380000,0.80752,0.80758,0.80751,0.80753
1782091440000,0.80751,0.80753,0.80741,0.8075
1782091500000,0.8075,0.80754,0.80746,0.80746
1782091560000,0.80746,0.8075,0.80738,0.8074
1782091620000,0.80739,0.8074,0.80728,0.80734
1782091680000,0.80732,0.80739,0.80731,0.80738
1782091740000,0.80737,0.80739,0.80731,0.80738
1782091800000,0.80738,0.80757,0.80738,0.80757
1782091860000,0.80756,0.8078,0.80756,0.8078
1782091920000,0.80781,0.80781,0.80766,0.80766
1782091980000,0.80764,0.80773,0.8076,0.80769
1782092040000,0.80769,0.80781,0.80769,0.80781
1782092100000,0.8078,0.80802,0.8078,0.80801
1782092160000,0.80798,0.80801,0.80791,0.80795
1782092220000,0.80796,0.80796,0.80782,0.80789
1782092280000,0.80789,0.80797,0.80788,0.80797
1782092340000,0.80795,0.80804,0.80795,0.80802
1782092400000,0.80802,0.80807,0.80801,0.80806
1782092460000,0.80806,0.80808,0.80801,0.80801
1782092520000,0.80801,0.80801,0.80791,0.80798
1782092580000,0.80798,0.80799,0.80786,0.80787
1782092640000,0.80788,0.80788,0.80774,0.80776
1782092700000,0.80775,0.80777,0.80766,0.80766
1782092760000,0.80766,0.80785,0.80766,0.80782
1782092820000,0.80785,0.80785,0.80771,0.80772
1782092880000,0.80771,0.80771,0.80763,0.80769
1782092940000,0.80771,0.80782,0.8077,0.80781
1782093000000,0.80779,0.80779,0.80772,0.80775
1782093060000,0.80777,0.80782,0.80772,0.80779
1782093120000,0.8078,0.80786,0.8078,0.80786
1782093180000,0.80786,0.80788,0.80783,0.80788
1782093240000,0.80788,0.80793,0.80788,0.80792
1782093300000,0.8079,0.80794,0.80783,0.80786
1782093360000,0.80786,0.80786,0.8078,0.80784
1782093420000,0.80783,0.80783,0.80778,0.80783
1782093480000,0.80783,0.80792,0.8078,0.8079
1782093540000,0.8079,0.80796,0.8079,0.80796
1782093600000,0.80796,0.80808,0.80794,0.80799
1782093660000,0.80797,0.80808,0.80793,0.80793
1782093720000,0.80793,0.80793,0.80783,0.80783
1782093780000,0.80784,0.80792,0.80783,0.8079
1782093840000,0.80789,0.80789,0.8078,0.80781
1782093900000,0.80781,0.80782,0.80778,0.80781
1782093960000,0.80781,0.80787,0.80781,0.80783
1782094020000,0.80783,0.80786,0.80773,0.80773
1782094080000,0.80774,0.80779,0.80767,0.80779
1782094140000,0.80781,0.80782,0.80778,0.80779
1782094200000,0.80779,0.8078,0.80775,0.80777
1782094260000,0.80776,0.80779,0.80771,0.80772
1782094320000,0.80772,0.80772,0.80768,0.80771
1782094380000,0.80774,0.8078,0.80774,0.8078
1782094440000,0.80779,0.80798,0.80776,0.80797
1782094500000,0.80797,0.80806,0.80796,0.80798
1782094560000,0.80796,0.80798,0.80791,0.80795
1782094620000,0.80794,0.80801,0.80794,0.80799
1782094680000,0.80801,0.80801,0.80792,0.80793
1782094740000,0.80793,0.80794,0.80791,0.80793
1782094800000,0.80793,0.80796,0.80789,0.80795
1782094860000,0.80798,0.80799,0.80786,0.80796
1782094920000,0.80797,0.80799,0.80783,0.80783
1782094980000,0.80781,0.80783,0.80777,0.80783
1782095040000,0.80784,0.80785,0.80779,0.80783
1782095100000,0.80782,0.80783,0.80775,0.80776
1782095160000,0.80775,0.8078,0.80775,0.8078
1782095220000,0.8078,0.80789,0.8078,0.80789
1782095280000,0.80787,0.80788,0.80784,0.80786
1782095340000,0.80786,0.80789,0.80785,0.80785
1782095400000,0.80785,0.80785,0.80776,0.80777
1782095460000,0.80776,0.80778,0.80774,0.80778
1782095520000,0.80777,0.80778,0.80769,0.80771
1782095580000,0.8077,0.80772,0.80767,0.8077
1782095640000,0.8077,0.8077,0.80737,0.80739
1782095700000,0.80739,0.8075,0.80739,0.8075
1782095760000,0.80751,0.80751,0.80743,0.80743
1782095820000,0.80744,0.80749,0.80742,0.80742
1782095880000,0.80743,0.80749,0.80743,0.80748
1782095940000,0.80746,0.8075,0.80746,0.80749
1782096000000,0.8075,0.8075,0.80741,0.80749
1782096060000,0.80749,0.80749,0.80743,0.80744
1782096120000,0.80744,0.80745,0.80744,0.80745
1782096180000,0.80745,0.80749,0.80744,0.80745
1782096240000,0.80745,0.80751,0.80745,0.80749
1782096300000,0.8075,0.80751,0.80745,0.80745
1782096360000,0.80743,0.80745,0.80741,0.80744
1782096420000,0.80744,0.80749,0.80744,0.80746
1782096480000,0.80746,0.80753,0.80745,0.80751
1782096540000,0.80753,0.80753,0.80751,0.80752
1782096600000,0.80753,0.80753,0.80749,0.80751
1782096660000,0.8075,0.8075,0.80742,0.80745
1782096720000,0.80743,0.80745,0.80742,0.80744
1782096780000,0.80744,0.80744,0.80735,0.80738
1782096840000,0.80737,0.80737,0.80735,0.80736
1782096900000,0.80735,0.80736,0.80733,0.80735
1782096960000,0.80736,0.80736,0.8073,0.80731
1782097020000,0.80731,0.80739,0.8073,0.80736
1782097080000,0.80736,0.80741,0.80731,0.8074
1782097140000,0.80741,0.80752,0.8074,0.80752
1782097200000,0.80751,0.80751,0.80741,0.80746
1782097260000,0.80747,0.80751,0.80746,0.80751
1782097320000,0.80748,0.80748,0.80734,0.80736
1782097380000,0.80737,0.80738,0.80726,0.8073
1782097440000,0.8073,0.80736,0.80728,0.80736
1782097500000,0.80736,0.8074,0.80736,0.80739
1782097560000,0.80738,0.80741,0.80736,0.80736
1782097620000,0.80736,0.8074,0.80731,0.80732
1782097680000,0.80734,0.8074,0.80733,0.80739
1782097740000,0.80737,0.80746,0.80737,0.80745
1782097800000,0.80745,0.80752,0.80745,0.8075
1782097860000,0.8075,0.8075,0.80742,0.80749
1782097920000,0.80749,0.80757,0.80749,0.80754
1782097980000,0.80755,0.80761,0.80754,0.80756
1782098040000,0.80757,0.80763,0.80755,0.80763
1782098100000,0.80761,0.80762,0.80751,0.80751
1782098160000,0.80751,0.80755,0.8075,0.80752
1782098220000,0.80756,0.80763,0.80756,0.80763
1782098280000,0.80761,0.80763,0.80759,0.8076
1782098340000,0.8076,0.8077,0.80759,0.8076
1782098400000,0.80761,0.80761,0.80754,0.80755
1782098460000,0.80754,0.80764,0.80752,0.80764
1782098520000,0.80765,0.80767,0.80755,0.80755
1782098580000,0.80755,0.80755,0.80749,0.80753
1782098640000,0.80753,0.80753,0.80749,0.8075
1782098700000,0.80749,0.80761,0.80748,0.80761
1782098760000,0.80762,0.80771,0.80762,0.8077
1782098820000,0.80769,0.80773,0.80769,0.80771
1782098880000,0.8077,0.80771,0.80767,0.80767
1782098940000,0.80768,0.80776,0.80768,0.80775
1782099000000,0.80776,0.8078,0.80775,0.80778
1782099060000,0.80777,0.80786,0.80771,0.80784
1782099120000,0.80786,0.8079,0.80784,0.80788
1782099180000,0.80789,0.80795,0.80789,0.80795
1782099240000,0.80795,0.80806,0.80792,0.80805
1782099300000,0.80804,0.80811,0.80802,0.80808
1782099360000,0.80807,0.8081,0.80802,0.80809
1782099420000,0.8081,0.80816,0.8081,0.80813
1782099480000,0.80815,0.80815,0.8081,0.80811
1782099540000,0.8081,0.80814,0.80807,0.80814
1782099600000,0.80813,0.80813,0.80808,0.80812
1782099660000,0.80813,0.80815,0.8081,0.80815
1782099720000,0.80814,0.80819,0.80814,0.80818
1782099780000,0.80817,0.80819,0.80816,0.80817
1782099840000,0.80816,0.80816,0.8081,0.80812
1782099900000,0.80812,0.80813,0.80808,0.80811
1782099960000,0.80809,0.80811,0.80796,0.80797
1782100020000,0.80797,0.80798,0.80785,0.80787
1782100080000,0.80786,0.8079,0.80784,0.80786
1782100140000,0.80788,0.80791,0.80784,0.80791
1782100200000,0.8079,0.80793,0.8079,0.80793
1782100260000,0.80793,0.80799,0.80793,0.80796
1782100320000,0.80796,0.80799,0.80795,0.80795
1782100380000,0.80796,0.80803,0.80795,0.80802
1782100440000,0.80802,0.80809,0.80802,0.80809
1782100500000,0.80811,0.80821,0.8081,0.80821
1782100560000,0.80821,0.80823,0.80818,0.80818
1782100620000,0.8082,0.80841,0.8082,0.80839
1782100680000,0.80839,0.80839,0.80829,0.80834
1782100740000,0.80836,0.80837,0.80829,0.80831
1782100800000,0.80831,0.8084,0.80829,0.80838
1782100860000,0.80837,0.80854,0.80836,0.80846
1782100920000,0.80845,0.80847,0.80838,0.80838
1782100980000,0.80838,0.80838,0.8083,0.80832
1782101040000,0.80831,0.80845,0.80831,0.80844
1782101100000,0.80843,0.8085,0.80843,0.8085
1782101160000,0.80852,0.80857,0.80852,0.80852
1782101220000,0.80852,0.80863,0.80851,0.80862
1782101280000,0.80862,0.80873,0.80861,0.8087
1782101340000,0.80871,0.80876,0.80868,0.80871
1782101400000,0.8087,0.8087,0.80864,0.80868
1782101460000,0.80869,0.80873,0.80868,0.80868
1782101520000,0.80868,0.80868,0.8086,0.80861
1782101580000,0.8086,0.80862,0.80853,0.80859
1782101640000,0.80859,0.8086,0.80851,0.8086
1782101700000,0.80859,0.80865,0.80858,0.80863
1782101760000,0.80862,0.80863,0.80859,0.8086
1782101820000,0.8086,0.80867,0.80859,0.80867
1782101880000,0.80866,0.8087,0.80863,0.80865
1782101940000,0.80864,0.80864,0.80856,0.80862
1782102000000,0.8086,0.8086,0.80855,0.80857
1782102060000,0.80856,0.80862,0.80853,0.8086
1782102120000,0.8086,0.8086,0.8085,0.80852
1782102180000,0.80851,0.8086,0.80851,0.80859
1782102240000,0.80858,0.8086,0.80858,0.80859
1782102300000,0.80859,0.8086,0.80856,0.80857
1782102360000,0.80856,0.80858,0.80852,0.80857
1782102420000,0.80858,0.80863,0.80858,0.80861
1782102480000,0.80863,0.80863,0.80857,0.80858
1782102540000,0.80859,0.80863,0.80859,0.80863
1782102600000,0.80862,0.80863,0.80855,0.80855
1782102660000,0.80858,0.80858,0.80855,0.80856
1782102720000,0.80856,0.80859,0.80854,0.80858
1782102780000,0.80857,0.80858,0.80857,0.80857
1782102840000,0.80858,0.80861,0.80858,0.80859
1782102900000,0.80858,0.8086,0.80856,0.8086
1782102960000,0.8086,0.8086,0.80847,0.80851
1782103020000,0.80851,0.80853,0.80843,0.80852
1782103080000,0.80853,0.80855,0.80851,0.80853
1782103140000,0.80851,0.80851,0.80843,0.80847
1782103200000,0.80847,0.80849,0.80845,0.80847
1782103260000,0.80848,0.80856,0.80848,0.80855
1782103320000,0.80856,0.80856,0.80852,0.80853
1782103380000,0.80854,0.80855,0.80852,0.80853
1782103440000,0.80854,0.80855,0.80852,0.80852
1782103500000,0.80851,0.80856,0.80851,0.80853
1782103560000,0.80852,0.80855,0.80836,0.80838
1782103620000,0.8084,0.80858,0.80837,0.80858
1782103680000,0.80857,0.80863,0.80855,0.80863
1782103740000,0.80864,0.80865,0.80858,0.8086
1782103800000,0.80861,0.80863,0.80859,0.80859
1782103860000,0.80859,0.80859,0.80852,0.80852
1782103920000,0.80854,0.80854,0.80848,0.80849
1782103980000,0.8085,0.80852,0.80845,0.80851
1782104040000,0.8085,0.80852,0.8085,0.80852
1782104100000,0.80854,0.80867,0.80854,0.80862
1782104160000,0.80862,0.80862,0.80858,0.80859
1782104220000,0.8086,0.8086,0.80849,0.80849
1782104280000,0.80849,0.8085,0.80847,0.8085
1782104340000,0.8085,0.8085,0.80844,0.80846
1782104400000,0.80845,0.80854,0.80844,0.8085
1782104460000,0.80851,0.80855,0.80847,0.80854
1782104520000,0.80855,0.80858,0.8085,0.80851
1782104580000,0.80851,0.80854,0.80848,0.80854
1782104640000,0.80853,0.80854,0.80846,0.80849
1782104700000,0.80848,0.80852,0.80842,0.8085
1782104760000,0.8085,0.80854,0.8085,0.80851
1782104820000,0.80851,0.80853,0.80847,0.80852
1782104880000,0.80851,0.80851,0.8085,0.8085
1782104940000,0.80851,0.80853,0.80849,0.8085
1782105000000,0.8085,0.80851,0.80846,0.80849
1782105060000,0.80846,0.80853,0.80846,0.80852
1782105120000,0.80851,0.80853,0.80846,0.80846
1782105180000,0.80846,0.8085,0.8084,0.80844
1782105240000,0.80844,0.80844,0.80839,0.80842
1782105300000,0.80842,0.80846,0.80838,0.80838
1782105360000,0.80838,0.80843,0.80838,0.80841
1782105420000,0.8084,0.80847,0.8084,0.8084
1782105480000,0.8084,0.80843,0.80834,0.80835
1782105540000,0.80836,0.8084,0.80833,0.80833
1782105600000,0.80832,0.80835,0.80828,0.80828
1782105660000,0.80828,0.80833,0.80828,0.80829
1782105720000,0.80829,0.80829,0.80821,0.80824
1782105780000,0.80824,0.80828,0.80821,0.80822
1782105840000,0.80821,0.80823,0.80819,0.80822
1782105900000,0.80823,0.80824,0.80816,0.80817
1782105960000,0.80815,0.80815,0.80809,0.80814
1782106020000,0.80816,0.80816,0.80809,0.80809
1782106080000,0.80811,0.80815,0.8081,0.80815
1782106140000,0.80815,0.80815,0.808,0.80801
1782106200000,0.808,0.80801,0.80792,0.80801
1782106260000,0.80802,0.80804,0.80797,0.80799
1782106320000,0.80799,0.808,0.80795,0.80795
1782106380000,0.80794,0.80802,0.80794,0.80802
1782106440000,0.80802,0.80803,0.80795,0.80796
1782106500000,0.80796,0.80797,0.80786,0.80787
1782106560000,0.80787,0.80788,0.80783,0.80784
1782106620000,0.80784,0.80789,0.80779,0.80779
1782106680000,0.8078,0.80791,0.80779,0.80789
1782106740000,0.80789,0.80797,0.80787,0.80797
1782106800000,0.80797,0.808,0.80793,0.80799
1782106860000,0.80798,0.80801,0.80798,0.808
1782106920000,0.80801,0.80801,0.80782,0.80783
1782106980000,0.80784,0.80784,0.80779,0.80783
1782107040000,0.80782,0.8079,0.80781,0.80787
1782107100000,0.8079,0.8079,0.80786,0.80787
1782107160000,0.80786,0.80798,0.80786,0.80795
1782107220000,0.80795,0.80798,0.80794,0.80798
1782107280000,0.808,0.80804,0.80799,0.80804
1782107340000,0.80804,0.80806,0.80791,0.80794
1782107400000,0.80795,0.8081,0.80794,0.80804
1782107460000,0.80805,0.8081,0.80798,0.80799
1782107520000,0.80798,0.80799,0.80792,0.80792
1782107580000,0.80793,0.80795,0.80788,0.80795
1782107640000,0.80794,0.80802,0.80793,0.80802
1782107700000,0.80802,0.80817,0.80802,0.80816
1782107760000,0.80817,0.80823,0.80814,0.80817
1782107820000,0.80817,0.80832,0.80817,0.80827
1782107880000,0.80828,0.80832,0.80825,0.80828
1782107940000,0.80825,0.8084,0.80825,0.80839
1782108000000,0.80839,0.80848,0.80833,0.80835
1782108060000,0.80834,0.80834,0.80823,0.80825
1782108120000,0.80825,0.80826,0.80817,0.80823
1782108180000,0.80821,0.80839,0.8082,0.80829
1782108240000,0.8083,0.80832,0.80812,0.80812
1782108300000,0.80811,0.80829,0.8081,0.80814
1782108360000,0.80815,0.80815,0.80801,0.80802
1782108420000,0.808,0.80803,0.80794,0.80795
1782108480000,0.80796,0.80806,0.80794,0.80801
1782108540000,0.808,0.808,0.8078,0.80786
1782108600000,0.80787,0.8079,0.80776,0.80782
1782108660000,0.80783,0.80796,0.80783,0.80795
1782108720000,0.80794,0.80813,0.80794,0.8081
1782108780000,0.80812,0.80821,0.80811,0.80812
1782108840000,0.80812,0.80815,0.80794,0.80794
1782108900000,0.80797,0.80797,0.80779,0.80785
1782108960000,0.80784,0.80791,0.80784,0.80791
1782109020000,0.80792,0.80803,0.80792,0.808
1782109080000,0.80801,0.80813,0.80793,0.80797
1782109140000,0.80797,0.80806,0.80795,0.80805
1782109200000,0.80804,0.8082,0.80804,0.8081
1782109260000,0.80809,0.8082,0.80808,0.8082
1782109320000,0.80819,0.80821,0.80795,0.80796
1782109380000,0.80795,0.80798,0.80789,0.80798
1782109440000,0.80797,0.80808,0.8079,0.80804
1782109500000,0.80803,0.80807,0.80778,0.80785
1782109560000,0.80784,0.80787,0.80772,0.80776
1782109620000,0.80778,0.80785,0.80775,0.80783
1782109680000,0.80784,0.80788,0.80778,0.80786
1782109740000,0.80787,0.80789,0.80776,0.80789
1782109800000,0.80791,0.80805,0.80791,0.80793
1782109860000,0.80796,0.80805,0.80793,0.80801
1782109920000,0.80802,0.8081,0.80795,0.80804
1782109980000,0.80803,0.80803,0.80791,0.80791
1782110040000,0.80792,0.80794,0.80791,0.80794
1782110100000,0.80793,0.80794,0.80783,0.80784
1782110160000,0.80786,0.80788,0.80782,0.80787
1782110220000,0.80787,0.80794,0.80784,0.80794
1782110280000,0.80793,0.80803,0.80793,0.80801
1782110340000,0.80801,0.80821,0.80797,0.80821
1782110400000,0.80821,0.80832,0.80821,0.80824
1782110460000,0.80824,0.80824,0.80812,0.80812
1782110520000,0.80811,0.80817,0.80809,0.80809
1782110580000,0.80809,0.80824,0.80808,0.80823
1782110640000,0.80822,0.8083,0.8082,0.80829
1782110700000,0.80829,0.80836,0.80827,0.80831
1782110760000,0.80832,0.80833,0.80827,0.80831
1782110820000,0.80832,0.80836,0.80828,0.80829
1782110880000,0.80829,0.8083,0.80822,0.8083
1782110940000,0.80831,0.80831,0.80824,0.80826
1782111000000,0.80826,0.80826,0.80813,0.80813
1782111060000,0.80814,0.80814,0.80792,0.808
1782111120000,0.808,0.80803,0.80795,0.80803
1782111180000,0.808,0.808,0.80787,0.80788
1782111240000,0.80789,0.80792,0.80785,0.80786
1782111300000,0.80786,0.80797,0.80762,0.80775
1782111360000,0.80776,0.8078,0.80766,0.80777
1782111420000,0.80779,0.80793,0.80777,0.80792
1782111480000,0.80791,0.80803,0.80791,0.80796
1782111540000,0.80796,0.80801,0.80791,0.80791
1782111600000,0.80793,0.80797,0.80782,0.80785
1782111660000,0.80784,0.80809,0.80779,0.80804
1782111720000,0.80804,0.80811,0.80785,0.80787
1782111780000,0.80787,0.80817,0.80784,0.8081
1782111840000,0.80809,0.80814,0.80799,0.80803
1782111900000,0.80804,0.8081,0.80767,0.80767
1782111960000,0.80768,0.80787,0.80768,0.80784
1782112020000,0.80783,0.80788,0.80778,0.80779
1782112080000,0.80778,0.80778,0.80772,0.80777
1782112140000,0.80776,0.80781,0.8077,0.80776
1782112200000,0.80775,0.80776,0.8076,0.8076
1782112260000,0.80761,0.80792,0.80761,0.80791
1782112320000,0.80792,0.80793,0.80783,0.80784
1782112380000,0.80784,0.80784,0.80766,0.80781
1782112440000,0.80781,0.80781,0.80774,0.80779
1782112500000,0.80777,0.80778,0.80762,0.80762
1782112560000,0.80763,0.8079,0.80763,0.80787
1782112620000,0.80786,0.80789,0.80782,0.80783
1782112680000,0.80783,0.8079,0.80783,0.8079
1782112740000,0.8079,0.80796,0.80789,0.80791
1782112800000,0.80791,0.80795,0.80787,0.80795
1782112860000,0.80797,0.8081,0.80797,0.80799
1782112920000,0.808,0.80809,0.808,0.80801
1782112980000,0.80799,0.80819,0.80799,0.80814
1782113040000,0.80813,0.80816,0.80808,0.80814
1782113100000,0.80815,0.80825,0.80815,0.80818
1782113160000,0.80817,0.80817,0.80806,0.80816
1782113220000,0.80816,0.8082,0.80809,0.80813
1782113280000,0.80814,0.80819,0.80808,0.80818
1782113340000,0.80818,0.8083,0.80817,0.8083
1782113400000,0.80829,0.80856,0.80829,0.8085
1782113460000,0.80855,0.80855,0.80837,0.80846
1782113520000,0.80846,0.80848,0.80837,0.80842
1782113580000,0.80842,0.80856,0.80834,0.80855
1782113640000,0.80855,0.80867,0.80854,0.80856
1782113700000,0.80856,0.80864,0.80849,0.8085
1782113760000,0.80849,0.80861,0.80845,0.80858
1782113820000,0.80859,0.80866,0.80859,0.80862
1782113880000,0.80861,0.80873,0.8086,0.80872
1782113940000,0.80873,0.80877,0.80864,0.80869
1782114000000,0.80868,0.80873,0.8086,0.80872
1782114060000,0.80872,0.80877,0.80865,0.80875
1782114120000,0.80878,0.80894,0.80877,0.80893
1782114180000,0.80891,0.80892,0.80883,0.80891
1782114240000,0.80892,0.80901,0.8089,0.80893
1782114300000,0.80889,0.80895,0.8088,0.80881
1782114360000,0.80882,0.80892,0.80882,0.80884
1782114420000,0.80885,0.80891,0.80882,0.8089
1782114480000,0.8089,0.8089,0.80882,0.80884
1782114540000,0.80884,0.80884,0.80869,0.80869
1782114600000,0.80868,0.80868,0.80855,0.80858
1782114660000,0.80859,0.80866,0.80858,0.80863
1782114720000,0.80863,0.80881,0.8086,0.80875
1782114780000,0.80878,0.80887,0.80875,0.80885
1782114840000,0.80884,0.80887,0.8088,0.80881
1782114900000,0.8088,0.8088,0.80851,0.80859
1782114960000,0.80859,0.8087,0.80859,0.80864
1782115020000,0.80864,0.8087,0.8086,0.80866
1782115080000,0.80865,0.80871,0.80846,0.8086
1782115140000,0.8086,0.80866,0.80859,0.80866
1782115200000,0.80863,0.8087,0.80856,0.80863
1782115260000,0.80863,0.80883,0.80861,0.80877
1782115320000,0.80877,0.8088,0.80864,0.80879
1782115380000,0.80877,0.80877,0.80866,0.80872
1782115440000,0.80873,0.80886,0.80869,0.80869
1782115500000,0.80869,0.80886,0.80867,0.80883
1782115560000,0.80883,0.80903,0.80883,0.80892
1782115620000,0.80892,0.80896,0.80885,0.80896
1782115680000,0.80894,0.80895,0.80888,0.80892
1782115740000,0.80891,0.80898,0.80888,0.80896
1782115800000,0.80897,0.80913,0.80897,0.80908
1782115860000,0.80909,0.80914,0.80896,0.80897
1782115920000,0.80896,0.809,0.80889,0.8089
1782115980000,0.80888,0.80888,0.8088,0.80887
1782116040000,0.80886,0.80894,0.80881,0.80892
1782116100000,0.80892,0.80901,0.80891,0.80892
1782116160000,0.80895,0.80898,0.80886,0.80897
1782116220000,0.80896,0.80897,0.8087,0.80872
1782116280000,0.80874,0.80879,0.80872,0.80874
1782116340000,0.80873,0.80873,0.80859,0.80866
1782116400000,0.80866,0.80872,0.80854,0.80854
1782116460000,0.80853,0.80858,0.80815,0.80816
1782116520000,0.80816,0.80821,0.80792,0.80819
1782116580000,0.8082,0.80821,0.80802,0.80802
1782116640000,0.80801,0.80802,0.80785,0.80799
1782116700000,0.80801,0.8081,0.80795,0.808
1782116760000,0.80799,0.80827,0.80799,0.80825
1782116820000,0.80825,0.80825,0.80811,0.80811
1782116880000,0.80814,0.80822,0.80811,0.80815
1782116940000,0.80815,0.80827,0.80812,0.80818
1782117000000,0.80818,0.80835,0.80818,0.80831
1782117060000,0.80829,0.80829,0.80801,0.80805
1782117120000,0.80805,0.80814,0.808,0.80801
1782117180000,0.80802,0.8081,0.80801,0.8081
1782117240000,0.80811,0.80815,0.80799,0.80799
1782117300000,0.80801,0.80801,0.80776,0.80795
1782117360000,0.80796,0.80801,0.80792,0.80797
1782117420000,0.80798,0.80809,0.80797,0.80807
1782117480000,0.80808,0.80833,0.80807,0.80833
1782117540000,0.80834,0.80838,0.80821,0.80827
1782117600000,0.80827,0.80832,0.8082,0.80832
1782117660000,0.80832,0.80834,0.8082,0.80827
1782117720000,0.80828,0.80828,0.80809,0.80809
1782117780000,0.8081,0.80825,0.8081,0.80823
1782117840000,0.80824,0.80825,0.80811,0.80813
1782117900000,0.80811,0.80823,0.80808,0.80822
1782117960000,0.80821,0.8083,0.80816,0.80819
1782118020000,0.8082,0.80821,0.80815,0.80816
1782118080000,0.80817,0.80818,0.80798,0.80805
1782118140000,0.80807,0.80815,0.80799,0.80802
1782118200000,0.80802,0.80803,0.80791,0.80799
1782118260000,0.80796,0.80805,0.80794,0.80802
1782118320000,0.80801,0.80811,0.80801,0.80805
1782118380000,0.80807,0.80808,0.80791,0.80793
1782118440000,0.80793,0.80806,0.80792,0.80802
1782118500000,0.80801,0.80801,0.8079,0.80794
1782118560000,0.80793,0.80804,0.80793,0.80798
1782118620000,0.80797,0.80818,0.80797,0.80816
1782118680000,0.80815,0.80816,0.80806,0.80807
1782118740000,0.80808,0.80813,0.80793,0.80793
1782118800000,0.80791,0.80798,0.80786,0.80789
1782118860000,0.80787,0.80789,0.80764,0.80774
1782118920000,0.80775,0.80786,0.80772,0.80772
1782118980000,0.80772,0.80783,0.80745,0.80746
1782119040000,0.80745,0.80751,0.80727,0.80733
1782119100000,0.80733,0.80739,0.80719,0.8072
1782119160000,0.80719,0.8072,0.8069,0.807
1782119220000,0.807,0.80719,0.807,0.80719
1782119280000,0.80718,0.80733,0.80712,0.80729
1782119340000,0.80729,0.80737,0.80725,0.80729
1782119400000,0.80729,0.80731,0.8072,0.80727
1782119460000,0.80727,0.80733,0.80723,0.80724
1782119520000,0.80724,0.80742,0.80724,0.80739
1782119580000,0.80738,0.8075,0.80737,0.80748
1782119640000,0.80747,0.8075,0.80729,0.80733
1782119700000,0.80734,0.80743,0.80731,0.80741
1782119760000,0.80742,0.80744,0.8073,0.80736
1782119820000,0.80736,0.80736,0.80726,0.80729
1782119880000,0.80728,0.80737,0.80724,0.80727
1782119940000,0.80729,0.80729,0.80716,0.80718
1782120000000,0.80719,0.80721,0.80709,0.80717
1782120060000,0.80716,0.80734,0.80716,0.80729
1782120120000,0.80729,0.80733,0.80726,0.80731
1782120180000,0.80732,0.80742,0.80731,0.80738
1782120240000,0.80738,0.80741,0.8073,0.80736
1782120300000,0.80738,0.80738,0.8073,0.80736
1782120360000,0.80736,0.8074,0.80721,0.80727
1782120420000,0.80727,0.80737,0.80727,0.80735
1782120480000,0.80734,0.80752,0.80734,0.80752
1782120540000,0.80752,0.80752,0.80737,0.80738
1782120600000,0.80737,0.80742,0.80736,0.80742
1782120660000,0.80743,0.80759,0.80743,0.80753
1782120720000,0.80752,0.80752,0.80748,0.80749
1782120780000,0.80748,0.80749,0.80716,0.80716
1782120840000,0.80715,0.80737,0.80711,0.80737
1782120900000,0.80738,0.80755,0.80736,0.8075
1782120960000,0.80752,0.80756,0.80748,0.80755
1782121020000,0.80755,0.80767,0.80755,0.80763
1782121080000,0.80763,0.80764,0.80746,0.80747
1782121140000,0.80746,0.8075,0.80742,0.80747
1782121200000,0.80749,0.80757,0.80743,0.80756
1782121260000,0.80756,0.80756,0.80744,0.80749
1782121320000,0.8075,0.80753,0.80746,0.80749
1782121380000,0.80748,0.80753,0.80742,0.80751
1782121440000,0.80752,0.80752,0.80746,0.80751
1782121500000,0.8075,0.80757,0.8074,0.8074
1782121560000,0.80739,0.80749,0.80736,0.80748
1782121620000,0.80748,0.80748,0.80718,0.80725
1782121680000,0.80726,0.80726,0.80718,0.80721
1782121740000,0.80721,0.80725,0.80715,0.80716
1782121800000,0.80716,0.80717,0.80709,0.80713
1782121860000,0.80715,0.80717,0.807,0.80706
1782121920000,0.80709,0.80721,0.80709,0.80713
1782121980000,0.80713,0.80722,0.80713,0.80721
1782122040000,0.8072,0.80727,0.8072,0.80727
1782122100000,0.80726,0.80731,0.80725,0.80728
1782122160000,0.80729,0.80735,0.80724,0.80734
1782122220000,0.80735,0.80746,0.80735,0.80745
1782122280000,0.80745,0.80751,0.80745,0.80751
1782122340000,0.80752,0.80756,0.80752,0.80755
1782122400000,0.80756,0.8076,0.8075,0.80751
1782122460000,0.80749,0.80764,0.80749,0.80763
1782122520000,0.80762,0.80769,0.80757,0.80769
1782122580000,0.80769,0.80776,0.80769,0.80775
1782122640000,0.80775,0.80777,0.80773,0.80774
1782122700000,0.80775,0.80779,0.80775,0.80776
1782122760000,0.80776,0.80776,0.80758,0.80766
1782122820000,0.80769,0.80771,0.80743,0.80753
1782122880000,0.80753,0.80754,0.80746,0.80751
1782122940000,0.80751,0.80751,0.80717,0.80737
1782123000000,0.80738,0.80738,0.80721,0.8073
1782123060000,0.80729,0.8074,0.80724,0.80728
1782123120000,0.80726,0.80752,0.80726,0.80749
1782123180000,0.8075,0.80752,0.80747,0.80747
1782123240000,0.80743,0.80743,0.80723,0.80735
1782123300000,0.80736,0.80752,0.80736,0.80743
1782123360000,0.80742,0.80748,0.80738,0.80747
1782123420000,0.80747,0.80752,0.80744,0.80748
1782123480000,0.8075,0.80754,0.80748,0.80752
1782123540000,0.8075,0.80757,0.80748,0.80754
1782123600000,0.80754,0.80757,0.8075,0.80753
1782123660000,0.80754,0.80759,0.80749,0.8075
1782123720000,0.80749,0.8075,0.80741,0.80744
1782123780000,0.80743,0.8075,0.8074,0.8075
1782123840000,0.80751,0.80751,0.80743,0.80743
1782123900000,0.80742,0.80742,0.80731,0.80736
1782123960000,0.80737,0.80746,0.80737,0.80746
1782124020000,0.80745,0.80751,0.8074,0.80741
1782124080000,0.80741,0.8075,0.8074,0.8075
1782124140000,0.8075,0.80758,0.80749,0.80749
1782124200000,0.80748,0.8076,0.80747,0.80754
1782124260000,0.80754,0.80765,0.80754,0.80763
1782124320000,0.80763,0.80765,0.80757,0.8076
1782124380000,0.80761,0.80764,0.80756,0.8076
1782124440000,0.80761,0.80767,0.80757,0.80765
1782124500000,0.80765,0.80774,0.80762,0.80773
1782124560000,0.80771,0.80776,0.80769,0.80772
1782124620000,0.80771,0.80776,0.80771,0.80776
1782124680000,0.80776,0.80779,0.80771,0.80779
1782124740000,0.80778,0.8078,0.80775,0.80778
1782124800000,0.80777,0.80778,0.80763,0.80763
1782124860000,0.80762,0.80771,0.80759,0.8077
1782124920000,0.80769,0.80769,0.80757,0.80765
1782124980000,0.80765,0.8077,0.80763,0.80767
1782125040000,0.80766,0.80779,0.80766,0.80777
1782125100000,0.80777,0.80779,0.80772,0.80777
1782125160000,0.80778,0.80786,0.80776,0.80781
1782125220000,0.80781,0.80786,0.80779,0.80784
1782125280000,0.80786,0.80792,0.80781,0.80781
1782125340000,0.8078,0.80784,0.80776,0.80776
1782125400000,0.80777,0.80777,0.80763,0.80769
1782125460000,0.80769,0.80771,0.80767,0.80768
1782125520000,0.80767,0.80772,0.80765,0.80766
1782125580000,0.80765,0.80766,0.80762,0.80763
1782125640000,0.80763,0.8077,0.80763,0.80767
1782125700000,0.80766,0.80772,0.80763,0.80771
1782125760000,0.80771,0.80781,0.80771,0.80778
1782125820000,0.80779,0.80791,0.80778,0.80789
1782125880000,0.80789,0.80796,0.80785,0.80796
1782125940000,0.80795,0.80795,0.8079,0.80791
1782126000000,0.80791,0.8081,0.8079,0.80809
1782126060000,0.80808,0.80817,0.80806,0.80816
1782126120000,0.80817,0.80818,0.80808,0.80814
1782126180000,0.80814,0.80816,0.8081,0.80815
1782126240000,0.80815,0.80819,0.80786,0.80796
1782126300000,0.80798,0.80798,0.80774,0.80781
1782126360000,0.80781,0.80791,0.80749,0.80761
1782126420000,0.80762,0.80785,0.80753,0.80785
1782126480000,0.80785,0.8079,0.80775,0.80787
1782126540000,0.80787,0.80792,0.80782,0.80789
1782126600000,0.80789,0.80801,0.80789,0.80797
1782126660000,0.80797,0.80819,0.80797,0.80817
1782126720000,0.80817,0.80821,0.80816,0.8082
1782126780000,0.80819,0.80822,0.80813,0.80821
1782126840000,0.80822,0.80826,0.80816,0.80825
1782126900000,0.80826,0.80833,0.80826,0.80827
1782126960000,0.80826,0.80833,0.80825,0.80833
1782127020000,0.80832,0.80838,0.80828,0.80833
1782127080000,0.80832,0.80834,0.80828,0.80833
1782127140000,0.80834,0.80838,0.80832,0.80832
1782127200000,0.8083,0.80835,0.8083,0.80832
1782127260000,0.80831,0.80831,0.80823,0.80828
1782127320000,0.80828,0.80828,0.80817,0.80818
1782127380000,0.80818,0.80837,0.80817,0.80821
1782127440000,0.80821,0.80822,0.80818,0.80821
1782127500000,0.80823,0.80848,0.80823,0.80848
1782127560000,0.80847,0.80848,0.80842,0.80845
1782127620000,0.80844,0.8085,0.80843,0.80843
1782127680000,0.80842,0.80842,0.80833,0.80833
1782127740000,0.80835,0.80835,0.80828,0.80833
1782127800000,0.80832,0.80834,0.80829,0.8083
1782127860000,0.80829,0.80833,0.80826,0.80828
1782127920000,0.80829,0.8083,0.80814,0.80815
1782127980000,0.80814,0.80815,0.80808,0.80809
1782128040000,0.80808,0.80813,0.80805,0.80813
1782128100000,0.80812,0.80817,0.80801,0.80816
1782128160000,0.80817,0.80831,0.80814,0.80829
1782128220000,0.8083,0.8083,0.80822,0.80827
1782128280000,0.80828,0.80834,0.80827,0.80829
1782128340000,0.80827,0.80834,0.80827,0.80833
1782128400000,0.80832,0.80833,0.80824,0.8083
1782128460000,0.8083,0.80831,0.80825,0.80826
1782128520000,0.80824,0.8083,0.80824,0.80827
1782128580000,0.80827,0.80837,0.80827,0.80836
1782128640000,0.80835,0.80841,0.80827,0.80827
1782128700000,0.80829,0.80836,0.80825,0.80825
1782128760000,0.80826,0.80829,0.80822,0.80829
1782128820000,0.80829,0.80829,0.80818,0.80823
1782128880000,0.80824,0.8083,0.80818,0.8082
1782128940000,0.8082,0.8082,0.80812,0.80816
1782129000000,0.80816,0.80825,0.80813,0.80823
1782129060000,0.80824,0.80835,0.80824,0.8083
1782129120000,0.8083,0.80838,0.80824,0.80835
1782129180000,0.80835,0.80857,0.80833,0.80852
1782129240000,0.80853,0.80859,0.80851,0.80852
1782129300000,0.80855,0.80862,0.80855,0.80862
1782129360000,0.80862,0.80871,0.80861,0.8087
1782129420000,0.80869,0.80875,0.80867,0.80872
1782129480000,0.80872,0.80874,0.80867,0.80872
1782129540000,0.80872,0.80876,0.80866,0.80868
1782129600000,0.80868,0.80873,0.80862,0.80866
1782129660000,0.80867,0.80873,0.80854,0.80854
1782129720000,0.80856,0.8086,0.80848,0.80848
1782129780000,0.80848,0.80848,0.80819,0.80819
1782129840000,0.80819,0.8082,0.80809,0.80817
1782129900000,0.80816,0.80816,0.80804,0.80813
1782129960000,0.80813,0.80813,0.80804,0.80812
1782130020000,0.80811,0.80812,0.80805,0.80806
1782130080000,0.80806,0.80812,0.80798,0.80801
1782130140000,0.808,0.80814,0.808,0.80802
1782130200000,0.80803,0.80814,0.80799,0.80812
1782130260000,0.80812,0.80812,0.80787,0.80787
1782130320000,0.80789,0.80789,0.80773,0.80783
1782130380000,0.80782,0.80788,0.80777,0.8078
1782130440000,0.80781,0.80785,0.80778,0.80784
1782130500000,0.80785,0.80792,0.80765,0.80772
1782130560000,0.80772,0.80791,0.8077,0.80789
1782130620000,0.8079,0.80795,0.80789,0.8079
1782130680000,0.80789,0.80793,0.80787,0.80787
1782130740000,0.80785,0.80785,0.80777,0.8078
1782130800000,0.80782,0.80782,0.80771,0.80773
1782130860000,0.80771,0.80771,0.80752,0.80752
1782130920000,0.80753,0.80753,0.80737,0.80741
1782130980000,0.80739,0.80746,0.80736,0.80739
1782131040000,0.80739,0.80743,0.80731,0.80732
1782131100000,0.80732,0.80745,0.80732,0.80742
1782131160000,0.80744,0.80758,0.80744,0.80755
1782131220000,0.80754,0.80762,0.80753,0.8076
1782131280000,0.8076,0.8076,0.80744,0.80744
1782131340000,0.80743,0.80746,0.80742,0.80744
1782131400000,0.80745,0.8076,0.8074,0.80753
1782131460000,0.80755,0.80772,0.80755,0.80768
1782131520000,0.8077,0.8077,0.80766,0.80767
1782131580000,0.80765,0.80786,0.80759,0.80782
1782131640000,0.80782,0.80784,0.80773,0.80774
1782131700000,0.80775,0.80775,0.80759,0.80766
1782131760000,0.80767,0.80772,0.80763,0.80768
1782131820000,0.8077,0.80776,0.80766,0.80773
1782131880000,0.80773,0.80775,0.80767,0.80774
1782131940000,0.80775,0.80782,0.80775,0.80781
1782132000000,0.80782,0.80789,0.80769,0.80771
1782132060000,0.80774,0.80779,0.8077,0.80776
1782132120000,0.80775,0.80789,0.80775,0.80779
1782132180000,0.80781,0.80781,0.80764,0.80775
1782132240000,0.80776,0.80777,0.80766,0.80776
1782132300000,0.80777,0.80801,0.80775,0.808
1782132360000,0.80802,0.80816,0.80799,0.80808
1782132420000,0.80809,0.80809,0.80795,0.80801
1782132480000,0.80801,0.80801,0.80785,0.80787
1782132540000,0.80788,0.80792,0.80776,0.80788
1782132600000,0.8079,0.80802,0.80789,0.80801
1782132660000,0.808,0.80803,0.80798,0.80802
1782132720000,0.80801,0.80808,0.80793,0.80799
1782132780000,0.80799,0.80816,0.80797,0.80809
1782132840000,0.8081,0.80816,0.80807,0.8081
1782132900000,0.8081,0.80831,0.80808,0.80827
1782132960000,0.80827,0.80838,0.80824,0.80837
1782133020000,0.80838,0.8084,0.80827,0.80837
1782133080000,0.80836,0.80837,0.80827,0.80827
1782133140000,0.80825,0.80841,0.80825,0.80841
1782133200000,0.80842,0.80871,0.80841,0.80861
1782133260000,0.80861,0.80928,0.80861,0.80908
1782133320000,0.80906,0.80916,0.80878,0.8088
1782133380000,0.8088,0.80882,0.80833,0.80841
1782133440000,0.80841,0.80851,0.80828,0.80847
1782133500000,0.80848,0.80862,0.80845,0.80861
1782133560000,0.8086,0.809,0.80852,0.80897
1782133620000,0.80898,0.80912,0.80895,0.80902
1782133680000,0.80901,0.80907,0.8089,0.80896
1782133740000,0.80899,0.80903,0.80892,0.80898
1782133800000,0.809,0.809,0.80875,0.80882
1782133860000,0.80882,0.80898,0.80855,0.80871
1782133920000,0.80872,0.80893,0.80869,0.80889
1782133980000,0.80889,0.8091,0.80886,0.80907
1782134040000,0.80905,0.8091,0.80894,0.80896
1782134100000,0.80895,0.80919,0.80895,0.80917
1782134160000,0.80916,0.80923,0.80909,0.80921
1782134220000,0.8092,0.80926,0.80916,0.80919
1782134280000,0.80918,0.80924,0.80902,0.80924
1782134340000,0.80926,0.80926,0.80911,0.80911
1782134400000,0.8091,0.80915,0.80909,0.80913
1782134460000,0.80912,0.80933,0.80911,0.80926
1782134520000,0.80925,0.80934,0.80924,0.80934
1782134580000,0.80935,0.80935,0.80925,0.80925
1782134640000,0.80926,0.80934,0.80911,0.80932
1782134700000,0.80932,0.80935,0.80924,0.80932
1782134760000,0.80932,0.80936,0.80927,0.80933
1782134820000,0.80933,0.80941,0.80931,0.80941
1782134880000,0.80938,0.80938,0.80918,0.80932
1782134940000,0.80931,0.80936,0.8092,0.8093
1782135000000,0.80929,0.80932,0.80911,0.80915
1782135060000,0.80916,0.80923,0.80904,0.80907
1782135120000,0.80907,0.80908,0.80874,0.80884
1782135180000,0.80886,0.8092,0.80883,0.80914
1782135240000,0.80912,0.80912,0.80893,0.80894
1782135300000,0.80894,0.80896,0.80882,0.80889
1782135360000,0.80889,0.80893,0.80881,0.80892
1782135420000,0.80892,0.80903,0.80873,0.80873
1782135480000,0.80874,0.80901,0.80871,0.809
1782135540000,0.80898,0.80898,0.80878,0.80878
1782135600000,0.80879,0.80893,0.80877,0.80893
1782135660000,0.80893,0.80908,0.80887,0.80905
1782135720000,0.80906,0.80906,0.80891,0.80898
1782135780000,0.80897,0.80912,0.80894,0.8091
1782135840000,0.8091,0.80915,0.809,0.809
1782135900000,0.809,0.80912,0.80893,0.80899
1782135960000,0.809,0.80907,0.80884,0.80885
1782136020000,0.80885,0.80885,0.80859,0.80868
1782136080000,0.80868,0.80884,0.80868,0.80883
1782136140000,0.80883,0.80914,0.80881,0.80905
1782136200000,0.80905,0.80918,0.80903,0.80915
1782136260000,0.80915,0.80921,0.80912,0.80919
1782136320000,0.80918,0.80922,0.80915,0.80918
1782136380000,0.80918,0.80918,0.8091,0.80913
1782136440000,0.80914,0.80939,0.80914,0.80938
1782136500000,0.80936,0.80941,0.80926,0.80937
1782136560000,0.80936,0.80955,0.80936,0.80955
1782136620000,0.80952,0.80954,0.80944,0.80949
1782136680000,0.8095,0.80958,0.80948,0.80957
1782136740000,0.80957,0.80964,0.80956,0.80961
1782136800000,0.80962,0.80971,0.8095,0.80953
1782136860000,0.80954,0.80956,0.80947,0.80948
1782136920000,0.80946,0.80954,0.80941,0.8095
1782136980000,0.80951,0.80968,0.80948,0.8096
1782137040000,0.80961,0.80963,0.80937,0.80941
1782137100000,0.80941,0.80948,0.80934,0.80945
1782137160000,0.80944,0.80969,0.80941,0.80966
1782137220000,0.80966,0.80966,0.80907,0.80927
1782137280000,0.80925,0.80927,0.80858,0.80893
1782137340000,0.80895,0.80911,0.80882,0.80908
1782137400000,0.80911,0.80923,0.80905,0.80915
1782137460000,0.80916,0.80931,0.80908,0.8093
1782137520000,0.8093,0.8093,0.80904,0.80914
1782137580000,0.80914,0.80915,0.80901,0.80901
1782137640000,0.80899,0.80912,0.80896,0.80905
1782137700000,0.80906,0.80914,0.80894,0.80895
1782137760000,0.80893,0.80895,0.80856,0.8086
1782137820000,0.80861,0.80917,0.80861,0.80916
1782137880000,0.80916,0.80935,0.8091,0.80935
1782137940000,0.80933,0.8094,0.80922,0.80937
1782138000000,0.80936,0.80941,0.80919,0.80922
1782138060000,0.80921,0.80921,0.80887,0.80898
1782138120000,0.809,0.80903,0.80878,0.80894
1782138180000,0.80893,0.80898,0.80886,0.80891
1782138240000,0.80892,0.80894,0.80881,0.80881
1782138300000,0.80882,0.80891,0.80876,0.80881
1782138360000,0.80881,0.80887,0.80866,0.80866
1782138420000,0.80865,0.80866,0.80841,0.80852
1782138480000,0.80853,0.8086,0.80848,0.80858
1782138540000,0.80859,0.80869,0.80858,0.80863
1782138600000,0.80863,0.80874,0.80854,0.80869
1782138660000,0.80868,0.80873,0.80866,0.8087
1782138720000,0.80871,0.80895,0.8087,0.80895
1782138780000,0.80896,0.80918,0.80896,0.80913
1782138840000,0.80912,0.80923,0.80908,0.8092
1782138900000,0.8092,0.80923,0.8091,0.80923
1782138960000,0.80922,0.80922,0.80901,0.80906
1782139020000,0.80905,0.8092,0.80903,0.80904
1782139080000,0.80903,0.80909,0.80897,0.80908
1782139140000,0.80909,0.80913,0.80894,0.80905
1782139200000,0.80906,0.80913,0.809,0.80903
1782139260000,0.80903,0.80912,0.809,0.80904
1782139320000,0.80904,0.80906,0.80896,0.80906
1782139380000,0.80903,0.80904,0.80867,0.80875
1782139440000,0.80876,0.80884,0.80865,0.80882
1782139500000,0.80882,0.80882,0.80822,0.80832
1782139560000,0.80833,0.8084,0.80792,0.80799
1782139620000,0.80799,0.80842,0.80799,0.80836
1782139680000,0.80835,0.8084,0.80811,0.80825
1782139740000,0.80825,0.80827,0.80802,0.80808
1782139800000,0.8081,0.8082,0.80796,0.80814
1782139860000,0.80814,0.80816,0.80773,0.8078
1782139920000,0.80781,0.80785,0.80757,0.80761
1782139980000,0.80759,0.80766,0.80753,0.80758
1782140040000,0.80756,0.80782,0.80749,0.80778
1782140100000,0.80778,0.80793,0.80763,0.8078
1782140160000,0.80781,0.80796,0.80774,0.80788
1782140220000,0.80788,0.80794,0.80758,0.8077
1782140280000,0.80772,0.80784,0.80768,0.80779
1782140340000,0.8078,0.80786,0.80774,0.80776
1782140400000,0.80776,0.80784,0.80746,0.80748
1782140460000,0.80745,0.80746,0.80729,0.80731
1782140520000,0.80731,0.80765,0.80731,0.80758
1782140580000,0.80759,0.80769,0.80751,0.80766
1782140640000,0.80765,0.80765,0.80742,0.80743
1782140700000,0.80743,0.80746,0.80729,0.80739
1782140760000,0.80738,0.80749,0.80729,0.80746
1782140820000,0.80747,0.80752,0.8074,0.80748
1782140880000,0.80747,0.80756,0.80746,0.80748
1782140940000,0.80747,0.80767,0.80746,0.80767
1782141000000,0.80766,0.80767,0.80752,0.80757
1782141060000,0.80757,0.80762,0.80753,0.80757
1782141120000,0.80757,0.80767,0.80755,0.80764
1782141180000,0.80763,0.80774,0.80763,0.80771
1782141240000,0.80772,0.80773,0.80765,0.8077
1782141300000,0.8077,0.80777,0.80767,0.80767
1782141360000,0.80767,0.80772,0.8076,0.8077
1782141420000,0.8077,0.80781,0.80769,0.80779
1782141480000,0.80778,0.80784,0.80774,0.8078
1782141540000,0.80781,0.80781,0.80769,0.80769
1782141600000,0.80771,0.80795,0.80771,0.80794
1782141660000,0.80792,0.80794,0.80785,0.80789
1782141720000,0.80787,0.80806,0.80787,0.80805
1782141780000,0.80805,0.80805,0.80793,0.80793
1782141840000,0.8079,0.80798,0.80788,0.80796
1782141900000,0.80796,0.80808,0.80787,0.808
1782141960000,0.808,0.80819,0.808,0.80812
1782142020000,0.80812,0.80815,0.80808,0.80813
1782142080000,0.80813,0.80831,0.80812,0.80823
1782142140000,0.80822,0.80825,0.80815,0.80822
1782142200000,0.80823,0.80841,0.80818,0.80831
1782142260000,0.8083,0.80845,0.8083,0.80844
1782142320000,0.80842,0.80853,0.80841,0.80848
1782142380000,0.80848,0.80848,0.80837,0.80837
1782142440000,0.80839,0.80852,0.80838,0.80845
1782142500000,0.80842,0.80853,0.80833,0.80847
1782142560000,0.80848,0.80852,0.80841,0.80845
1782142620000,0.80845,0.80861,0.80845,0.80861
1782142680000,0.8086,0.80863,0.8085,0.8086
1782142740000,0.80859,0.80867,0.80856,0.80857
1782142800000,0.80857,0.80857,0.80845,0.80852
1782142860000,0.80853,0.80855,0.80845,0.8085
1782142920000,0.8085,0.8085,0.80835,0.80836
1782142980000,0.80836,0.80852,0.80836,0.80848
1782143040000,0.80847,0.80858,0.80847,0.80852
1782143100000,0.80852,0.80872,0.80852,0.80868
1782143160000,0.80866,0.8088,0.80866,0.80878
1782143220000,0.80878,0.80881,0.80871,0.80875
1782143280000,0.80875,0.8088,0.80873,0.80875
1782143340000,0.80876,0.8091,0.80876,0.80908
1782143400000,0.80907,0.80907,0.80889,0.80889
1782143460000,0.80889,0.80903,0.80889,0.809
1782143520000,0.80901,0.80905,0.80896,0.80898
1782143580000,0.80899,0.80907,0.80894,0.80901
1782143640000,0.809,0.80903,0.80897,0.80901
1782143700000,0.809,0.80912,0.809,0.80909
1782143760000,0.8091,0.8091,0.809,0.80908
1782143820000,0.80907,0.80915,0.80903,0.80913
1782143880000,0.80913,0.80914,0.80908,0.8091
1782143940000,0.8091,0.80912,0.80907,0.80907
1782144000000,0.80907,0.80912,0.80901,0.80903
1782144060000,0.80905,0.80915,0.80905,0.80912
1782144120000,0.80911,0.80929,0.80908,0.80923
1782144180000,0.80924,0.80931,0.80922,0.80927
1782144240000,0.80929,0.80931,0.80924,0.80928
1782144300000,0.80929,0.80934,0.80928,0.80931
1782144360000,0.8093,0.8093,0.80918,0.80921
1782144420000,0.80921,0.80924,0.80918,0.80921
1782144480000,0.8092,0.80923,0.80916,0.80919
1782144540000,0.80917,0.80941,0.80917,0.8094
1782144600000,0.80941,0.8095,0.80941,0.8095
1782144660000,0.80947,0.80949,0.80944,0.80946
1782144720000,0.80945,0.80946,0.80936,0.80939
1782144780000,0.80938,0.80939,0.80934,0.80937
1782144840000,0.80938,0.80939,0.8092,0.80925
1782144900000,0.80926,0.80933,0.80926,0.8093
1782144960000,0.80928,0.8093,0.80924,0.8093
1782145020000,0.80932,0.80934,0.80921,0.80921
1782145080000,0.8092,0.80924,0.80916,0.80916
1782145140000,0.80918,0.80928,0.80917,0.80927
1782145200000,0.80926,0.80926,0.80899,0.80903
1782145260000,0.80902,0.80907,0.80895,0.80901
1782145320000,0.809,0.80909,0.80898,0.80902
1782145380000,0.80903,0.80915,0.80901,0.80908
1782145440000,0.80908,0.80914,0.80907,0.80908
1782145500000,0.80908,0.80908,0.80898,0.80903
1782145560000,0.80903,0.80914,0.80903,0.8091
1782145620000,0.80909,0.80912,0.80908,0.80912
1782145680000,0.80913,0.80925,0.80912,0.80918
1782145740000,0.80919,0.80922,0.80918,0.80921
1782145800000,0.80921,0.80939,0.80921,0.80936
1782145860000,0.80936,0.80936,0.80922,0.80925
1782145920000,0.80926,0.80928,0.80922,0.80923
1782145980000,0.80922,0.80926,0.8092,0.8092
1782146040000,0.80919,0.8092,0.8091,0.8091
1782146100000,0.80911,0.80915,0.80908,0.8091
1782146160000,0.80909,0.8091,0.80891,0.80892
1782146220000,0.80891,0.80898,0.8089,0.80897
1782146280000,0.80897,0.80906,0.80897,0.80905
1782146340000,0.80903,0.80913,0.80903,0.80913
1782146400000,0.80913,0.80915,0.80906,0.80913
1782146460000,0.80912,0.80912,0.80905,0.8091
1782146520000,0.80911,0.80914,0.80909,0.80911
1782146580000,0.80911,0.80924,0.80911,0.8092
1782146640000,0.80921,0.80923,0.80918,0.8092
1782146700000,0.8092,0.80921,0.80913,0.80915
1782146760000,0.80913,0.80924,0.80913,0.8092
1782146820000,0.80923,0.80924,0.80918,0.80923
1782146880000,0.80923,0.80924,0.80911,0.80913
1782146940000,0.80913,0.80914,0.80905,0.80905
1782147000000,0.80905,0.80908,0.809,0.809
1782147060000,0.80903,0.80906,0.80902,0.80902
1782147120000,0.80904,0.80904,0.80891,0.80891
1782147180000,0.8089,0.80898,0.80885,0.80898
1782147240000,0.80896,0.80899,0.80894,0.80898
1782147300000,0.80898,0.80905,0.80896,0.80905
1782147360000,0.80906,0.80908,0.80882,0.80886
1782147420000,0.80887,0.80904,0.80887,0.80904
1782147480000,0.80905,0.80908,0.80882,0.80892
1782147540000,0.80892,0.80896,0.80887,0.80896
1782147600000,0.80894,0.80903,0.80894,0.80901
1782147660000,0.809,0.80902,0.80887,0.80889
1782147720000,0.8089,0.80892,0.80888,0.80888
1782147780000,0.80886,0.80895,0.80886,0.80892
1782147840000,0.80891,0.80902,0.80891,0.80895
1782147900000,0.80896,0.80901,0.80896,0.80901
1782147960000,0.80899,0.80906,0.80899,0.80901
1782148020000,0.80902,0.80908,0.80899,0.80902
1782148080000,0.80903,0.80903,0.80894,0.80896
1782148140000,0.80894,0.80894,0.80891,0.80893
1782148200000,0.80892,0.80904,0.80892,0.809
1782148260000,0.80901,0.80906,0.80901,0.80902
1782148320000,0.80901,0.80902,0.80897,0.80897
1782148380000,0.80899,0.80902,0.80898,0.80902
1782148440000,0.80903,0.80911,0.80903,0.80911
1782148500000,0.8091,0.80913,0.80908,0.80913
1782148560000,0.80912,0.80912,0.80906,0.80908
1782148620000,0.8091,0.8091,0.80909,0.8091
1782148680000,0.80909,0.80909,0.80902,0.80902
1782148740000,0.80903,0.80905,0.80903,0.80903
1782148800000,0.80904,0.80904,0.80897,0.80899
1782148860000,0.80899,0.809,0.80896,0.80899
1782148920000,0.80898,0.80899,0.80898,0.80899
1782148980000,0.80897,0.80898,0.80895,0.80896
1782149040000,0.80898,0.80899,0.80893,0.80895
1782149100000,0.80895,0.80897,0.80895,0.80895
1782149160000,0.80895,0.80898,0.80889,0.80889
1782149220000,0.80887,0.80891,0.80884,0.80891
1782149280000,0.8089,0.80899,0.80889,0.80899
1782149340000,0.80899,0.80905,0.80899,0.80905
1782149400000,0.80905,0.80909,0.80901,0.80901
1782149460000,0.80902,0.80912,0.809,0.80909
1782149520000,0.8091,0.80911,0.80908,0.80911
1782149580000,0.80912,0.80919,0.80912,0.80919
1782149640000,0.80919,0.80933,0.80919,0.80932
1782149700000,0.80932,0.80937,0.80926,0.80936
1782149760000,0.80937,0.8094,0.80931,0.80933
1782149820000,0.80932,0.80932,0.80927,0.80928
1782149880000,0.80929,0.80929,0.80918,0.80921
1782149940000,0.8092,0.8092,0.80913,0.80917
1782150000000,0.80917,0.80922,0.80912,0.80919
1782150060000,0.80919,0.80919,0.80916,0.80919
1782150120000,0.80919,0.80919,0.80909,0.80911
1782150180000,0.80911,0.80914,0.80911,0.80913
1782150240000,0.80914,0.80916,0.80914,0.80916
1782150300000,0.80915,0.80915,0.80913,0.80913
1782150360000,0.80912,0.80912,0.80906,0.80911
1782150420000,0.8091,0.80912,0.80907,0.80909
1782150480000,0.80909,0.80909,0.80904,0.80907
1782150540000,0.80906,0.80915,0.80904,0.80914
1782150600000,0.80913,0.80918,0.80908,0.80918
1782150660000,0.80917,0.8092,0.80917,0.80918
1782150720000,0.80918,0.80919,0.80908,0.8091
1782150780000,0.80911,0.80911,0.80906,0.80908
1782150840000,0.80909,0.80909,0.80899,0.809
1782150900000,0.809,0.809,0.80895,0.80895
1782150960000,0.80896,0.80902,0.80896,0.80902
1782151020000,0.80901,0.80906,0.809,0.80903
1782151080000,0.80904,0.8091,0.80904,0.80905
1782151140000,0.80905,0.8091,0.80904,0.80906
1782151200000,0.80906,0.8091,0.80905,0.80908
1782151260000,0.80908,0.80914,0.80897,0.80898
1782151320000,0.80901,0.80906,0.80901,0.80905
1782151380000,0.80904,0.80906,0.809,0.80904
1782151440000,0.80903,0.80903,0.809,0.80901
1782151500000,0.80901,0.80902,0.80895,0.809
1782151560000,0.80901,0.80901,0.80895,0.80895
1782151620000,0.80896,0.80896,0.80888,0.80889
1782151680000,0.80889,0.80895,0.80889,0.80893
1782151740000,0.80893,0.80894,0.8089,0.80891
1782151800000,0.80891,0.80891,0.80883,0.80883
1782151860000,0.80882,0.80883,0.80877,0.80878
1782151920000,0.80877,0.80883,0.80877,0.80882
1782151980000,0.80882,0.80883,0.8088,0.80883
1782152040000,0.80885,0.80886,0.80883,0.80886
1782152100000,0.80885,0.80885,0.80882,0.80883
1782152160000,0.80883,0.8089,0.80881,0.8089
1782152220000,0.80892,0.80893,0.80891,0.80891
1782152280000,0.80894,0.80897,0.80894,0.80896
1782152340000,0.80896,0.80902,0.80895,0.80896
1782152400000,0.80895,0.80895,0.8089,0.80891
1782152460000,0.8089,0.80893,0.8089,0.80892
1782152520000,0.80894,0.80902,0.80892,0.80898
1782152580000,0.80897,0.80906,0.80897,0.80906
1782152640000,0.80905,0.80905,0.80899,0.809
1782152700000,0.809,0.80906,0.809,0.80903
1782152760000,0.80903,0.80903,0.80901,0.80903
1782152820000,0.80902,0.80911,0.80902,0.80909
1782152880000,0.80908,0.80915,0.80907,0.80911
1782152940000,0.8091,0.80913,0.80909,0.80912
1782153000000,0.8091,0.80914,0.80908,0.80912
1782153060000,0.80912,0.80913,0.80907,0.80911
1782153120000,0.80914,0.80929,0.80913,0.80924
1782153180000,0.80922,0.80925,0.80914,0.80914
1782153240000,0.80915,0.80916,0.8091,0.80912
1782153300000,0.80912,0.80915,0.80905,0.80905
1782153360000,0.80906,0.80906,0.80903,0.80904
1782153420000,0.80904,0.80906,0.80899,0.80904
1782153480000,0.80903,0.80908,0.809,0.80908
1782153540000,0.80907,0.80912,0.80907,0.80912
1782153600000,0.80911,0.80916,0.80909,0.80915
1782153660000,0.80916,0.80916,0.80909,0.8091
1782153720000,0.80909,0.80909,0.80905,0.80906
1782153780000,0.80906,0.80906,0.80901,0.80904
1782153840000,0.80903,0.80906,0.80899,0.80899
1782153900000,0.809,0.809,0.80892,0.80894
1782153960000,0.80893,0.80897,0.80891,0.80897
1782154020000,0.80896,0.80898,0.80896,0.80897
1782154080000,0.809,0.809,0.80896,0.80897
1782154140000,0.80896,0.80899,0.80895,0.80898
1782154200000,0.80899,0.80899,0.80895,0.80896
1782154260000,0.80897,0.80902,0.80896,0.80896
1782154320000,0.80895,0.80895,0.8089,0.8089
1782154380000,0.80889,0.80896,0.80884,0.80886
1782154440000,0.80887,0.80891,0.80887,0.8089
1782154500000,0.80892,0.80904,0.80891,0.80897
1782154560000,0.80896,0.80899,0.80895,0.80895
1782154620000,0.80899,0.80907,0.80898,0.80904
1782154680000,0.80904,0.80905,0.80901,0.80905
1782154740000,0.80906,0.80922,0.80904,0.80906
1782154800000,0.80906,0.8091,0.80901,0.80907
1782154860000,0.80908,0.80912,0.80905,0.80912
1782154920000,0.80911,0.80917,0.80911,0.80913
1782154980000,0.80912,0.80914,0.80907,0.80914
1782155040000,0.80914,0.80915,0.8091,0.80915
1782155100000,0.80916,0.80926,0.8091,0.80915
1782155160000,0.80916,0.80918,0.80902,0.80902
1782155220000,0.80904,0.80908,0.80904,0.80908
1782155280000,0.80908,0.80911,0.80906,0.80908
1782155340000,0.8091,0.8091,0.80902,0.80903
1782155400000,0.80903,0.80906,0.80898,0.80902
1782155460000,0.80905,0.80906,0.80901,0.80906
1782155520000,0.80905,0.80909,0.80904,0.80909
1782155580000,0.80908,0.80912,0.80905,0.80912
1782155640000,0.80913,0.80915,0.80912,0.80913
1782155700000,0.80913,0.80919,0.80912,0.80919
1782155760000,0.80919,0.80928,0.80917,0.80928
1782155820000,0.80927,0.80928,0.80918,0.80919
1782155880000,0.80918,0.80924,0.80917,0.80921
1782155940000,0.80921,0.80925,0.80921,0.80924
1782156000000,0.80924,0.80928,0.80918,0.80922
1782156060000,0.80921,0.80928,0.8092,0.8092
1782156120000,0.8092,0.8092,0.80911,0.80911
1782156180000,0.80912,0.80912,0.80905,0.80906
1782156240000,0.80905,0.80912,0.80905,0.80912
1782156300000,0.80911,0.80917,0.80911,0.80915
1782156360000,0.80915,0.80915,0.8091,0.80915
1782156420000,0.80915,0.80917,0.80912,0.80917
1782156480000,0.80918,0.80919,0.80915,0.80917
1782156540000,0.80917,0.80922,0.80915,0.8092
1782156600000,0.80922,0.80925,0.8092,0.80924
1782156660000,0.80925,0.80927,0.80923,0.80923
1782156720000,0.80922,0.80929,0.8092,0.80928
1782156780000,0.80931,0.80931,0.80925,0.80929
1782156840000,0.80927,0.80928,0.80924,0.80926
1782156900000,0.80925,0.80931,0.80923,0.8093
1782156960000,0.80931,0.80932,0.80924,0.80925
1782157020000,0.80925,0.8093,0.80922,0.80927
1782157080000,0.80928,0.80928,0.80925,0.80927
1782157140000,0.80928,0.80931,0.80926,0.80927
1782157200000,0.80928,0.80928,0.80921,0.80923
1782157260000,0.80922,0.80923,0.80916,0.80916
1782157320000,0.80916,0.80924,0.80915,0.80923
1782157380000,0.80924,0.80926,0.80922,0.80925
1782157440000,0.80926,0.80932,0.80923,0.80931
1782157500000,0.80931,0.80934,0.80931,0.80931
1782157560000,0.80932,0.80935,0.80927,0.80928
1782157620000,0.80928,0.80928,0.80921,0.80922
1782157680000,0.80922,0.80922,0.80918,0.8092
1782157740000,0.80922,0.80924,0.80921,0.80922
1782157800000,0.80925,0.80925,0.80914,0.80914
1782157860000,0.80914,0.80914,0.80906,0.80907
1782157920000,0.80908,0.80908,0.80905,0.80906
1782157980000,0.80906,0.80911,0.80876,0.80879
1782158040000,0.8088,0.80881,0.80875,0.80876
1782158100000,0.80875,0.80878,0.8087,0.80878
1782158160000,0.80879,0.80887,0.80879,0.80885
1782158220000,0.80891,0.80896,0.80862,0.80863
1782158280000,0.80862,0.80868,0.80861,0.80863
1782158340000,0.80863,0.80866,0.80861,0.80864
1782158400000,0.80863,0.80865,0.80854,0.80854
1782158460000,0.80857,0.80857,0.80846,0.80848
1782158520000,0.80847,0.80851,0.80843,0.80851
1782158580000,0.8085,0.80854,0.80849,0.80854
1782158640000,0.80855,0.80856,0.80853,0.80854
1782158700000,0.80854,0.80856,0.8084,0.8084
1782158760000,0.80841,0.80845,0.80841,0.80842
1782158820000,0.80843,0.80846,0.80842,0.80843
1782158880000,0.80845,0.80849,0.80845,0.80849
1782158940000,0.8085,0.8085,0.80847,0.80847
1782159000000,0.80847,0.80849,0.80843,0.80843
1782159060000,0.80843,0.80846,0.80839,0.8084
1782159120000,0.80841,0.80844,0.8084,0.80844
1782159180000,0.80844,0.80846,0.80844,0.80846
1782159240000,0.80846,0.80849,0.80846,0.80849
1782159300000,0.80849,0.80849,0.80849,0.80849
1782159360000,0.80849,0.80849,0.80849,0.80849
1782159420000,0.80849,0.80853,0.80849,0.80852
1782159480000,0.80852,0.80853,0.80851,0.80853
1782159540000,0.80852,0.80853,0.80848,0.80852
1782159600000,0.80853,0.80861,0.80853,0.80861
1782159660000,0.80862,0.8087,0.80862,0.8087
1782159720000,0.80869,0.80869,0.80864,0.80864
1782159780000,0.80865,0.80869,0.80865,0.80868
1782159840000,0.80866,0.80867,0.80864,0.80865
1782159900000,0.80866,0.80869,0.80866,0.80868
1782159960000,0.80866,0.80866,0.80853,0.80856
1782160020000,0.80855,0.80855,0.80842,0.80842
1782160080000,0.80842,0.80847,0.80842,0.80844
1782160140000,0.80846,0.80846,0.80842,0.80846
1782160200000,0.80848,0.80853,0.80848,0.80852
1782160260000,0.80852,0.80853,0.8085,0.80851
1782160320000,0.80852,0.80853,0.80851,0.80853
1782160380000,0.80853,0.80853,0.80852,0.80853
1782160440000,0.80853,0.80853,0.80848,0.80852
1782160500000,0.80852,0.8086,0.80852,0.8086
1782160560000,0.8086,0.80861,0.80859,0.80861
1782160620000,0.8086,0.80861,0.8086,0.80861
1782160680000,0.80862,0.8087,0.80862,0.8087
1782160740000,0.80871,0.80871,0.80869,0.80869
1782160800000,0.80868,0.80869,0.80868,0.80868
1782160860000,0.80869,0.8087,0.80867,0.8087
1782160920000,0.80869,0.8087,0.80869,0.80869
1782160980000,0.80868,0.80868,0.80865,0.80867
1782161040000,0.80865,0.80869,0.80865,0.80869
1782161100000,0.80868,0.80875,0.80868,0.80874
1782161160000,0.80873,0.80877,0.80872,0.80877
1782161220000,0.80878,0.80882,0.80878,0.80882
1782161280000,0.80882,0.80882,0.80879,0.8088
1782161340000,0.8088,0.80881,0.80878,0.80878
1782161400000,0.80878,0.80878,0.80872,0.80872
1782161460000,0.80872,0.80872,0.80871,0.80871
1782161520000,0.80871,0.80871,0.8087,0.80871
1782161580000,0.80871,0.80871,0.80863,0.80863
1782161640000,0.80864,0.80865,0.80863,0.80865
1782161700000,0.80864,0.80865,0.80861,0.80862
1782161760000,0.80863,0.80864,0.80861,0.80863
1782161820000,0.80863,0.80867,0.8086,0.80861
1782161880000,0.8086,0.80862,0.8085,0.80855
1782161940000,0.80854,0.80855,0.80847,0.8085
1782162000000,0.80847,0.80847,0.80818,0.80821
1782162060000,0.80821,0.80821,0.80821,0.80821
1782162120000,0.80821,0.80821,0.80821,0.80821
1782162180000,0.80821,0.80821,0.80821,0.80821
1782162240000,0.80821,0.80845,0.80731,0.80845
1782162300000,0.8084,0.80859,0.8084,0.8084
1782162360000,0.80818,0.80818,0.80818,0.80818
1782162420000,0.80768,0.80772,0.80767,0.80772
1782162480000,0.80772,0.80772,0.80772,0.80772
1782162540000,0.80772,0.80818,0.80772,0.80818
1782162600000,0.80772,0.80772,0.80731,0.80731
1782162660000,0.80718,0.80818,0.80718,0.80818
1782162720000,0.80817,0.80818,0.80817,0.80818
1782162780000,0.80818,0.80818,0.80818,0.80818
1782162840000,0.80763,0.80763,0.80763,0.80763
1782162900000,0.80763,0.80826,0.80763,0.80826
1782162960000,0.80765,0.80765,0.80765,0.80765
1782163020000,0.80769,0.80839,0.80769,0.80839
1782163080000,0.80769,0.80769,0.80769,0.80769
1782163140000,0.80769,0.80845,0.80769,0.80845
1782163200000,0.80845,0.80845,0.80844,0.80845
1782163260000,0.80845,0.80845,0.80821,0.80832
1782163320000,0.80833,0.80833,0.80814,0.80814
1782163380000,0.80816,0.80844,0.80816,0.80844
1782163440000,0.80844,0.80844,0.80815,0.80844
1782163500000,0.80802,0.80802,0.80802,0.80802
1782163560000,0.80837,0.80837,0.80833,0.80833
1782163620000,0.80833,0.80833,0.80832,0.80833
1782163680000,0.80841,0.80841,0.80841,0.80841
1782163740000,0.80806,0.80842,0.80764,0.80841
1782163800000,0.80842,0.80842,0.80824,0.80833
1782163860000,0.80817,0.80819,0.80817,0.80819
1782163920000,0.80819,0.80819,0.80816,0.80816
1782163980000,0.80732,0.80736,0.80732,0.80736
1782164040000,0.80735,0.80833,0.80735,0.80833
1782164100000,0.80817,0.80826,0.80817,0.80826
1782164160000,0.80822,0.80822,0.80818,0.80818
1782164220000,0.80818,0.80819,0.80818,0.80819
1782164280000,0.80818,0.80818,0.80817,0.80817
1782164340000,0.80819,0.80819,0.80819,0.80819
1782164400000,0.80766,0.80819,0.80766,0.80818
1782164460000,0.80818,0.80821,0.80817,0.8082
1782164520000,0.80822,0.80827,0.80822,0.80827
1782164580000,0.80827,0.80832,0.80827,0.80832
1782164640000,0.80828,0.80832,0.80828,0.80829
1782164700000,0.80829,0.80829,0.80827,0.80827
1782164760000,0.80833,0.80833,0.80825,0.80825
1782164820000,0.80827,0.80827,0.80826,0.80826
1782164880000,0.80828,0.80828,0.80828,0.80828
1782164940000,0.80828,0.80828,0.80828,0.80828
1782165000000,0.80821,0.80821,0.80821,0.80821
1782165060000,0.80823,0.80824,0.80823,0.80823
1782165120000,0.80826,0.80826,0.80826,0.80826
1782165180000,0.8082,0.8082,0.8082,0.8082
1782165240000,0.8082,0.8082,0.8082,0.8082
1782165300000,0.80817,0.80817,0.80817,0.80817
1782165360000,0.80818,0.80821,0.80818,0.80821
1782165420000,0.80821,0.80821,0.80821,0.80821
1782165480000,0.80835,0.80835,0.80818,0.80822
1782165540000,0.80821,0.80822,0.80821,0.80821
1782165600000,0.80825,0.80841,0.80825,0.80841
1782165660000,0.80842,0.80845,0.80842,0.80845
1782165720000,0.80844,0.80844,0.80842,0.80843
1782165780000,0.80845,0.80849,0.80845,0.80849
1782165840000,0.8085,0.80854,0.80849,0.80854
1782165900000,0.80855,0.8087,0.80853,0.80868
1782165960000,0.80867,0.80869,0.80867,0.80869
1782166020000,0.80869,0.80876,0.80869,0.80873
1782166080000,0.80871,0.80873,0.80871,0.80872
1782166140000,0.80871,0.80875,0.80871,0.80871
1782166200000,0.80871,0.80874,0.80861,0.80863
1782166260000,0.80861,0.80861,0.80858,0.8086
1782166320000,0.80861,0.80864,0.8086,0.80861
1782166380000,0.80861,0.80865,0.80858,0.80859
1782166440000,0.80862,0.80865,0.80862,0.80865
1782166500000,0.80865,0.80868,0.80865,0.80866
1782166560000,0.80865,0.80868,0.80865,0.80866
1782166620000,0.80865,0.80866,0.80864,0.80865
1782166680000,0.80865,0.80866,0.80863,0.80863
1782166740000,0.80865,0.80865,0.80864,0.80865
1782166800000,0.80863,0.80865,0.80863,0.80865
1782166860000,0.80866,0.80867,0.80865,0.80866
1782166920000,0.80869,0.8087,0.80869,0.8087
1782166980000,0.80869,0.80872,0.80869,0.8087
1782167040000,0.8087,0.80872,0.80868,0.80871
1782167100000,0.80869,0.80869,0.80868,0.80868
1782167160000,0.80868,0.8087,0.80868,0.8087
1782167220000,0.8087,0.8087,0.80869,0.80869
1782167280000,0.80869,0.80869,0.80868,0.80869
1782167340000,0.80869,0.80869,0.80866,0.80868
1782167400000,0.80866,0.80871,0.80863,0.80866
1782167460000,0.80866,0.80867,0.80866,0.80867
1782167520000,0.80867,0.80867,0.80867,0.80867
1782167580000,0.80867,0.80867,0.80866,0.80867
1782167640000,0.80869,0.80869,0.80865,0.80866
1782167700000,0.80866,0.80867,0.80865,0.80867
1782167760000,0.80869,0.8087,0.80868,0.80868
1782167820000,0.80869,0.80879,0.80868,0.80877
1782167880000,0.80877,0.80878,0.80876,0.80877
1782167940000,0.80876,0.80883,0.80876,0.8088
1782168000000,0.8088,0.80891,0.8088,0.8089
1782168060000,0.80892,0.80892,0.80888,0.80888
1782168120000,0.80887,0.80887,0.80883,0.80885
1782168180000,0.80885,0.80885,0.80883,0.80884
1782168240000,0.80883,0.80883,0.80882,0.80883
1782168300000,0.80883,0.80884,0.80883,0.80884
1782168360000,0.80884,0.80884,0.80876,0.80876
1782168420000,0.80877,0.80877,0.80876,0.80877
1782168480000,0.80876,0.80877,0.80874,0.80876
1782168540000,0.80877,0.80878,0.80877,0.80878
1782168600000,0.80877,0.80877,0.80875,0.80875
1782168660000,0.80876,0.80878,0.80876,0.80878
1782168720000,0.80877,0.80881,0.80877,0.8088
1782168780000,0.80882,0.80882,0.80878,0.80881
1782168840000,0.80879,0.80882,0.80879,0.80882
1782168900000,0.8088,0.80882,0.80878,0.80881
1782168960000,0.80881,0.80881,0.80873,0.80873
1782169020000,0.80872,0.80874,0.80868,0.80869
1782169080000,0.80866,0.8087,0.80866,0.80866
1782169140000,0.80867,0.80868,0.80865,0.80867
1782169200000,0.80868,0.8087,0.80863,0.80863
1782169260000,0.80863,0.80863,0.80859,0.80862
1782169320000,0.80861,0.80863,0.80861,0.80863
1782169380000,0.80864,0.80874,0.80864,0.80874
1782169440000,0.80873,0.80874,0.80872,0.80874
1782169500000,0.80875,0.80875,0.80868,0.80868
1782169560000,0.80868,0.80869,0.80867,0.80868
1782169620000,0.80869,0.80872,0.80869,0.80872
1782169680000,0.8087,0.80873,0.8087,0.80871
1782169740000,0.80872,0.80872,0.80871,0.80871
1782169800000,0.80869,0.80869,0.80869,0.80869
1782169860000,0.80869,0.80871,0.80869,0.80871
1782169920000,0.80871,0.80871,0.80871,0.80871
1782169980000,0.80875,0.80875,0.80873,0.80873
1782170040000,0.80873,0.80875,0.80872,0.80875
1782170100000,0.80875,0.80876,0.80875,0.80875
1782170160000,0.80873,0.80876,0.80873,0.80876
1782170220000,0.80876,0.80876,0.80873,0.80873
1782170280000,0.80872,0.80873,0.80871,0.80873
1782170340000,0.80874,0.80874,0.80874,0.80874
1782170400000,0.80875,0.80877,0.80875,0.80877
1782170460000,0.80877,0.80877,0.80877,0.80877
1782170520000,0.80878,0.80881,0.80878,0.80881
1782170580000,0.80881,0.80883,0.80881,0.80882
1782170640000,0.80884,0.80884,0.80881,0.80882
1782170700000,0.80881,0.80883,0.8088,0.8088
1782170760000,0.8088,0.8088,0.80877,0.80877
1782170820000,0.80877,0.80877,0.8087,0.8087
1782170880000,0.80871,0.80871,0.80871,0.80871
1782170940000,0.80872,0.80878,0.80872,0.80877
1782171000000,0.80878,0.8088,0.80878,0.80879
1782171060000,0.8088,0.80881,0.8088,0.80881
1782171120000,0.80881,0.80884,0.80881,0.80884
1782171180000,0.80884,0.80884,0.8088,0.8088
1782171240000,0.80881,0.80881,0.80879,0.8088
1782171300000,0.8088,0.8088,0.80878,0.80878
1782171360000,0.80878,0.80878,0.80876,0.80876
1782171420000,0.80875,0.80875,0.80874,0.80875
1782171480000,0.80873,0.80877,0.80873,0.80876
1782171540000,0.80875,0.80876,0.80875,0.80876
1782171600000,0.80876,0.80876,0.80874,0.80875
1782171660000,0.80874,0.80875,0.80872,0.80874
1782171720000,0.80873,0.80874,0.80872,0.80874
1782171780000,0.80873,0.80874,0.80873,0.80874
1782171840000,0.80876,0.80884,0.80876,0.80882
1782171900000,0.80882,0.80883,0.80882,0.80883
1782171960000,0.80883,0.80886,0.80883,0.80884
1782172020000,0.80885,0.80885,0.80878,0.80878
1782172080000,0.80879,0.80879,0.80876,0.80879
1782172140000,0.80879,0.80882,0.80878,0.80881
1782172200000,0.80881,0.80883,0.80879,0.80883
1782172260000,0.80882,0.80882,0.80877,0.80877
1782172320000,0.80877,0.80877,0.80876,0.80877
1782172380000,0.80878,0.80878,0.80877,0.80877
1782172440000,0.80877,0.80883,0.80877,0.80883
1782172500000,0.80881,0.80885,0.80881,0.80883
1782172560000,0.80883,0.80887,0.80882,0.80884
1782172620000,0.80885,0.80886,0.80884,0.80885
1782172680000,0.80884,0.80885,0.80884,0.80885
1782172740000,0.80886,0.80889,0.80877,0.80879
1782172800000,0.8088,0.80894,0.8088,0.80888
1782172860000,0.80888,0.8089,0.8088,0.80885
1782172920000,0.80885,0.80889,0.80878,0.80881
1782172980000,0.80883,0.80886,0.8088,0.80884
1782173040000,0.80884,0.8089,0.80884,0.80884
1782173100000,0.80886,0.80887,0.80883,0.80883
1782173160000,0.80884,0.80894,0.80883,0.80893
1782173220000,0.80892,0.80893,0.80887,0.80889
1782173280000,0.80891,0.80894,0.80887,0.80889
1782173340000,0.8089,0.809,0.80888,0.80899
1782173400000,0.809,0.80912,0.809,0.80911
1782173460000,0.8091,0.80913,0.80905,0.80906
1782173520000,0.80907,0.80914,0.80905,0.80911
1782173580000,0.80911,0.80915,0.80908,0.80912
1782173640000,0.80912,0.80917,0.80908,0.80914
1782173700000,0.80914,0.80914,0.80903,0.80904
1782173760000,0.80906,0.80908,0.80902,0.80905
1782173820000,0.80906,0.80906,0.809,0.809
1782173880000,0.809,0.80907,0.80895,0.80897
1782173940000,0.80897,0.80902,0.80897,0.80899
1782174000000,0.80898,0.80898,0.80887,0.80893
1782174060000,0.80893,0.80894,0.80891,0.80892
1782174120000,0.80892,0.80901,0.80891,0.80899
1782174180000,0.80898,0.80904,0.80895,0.80903
1782174240000,0.80902,0.80903,0.80896,0.80896
1782174300000,0.80896,0.80902,0.80895,0.809
1782174360000,0.80899,0.80905,0.80899,0.80901
1782174420000,0.80903,0.80905,0.80897,0.80905
1782174480000,0.80905,0.80907,0.80902,0.80903
1782174540000,0.80901,0.80901,0.80885,0.80886
1782174600000,0.80886,0.80887,0.80872,0.80872
1782174660000,0.80872,0.80873,0.80852,0.80855
1782174720000,0.80854,0.80857,0.80851,0.80854
1782174780000,0.80856,0.80867,0.80855,0.80864
1782174840000,0.80864,0.80871,0.80864,0.80871
1782174900000,0.80872,0.80874,0.80869,0.80874
1782174960000,0.80875,0.80875,0.80868,0.80872
1782175020000,0.80872,0.80875,0.80867,0.80867
1782175080000,0.80868,0.80871,0.80866,0.80868
1782175140000,0.80868,0.80869,0.80862,0.80863
1782175200000,0.80863,0.8087,0.80862,0.80869
1782175260000,0.80869,0.80873,0.80866,0.80869
1782175320000,0.80867,0.80875,0.80867,0.80874
1782175380000,0.80874,0.80874,0.8086,0.8086
1782175440000,0.80859,0.80859,0.80852,0.80854
1782175500000,0.80852,0.80854,0.80839,0.80841
1782175560000,0.80842,0.80852,0.80842,0.80852
1782175620000,0.80853,0.80854,0.80845,0.80845
1782175680000,0.80844,0.8085,0.80842,0.8085
1782175740000,0.80849,0.80851,0.80848,0.8085
1782175800000,0.80852,0.80855,0.80849,0.80851
1782175860000,0.80851,0.80856,0.8085,0.80856
1782175920000,0.80856,0.80858,0.80845,0.80849
1782175980000,0.8085,0.80851,0.80839,0.80846
1782176040000,0.80847,0.80848,0.80841,0.80844
1782176100000,0.80844,0.80855,0.80844,0.80848
1782176160000,0.8085,0.80854,0.80849,0.8085
1782176220000,0.8085,0.80861,0.80848,0.80854
1782176280000,0.80856,0.80856,0.80849,0.80852
1782176340000,0.80852,0.80858,0.80852,0.80852
1782176400000,0.80851,0.80855,0.80839,0.80854
1782176460000,0.80852,0.80862,0.80851,0.80859
1782176520000,0.80859,0.80874,0.80858,0.80872
1782176580000,0.80871,0.80871,0.80857,0.80859
1782176640000,0.80859,0.80859,0.80849,0.80857
1782176700000,0.80858,0.80866,0.80858,0.80861
1782176760000,0.80862,0.80876,0.8086,0.8087
1782176820000,0.80871,0.80876,0.80865,0.80865
1782176880000,0.80864,0.80865,0.80856,0.80864
1782176940000,0.80865,0.80866,0.80861,0.80865
1782177000000,0.80867,0.80877,0.80867,0.80876
1782177060000,0.80876,0.8088,0.80875,0.80877
1782177120000,0.80878,0.8088,0.80874,0.80878
1782177180000,0.80881,0.80882,0.80872,0.80872
1782177240000,0.80872,0.80877,0.80869,0.80876
1782177300000,0.80874,0.80882,0.80871,0.80882
1782177360000,0.8088,0.80882,0.80877,0.80878
1782177420000,0.80877,0.80889,0.80877,0.80887
1782177480000,0.80885,0.80886,0.8088,0.80883
1782177540000,0.80884,0.80889,0.8088,0.80882
1782177600000,0.80884,0.80884,0.80878,0.80882
1782177660000,0.80883,0.80883,0.80874,0.80875
1782177720000,0.80874,0.80881,0.80874,0.8088
1782177780000,0.80879,0.80882,0.80874,0.80874
1782177840000,0.80873,0.80875,0.80866,0.80874
1782177900000,0.80873,0.80873,0.80868,0.80872
1782177960000,0.80871,0.80876,0.80871,0.80873
1782178020000,0.80872,0.80879,0.80867,0.80879
1782178080000,0.80879,0.80886,0.80879,0.80886
1782178140000,0.80882,0.80885,0.8088,0.8088
1782178200000,0.80877,0.80886,0.80876,0.80879
1782178260000,0.8088,0.80885,0.80879,0.8088
1782178320000,0.8088,0.8089,0.80877,0.80886
1782178380000,0.80886,0.80892,0.80878,0.8088
1782178440000,0.80882,0.80884,0.80879,0.80882
1782178500000,0.80881,0.80885,0.80879,0.80882
1782178560000,0.8088,0.80881,0.80878,0.80878
1782178620000,0.80881,0.80881,0.80878,0.80881
1782178680000,0.80882,0.80882,0.80871,0.80874
1782178740000,0.80873,0.80875,0.80871,0.80874
1782178800000,0.80872,0.80873,0.80868,0.80871
1782178860000,0.80871,0.80875,0.80867,0.80868
1782178920000,0.80867,0.80874,0.80864,0.80864
1782178980000,0.80866,0.8087,0.80865,0.8087
1782179040000,0.80868,0.80873,0.80866,0.80866
1782179100000,0.80867,0.8088,0.80866,0.80867
1782179160000,0.80866,0.8087,0.80865,0.80867
1782179220000,0.80867,0.80875,0.80863,0.80869
1782179280000,0.8087,0.80873,0.80864,0.80866
1782179340000,0.80867,0.80867,0.80861,0.80866
1782179400000,0.80867,0.8087,0.80865,0.80867
1782179460000,0.80866,0.80866,0.8085,0.80851
1782179520000,0.8085,0.80853,0.80834,0.80834
1782179580000,0.80833,0.80842,0.80833,0.80842
1782179640000,0.80843,0.80845,0.80842,0.80844
1782179700000,0.80845,0.8085,0.80845,0.8085
1782179760000,0.80846,0.80846,0.80843,0.80846
1782179820000,0.80845,0.80847,0.80841,0.80841
1782179880000,0.8084,0.80849,0.8084,0.80849
1782179940000,0.80849,0.80852,0.80847,0.80852
1782180000000,0.80854,0.80856,0.80844,0.80847
1782180060000,0.80846,0.80853,0.80845,0.80845
1782180120000,0.80846,0.80851,0.80841,0.80844
1782180180000,0.80842,0.80843,0.80831,0.80837
1782180240000,0.80836,0.80838,0.80824,0.80829
1782180300000,0.80828,0.80832,0.80825,0.80829
1782180360000,0.80827,0.80835,0.80827,0.80834
1782180420000,0.80834,0.80836,0.80828,0.80829
1782180480000,0.80829,0.80834,0.80827,0.80834
1782180540000,0.80834,0.80836,0.8083,0.80835
1782180600000,0.80834,0.80843,0.80831,0.80842
1782180660000,0.80844,0.80847,0.8084,0.80842
1782180720000,0.80843,0.80847,0.8084,0.80841
1782180780000,0.80841,0.80843,0.80833,0.80836
1782180840000,0.80835,0.80835,0.80828,0.80831
1782180900000,0.8083,0.80831,0.80824,0.80825
1782180960000,0.80826,0.80831,0.80826,0.80829
1782181020000,0.80828,0.8083,0.80822,0.80822
1782181080000,0.80821,0.80821,0.80819,0.80821
1782181140000,0.8082,0.8082,0.80816,0.80819
1782181200000,0.80819,0.80825,0.80819,0.80825
1782181260000,0.80825,0.80825,0.80816,0.80816
1782181320000,0.80815,0.80827,0.80815,0.80827
1782181380000,0.80834,0.80841,0.80834,0.80839
1782181440000,0.80839,0.80841,0.80835,0.80836
1782181500000,0.80836,0.80839,0.80835,0.80839
1782181560000,0.8084,0.80841,0.80839,0.8084
1782181620000,0.8084,0.80846,0.80839,0.80844
1782181680000,0.80845,0.80847,0.80844,0.80845
1782181740000,0.80844,0.80847,0.80844,0.80845
1782181800000,0.80845,0.80846,0.8084,0.80844
1782181860000,0.80845,0.80847,0.80842,0.80846
1782181920000,0.80847,0.80847,0.80841,0.80841
1782181980000,0.80841,0.80847,0.8084,0.80847
1782182040000,0.80847,0.80857,0.80847,0.80856
1782182100000,0.80857,0.8086,0.8085,0.80854
1782182160000,0.80854,0.80855,0.8085,0.80854
1782182220000,0.80855,0.80855,0.80852,0.80852
1782182280000,0.80853,0.80855,0.80851,0.80855
1782182340000,0.80854,0.80855,0.80852,0.80854
1782182400000,0.80853,0.80855,0.8085,0.80854
1782182460000,0.80854,0.80856,0.80845,0.80846
1782182520000,0.80846,0.80846,0.80843,0.80845
1782182580000,0.80846,0.80849,0.80846,0.80847
1782182640000,0.80847,0.80856,0.80846,0.80855
1782182700000,0.80856,0.8086,0.80855,0.80856
1782182760000,0.80858,0.80864,0.80858,0.80864
1782182820000,0.80863,0.80871,0.80863,0.8087
1782182880000,0.8087,0.8087,0.80866,0.80866
1782182940000,0.80866,0.80871,0.80866,0.8087
1782183000000,0.80871,0.80871,0.80867,0.80867
1782183060000,0.80868,0.80871,0.80864,0.80866
1782183120000,0.80865,0.80866,0.80863,0.80863
1782183180000,0.80864,0.80866,0.8086,0.80863
1782183240000,0.80864,0.80877,0.80863,0.80874
1782183300000,0.80874,0.80876,0.80869,0.80869
1782183360000,0.80869,0.80872,0.80867,0.80872
1782183420000,0.80874,0.80878,0.80872,0.80876
1782183480000,0.80875,0.80878,0.80873,0.80873
1782183540000,0.80874,0.80876,0.80873,0.80875
1782183600000,0.80875,0.80875,0.80864,0.80869
1782183660000,0.80868,0.80869,0.80864,0.80868
1782183720000,0.80868,0.80874,0.80868,0.80872
1782183780000,0.80872,0.80874,0.80863,0.80866
1782183840000,0.80865,0.80865,0.80861,0.80862
1782183900000,0.80862,0.80866,0.80862,0.80866
1782183960000,0.80866,0.80871,0.80865,0.80869
1782184020000,0.80869,0.80875,0.80869,0.80873
1782184080000,0.80873,0.8088,0.80872,0.80878
1782184140000,0.80877,0.80886,0.80876,0.80886
1782184200000,0.80885,0.80886,0.80884,0.80886
1782184260000,0.80888,0.80892,0.80887,0.80892
1782184320000,0.80892,0.80909,0.8089,0.80904
1782184380000,0.80905,0.80905,0.8089,0.8089
1782184440000,0.8089,0.80891,0.80887,0.80891
1782184500000,0.8089,0.80894,0.80889,0.80891
1782184560000,0.80892,0.80914,0.80891,0.80911
1782184620000,0.80912,0.80918,0.80911,0.80911
1782184680000,0.80912,0.80922,0.80911,0.80913
1782184740000,0.80911,0.80917,0.80911,0.80916
1782184800000,0.80916,0.80918,0.80909,0.80909
1782184860000,0.80909,0.80913,0.80905,0.80912
1782184920000,0.80913,0.80913,0.80905,0.80905
1782184980000,0.80907,0.80907,0.80901,0.80903
1782185040000,0.80903,0.80904,0.80899,0.80899
1782185100000,0.809,0.809,0.80894,0.80894
1782185160000,0.80895,0.80895,0.80883,0.80883
1782185220000,0.80882,0.80886,0.80882,0.80884
1782185280000,0.80884,0.80884,0.80872,0.80874
1782185340000,0.80875,0.80879,0.80875,0.80878
1782185400000,0.80877,0.80886,0.80876,0.80881
1782185460000,0.80882,0.80889,0.80882,0.80888
1782185520000,0.80887,0.80889,0.80884,0.80887
1782185580000,0.80886,0.80886,0.80878,0.80884
1782185640000,0.80885,0.80887,0.80884,0.80884
1782185700000,0.80885,0.80885,0.80876,0.80879
1782185760000,0.80879,0.80885,0.80879,0.80885
1782185820000,0.80884,0.80889,0.80884,0.80886
1782185880000,0.80887,0.80888,0.80884,0.80887
1782185940000,0.80888,0.80889,0.80881,0.80881
1782186000000,0.8088,0.80884,0.80879,0.80881
1782186060000,0.80881,0.80882,0.80876,0.80879
1782186120000,0.80877,0.80881,0.80876,0.80876
1782186180000,0.80879,0.80879,0.80872,0.80872
1782186240000,0.80873,0.80875,0.80869,0.80869
1782186300000,0.80869,0.80874,0.80869,0.80874
1782186360000,0.80875,0.8088,0.80874,0.8088
1782186420000,0.8088,0.80883,0.80879,0.8088
1782186480000,0.80883,0.80884,0.8088,0.80881
1782186540000,0.8088,0.8088,0.80871,0.80875
1782186600000,0.80874,0.80874,0.8087,0.8087
1782186660000,0.80869,0.8087,0.80866,0.8087
1782186720000,0.8087,0.80871,0.80859,0.80859
1782186780000,0.80861,0.8087,0.8086,0.80868
1782186840000,0.80867,0.80869,0.80865,0.80866
1782186900000,0.80866,0.80866,0.80861,0.80864
1782186960000,0.80862,0.80866,0.8086,0.80864
1782187020000,0.80865,0.80865,0.80854,0.80854
1782187080000,0.80856,0.80856,0.80849,0.80849
1782187140000,0.80849,0.80849,0.80846,0.80849
1782187200000,0.80848,0.80848,0.80844,0.80844
1782187260000,0.80844,0.80851,0.80843,0.80851
1782187320000,0.80851,0.80853,0.80849,0.80851
1782187380000,0.80851,0.80855,0.80851,0.80854
1782187440000,0.80852,0.80852,0.80845,0.80845
1782187500000,0.80846,0.8085,0.80846,0.80849
1782187560000,0.80848,0.80853,0.80847,0.80851
1782187620000,0.80853,0.80856,0.80849,0.80855
1782187680000,0.80854,0.80854,0.80849,0.80854
1782187740000,0.80855,0.80855,0.80847,0.8085
1782187800000,0.80849,0.80854,0.80849,0.80854
1782187860000,0.80854,0.80857,0.80853,0.80855
1782187920000,0.80856,0.8086,0.80856,0.8086
1782187980000,0.80858,0.80862,0.80858,0.80861
1782188040000,0.80861,0.80866,0.80861,0.80864
1782188100000,0.80863,0.80864,0.80859,0.8086
1782188160000,0.80862,0.80872,0.80862,0.80868
1782188220000,0.80868,0.80868,0.80865,0.80865
1782188280000,0.80868,0.80871,0.80868,0.80871
1782188340000,0.80871,0.80871,0.80869,0.80871
1782188400000,0.8087,0.80874,0.80869,0.80872
1782188460000,0.80873,0.8088,0.80872,0.80878
1782188520000,0.80878,0.80884,0.80877,0.80883
1782188580000,0.80882,0.80883,0.80881,0.80883
1782188640000,0.80882,0.80887,0.8088,0.80885
1782188700000,0.80885,0.80886,0.80882,0.80883
1782188760000,0.80882,0.80882,0.8088,0.8088
1782188820000,0.80879,0.80882,0.80879,0.8088
1782188880000,0.80883,0.80884,0.8088,0.8088
1782188940000,0.8088,0.8088,0.80877,0.8088
1782189000000,0.8088,0.80892,0.8088,0.80891
1782189060000,0.80889,0.80892,0.80889,0.80892
1782189120000,0.80892,0.80896,0.80888,0.80889
1782189180000,0.80889,0.8089,0.80889,0.8089
1782189240000,0.80889,0.8089,0.80884,0.80887
1782189300000,0.80885,0.8089,0.80885,0.80887
1782189360000,0.80887,0.80888,0.80884,0.80885
1782189420000,0.80885,0.8089,0.80885,0.80888
1782189480000,0.80887,0.80896,0.80885,0.80895
1782189540000,0.80896,0.80898,0.80895,0.80897
1782189600000,0.80897,0.80897,0.8089,0.80891
1782189660000,0.80891,0.80891,0.80887,0.80889
1782189720000,0.80887,0.80889,0.80887,0.80888
1782189780000,0.80888,0.8089,0.80883,0.80884
1782189840000,0.80885,0.80885,0.80879,0.80881
1782189900000,0.80881,0.80886,0.80878,0.80886
1782189960000,0.80886,0.8089,0.80885,0.80886
1782190020000,0.80886,0.80886,0.80885,0.80885
1782190080000,0.80884,0.80885,0.80879,0.80883
1782190140000,0.80885,0.80886,0.80885,0.80885
1782190200000,0.80886,0.80886,0.80883,0.80885
1782190260000,0.80884,0.80887,0.80883,0.80884
1782190320000,0.80885,0.80891,0.80884,0.80889
1782190380000,0.80892,0.80892,0.80889,0.8089
1782190440000,0.8089,0.80896,0.8089,0.80895
1782190500000,0.80895,0.80901,0.80891,0.809
1782190560000,0.809,0.80909,0.809,0.80909
1782190620000,0.80908,0.80917,0.80904,0.80915
1782190680000,0.80916,0.80924,0.80911,0.80913
1782190740000,0.80913,0.80924,0.80913,0.80915
1782190800000,0.80916,0.80931,0.80916,0.80921
1782190860000,0.8092,0.80922,0.80913,0.80922
1782190920000,0.8092,0.8093,0.80916,0.80918
1782190980000,0.80919,0.80919,0.80906,0.80907
1782191040000,0.80906,0.80906,0.809,0.80901
1782191100000,0.809,0.80904,0.809,0.80902
1782191160000,0.80903,0.80904,0.80901,0.80901
1782191220000,0.80902,0.8091,0.80902,0.8091
1782191280000,0.8091,0.80914,0.80906,0.80914
1782191340000,0.80911,0.80922,0.80911,0.80921
1782191400000,0.80921,0.80921,0.8091,0.80914
1782191460000,0.80915,0.80919,0.80913,0.80916
1782191520000,0.80917,0.8092,0.80916,0.80917
1782191580000,0.80917,0.80921,0.80917,0.8092
1782191640000,0.80919,0.8092,0.80919,0.80919
1782191700000,0.8092,0.8092,0.80906,0.80907
1782191760000,0.80906,0.80908,0.80904,0.80904
1782191820000,0.80904,0.80904,0.80893,0.80894
1782191880000,0.80896,0.80898,0.80894,0.80896
1782191940000,0.80898,0.809,0.80896,0.80897
1782192000000,0.80897,0.80901,0.80893,0.80901
1782192060000,0.809,0.80901,0.80896,0.809
1782192120000,0.80898,0.80908,0.80897,0.80905
1782192180000,0.80905,0.80905,0.809,0.809
1782192240000,0.809,0.80904,0.809,0.80904
1782192300000,0.80904,0.80905,0.809,0.80901
1782192360000,0.80901,0.8091,0.80899,0.80908
1782192420000,0.80908,0.80912,0.80907,0.80909
1782192480000,0.80909,0.80909,0.80901,0.80906
1782192540000,0.80906,0.80907,0.80897,0.80897
1782192600000,0.80897,0.80902,0.80896,0.80897
1782192660000,0.80896,0.80899,0.80895,0.80897
1782192720000,0.80895,0.80904,0.80895,0.80898
1782192780000,0.80898,0.80899,0.80888,0.80888
1782192840000,0.80888,0.80889,0.80877,0.80878
1782192900000,0.8088,0.80885,0.80877,0.8088
1782192960000,0.80881,0.80881,0.80866,0.8087
1782193020000,0.8087,0.80874,0.80863,0.80874
1782193080000,0.80873,0.80875,0.80868,0.80873
1782193140000,0.80874,0.80876,0.80868,0.80873
1782193200000,0.80874,0.80891,0.80873,0.80886
1782193260000,0.80886,0.80893,0.80886,0.80889
1782193320000,0.8089,0.80894,0.80883,0.80885
1782193380000,0.80886,0.80888,0.80883,0.80887
1782193440000,0.80889,0.80889,0.80877,0.80879
1782193500000,0.80879,0.80895,0.80878,0.80894
1782193560000,0.80894,0.80895,0.80891,0.80893
1782193620000,0.80893,0.80902,0.8089,0.80902
1782193680000,0.80902,0.80914,0.80901,0.80907
1782193740000,0.80908,0.80908,0.80894,0.80895
1782193800000,0.80897,0.80901,0.80894,0.80896
1782193860000,0.80897,0.80901,0.80894,0.80894
1782193920000,0.80896,0.80903,0.80895,0.809
1782193980000,0.80899,0.80899,0.80877,0.80878
1782194040000,0.80877,0.80877,0.80873,0.80875
1782194100000,0.80878,0.8089,0.80877,0.80887
1782194160000,0.80888,0.80893,0.80888,0.80891
1782194220000,0.80892,0.80895,0.80886,0.80887
1782194280000,0.80887,0.80889,0.80881,0.80882
1782194340000,0.80882,0.80888,0.80882,0.80887
1782194400000,0.80889,0.80898,0.80886,0.8089
1782194460000,0.80892,0.80901,0.80891,0.80901
1782194520000,0.80902,0.80902,0.80893,0.80894
1782194580000,0.80892,0.80907,0.8089,0.80901
1782194640000,0.80899,0.80906,0.80897,0.80899
1782194700000,0.809,0.809,0.80881,0.80887
1782194760000,0.80888,0.80891,0.8088,0.8088
1782194820000,0.80881,0.80892,0.80881,0.80886
1782194880000,0.80885,0.80896,0.80881,0.80894
1782194940000,0.80895,0.80899,0.80892,0.80898
1782195000000,0.80898,0.80899,0.80887,0.80892
1782195060000,0.80891,0.80904,0.80891,0.80896
1782195120000,0.80895,0.80901,0.80895,0.809
1782195180000,0.80902,0.80902,0.80892,0.80895
1782195240000,0.80896,0.80898,0.80891,0.80893
1782195300000,0.80894,0.80907,0.80894,0.80898
1782195360000,0.80899,0.80899,0.80878,0.80878
1782195420000,0.80878,0.8088,0.80871,0.80876
1782195480000,0.80877,0.8088,0.80868,0.80869
1782195540000,0.80868,0.80875,0.80864,0.80865
1782195600000,0.80866,0.80866,0.80848,0.80849
1782195660000,0.8085,0.80855,0.80846,0.8085
1782195720000,0.80848,0.80851,0.8084,0.8084
1782195780000,0.80842,0.80848,0.80838,0.80848
1782195840000,0.80847,0.80847,0.80837,0.80838
1782195900000,0.80838,0.80864,0.80838,0.80841
1782195960000,0.80842,0.80872,0.80842,0.80871
1782196020000,0.80871,0.80876,0.80868,0.80869
1782196080000,0.80868,0.80871,0.80859,0.80863
1782196140000,0.80862,0.80871,0.8086,0.80869
1782196200000,0.80869,0.80875,0.80861,0.80874
1782196260000,0.80876,0.80891,0.80875,0.80876
1782196320000,0.80876,0.80877,0.80866,0.80868
1782196380000,0.80869,0.80871,0.80862,0.80869
1782196440000,0.8087,0.80874,0.80848,0.80849
1782196500000,0.80849,0.80849,0.80843,0.80845
1782196560000,0.80845,0.80877,0.80845,0.80861
1782196620000,0.80861,0.80863,0.80856,0.8086
1782196680000,0.80861,0.8087,0.80859,0.8087
1782196740000,0.8087,0.80885,0.80869,0.80881
1782196800000,0.80881,0.80886,0.80877,0.80885
1782196860000,0.80885,0.80886,0.80882,0.80882
1782196920000,0.80883,0.80893,0.8088,0.8088
1782196980000,0.8088,0.80887,0.80875,0.80885
1782197040000,0.80886,0.80889,0.80885,0.80888
1782197100000,0.80889,0.80903,0.80885,0.80902
1782197160000,0.80902,0.80902,0.80886,0.80892
1782197220000,0.80892,0.80901,0.80886,0.80889
1782197280000,0.8089,0.80903,0.80889,0.80902
1782197340000,0.809,0.80901,0.80894,0.80898
1782197400000,0.80898,0.80902,0.80884,0.80892
1782197460000,0.80892,0.80898,0.80891,0.80893
1782197520000,0.80894,0.80907,0.8089,0.809
1782197580000,0.80902,0.80907,0.80887,0.80887
1782197640000,0.80888,0.8089,0.80875,0.80879
1782197700000,0.8088,0.80892,0.8088,0.80891
1782197760000,0.80892,0.80902,0.80891,0.80901
1782197820000,0.80901,0.80907,0.80895,0.80905
1782197880000,0.80904,0.80908,0.80896,0.80901
1782197940000,0.80899,0.80901,0.80887,0.80898
1782198000000,0.80896,0.80908,0.80874,0.80874
1782198060000,0.80874,0.80879,0.80851,0.80865
1782198120000,0.80866,0.80877,0.80843,0.80857
1782198180000,0.80854,0.80862,0.80841,0.80845
1782198240000,0.80844,0.80846,0.80828,0.80828
1782198300000,0.80827,0.80856,0.80827,0.80856
1782198360000,0.80857,0.80859,0.80836,0.80836
1782198420000,0.80837,0.8084,0.80821,0.80823
1782198480000,0.80822,0.80824,0.80807,0.80807
1782198540000,0.80805,0.80808,0.80786,0.80791
1782198600000,0.80792,0.80797,0.80778,0.80796
1782198660000,0.80795,0.80804,0.80793,0.80804
1782198720000,0.80804,0.80808,0.80796,0.80808
1782198780000,0.80808,0.80817,0.80803,0.80815
1782198840000,0.80813,0.80821,0.80808,0.80821
1782198900000,0.80819,0.80822,0.80804,0.8082
1782198960000,0.8082,0.80829,0.80816,0.80822
1782199020000,0.80821,0.80822,0.80808,0.80815
1782199080000,0.80814,0.80816,0.80807,0.80816
1782199140000,0.80816,0.80827,0.80809,0.8081
1782199200000,0.8081,0.8081,0.80781,0.80796
1782199260000,0.80796,0.80804,0.80792,0.80796
1782199320000,0.80797,0.80807,0.80785,0.80786
1782199380000,0.80785,0.80805,0.80783,0.80791
1782199440000,0.80793,0.80814,0.80793,0.80812
1782199500000,0.80813,0.80817,0.80796,0.80803
1782199560000,0.80801,0.80811,0.80799,0.80801
1782199620000,0.80802,0.80803,0.80783,0.80786
1782199680000,0.80785,0.80787,0.80776,0.80781
1782199740000,0.80783,0.80788,0.80778,0.80785
1782199800000,0.80785,0.80805,0.80785,0.80801
1782199860000,0.80802,0.8083,0.80801,0.80817
1782199920000,0.80818,0.8083,0.80808,0.8083
1782199980000,0.80829,0.80841,0.80826,0.80841
1782200040000,0.80841,0.80843,0.80822,0.80826
1782200100000,0.80826,0.80827,0.80815,0.8082
1782200160000,0.80822,0.80831,0.80818,0.8082
1782200220000,0.80821,0.80837,0.80818,0.80833
1782200280000,0.80833,0.80845,0.80833,0.80836
1782200340000,0.80837,0.8085,0.80836,0.80836
1782200400000,0.80836,0.80844,0.80829,0.80844
1782200460000,0.80842,0.8086,0.80832,0.8086
1782200520000,0.80864,0.80891,0.80864,0.80885
1782200580000,0.80887,0.80891,0.80873,0.80875
1782200640000,0.80873,0.80885,0.80869,0.80877
1782200700000,0.80877,0.80882,0.80865,0.80881
1782200760000,0.80881,0.80884,0.80851,0.80851
1782200820000,0.8085,0.80857,0.80846,0.80852
1782200880000,0.80854,0.80855,0.80848,0.80853
1782200940000,0.80852,0.80866,0.8085,0.80853
1782201000000,0.80852,0.80897,0.80852,0.80896
1782201060000,0.80898,0.80925,0.80896,0.80912
1782201120000,0.80913,0.80937,0.8091,0.80935
1782201180000,0.80937,0.80939,0.80925,0.80925
1782201240000,0.80924,0.80924,0.80912,0.80912
1782201300000,0.80908,0.80929,0.80902,0.80926
1782201360000,0.80927,0.80932,0.80922,0.80928
1782201420000,0.80928,0.8093,0.80916,0.80918
1782201480000,0.80918,0.80923,0.80912,0.80919
1782201540000,0.80918,0.80918,0.80908,0.80915
1782201600000,0.80913,0.80945,0.80911,0.80932
1782201660000,0.80932,0.80935,0.80922,0.80928
1782201720000,0.80928,0.80938,0.80905,0.80921
1782201780000,0.8092,0.8092,0.80898,0.80899
1782201840000,0.809,0.80928,0.80893,0.80928
1782201900000,0.80927,0.80927,0.80875,0.80891
1782201960000,0.80891,0.80906,0.80888,0.80897
1782202020000,0.80896,0.80908,0.8089,0.80896
1782202080000,0.80899,0.80918,0.80899,0.80914
1782202140000,0.80916,0.80921,0.80911,0.80913
1782202200000,0.80913,0.80915,0.80901,0.80903
1782202260000,0.80902,0.80916,0.80902,0.80911
1782202320000,0.80912,0.80927,0.8091,0.80924
1782202380000,0.80924,0.80924,0.80904,0.80908
1782202440000,0.80908,0.80923,0.80906,0.80921
1782202500000,0.80921,0.80921,0.80911,0.80914
1782202560000,0.80914,0.80927,0.80912,0.8092
1782202620000,0.80921,0.80946,0.8092,0.80946
1782202680000,0.80947,0.80956,0.80942,0.80945
1782202740000,0.80947,0.80951,0.80941,0.80942
1782202800000,0.80942,0.80953,0.80934,0.80953
1782202860000,0.80949,0.80963,0.80948,0.80949
1782202920000,0.80948,0.80956,0.80945,0.80956
1782202980000,0.80955,0.80971,0.80955,0.8097
1782203040000,0.80971,0.80973,0.80961,0.80961
1782203100000,0.80963,0.80967,0.80955,0.80956
1782203160000,0.80955,0.80966,0.80947,0.80965
1782203220000,0.80964,0.80965,0.80954,0.8096
1782203280000,0.8096,0.8097,0.80956,0.80966
1782203340000,0.80966,0.80968,0.80949,0.80953
1782203400000,0.80955,0.80965,0.8095,0.80953
1782203460000,0.80953,0.80966,0.80951,0.80964
1782203520000,0.80965,0.80977,0.80965,0.80977
1782203580000,0.80976,0.8098,0.80969,0.80975
1782203640000,0.80975,0.8098,0.8097,0.80971
1782203700000,0.80972,0.80982,0.80971,0.80975
1782203760000,0.80975,0.80984,0.80971,0.80983
1782203820000,0.80984,0.80986,0.80977,0.80984
1782203880000,0.80983,0.80983,0.80967,0.80981
1782203940000,0.8098,0.80981,0.80975,0.80976
1782204000000,0.80977,0.80985,0.80975,0.80978
1782204060000,0.80977,0.80985,0.80976,0.80981
1782204120000,0.80978,0.80984,0.80977,0.80978
1782204180000,0.80978,0.80996,0.80977,0.80996
1782204240000,0.80997,0.80997,0.8099,0.80995
1782204300000,0.80995,0.80999,0.80982,0.80982
1782204360000,0.80982,0.8099,0.80982,0.80986
1782204420000,0.80987,0.8099,0.80985,0.80987
1782204480000,0.80986,0.80993,0.80979,0.80993
1782204540000,0.80995,0.80999,0.8099,0.80991
1782204600000,0.80992,0.80997,0.80988,0.80992
1782204660000,0.80993,0.81,0.80993,0.80998
1782204720000,0.80998,0.81001,0.80991,0.80995
1782204780000,0.80995,0.80995,0.80984,0.80985
1782204840000,0.80984,0.80984,0.80974,0.80984
1782204900000,0.80985,0.80986,0.80976,0.80983
1782204960000,0.80984,0.80984,0.80968,0.8097
1782205020000,0.80971,0.80977,0.80966,0.80972
1782205080000,0.80972,0.80981,0.80971,0.80981
1782205140000,0.8098,0.80982,0.80972,0.80974
1782205200000,0.80975,0.80994,0.80975,0.80981
1782205260000,0.80981,0.80984,0.80967,0.80983
1782205320000,0.80986,0.80988,0.80969,0.80978
1782205380000,0.80975,0.80988,0.80971,0.80986
1782205440000,0.80986,0.80989,0.8098,0.80984
1782205500000,0.80985,0.80987,0.80975,0.8098
1782205560000,0.8098,0.80988,0.8098,0.80985
1782205620000,0.80985,0.81001,0.80976,0.81
1782205680000,0.80998,0.81005,0.80994,0.81005
1782205740000,0.81004,0.81004,0.80996,0.81001
1782205800000,0.81001,0.81005,0.80998,0.80999
1782205860000,0.80999,0.81,0.8099,0.80991
1782205920000,0.80991,0.80999,0.8099,0.80994
1782205980000,0.80995,0.80996,0.80987,0.80989
1782206040000,0.8099,0.80996,0.80985,0.80996
1782206100000,0.80996,0.80999,0.80993,0.80994
1782206160000,0.80994,0.80994,0.80993,0.80994
1782206220000,0.80996,0.80996,0.80992,0.80993
1782206280000,0.80993,0.80994,0.80992,0.80992
1782206340000,0.80993,0.81006,0.80989,0.81006
1782206400000,0.81004,0.81006,0.80998,0.80999
1782206460000,0.81,0.81004,0.81,0.81003
1782206520000,0.81001,0.81001,0.80991,0.80993
1782206580000,0.80993,0.80996,0.80992,0.80995
1782206640000,0.80996,0.81004,0.80995,0.81004
1782206700000,0.81003,0.81016,0.81003,0.81015
1782206760000,0.81014,0.81017,0.80999,0.80999
1782206820000,0.81,0.81,0.80996,0.80999
1782206880000,0.80997,0.81,0.80996,0.80999
1782206940000,0.80998,0.81,0.80995,0.80999
1782207000000,0.80997,0.81001,0.80993,0.81001
1782207060000,0.81002,0.81006,0.80997,0.81001
1782207120000,0.81001,0.81001,0.80994,0.80995
1782207180000,0.80993,0.80999,0.80993,0.80998
1782207240000,0.80999,0.81007,0.80999,0.81005
1782207300000,0.81004,0.81004,0.80994,0.81
1782207360000,0.81,0.81001,0.80993,0.80996
1782207420000,0.80998,0.81003,0.80991,0.81003
1782207480000,0.81002,0.81006,0.81001,0.81003
1782207540000,0.81003,0.81011,0.81003,0.81003
1782207600000,0.81004,0.81015,0.81004,0.81005
1782207660000,0.81004,0.81006,0.81,0.81003
1782207720000,0.81002,0.81003,0.80993,0.80996
1782207780000,0.80995,0.80996,0.80992,0.80994
1782207840000,0.80994,0.80997,0.80993,0.80995
1782207900000,0.80995,0.81,0.80992,0.80992
1782207960000,0.80994,0.81,0.80992,0.81
1782208020000,0.80999,0.81,0.80992,0.80997
1782208080000,0.80996,0.80996,0.80975,0.80977
1782208140000,0.80978,0.80981,0.8097,0.80975
1782208200000,0.80976,0.80978,0.80974,0.80975
1782208260000,0.80975,0.80997,0.80975,0.80993
1782208320000,0.80991,0.80991,0.80981,0.80991
1782208380000,0.80991,0.80993,0.8098,0.80985
1782208440000,0.80986,0.8099,0.80981,0.8099
1782208500000,0.80989,0.80993,0.80987,0.8099
1782208560000,0.8099,0.80997,0.80986,0.80997
1782208620000,0.80996,0.80996,0.80983,0.80984
1782208680000,0.80984,0.80986,0.80975,0.80986
1782208740000,0.80986,0.80986,0.80975,0.80977
1782208800000,0.80976,0.80976,0.80964,0.80969
1782208860000,0.80968,0.80976,0.80964,0.80975
1782208920000,0.80976,0.80976,0.80968,0.80972
1782208980000,0.80973,0.80982,0.80972,0.80982
1782209040000,0.8098,0.8098,0.80962,0.8097
1782209100000,0.80969,0.80981,0.80967,0.80977
1782209160000,0.80977,0.80986,0.80976,0.80985
1782209220000,0.80987,0.80996,0.80986,0.80994
1782209280000,0.80992,0.81002,0.8099,0.81002
1782209340000,0.81004,0.81008,0.80996,0.80997
1782209400000,0.80998,0.81005,0.80997,0.81004
1782209460000,0.81007,0.81014,0.81007,0.81011
1782209520000,0.8101,0.81012,0.81003,0.81012
1782209580000,0.81013,0.81019,0.81007,0.81007
1782209640000,0.81007,0.81007,0.81002,0.81003
1782209700000,0.81004,0.81004,0.80988,0.80988
1782209760000,0.80989,0.80991,0.80985,0.8099
1782209820000,0.80991,0.80992,0.80989,0.80991
1782209880000,0.80991,0.80992,0.80987,0.80991
1782209940000,0.80992,0.81001,0.80992,0.81001
1782210000000,0.81,0.81019,0.81,0.81019
1782210060000,0.81018,0.81023,0.81013,0.81018
1782210120000,0.8102,0.81021,0.81009,0.81009
1782210180000,0.8101,0.8101,0.80998,0.81
1782210240000,0.81,0.81007,0.80999,0.81001
1782210300000,0.81002,0.81003,0.80997,0.81002
1782210360000,0.81001,0.81001,0.80993,0.81001
1782210420000,0.81001,0.81002,0.80996,0.80998
1782210480000,0.80999,0.81005,0.80997,0.81003
1782210540000,0.81003,0.81003,0.80999,0.81001
1782210600000,0.81002,0.8101,0.80996,0.80996
1782210660000,0.80998,0.81005,0.80997,0.80998
1782210720000,0.80997,0.80999,0.80984,0.80992
1782210780000,0.80993,0.80994,0.80981,0.80983
1782210840000,0.80984,0.80985,0.80976,0.80981
1782210900000,0.80981,0.80984,0.8098,0.80984
1782210960000,0.80983,0.80989,0.80979,0.80988
1782211020000,0.80989,0.80994,0.80986,0.80994
1782211080000,0.80993,0.80996,0.80983,0.80985
1782211140000,0.80986,0.80986,0.8098,0.80982
1782211200000,0.80982,0.80982,0.80973,0.80977
1782211260000,0.80976,0.80976,0.80968,0.80972
1782211320000,0.80972,0.80977,0.80972,0.80976
1782211380000,0.80976,0.8098,0.80975,0.8098
1782211440000,0.8098,0.80984,0.8098,0.80983
1782211500000,0.80984,0.80984,0.80968,0.80968
1782211560000,0.8097,0.80989,0.80969,0.80989
1782211620000,0.80988,0.80996,0.80988,0.8099
1782211680000,0.8099,0.80998,0.80985,0.80997
1782211740000,0.80996,0.81008,0.80995,0.81001
1782211800000,0.81002,0.81003,0.80997,0.80998
1782211860000,0.81,0.81018,0.81,0.81009
1782211920000,0.8101,0.81018,0.81006,0.81015
1782211980000,0.81017,0.81032,0.81015,0.81016
1782212040000,0.81015,0.81028,0.81014,0.81028
1782212100000,0.81028,0.81028,0.81017,0.81021
1782212160000,0.81022,0.81023,0.81013,0.8102
1782212220000,0.81021,0.81021,0.81012,0.81012
1782212280000,0.81013,0.81013,0.81006,0.81007
1782212340000,0.81006,0.81007,0.80996,0.81002
1782212400000,0.81002,0.81002,0.80993,0.80997
1782212460000,0.80997,0.8101,0.80992,0.81006
1782212520000,0.81006,0.81009,0.80992,0.80995
1782212580000,0.80996,0.81,0.8099,0.81
1782212640000,0.80999,0.81012,0.80998,0.81009
1782212700000,0.81008,0.81012,0.81002,0.81005
1782212760000,0.81006,0.81006,0.80988,0.80988
1782212820000,0.80987,0.80996,0.80987,0.80995
1782212880000,0.80994,0.80994,0.80978,0.80983
1782212940000,0.80982,0.80989,0.80977,0.80984
1782213000000,0.80984,0.80987,0.80978,0.8098
1782213060000,0.80981,0.80981,0.80975,0.80975
1782213120000,0.80976,0.80977,0.80961,0.80963
1782213180000,0.80963,0.80963,0.80949,0.80956
1782213240000,0.80957,0.80959,0.80947,0.80948
1782213300000,0.80947,0.80959,0.80946,0.80956
1782213360000,0.80955,0.80959,0.80947,0.80948
1782213420000,0.80948,0.80956,0.80947,0.80955
1782213480000,0.80954,0.80961,0.80952,0.80958
1782213540000,0.80958,0.8096,0.80956,0.80956
1782213600000,0.80957,0.80964,0.80928,0.80936
1782213660000,0.80937,0.80954,0.80934,0.80953
1782213720000,0.80953,0.80961,0.8095,0.80954
1782213780000,0.80954,0.80959,0.80949,0.80957
1782213840000,0.80956,0.8097,0.80956,0.8096
1782213900000,0.8096,0.8097,0.8096,0.80962
1782213960000,0.80961,0.80964,0.80956,0.80962
1782214020000,0.80961,0.80961,0.80951,0.80952
1782214080000,0.80953,0.80955,0.80947,0.80955
1782214140000,0.80954,0.80962,0.80954,0.80961
1782214200000,0.8096,0.80966,0.80957,0.80963
1782214260000,0.80963,0.80984,0.80963,0.80971
1782214320000,0.80968,0.80974,0.80967,0.80972
1782214380000,0.80972,0.80973,0.80968,0.80969
1782214440000,0.80969,0.80976,0.80969,0.80974
1782214500000,0.80975,0.80984,0.80973,0.80977
1782214560000,0.80977,0.80982,0.80975,0.80981
1782214620000,0.8098,0.80987,0.8098,0.80983
1782214680000,0.80984,0.80986,0.80973,0.80979
1782214740000,0.80979,0.80979,0.80964,0.80968
1782214800000,0.80967,0.80971,0.80967,0.80967
1782214860000,0.80967,0.80972,0.80962,0.80962
1782214920000,0.80961,0.80968,0.80957,0.80958
1782214980000,0.80958,0.80961,0.80955,0.80959
1782215040000,0.8096,0.80961,0.80954,0.80955
1782215100000,0.80954,0.80965,0.80952,0.80955
1782215160000,0.80956,0.80966,0.80955,0.80966
1782215220000,0.80965,0.80971,0.80963,0.8097
1782215280000,0.80971,0.80975,0.80969,0.80971
1782215340000,0.80972,0.80973,0.80966,0.80968
1782215400000,0.80969,0.8097,0.80961,0.80962
1782215460000,0.80962,0.80997,0.80957,0.8099
1782215520000,0.8099,0.80993,0.80981,0.80989
1782215580000,0.80987,0.8099,0.80984,0.80987
1782215640000,0.80988,0.80988,0.80977,0.80978
1782215700000,0.80977,0.80991,0.80977,0.80981
1782215760000,0.80982,0.80998,0.80981,0.80998
1782215820000,0.80999,0.8101,0.80998,0.8101
1782215880000,0.8101,0.81013,0.81006,0.81013
1782215940000,0.81013,0.81021,0.81011,0.81014
1782216000000,0.81013,0.81019,0.80995,0.80999
1782216060000,0.81001,0.81003,0.80976,0.80978
1782216120000,0.80978,0.8099,0.80978,0.80987
1782216180000,0.80986,0.80988,0.80977,0.80982
1782216240000,0.80981,0.80982,0.8097,0.80975
1782216300000,0.80974,0.80976,0.8097,0.80974
1782216360000,0.80975,0.80975,0.80965,0.80968
1782216420000,0.80969,0.80969,0.80956,0.80959
1782216480000,0.8096,0.8096,0.80951,0.80954
1782216540000,0.80955,0.80974,0.80954,0.80973
1782216600000,0.80973,0.80973,0.8096,0.80961
1782216660000,0.80963,0.8098,0.80963,0.80976
1782216720000,0.80975,0.80983,0.80971,0.80972
1782216780000,0.80971,0.80985,0.8097,0.80983
1782216840000,0.80982,0.80983,0.80974,0.80981
1782216900000,0.8098,0.80989,0.80973,0.80973
1782216960000,0.80973,0.80973,0.80952,0.80952
1782217020000,0.80953,0.80961,0.8095,0.8095
1782217080000,0.80954,0.80964,0.80953,0.80963
1782217140000,0.80962,0.80967,0.80957,0.80967
1782217200000,0.80969,0.80973,0.80964,0.80972
1782217260000,0.80973,0.80997,0.80973,0.80997
1782217320000,0.80995,0.81005,0.80986,0.80986
1782217380000,0.80987,0.80993,0.80981,0.80982
1782217440000,0.80983,0.80984,0.80967,0.80972
1782217500000,0.80972,0.80992,0.80972,0.80989
1782217560000,0.8099,0.80991,0.80976,0.80979
1782217620000,0.80977,0.80987,0.80977,0.80984
1782217680000,0.80985,0.80988,0.8098,0.80985
1782217740000,0.80984,0.80991,0.80984,0.80991
1782217800000,0.80989,0.80992,0.80971,0.80972
1782217860000,0.80974,0.80975,0.8095,0.80955
1782217920000,0.80954,0.80956,0.80941,0.80944
1782217980000,0.80943,0.80944,0.8093,0.80931
1782218040000,0.8093,0.80951,0.80929,0.8095
1782218100000,0.8095,0.8095,0.80935,0.80938
1782218160000,0.80938,0.80945,0.80936,0.80937
1782218220000,0.80935,0.80935,0.8092,0.80925
1782218280000,0.80925,0.80925,0.80917,0.80917
1782218340000,0.80918,0.80921,0.80911,0.80914
1782218400000,0.80913,0.80919,0.80907,0.80914
1782218460000,0.80915,0.80925,0.80912,0.80923
1782218520000,0.80923,0.80934,0.80922,0.80931
1782218580000,0.8093,0.80932,0.80921,0.8093
1782218640000,0.8093,0.80945,0.80929,0.80945
1782218700000,0.80945,0.80947,0.80926,0.8094
1782218760000,0.8094,0.80941,0.80918,0.80921
1782218820000,0.80922,0.80938,0.80918,0.80933
1782218880000,0.80933,0.80934,0.80929,0.80929
1782218940000,0.80928,0.80934,0.80917,0.80922
1782219000000,0.80922,0.80925,0.80915,0.80917
1782219060000,0.80917,0.80928,0.80906,0.80908
1782219120000,0.80912,0.8092,0.80912,0.80917
1782219180000,0.80918,0.80932,0.80913,0.80921
1782219240000,0.80921,0.80923,0.80914,0.80918
1782219300000,0.80919,0.80922,0.80906,0.80916
1782219360000,0.80916,0.80919,0.80913,0.80917
1782219420000,0.80917,0.80936,0.80917,0.80934
1782219480000,0.80934,0.80946,0.80933,0.80941
1782219540000,0.80941,0.80943,0.8092,0.80923
1782219600000,0.80923,0.80927,0.80919,0.80924
1782219660000,0.80921,0.80941,0.8092,0.80935
1782219720000,0.80934,0.80934,0.80922,0.80927
1782219780000,0.80927,0.80931,0.80915,0.80917
1782219840000,0.80916,0.80918,0.809,0.80914
1782219900000,0.80915,0.80915,0.80891,0.80892
1782219960000,0.80892,0.80896,0.8088,0.80884
1782220020000,0.80884,0.80896,0.80884,0.80886
1782220080000,0.80886,0.80894,0.80882,0.80891
1782220140000,0.8089,0.80909,0.8089,0.80895
1782220200000,0.80895,0.80915,0.80895,0.80909
1782220260000,0.80909,0.80924,0.80908,0.80924
1782220320000,0.80925,0.80929,0.8092,0.80928
1782220380000,0.80929,0.80945,0.80928,0.80945
1782220440000,0.80946,0.80959,0.80945,0.80957
1782220500000,0.80957,0.80962,0.80949,0.80949
1782220560000,0.80951,0.80958,0.80949,0.80952
1782220620000,0.80951,0.80951,0.80943,0.80946
1782220680000,0.80945,0.80946,0.80927,0.80934
1782220740000,0.80934,0.80946,0.80934,0.80935
1782220800000,0.80935,0.80941,0.80918,0.80918
1782220860000,0.80918,0.80922,0.80907,0.80907
1782220920000,0.80907,0.80909,0.80892,0.80898
1782220980000,0.80899,0.80899,0.80889,0.80893
1782221040000,0.80894,0.80896,0.80876,0.80882
1782221100000,0.80884,0.80899,0.80877,0.80896
1782221160000,0.80896,0.80897,0.80879,0.80886
1782221220000,0.80886,0.80888,0.80876,0.80886
1782221280000,0.80887,0.8089,0.80879,0.80885
1782221340000,0.80886,0.80896,0.80883,0.80883
1782221400000,0.80884,0.80892,0.80858,0.80859
1782221460000,0.80858,0.80878,0.80851,0.80866
1782221520000,0.80865,0.80866,0.80845,0.80861
1782221580000,0.8086,0.80871,0.80855,0.80862
1782221640000,0.80862,0.80866,0.80826,0.80826
1782221700000,0.80826,0.80835,0.80822,0.80824
1782221760000,0.80825,0.80825,0.80807,0.8081
1782221820000,0.80809,0.80827,0.80806,0.80816
1782221880000,0.80817,0.80823,0.80803,0.80804
1782221940000,0.80804,0.80804,0.80789,0.80789
1782222000000,0.80786,0.8079,0.80765,0.80766
1782222060000,0.80767,0.80776,0.80747,0.80752
1782222120000,0.80754,0.80771,0.80753,0.80764
1782222180000,0.80764,0.80788,0.80764,0.80774
1782222240000,0.80774,0.80789,0.80774,0.80782
1782222300000,0.80783,0.80797,0.80776,0.80779
1782222360000,0.80781,0.80787,0.80774,0.80787
1782222420000,0.80786,0.80786,0.80768,0.80776
1782222480000,0.80778,0.80782,0.8077,0.80773
1782222540000,0.80773,0.80788,0.80773,0.80786
1782222600000,0.80786,0.80809,0.80786,0.80809
1782222660000,0.80809,0.80809,0.80798,0.80804
1782222720000,0.80805,0.80823,0.80804,0.80818
1782222780000,0.80817,0.80822,0.80808,0.80819
1782222840000,0.80818,0.80823,0.80811,0.80822
1782222900000,0.80822,0.80845,0.80822,0.80845
1782222960000,0.80844,0.80856,0.80844,0.80854
1782223020000,0.80855,0.80862,0.80854,0.80856
1782223080000,0.80857,0.80862,0.8085,0.8086
1782223140000,0.80861,0.80869,0.8086,0.80864
1782223200000,0.80864,0.80875,0.8085,0.8087
1782223260000,0.80869,0.8088,0.80861,0.80877
1782223320000,0.80877,0.80881,0.80867,0.80873
1782223380000,0.80875,0.80876,0.80865,0.80876
1782223440000,0.80875,0.809,0.80868,0.80896
1782223500000,0.80895,0.8091,0.80894,0.80906
1782223560000,0.80907,0.80907,0.80893,0.80902
1782223620000,0.80906,0.8091,0.80902,0.80902
1782223680000,0.80903,0.80906,0.80889,0.80905
1782223740000,0.80905,0.80913,0.80898,0.80903
1782223800000,0.80902,0.80927,0.80902,0.80927
1782223860000,0.80927,0.80936,0.80925,0.80935
1782223920000,0.80935,0.80941,0.80926,0.80926
1782223980000,0.80927,0.80931,0.80925,0.80926
1782224040000,0.80926,0.80949,0.80918,0.80946
1782224100000,0.80947,0.80964,0.80946,0.80958
1782224160000,0.80956,0.80956,0.80937,0.80941
1782224220000,0.80941,0.80954,0.80939,0.80953
1782224280000,0.80951,0.8097,0.80951,0.80966
1782224340000,0.80968,0.80968,0.80953,0.80961
1782224400000,0.80961,0.80962,0.80955,0.8096
1782224460000,0.80961,0.80981,0.80959,0.80981
1782224520000,0.80983,0.81006,0.80983,0.80993
1782224580000,0.80993,0.80998,0.80988,0.80994
1782224640000,0.80994,0.81016,0.80994,0.81015
1782224700000,0.81015,0.8102,0.81003,0.81006
1782224760000,0.81007,0.81007,0.80994,0.80994
1782224820000,0.80993,0.80997,0.80988,0.80996
1782224880000,0.80997,0.80998,0.80986,0.80987
1782224940000,0.80988,0.80998,0.80972,0.80981
1782225000000,0.80979,0.80987,0.80975,0.80981
1782225060000,0.80982,0.80987,0.80971,0.80986
1782225120000,0.80987,0.81005,0.80986,0.81003
1782225180000,0.81003,0.81008,0.8098,0.81008
1782225240000,0.81007,0.81012,0.81002,0.81003
1782225300000,0.81004,0.81005,0.80989,0.80992
1782225360000,0.8099,0.81022,0.80989,0.8102
1782225420000,0.81019,0.81023,0.81006,0.81022
1782225480000,0.81023,0.8103,0.8102,0.81028
1782225540000,0.81027,0.81035,0.81021,0.81023
1782225600000,0.81022,0.81023,0.81016,0.81018
1782225660000,0.8102,0.81026,0.81013,0.81018
1782225720000,0.81017,0.81017,0.81002,0.81002
1782225780000,0.81001,0.81001,0.80976,0.8098
1782225840000,0.80979,0.80987,0.80975,0.80982
1782225900000,0.80983,0.80983,0.80959,0.80963
1782225960000,0.80963,0.80963,0.8094,0.80947
1782226020000,0.80945,0.80968,0.80945,0.80964
1782226080000,0.80965,0.80978,0.80962,0.80967
1782226140000,0.80969,0.80969,0.80952,0.80961
1782226200000,0.80964,0.80984,0.80964,0.80984
1782226260000,0.80983,0.80985,0.8097,0.80976
1782226320000,0.80975,0.80976,0.80958,0.8096
1782226380000,0.80959,0.80959,0.80937,0.80939
1782226440000,0.8094,0.80951,0.80937,0.80944
1782226500000,0.80947,0.80991,0.80947,0.80983
1782226560000,0.80983,0.80999,0.80966,0.80994
1782226620000,0.80995,0.80998,0.80961,0.80962
1782226680000,0.80961,0.80967,0.8095,0.8095
1782226740000,0.8095,0.80965,0.80945,0.80959
1782226800000,0.8096,0.8096,0.80946,0.80946
1782226860000,0.80948,0.80951,0.80942,0.80947
1782226920000,0.80947,0.80964,0.80923,0.80924
1782226980000,0.80924,0.80945,0.80924,0.80943
1782227040000,0.80943,0.80944,0.80927,0.80941
1782227100000,0.80941,0.80965,0.80941,0.80964
1782227160000,0.80964,0.80974,0.8096,0.80974
1782227220000,0.80974,0.80982,0.80966,0.80969
1782227280000,0.80969,0.8098,0.80969,0.80979
1782227340000,0.80981,0.80989,0.80981,0.80988
1782227400000,0.80987,0.80987,0.80975,0.80975
1782227460000,0.80975,0.80979,0.80952,0.80952
1782227520000,0.80952,0.80956,0.8095,0.80953
1782227580000,0.80954,0.80956,0.8093,0.80932
1782227640000,0.80931,0.80931,0.80916,0.8092
1782227700000,0.8092,0.8092,0.80893,0.80893
1782227760000,0.80893,0.80913,0.80891,0.80913
1782227820000,0.80913,0.80913,0.80897,0.80899
1782227880000,0.80902,0.8092,0.809,0.80919
1782227940000,0.80917,0.80922,0.80916,0.80919
1782228000000,0.8092,0.80924,0.80914,0.80919
1782228060000,0.8092,0.80931,0.80918,0.8093
1782228120000,0.80929,0.80929,0.80921,0.80924
1782228180000,0.80925,0.80942,0.80924,0.80933
1782228240000,0.80934,0.80934,0.8092,0.80927
1782228300000,0.80926,0.80927,0.80915,0.80921
1782228360000,0.80922,0.80923,0.80912,0.80914
1782228420000,0.80916,0.8092,0.80911,0.80912
1782228480000,0.80912,0.80928,0.80912,0.80926
1782228540000,0.80926,0.80945,0.80924,0.80945
1782228600000,0.80946,0.80946,0.80932,0.80934
1782228660000,0.80935,0.80945,0.8093,0.80944
1782228720000,0.80945,0.80948,0.80934,0.80934
1782228780000,0.80934,0.80937,0.80927,0.80929
1782228840000,0.80928,0.80949,0.80928,0.80946
1782228900000,0.80946,0.80951,0.80937,0.80951
1782228960000,0.80951,0.80953,0.80941,0.80953
1782229020000,0.80954,0.80959,0.80951,0.80955
1782229080000,0.80956,0.80969,0.80956,0.80961
1782229140000,0.80961,0.80977,0.80961,0.80977
1782229200000,0.80975,0.80981,0.80973,0.80978
1782229260000,0.80979,0.80988,0.80979,0.80986
1782229320000,0.80987,0.80989,0.80976,0.8098
1782229380000,0.80979,0.80987,0.80978,0.80982
1782229440000,0.80981,0.80987,0.80979,0.80982
1782229500000,0.80981,0.80988,0.80975,0.80979
1782229560000,0.8098,0.80983,0.80977,0.80979
1782229620000,0.80979,0.8098,0.8097,0.80974
1782229680000,0.80974,0.80978,0.80973,0.80977
1782229740000,0.80978,0.80994,0.80978,0.80991
1782229800000,0.80991,0.80995,0.80982,0.8099
1782229860000,0.80991,0.80993,0.80987,0.80988
1782229920000,0.80987,0.80989,0.80981,0.80981
1782229980000,0.80983,0.8099,0.80981,0.8099
1782230040000,0.8099,0.8099,0.80975,0.80976
1782230100000,0.80978,0.80982,0.80975,0.80977
1782230160000,0.80976,0.80987,0.80975,0.80986
1782230220000,0.80987,0.80994,0.80983,0.80983
1782230280000,0.80983,0.80984,0.80975,0.80984
1782230340000,0.80984,0.80985,0.80969,0.8097
1782230400000,0.8097,0.80981,0.8097,0.80976
1782230460000,0.80978,0.80984,0.80978,0.80982
1782230520000,0.80982,0.80986,0.80982,0.80985
1782230580000,0.80984,0.80984,0.80972,0.80977
1782230640000,0.80977,0.80985,0.80973,0.80979
1782230700000,0.80978,0.80981,0.80972,0.80976
1782230760000,0.80976,0.80982,0.80974,0.80977
1782230820000,0.80977,0.81008,0.80976,0.81006
1782230880000,0.81008,0.81008,0.80993,0.80993
1782230940000,0.80995,0.81001,0.80994,0.81001
1782231000000,0.80999,0.81009,0.80999,0.81002
1782231060000,0.81003,0.81006,0.81001,0.81005
1782231120000,0.81007,0.81011,0.81003,0.81004
1782231180000,0.81003,0.81009,0.80997,0.81007
1782231240000,0.81007,0.81008,0.80972,0.80973
1782231300000,0.80973,0.80985,0.80968,0.80983
1782231360000,0.80982,0.80986,0.8098,0.80983
1782231420000,0.80982,0.80984,0.80968,0.8097
1782231480000,0.80968,0.80971,0.80961,0.80963
1782231540000,0.80962,0.8097,0.80956,0.8096
1782231600000,0.80958,0.80958,0.80947,0.80953
1782231660000,0.80952,0.80962,0.80951,0.80961
1782231720000,0.8096,0.80964,0.80955,0.80958
1782231780000,0.80957,0.80962,0.80956,0.80958
1782231840000,0.80958,0.80962,0.80952,0.80956
1782231900000,0.80956,0.80959,0.80954,0.80959
1782231960000,0.8096,0.8097,0.80953,0.8097
1782232020000,0.80972,0.80972,0.80963,0.80964
1782232080000,0.80965,0.80982,0.80965,0.8098
1782232140000,0.80981,0.80988,0.80979,0.80986
1782232200000,0.80987,0.80996,0.80987,0.80996
1782232260000,0.80995,0.80999,0.80994,0.80996
1782232320000,0.80995,0.81,0.80994,0.80997
1782232380000,0.80998,0.80999,0.80995,0.80998
1782232440000,0.80999,0.81001,0.80994,0.80998
1782232500000,0.80999,0.81002,0.80997,0.81
1782232560000,0.81,0.81005,0.8099,0.80992
1782232620000,0.80992,0.80993,0.80984,0.80993
1782232680000,0.80992,0.80997,0.80992,0.80994
1782232740000,0.80993,0.80993,0.80977,0.80978
1782232800000,0.80979,0.80979,0.80971,0.80973
1782232860000,0.80973,0.80975,0.80972,0.80974
1782232920000,0.80974,0.80978,0.80974,0.80976
1782232980000,0.80976,0.80976,0.80969,0.80971
1782233040000,0.8097,0.80972,0.80966,0.80966
1782233100000,0.80967,0.80983,0.80967,0.8098
1782233160000,0.8098,0.80987,0.80976,0.80987
1782233220000,0.80987,0.80991,0.80986,0.80987
1782233280000,0.80984,0.80984,0.8097,0.80975
1782233340000,0.80975,0.80989,0.80969,0.80989
1782233400000,0.80986,0.8099,0.80986,0.80987
1782233460000,0.80988,0.80995,0.80988,0.80995
1782233520000,0.80995,0.81002,0.80995,0.80998
1782233580000,0.80999,0.8101,0.80999,0.81005
1782233640000,0.81005,0.81008,0.81002,0.81005
1782233700000,0.81005,0.81011,0.81001,0.81009
1782233760000,0.8101,0.81018,0.81006,0.81017
1782233820000,0.81017,0.81022,0.81017,0.81021
1782233880000,0.81021,0.81022,0.81017,0.81021
1782233940000,0.81021,0.81021,0.81017,0.8102
1782234000000,0.81021,0.81027,0.81021,0.81025
1782234060000,0.81028,0.81031,0.81028,0.81028
1782234120000,0.81029,0.81033,0.81026,0.81029
1782234180000,0.81032,0.81033,0.81029,0.81032
1782234240000,0.81031,0.8104,0.8103,0.81039
1782234300000,0.81038,0.8104,0.81033,0.81039
1782234360000,0.81042,0.81045,0.81038,0.8104
1782234420000,0.8104,0.8104,0.81026,0.81027
1782234480000,0.81028,0.81032,0.81026,0.81031
1782234540000,0.81031,0.81031,0.81021,0.81022
1782234600000,0.81023,0.81024,0.81016,0.81024
1782234660000,0.81024,0.81024,0.81019,0.8102
1782234720000,0.8102,0.8102,0.81015,0.81016
1782234780000,0.81017,0.81017,0.81012,0.81015
1782234840000,0.81017,0.81021,0.8101,0.81016
1782234900000,0.81016,0.81017,0.81009,0.81009
1782234960000,0.81009,0.81024,0.81009,0.81019
1782235020000,0.8102,0.81029,0.81019,0.81027
1782235080000,0.81028,0.8103,0.81025,0.81029
1782235140000,0.8103,0.81034,0.81029,0.81032
1782235200000,0.8103,0.81034,0.81029,0.81032
1782235260000,0.8103,0.81038,0.81029,0.81029
1782235320000,0.8103,0.81032,0.81029,0.81031
1782235380000,0.8103,0.8103,0.81024,0.81028
1782235440000,0.81029,0.81029,0.81025,0.81026
1782235500000,0.81026,0.81035,0.81026,0.81035
1782235560000,0.81034,0.81035,0.81029,0.81029
1782235620000,0.8103,0.81034,0.8103,0.81031
1782235680000,0.8103,0.8103,0.81025,0.81025
1782235740000,0.81026,0.81032,0.81025,0.81032
1782235800000,0.81032,0.81032,0.81028,0.81032
1782235860000,0.81033,0.81033,0.81027,0.81032
1782235920000,0.81031,0.81034,0.8103,0.8103
1782235980000,0.8103,0.81031,0.81028,0.81028
1782236040000,0.8103,0.81031,0.81019,0.8102
1782236100000,0.81021,0.81027,0.81015,0.81026
1782236160000,0.81024,0.81024,0.81019,0.81021
1782236220000,0.8102,0.8102,0.81014,0.81014
1782236280000,0.81015,0.81019,0.81014,0.81014
1782236340000,0.81014,0.81015,0.8101,0.81012
1782236400000,0.81014,0.81014,0.81007,0.81012
1782236460000,0.81012,0.81016,0.81008,0.81009
1782236520000,0.8101,0.81011,0.81006,0.81006
1782236580000,0.81007,0.81013,0.81007,0.81011
1782236640000,0.81009,0.81015,0.81009,0.81009
1782236700000,0.81011,0.81017,0.8101,0.81013
1782236760000,0.81013,0.81016,0.81013,0.81016
1782236820000,0.81014,0.81024,0.81014,0.81022
1782236880000,0.81022,0.81026,0.81021,0.81024
1782236940000,0.81023,0.81025,0.81017,0.81019
1782237000000,0.8102,0.8102,0.81015,0.81015
1782237060000,0.81015,0.8102,0.81015,0.8102
1782237120000,0.81019,0.81026,0.81017,0.81025
1782237180000,0.81026,0.81032,0.81025,0.81027
1782237240000,0.81026,0.81027,0.81017,0.81018
1782237300000,0.81018,0.8102,0.81015,0.81016
1782237360000,0.81016,0.81022,0.81014,0.81015
1782237420000,0.81017,0.81022,0.81017,0.81021
1782237480000,0.81019,0.81021,0.81014,0.81018
1782237540000,0.81019,0.81021,0.81017,0.81021
1782237600000,0.81019,0.8102,0.81014,0.81014
1782237660000,0.81013,0.81022,0.81011,0.81018
1782237720000,0.81018,0.81018,0.81012,0.81013
1782237780000,0.81013,0.81019,0.81013,0.81016
1782237840000,0.81016,0.81027,0.81016,0.81023
1782237900000,0.81023,0.81023,0.81014,0.81014
1782237960000,0.81016,0.81027,0.81016,0.81024
1782238020000,0.81025,0.81028,0.81025,0.81028
1782238080000,0.81026,0.81028,0.81019,0.81019
1782238140000,0.8102,0.81023,0.81019,0.8102
1782238200000,0.8102,0.8102,0.81013,0.81014
1782238260000,0.81014,0.81016,0.81011,0.81016
1782238320000,0.81016,0.81021,0.81015,0.81021
1782238380000,0.81022,0.81022,0.81017,0.8102
1782238440000,0.81019,0.81019,0.81011,0.81016
1782238500000,0.81017,0.81019,0.81015,0.81018
1782238560000,0.81018,0.81018,0.81013,0.81013
1782238620000,0.81012,0.81019,0.81012,0.81019
1782238680000,0.81019,0.81021,0.81018,0.81021
1782238740000,0.81021,0.81023,0.81018,0.8102
1782238800000,0.81021,0.81026,0.81019,0.81021
1782238860000,0.81023,0.81023,0.81019,0.81021
1782238920000,0.8102,0.81023,0.81015,0.81016
1782238980000,0.81016,0.81028,0.81016,0.81026
1782239040000,0.81025,0.81028,0.81024,0.81027
1782239100000,0.81027,0.8103,0.81025,0.81025
1782239160000,0.81027,0.81033,0.81026,0.81032
1782239220000,0.81032,0.81033,0.81031,0.81033
1782239280000,0.81032,0.81033,0.81031,0.81032
1782239340000,0.81033,0.81038,0.81033,0.81038
1782239400000,0.81039,0.81042,0.81039,0.81042
1782239460000,0.81042,0.81045,0.81039,0.81041
1782239520000,0.8104,0.81044,0.8104,0.81041
1782239580000,0.8104,0.8104,0.81033,0.81033
1782239640000,0.81033,0.81036,0.81033,0.81034
1782239700000,0.81034,0.81036,0.81032,0.81034
1782239760000,0.81036,0.81041,0.81033,0.81041
1782239820000,0.81041,0.81041,0.8103,0.81033
1782239880000,0.81036,0.81056,0.81035,0.81047
1782239940000,0.81049,0.81055,0.81049,0.81055
1782240000000,0.81056,0.81061,0.81052,0.81054
1782240060000,0.81053,0.81056,0.81053,0.81054
1782240120000,0.81053,0.81055,0.81049,0.8105
1782240180000,0.81054,0.81057,0.81051,0.81053
1782240240000,0.81053,0.81055,0.81049,0.81049
1782240300000,0.81049,0.81049,0.81042,0.81042
1782240360000,0.81044,0.81046,0.81042,0.81044
1782240420000,0.81045,0.81047,0.81044,0.81046
1782240480000,0.81048,0.81048,0.81042,0.81042
1782240540000,0.81044,0.81045,0.81041,0.81044
1782240600000,0.81044,0.81044,0.81029,0.81029
1782240660000,0.81027,0.81031,0.81025,0.8103
1782240720000,0.81031,0.81032,0.81027,0.81028
1782240780000,0.81027,0.81029,0.81018,0.81019
1782240840000,0.8102,0.8102,0.81015,0.81016
1782240900000,0.81015,0.81029,0.81015,0.81027
1782240960000,0.81026,0.81027,0.81019,0.8102
1782241020000,0.81021,0.81022,0.81017,0.81021
1782241080000,0.81022,0.81023,0.8101,0.8101
1782241140000,0.81011,0.81017,0.80993,0.80995
1782241200000,0.80994,0.80996,0.80988,0.80995
1782241260000,0.80995,0.81001,0.80991,0.80993
1782241320000,0.80993,0.80995,0.80993,0.80994
1782241380000,0.80993,0.80994,0.8099,0.80991
1782241440000,0.80991,0.80991,0.80976,0.80981
1782241500000,0.8098,0.8098,0.80971,0.80975
1782241560000,0.80976,0.8098,0.80965,0.80968
1782241620000,0.80968,0.80981,0.80966,0.80973
1782241680000,0.80972,0.80972,0.80963,0.80965
1782241740000,0.80964,0.80964,0.80952,0.80959
1782241800000,0.8096,0.80963,0.80955,0.80958
1782241860000,0.80957,0.80959,0.80952,0.80955
1782241920000,0.80954,0.80954,0.80952,0.80953
1782241980000,0.80953,0.80954,0.80951,0.80954
1782242040000,0.80955,0.80955,0.80951,0.80951
1782242100000,0.80951,0.8096,0.80948,0.80959
1782242160000,0.80958,0.80967,0.80958,0.80965
1782242220000,0.80964,0.80972,0.80964,0.80972
1782242280000,0.80973,0.8098,0.80973,0.80977
1782242340000,0.80977,0.8098,0.80976,0.80979
1782242400000,0.8098,0.80981,0.80975,0.80975
1782242460000,0.80976,0.80977,0.80969,0.80969
1782242520000,0.8097,0.80971,0.80967,0.80967
1782242580000,0.80969,0.80971,0.80962,0.80964
1782242640000,0.80964,0.80967,0.80964,0.80967
1782242700000,0.80966,0.80968,0.80961,0.80965
1782242760000,0.80966,0.80967,0.80964,0.80967
1782242820000,0.80967,0.80971,0.80965,0.80971
1782242880000,0.80971,0.80971,0.80969,0.80971
1782242940000,0.80969,0.80971,0.80967,0.80968
1782243000000,0.80969,0.8097,0.80961,0.80966
1782243060000,0.80965,0.80969,0.80964,0.80969
1782243120000,0.80968,0.80975,0.80967,0.80969
1782243180000,0.80967,0.80969,0.80961,0.80961
1782243240000,0.80962,0.80967,0.80961,0.80967
1782243300000,0.80967,0.80972,0.80966,0.80968
1782243360000,0.8097,0.80972,0.80968,0.80971
1782243420000,0.80972,0.8098,0.80971,0.80979
1782243480000,0.80977,0.80982,0.80974,0.80982
1782243540000,0.80982,0.80982,0.80976,0.80978
1782243600000,0.80977,0.80978,0.80976,0.80978
1782243660000,0.80977,0.80981,0.80973,0.80974
1782243720000,0.80973,0.80982,0.80973,0.80982
1782243780000,0.80981,0.80981,0.80973,0.80974
1782243840000,0.80972,0.8098,0.80971,0.80979
1782243900000,0.80977,0.80981,0.80971,0.80971
1782243960000,0.80972,0.80974,0.8097,0.80971
1782244020000,0.8097,0.80971,0.80961,0.80965
1782244080000,0.80965,0.80965,0.8096,0.80964
1782244140000,0.80963,0.80967,0.80963,0.80966
1782244200000,0.80966,0.80978,0.80964,0.80976
1782244260000,0.80974,0.80976,0.8097,0.80974
1782244320000,0.80976,0.80981,0.80976,0.8098
1782244380000,0.80977,0.80978,0.80971,0.80971
1782244440000,0.80969,0.80974,0.80966,0.80974
1782244500000,0.80974,0.80977,0.80971,0.80974
1782244560000,0.80973,0.80973,0.80969,0.8097
1782244620000,0.80971,0.80971,0.80964,0.80969
1782244680000,0.80968,0.80975,0.80967,0.80973
1782244740000,0.80974,0.80991,0.80973,0.80991
1782244800000,0.80991,0.80998,0.80989,0.80994
1782244860000,0.80993,0.80994,0.80988,0.8099
1782244920000,0.80991,0.80991,0.8098,0.80983
1782244980000,0.80982,0.80982,0.80981,0.80982
1782245040000,0.80982,0.80985,0.80981,0.80981
1782245100000,0.80981,0.80981,0.8097,0.80975
1782245160000,0.80974,0.80974,0.80969,0.80969
1782245220000,0.80971,0.80976,0.80971,0.80973
1782245280000,0.80973,0.80977,0.80973,0.80976
1782245340000,0.80977,0.80978,0.80976,0.80976
1782245400000,0.80977,0.80983,0.80977,0.80983
1782245460000,0.80982,0.80984,0.80979,0.80979
1782245520000,0.8098,0.80983,0.80979,0.80979
1782245580000,0.8098,0.80983,0.80979,0.80983
1782245640000,0.80982,0.80983,0.8098,0.80982
1782245700000,0.80983,0.80983,0.80977,0.8098
1782245760000,0.80979,0.80983,0.80979,0.80981
1782245820000,0.80981,0.80981,0.8098,0.80981
1782245880000,0.80981,0.80982,0.8098,0.8098
1782245940000,0.80978,0.80979,0.80977,0.80977
1782246000000,0.80978,0.80983,0.80978,0.80981
1782246060000,0.80982,0.80982,0.8098,0.80981
1782246120000,0.80981,0.80981,0.80981,0.80981
1782246180000,0.80982,0.80986,0.80982,0.80986
1782246240000,0.80985,0.80986,0.80977,0.80979
1782246300000,0.80978,0.80979,0.80977,0.80977
1782246360000,0.80975,0.80975,0.80972,0.80974
1782246420000,0.80973,0.80977,0.80973,0.80975
1782246480000,0.80979,0.8098,0.80978,0.8098
1782246540000,0.8098,0.80986,0.8098,0.80981
1782246600000,0.80983,0.80984,0.80982,0.80984
1782246660000,0.80983,0.80984,0.8098,0.80984
1782246720000,0.80982,0.80982,0.80979,0.8098
1782246780000,0.80981,0.80982,0.80981,0.80981
1782246840000,0.80982,0.80982,0.80978,0.80978
1782246900000,0.8098,0.80982,0.8098,0.80982
1782246960000,0.80984,0.80986,0.80984,0.80984
1782247020000,0.80985,0.80985,0.80983,0.80983
1782247080000,0.80983,0.80985,0.80983,0.80984
1782247140000,0.80984,0.80987,0.80982,0.80983
1782247200000,0.80981,0.80981,0.80978,0.80979
1782247260000,0.80978,0.80979,0.80976,0.80976
1782247320000,0.80976,0.80978,0.80976,0.80978
1782247380000,0.80977,0.80977,0.80974,0.80975
1782247440000,0.80975,0.80975,0.80974,0.80975
1782247500000,0.80976,0.80977,0.80975,0.80975
1782247560000,0.80976,0.80976,0.80974,0.80974
1782247620000,0.80975,0.80976,0.80975,0.80976
1782247680000,0.80974,0.80977,0.80974,0.80977
1782247740000,0.80977,0.80977,0.80965,0.80966
1782247800000,0.80966,0.80968,0.80966,0.80967
1782247860000,0.80967,0.80968,0.80966,0.80966
1782247920000,0.80966,0.80966,0.80956,0.80956
1782247980000,0.80958,0.80965,0.80958,0.80963
1782248040000,0.80963,0.80965,0.80958,0.8096
1782248100000,0.80959,0.80959,0.80953,0.80957
1782248160000,0.80953,0.80957,0.80938,0.80943
1782248220000,0.80944,0.80944,0.80938,0.80939
1782248280000,0.80941,0.80958,0.8094,0.80951
1782248340000,0.80951,0.80961,0.8095,0.80955
1782248400000,0.80961,0.80962,0.80927,0.80928
1782248460000,0.80924,0.80936,0.80924,0.80936
1782248520000,0.80936,0.80971,0.80931,0.80971
1782248580000,0.80979,0.80979,0.80931,0.80944
1782248640000,0.80931,0.80931,0.80931,0.80931
1782248700000,0.80931,0.80931,0.80931,0.80931
1782248760000,0.80931,0.80931,0.80931,0.80931
1782248820000,0.80924,0.80924,0.80924,0.80924
1782248880000,0.80923,0.80936,0.80923,0.80936
1782248940000,0.80937,0.80937,0.80936,0.80936
1782249000000,0.80936,0.80936,0.80927,0.80928
1782249060000,0.80933,0.80936,0.80933,0.80936
1782249120000,0.80929,0.80931,0.80929,0.80929
1782249180000,0.80924,0.80932,0.80924,0.80927
1782249240000,0.80927,0.80939,0.80927,0.80931
1782249300000,0.80932,0.8095,0.80931,0.80949
1782249360000,0.80949,0.80949,0.80935,0.80935
1782249420000,0.80944,0.80949,0.80937,0.80937
1782249480000,0.80949,0.80949,0.80949,0.80949
1782249540000,0.80935,0.80936,0.80935,0.80936
1782249600000,0.8095,0.8095,0.8095,0.8095
1782249660000,0.80936,0.80936,0.80936,0.80936
1782249720000,0.80937,0.80947,0.80937,0.80947
1782249780000,0.80945,0.80947,0.80945,0.80947
1782249840000,0.80936,0.80947,0.80936,0.80946
1782249900000,0.80936,0.80947,0.80936,0.80946
1782249960000,0.80947,0.80947,0.80936,0.80947
1782250020000,0.80948,0.8095,0.80935,0.8095
1782250080000,0.80951,0.80951,0.8095,0.8095
1782250140000,0.80949,0.8095,0.80949,0.8095
1782250200000,0.80946,0.8095,0.80946,0.8095
1782250260000,0.80941,0.80956,0.80936,0.80954
1782250320000,0.80953,0.80953,0.80936,0.8095
1782250380000,0.80949,0.8095,0.80942,0.80942
1782250440000,0.80949,0.80951,0.80938,0.80951
1782250500000,0.8095,0.80957,0.80939,0.80946
1782250560000,0.80948,0.80952,0.80937,0.8095
1782250620000,0.80949,0.80952,0.80941,0.80946
1782250680000,0.80945,0.80954,0.80938,0.80941
1782250740000,0.80942,0.80948,0.80934,0.80947
1782250800000,0.80948,0.80948,0.80935,0.80935
1782250860000,0.80936,0.80936,0.80934,0.80934
1782250920000,0.80935,0.80947,0.80935,0.80945
1782250980000,0.8094,0.8094,0.80936,0.80937
1782251040000,0.80937,0.80945,0.80934,0.80944
1782251100000,0.80944,0.80944,0.80934,0.80934
1782251160000,0.80938,0.80944,0.80934,0.80938
1782251220000,0.80937,0.80943,0.80935,0.80939
1782251280000,0.80939,0.8094,0.80938,0.80939
1782251340000,0.8094,0.80944,0.80934,0.80944
1782251400000,0.80937,0.80938,0.80935,0.80938
1782251460000,0.80938,0.80938,0.80937,0.80937
1782251520000,0.80937,0.80937,0.80936,0.80936
1782251580000,0.80937,0.80937,0.80936,0.80936
1782251640000,0.80935,0.80949,0.80935,0.80937
1782251700000,0.80937,0.80949,0.80935,0.80938
1782251760000,0.80936,0.80952,0.80932,0.80932
1782251820000,0.80932,0.80934,0.80931,0.80934
1782251880000,0.80934,0.80938,0.80932,0.80937
1782251940000,0.80934,0.8094,0.80932,0.80935
1782252000000,0.80935,0.8095,0.80919,0.80945
1782252060000,0.80946,0.80961,0.80945,0.80961
1782252120000,0.80961,0.8098,0.80961,0.80969
1782252180000,0.80969,0.8097,0.80967,0.80967
1782252240000,0.80968,0.80969,0.80964,0.80966
1782252300000,0.80966,0.80966,0.80966,0.80966
1782252360000,0.80965,0.80967,0.80965,0.80967
1782252420000,0.80968,0.80968,0.80968,0.80968
1782252480000,0.80968,0.80973,0.80968,0.80972
1782252540000,0.80973,0.80973,0.80969,0.80972
1782252600000,0.80973,0.80974,0.80968,0.80968
1782252660000,0.8097,0.80972,0.8097,0.80972
1782252720000,0.80971,0.80971,0.80969,0.80969
1782252780000,0.80968,0.80969,0.80967,0.80969
1782252840000,0.80972,0.80974,0.80972,0.80974
1782252900000,0.8097,0.80976,0.8097,0.80976
1782252960000,0.80976,0.80979,0.80976,0.80979
1782253020000,0.80979,0.8098,0.80976,0.80977
1782253080000,0.80978,0.80981,0.80975,0.80976
1782253140000,0.80975,0.80977,0.80974,0.80977
1782253200000,0.80977,0.80977,0.80973,0.80973
1782253260000,0.80974,0.80974,0.80969,0.8097
1782253320000,0.8097,0.80975,0.80969,0.80972
1782253380000,0.80973,0.80973,0.8097,0.8097
1782253440000,0.80968,0.8097,0.80959,0.80959
1782253500000,0.80958,0.80959,0.80956,0.80956
1782253560000,0.80956,0.80956,0.80949,0.80954
1782253620000,0.80955,0.80955,0.80952,0.80953
1782253680000,0.80954,0.80954,0.80952,0.80952
1782253740000,0.80955,0.8096,0.80954,0.80957
1782253800000,0.80957,0.80957,0.80949,0.80951
1782253860000,0.8095,0.80951,0.8095,0.8095
1782253920000,0.80948,0.80951,0.80948,0.80951
1782253980000,0.80951,0.80955,0.8095,0.80955
1782254040000,0.80955,0.80956,0.80954,0.80956
1782254100000,0.80955,0.80955,0.80951,0.80951
1782254160000,0.8095,0.80952,0.80949,0.8095
1782254220000,0.8095,0.80954,0.8095,0.80954
1782254280000,0.80953,0.80954,0.80951,0.80951
1782254340000,0.8095,0.8095,0.8095,0.8095
1782254400000,0.80948,0.80948,0.80942,0.80943
1782254460000,0.80943,0.80945,0.80943,0.80944
1782254520000,0.80943,0.80943,0.80935,0.80935
1782254580000,0.80936,0.80937,0.80929,0.8093
1782254640000,0.80929,0.80935,0.80928,0.80934
1782254700000,0.80933,0.80933,0.80927,0.80928
1782254760000,0.80928,0.80933,0.80928,0.8093
1782254820000,0.80933,0.80936,0.8093,0.80935
1782254880000,0.80934,0.80935,0.80933,0.80934
1782254940000,0.80934,0.80937,0.80934,0.80937
1782255000000,0.80936,0.80936,0.8093,0.8093
1782255060000,0.8093,0.80932,0.8093,0.80931
1782255120000,0.80933,0.80934,0.80928,0.80928
1782255180000,0.80928,0.80928,0.80925,0.80925
1782255240000,0.80927,0.80929,0.80927,0.80928
1782255300000,0.8093,0.80932,0.80929,0.80932
1782255360000,0.80933,0.80933,0.80932,0.80932
1782255420000,0.80933,0.80933,0.80932,0.80932
1782255480000,0.80932,0.80932,0.80932,0.80932
1782255540000,0.80932,0.80932,0.80932,0.80932
1782255600000,0.80935,0.80945,0.80935,0.80943
1782255660000,0.80942,0.80943,0.8094,0.80941
1782255720000,0.8094,0.8094,0.80932,0.80933
1782255780000,0.80933,0.80933,0.80933,0.80933
1782255840000,0.80934,0.80934,0.80932,0.80932
1782255900000,0.80932,0.80935,0.80931,0.80931
1782255960000,0.80932,0.80932,0.8093,0.8093
1782256020000,0.8093,0.80936,0.8093,0.80936
1782256080000,0.80937,0.80941,0.80936,0.8094
1782256140000,0.80942,0.80945,0.80939,0.80944
1782256200000,0.80945,0.80946,0.80942,0.80946
1782256260000,0.80946,0.80947,0.80944,0.80947
1782256320000,0.80945,0.80947,0.80945,0.80946
1782256380000,0.80947,0.80948,0.80945,0.80946
1782256440000,0.80946,0.80947,0.80945,0.80946
1782256500000,0.80947,0.80947,0.80941,0.80941
1782256560000,0.80942,0.80943,0.80942,0.80943
1782256620000,0.80942,0.80948,0.80941,0.80947
1782256680000,0.80948,0.80951,0.80948,0.80951
1782256740000,0.80951,0.80952,0.80951,0.80952
1782256800000,0.80953,0.80953,0.8095,0.80952
1782256860000,0.80951,0.80951,0.80951,0.80951
1782256920000,0.8095,0.8095,0.80948,0.80948
1782256980000,0.80948,0.80948,0.80948,0.80948
1782257040000,0.80948,0.80948,0.80948,0.80948
1782257100000,0.80949,0.80949,0.80949,0.80949
1782257160000,0.80951,0.80959,0.80951,0.80959
1782257220000,0.80959,0.80959,0.80959,0.80959
1782257280000,0.80959,0.80963,0.80959,0.80963
1782257340000,0.80962,0.80965,0.80962,0.80965
1782257400000,0.80966,0.80967,0.80963,0.80964
1782257460000,0.80964,0.80972,0.80964,0.80969
1782257520000,0.80969,0.80972,0.80962,0.80962
1782257580000,0.80963,0.80963,0.80959,0.8096
1782257640000,0.80962,0.80963,0.80962,0.80963
1782257700000,0.80963,0.80963,0.8096,0.8096
1782257760000,0.80959,0.80961,0.80957,0.80957
1782257820000,0.80957,0.80957,0.80957,0.80957
1782257880000,0.80958,0.80963,0.80958,0.80961
1782257940000,0.80961,0.80967,0.80961,0.80967
1782258000000,0.80966,0.80966,0.80965,0.80965
1782258060000,0.80963,0.80967,0.80963,0.80966
1782258120000,0.80966,0.80966,0.80961,0.80961
1782258180000,0.80963,0.80963,0.80961,0.80962
1782258240000,0.80961,0.80962,0.80955,0.80955
1782258300000,0.80955,0.80955,0.80947,0.80948
1782258360000,0.80947,0.80947,0.80938,0.80942
1782258420000,0.80943,0.80945,0.80942,0.80942
1782258480000,0.80942,0.80943,0.80938,0.80939
1782258540000,0.80939,0.80939,0.80935,0.80937
1782258600000,0.80938,0.80938,0.80931,0.80934
1782258660000,0.80935,0.80942,0.80935,0.80942
1782258720000,0.80942,0.80948,0.8094,0.80947
1782258780000,0.80947,0.80948,0.80944,0.80944
1782258840000,0.80943,0.80949,0.80943,0.80948
1782258900000,0.8095,0.80964,0.80949,0.80963
1782258960000,0.80964,0.80964,0.80961,0.80963
1782259020000,0.80963,0.80969,0.80963,0.80968
1782259080000,0.80968,0.8097,0.80963,0.80965
1782259140000,0.80963,0.80971,0.80963,0.80969
1782259200000,0.80972,0.80978,0.80963,0.80971
1782259260000,0.80972,0.80992,0.80972,0.80979
1782259320000,0.80979,0.8099,0.80975,0.80981
1782259380000,0.80981,0.80983,0.80977,0.80978
1782259440000,0.80978,0.80978,0.80964,0.80971
1782259500000,0.80969,0.80977,0.80962,0.80975
1782259560000,0.80975,0.80975,0.80965,0.80966
1782259620000,0.80964,0.8097,0.8096,0.80961
1782259680000,0.80963,0.80973,0.80963,0.8097
1782259740000,0.80971,0.80975,0.80969,0.80974
1782259800000,0.80974,0.80978,0.80972,0.80977
1782259860000,0.80977,0.80981,0.8097,0.80972
1782259920000,0.80972,0.80981,0.80972,0.80981
1782259980000,0.80981,0.81,0.80981,0.81
1782260040000,0.81,0.81,0.80995,0.80996
1782260100000,0.80996,0.80997,0.80992,0.80993
1782260160000,0.80995,0.81004,0.80994,0.80997
1782260220000,0.80996,0.81003,0.80993,0.81003
1782260280000,0.81001,0.81006,0.80999,0.80999
1782260340000,0.80999,0.81006,0.80997,0.81005
1782260400000,0.81004,0.81012,0.81001,0.81004
1782260460000,0.81003,0.81005,0.80999,0.81005
1782260520000,0.81006,0.81013,0.81006,0.81007
1782260580000,0.81008,0.81015,0.81002,0.81015
1782260640000,0.81015,0.81023,0.81015,0.81022
1782260700000,0.81022,0.81036,0.81022,0.81035
1782260760000,0.81036,0.81036,0.81017,0.81018
1782260820000,0.81018,0.81033,0.81018,0.81033
1782260880000,0.81033,0.81038,0.8103,0.81032
1782260940000,0.81031,0.81035,0.8103,0.8103
1782261000000,0.81029,0.8103,0.81025,0.81027
1782261060000,0.81028,0.81028,0.81014,0.81014
1782261120000,0.81015,0.81016,0.81011,0.81014
1782261180000,0.81013,0.81021,0.81013,0.8102
1782261240000,0.81019,0.8102,0.81012,0.81012
1782261300000,0.81012,0.81016,0.81012,0.81015
1782261360000,0.81014,0.81014,0.8101,0.81013
1782261420000,0.81014,0.81031,0.81014,0.81023
1782261480000,0.81022,0.81023,0.81019,0.81021
1782261540000,0.81022,0.81023,0.81019,0.8102
1782261600000,0.81021,0.8103,0.81019,0.8103
1782261660000,0.81029,0.81037,0.81029,0.81035
1782261720000,0.81034,0.81035,0.81026,0.81026
1782261780000,0.81027,0.81028,0.81023,0.81024
1782261840000,0.81024,0.81024,0.81018,0.8102
1782261900000,0.8102,0.81021,0.81016,0.81018
1782261960000,0.81017,0.81017,0.81005,0.81007
1782262020000,0.81009,0.8101,0.81006,0.81009
1782262080000,0.81008,0.81011,0.80995,0.80996
1782262140000,0.80997,0.80997,0.80988,0.80993
1782262200000,0.80993,0.80995,0.80988,0.80988
1782262260000,0.8099,0.8099,0.80979,0.80982
1782262320000,0.80982,0.80996,0.80982,0.80994
1782262380000,0.80994,0.80997,0.80993,0.80995
1782262440000,0.80995,0.81005,0.80992,0.80997
1782262500000,0.80997,0.81002,0.80992,0.80992
1782262560000,0.80992,0.80999,0.80991,0.80999
1782262620000,0.80999,0.81001,0.80977,0.80978
1782262680000,0.8098,0.80992,0.80979,0.80992
1782262740000,0.80992,0.81003,0.80986,0.81
1782262800000,0.80999,0.81007,0.80994,0.81006
1782262860000,0.81006,0.81011,0.81003,0.81003
1782262920000,0.81005,0.81014,0.81002,0.81004
1782262980000,0.81004,0.81038,0.81004,0.81037
1782263040000,0.81035,0.81035,0.81017,0.81019
1782263100000,0.81016,0.81016,0.80997,0.81002
1782263160000,0.81001,0.8101,0.81001,0.81007
1782263220000,0.81005,0.81005,0.80993,0.80994
1782263280000,0.80993,0.81005,0.8099,0.81005
1782263340000,0.81005,0.81014,0.81005,0.81012
1782263400000,0.81014,0.81015,0.81004,0.81006
1782263460000,0.81008,0.81011,0.81003,0.81005
1782263520000,0.81004,0.81008,0.80999,0.81001
1782263580000,0.81002,0.81007,0.80999,0.81006
1782263640000,0.81005,0.81009,0.81,0.81006
1782263700000,0.81005,0.81015,0.81004,0.81013
1782263760000,0.81014,0.81022,0.81014,0.81019
1782263820000,0.81019,0.81023,0.81015,0.81023
1782263880000,0.81025,0.81026,0.8102,0.81022
1782263940000,0.81022,0.81025,0.81017,0.81017
1782264000000,0.81015,0.8102,0.81012,0.81016
1782264060000,0.81014,0.81024,0.81014,0.81023
1782264120000,0.81021,0.81033,0.8102,0.81032
1782264180000,0.81032,0.81033,0.81026,0.81031
1782264240000,0.81031,0.81033,0.81027,0.81027
1782264300000,0.81029,0.81029,0.81014,0.81019
1782264360000,0.81018,0.81021,0.81014,0.81015
1782264420000,0.81016,0.81021,0.81016,0.8102
1782264480000,0.8102,0.81022,0.81019,0.8102
1782264540000,0.81021,0.81022,0.81011,0.81012
1782264600000,0.81014,0.8102,0.81008,0.81008
1782264660000,0.81009,0.81013,0.81004,0.81011
1782264720000,0.8101,0.81014,0.81001,0.81002
1782264780000,0.81003,0.81003,0.80986,0.80992
1782264840000,0.80993,0.81001,0.80993,0.80996
1782264900000,0.80995,0.81009,0.80995,0.81009
1782264960000,0.81008,0.81013,0.81007,0.8101
1782265020000,0.81008,0.81012,0.81007,0.81008
1782265080000,0.8101,0.81012,0.81002,0.81003
1782265140000,0.81003,0.81008,0.81002,0.81003
1782265200000,0.81001,0.81001,0.80993,0.80996
1782265260000,0.80995,0.80995,0.80989,0.80989
1782265320000,0.80991,0.80994,0.80985,0.80985
1782265380000,0.80985,0.80985,0.80978,0.80981
1782265440000,0.8098,0.80989,0.8098,0.80988
1782265500000,0.80989,0.80998,0.80987,0.80993
1782265560000,0.80994,0.80996,0.80989,0.80991
1782265620000,0.80992,0.80995,0.8099,0.80993
1782265680000,0.80995,0.80998,0.80993,0.80995
1782265740000,0.80996,0.80996,0.80988,0.80988
1782265800000,0.80989,0.8099,0.80984,0.80985
1782265860000,0.80985,0.80991,0.80985,0.8099
1782265920000,0.8099,0.80994,0.80989,0.80993
1782265980000,0.80991,0.80993,0.80985,0.80985
1782266040000,0.80986,0.80986,0.80982,0.80982
1782266100000,0.80982,0.80985,0.8098,0.80982
1782266160000,0.80983,0.80985,0.80979,0.80985
1782266220000,0.80984,0.80984,0.80977,0.80978
1782266280000,0.80979,0.80979,0.80969,0.8097
1782266340000,0.8097,0.80972,0.80968,0.80971
1782266400000,0.80971,0.80979,0.8097,0.80978
1782266460000,0.80978,0.80983,0.80977,0.8098
1782266520000,0.8098,0.80983,0.80979,0.80983
1782266580000,0.80983,0.80987,0.80983,0.80987
1782266640000,0.80986,0.80988,0.80978,0.80979
1782266700000,0.80978,0.80981,0.80977,0.80981
1782266760000,0.80982,0.80986,0.80979,0.80986
1782266820000,0.80987,0.80992,0.8098,0.80991
1782266880000,0.8099,0.8099,0.80983,0.80983
1782266940000,0.80983,0.80983,0.80974,0.80978
1782267000000,0.80977,0.80977,0.80974,0.80975
1782267060000,0.80974,0.80979,0.80973,0.80976
1782267120000,0.80979,0.80979,0.80976,0.80978
1782267180000,0.80978,0.80978,0.80969,0.80972
1782267240000,0.80973,0.80973,0.80969,0.8097
1782267300000,0.80971,0.80971,0.80967,0.80967
1782267360000,0.80968,0.80971,0.80964,0.80964
1782267420000,0.80964,0.80981,0.80964,0.80981
1782267480000,0.80981,0.80986,0.80981,0.80984
1782267540000,0.80983,0.80983,0.80975,0.80979
1782267600000,0.80977,0.80983,0.80977,0.80981
1782267660000,0.80982,0.80985,0.80981,0.80983
1782267720000,0.80982,0.80985,0.80982,0.80982
1782267780000,0.80983,0.80987,0.80982,0.80987
1782267840000,0.80987,0.80989,0.80985,0.80988
1782267900000,0.80987,0.80987,0.80981,0.80981
1782267960000,0.80982,0.80986,0.80981,0.80983
1782268020000,0.80984,0.80985,0.80975,0.80976
1782268080000,0.80976,0.80985,0.80976,0.80985
1782268140000,0.80984,0.80985,0.80983,0.80984
1782268200000,0.80983,0.80987,0.8098,0.80986
1782268260000,0.80986,0.80987,0.8098,0.80982
1782268320000,0.80982,0.80988,0.80982,0.80986
1782268380000,0.80986,0.80986,0.80978,0.80978
1782268440000,0.80979,0.8098,0.80975,0.80979
1782268500000,0.80981,0.80981,0.80979,0.80979
1782268560000,0.8098,0.80982,0.80979,0.80981
1782268620000,0.80984,0.80989,0.8098,0.80984
1782268680000,0.80982,0.80987,0.80982,0.80987
1782268740000,0.80987,0.81001,0.80987,0.80994
1782268800000,0.80995,0.81001,0.80984,0.80988
1782268860000,0.80989,0.80997,0.80989,0.80997
1782268920000,0.80998,0.80998,0.80992,0.80994
1782268980000,0.80993,0.81,0.80992,0.80998
1782269040000,0.80998,0.81002,0.80997,0.80999
1782269100000,0.80999,0.8101,0.80999,0.81005
1782269160000,0.81006,0.81008,0.81003,0.81007
1782269220000,0.81008,0.81013,0.81008,0.81011
1782269280000,0.8101,0.81012,0.81005,0.81005
1782269340000,0.81006,0.81011,0.81006,0.81009
1782269400000,0.81009,0.81018,0.81006,0.81018
1782269460000,0.81019,0.81025,0.8101,0.81011
1782269520000,0.8101,0.81012,0.81002,0.81004
1782269580000,0.81004,0.8101,0.81002,0.8101
1782269640000,0.81009,0.8101,0.81007,0.81009
1782269700000,0.81012,0.81023,0.81012,0.81018
1782269760000,0.81017,0.81017,0.8101,0.81011
1782269820000,0.81011,0.81023,0.81011,0.81022
1782269880000,0.81026,0.8104,0.81026,0.81039
1782269940000,0.8104,0.81049,0.81039,0.81044
1782270000000,0.81044,0.81049,0.81036,0.81042
1782270060000,0.81041,0.81045,0.81037,0.81044
1782270120000,0.81044,0.81045,0.81035,0.81036
1782270180000,0.81035,0.81049,0.81035,0.81048
1782270240000,0.81049,0.81071,0.81046,0.81071
1782270300000,0.8107,0.81079,0.81067,0.81077
1782270360000,0.81076,0.81103,0.81075,0.81101
1782270420000,0.811,0.811,0.81093,0.81096
1782270480000,0.81097,0.811,0.81092,0.81099
1782270540000,0.811,0.81101,0.81078,0.81083
1782270600000,0.81082,0.81094,0.81082,0.81092
1782270660000,0.8109,0.8109,0.81082,0.81082
1782270720000,0.81083,0.81091,0.81081,0.81087
1782270780000,0.81086,0.81086,0.81073,0.81076
1782270840000,0.81074,0.81088,0.81072,0.81087
1782270900000,0.81088,0.81095,0.81083,0.81084
1782270960000,0.81084,0.81102,0.81083,0.81098
1782271020000,0.81097,0.81098,0.81091,0.81092
1782271080000,0.81093,0.81093,0.81087,0.81088
1782271140000,0.81088,0.81089,0.81077,0.81077
1782271200000,0.81076,0.81084,0.81076,0.81083
1782271260000,0.81084,0.81093,0.81083,0.81088
1782271320000,0.81087,0.81089,0.81084,0.81089
1782271380000,0.81089,0.81093,0.81089,0.81091
1782271440000,0.81092,0.81101,0.81092,0.811
1782271500000,0.811,0.81102,0.81097,0.81098
1782271560000,0.81098,0.81103,0.81097,0.81102
1782271620000,0.811,0.81103,0.81098,0.811
1782271680000,0.811,0.81103,0.81087,0.81087
1782271740000,0.81087,0.81087,0.81067,0.81067
1782271800000,0.81067,0.81074,0.81064,0.8107
1782271860000,0.81071,0.81074,0.81069,0.81074
1782271920000,0.81072,0.81078,0.81069,0.8107
1782271980000,0.81072,0.81076,0.81069,0.81069
1782272040000,0.81069,0.81075,0.81067,0.81067
1782272100000,0.81067,0.81072,0.81066,0.81069
1782272160000,0.81069,0.81073,0.81062,0.81062
1782272220000,0.8106,0.81063,0.81056,0.81059
1782272280000,0.8106,0.81063,0.81053,0.81053
1782272340000,0.81054,0.81054,0.81047,0.81049
1782272400000,0.81051,0.81053,0.81046,0.8105
1782272460000,0.8105,0.8105,0.81037,0.8104
1782272520000,0.81038,0.81039,0.81033,0.81033
1782272580000,0.81035,0.81035,0.8101,0.81014
1782272640000,0.81015,0.8102,0.81013,0.8102
1782272700000,0.81019,0.81022,0.81017,0.81021
1782272760000,0.81021,0.81023,0.81018,0.81021
1782272820000,0.81022,0.81023,0.81019,0.81021
1782272880000,0.81021,0.81021,0.81017,0.81019
1782272940000,0.8102,0.81021,0.81017,0.81017
1782273000000,0.81019,0.81019,0.81014,0.81016
1782273060000,0.81015,0.81016,0.81009,0.81009
1782273120000,0.8101,0.81012,0.8101,0.81011
1782273180000,0.81011,0.81017,0.81006,0.81016
1782273240000,0.81017,0.81017,0.81014,0.81016
1782273300000,0.81017,0.8102,0.81014,0.81016
1782273360000,0.81015,0.81015,0.81013,0.81013
1782273420000,0.81013,0.81017,0.81011,0.81011
1782273480000,0.81013,0.81027,0.81013,0.81027
1782273540000,0.81026,0.81026,0.81023,0.81023
1782273600000,0.81025,0.81026,0.81022,0.81025
1782273660000,0.81025,0.81031,0.81025,0.8103
1782273720000,0.81031,0.81042,0.81031,0.81041
1782273780000,0.8104,0.81042,0.81039,0.81041
1782273840000,0.81041,0.81044,0.81038,0.81038
1782273900000,0.81041,0.81044,0.81038,0.81044
1782273960000,0.81045,0.8105,0.81045,0.81049
1782274020000,0.81047,0.81047,0.81042,0.81047
1782274080000,0.81047,0.81054,0.81047,0.81052
1782274140000,0.81051,0.81056,0.81051,0.81056
1782274200000,0.81056,0.81057,0.81055,0.81057
1782274260000,0.81057,0.81057,0.81048,0.81049
1782274320000,0.81051,0.81055,0.81046,0.81053
1782274380000,0.8105,0.81051,0.81043,0.81043
1782274440000,0.81043,0.81043,0.81038,0.81039
1782274500000,0.81039,0.81039,0.81033,0.81033
1782274560000,0.81034,0.81036,0.81029,0.81032
1782274620000,0.81032,0.81032,0.81027,0.81028
1782274680000,0.81028,0.81034,0.81027,0.81032
1782274740000,0.81032,0.81035,0.81029,0.81029
1782274800000,0.81029,0.8103,0.81027,0.81028
1782274860000,0.8103,0.8103,0.81025,0.81026
1782274920000,0.81027,0.81031,0.81026,0.81031
1782274980000,0.81029,0.81033,0.81026,0.81032
1782275040000,0.81033,0.81033,0.81025,0.81028
1782275100000,0.81028,0.81029,0.81018,0.81018
1782275160000,0.81018,0.81018,0.81013,0.81015
1782275220000,0.81016,0.81017,0.81009,0.8101
1782275280000,0.8101,0.8102,0.81008,0.8102
1782275340000,0.8102,0.81032,0.81019,0.8103
1782275400000,0.81031,0.81031,0.81028,0.81031
1782275460000,0.81031,0.81032,0.81024,0.81026
1782275520000,0.81026,0.81027,0.81022,0.81025
1782275580000,0.81027,0.81029,0.81026,0.81027
1782275640000,0.81025,0.81026,0.81022,0.81026
1782275700000,0.81026,0.81028,0.81025,0.81027
1782275760000,0.81024,0.81038,0.81022,0.81038
1782275820000,0.81039,0.81041,0.81039,0.81041
1782275880000,0.8104,0.81041,0.81038,0.81038
1782275940000,0.8104,0.8104,0.81038,0.81039
1782276000000,0.81038,0.81038,0.81032,0.81032
1782276060000,0.81032,0.81035,0.81031,0.81032
1782276120000,0.81033,0.81034,0.8103,0.81034
1782276180000,0.81036,0.8104,0.81036,0.81038
1782276240000,0.81039,0.81052,0.81038,0.81052
1782276300000,0.8105,0.81059,0.81047,0.81055
1782276360000,0.81055,0.81057,0.81051,0.81056
1782276420000,0.81057,0.81059,0.81055,0.81057
1782276480000,0.81057,0.81062,0.81056,0.81061
1782276540000,0.8106,0.81064,0.8106,0.81064
1782276600000,0.81064,0.8107,0.81064,0.81068
1782276660000,0.81066,0.81067,0.81058,0.81061
1782276720000,0.81061,0.81067,0.8106,0.81067
1782276780000,0.81067,0.81077,0.81066,0.81077
1782276840000,0.81076,0.81081,0.81075,0.81081
1782276900000,0.81079,0.81079,0.8107,0.8107
1782276960000,0.8107,0.81071,0.81069,0.8107
1782277020000,0.81069,0.8107,0.81067,0.81069
1782277080000,0.81069,0.81076,0.81069,0.81076
1782277140000,0.81075,0.81075,0.81074,0.81075
1782277200000,0.81074,0.81081,0.8107,0.8108
1782277260000,0.8108,0.81081,0.81071,0.81071
1782277320000,0.81072,0.81082,0.81072,0.81077
1782277380000,0.81076,0.81082,0.81076,0.81081
1782277440000,0.81081,0.81083,0.81079,0.81083
1782277500000,0.81085,0.81091,0.81084,0.81086
1782277560000,0.81087,0.81089,0.8108,0.8108
1782277620000,0.8108,0.81081,0.81077,0.81077
1782277680000,0.81076,0.81076,0.81063,0.81067
1782277740000,0.81067,0.81068,0.81059,0.81059
1782277800000,0.8106,0.81065,0.81059,0.8106
1782277860000,0.8106,0.8106,0.81048,0.8105
1782277920000,0.81049,0.81062,0.81049,0.81061
1782277980000,0.8106,0.81064,0.81058,0.81063
1782278040000,0.81064,0.81067,0.8106,0.8106
1782278100000,0.8106,0.81065,0.81059,0.8106
1782278160000,0.8106,0.81066,0.8105,0.81059
1782278220000,0.81059,0.81061,0.81056,0.81057
1782278280000,0.81058,0.81059,0.81057,0.81058
1782278340000,0.81059,0.81061,0.81051,0.81055
1782278400000,0.81055,0.81068,0.81055,0.81066
1782278460000,0.81065,0.8107,0.81065,0.81065
1782278520000,0.81066,0.81071,0.81063,0.81071
1782278580000,0.8107,0.81074,0.81064,0.81065
1782278640000,0.81067,0.81068,0.81064,0.81066
1782278700000,0.81066,0.81071,0.81062,0.81069
1782278760000,0.8107,0.8107,0.81064,0.81065
1782278820000,0.81065,0.81067,0.81061,0.81061
1782278880000,0.8106,0.8107,0.81059,0.81069
1782278940000,0.8107,0.81074,0.8107,0.81071
1782279000000,0.81068,0.81072,0.81065,0.81066
1782279060000,0.81067,0.81069,0.81062,0.81064
1782279120000,0.81065,0.81065,0.81059,0.81061
1782279180000,0.81061,0.81065,0.81059,0.81064
1782279240000,0.81063,0.81073,0.81059,0.81069
1782279300000,0.81069,0.8107,0.81068,0.81069
1782279360000,0.81072,0.81075,0.8107,0.81074
1782279420000,0.81078,0.81081,0.81072,0.81075
1782279480000,0.81074,0.81075,0.81074,0.81074
1782279540000,0.81074,0.81078,0.81073,0.81075
1782279600000,0.81077,0.81085,0.81075,0.81084
1782279660000,0.81085,0.81087,0.81081,0.81086
1782279720000,0.81086,0.81088,0.81077,0.81078
1782279780000,0.8108,0.81086,0.81079,0.81085
1782279840000,0.81082,0.81093,0.81082,0.81091
1782279900000,0.81091,0.81094,0.81081,0.81081
1782279960000,0.8108,0.8108,0.81067,0.81077
1782280020000,0.81077,0.81077,0.81061,0.81061
1782280080000,0.8106,0.81066,0.8106,0.81065
1782280140000,0.81066,0.81077,0.81065,0.81077
1782280200000,0.81077,0.8108,0.81075,0.81078
1782280260000,0.8108,0.81093,0.81079,0.81093
1782280320000,0.81093,0.81094,0.8109,0.81092
1782280380000,0.8109,0.81098,0.8109,0.8109
1782280440000,0.81093,0.81094,0.81087,0.81088
1782280500000,0.81089,0.81097,0.81077,0.81084
1782280560000,0.81084,0.81089,0.8108,0.81089
1782280620000,0.81089,0.81089,0.81083,0.81089
1782280680000,0.81089,0.8109,0.81081,0.8109
1782280740000,0.8109,0.81095,0.81088,0.8109
1782280800000,0.8109,0.81097,0.81085,0.81085
1782280860000,0.81086,0.8109,0.8108,0.81084
1782280920000,0.81085,0.81094,0.81083,0.81092
1782280980000,0.81092,0.81094,0.81089,0.8109
1782281040000,0.8109,0.81094,0.81086,0.81086
1782281100000,0.81086,0.81088,0.8108,0.81083
1782281160000,0.81085,0.81085,0.81066,0.81074
1782281220000,0.81074,0.81083,0.81071,0.81074
1782281280000,0.81072,0.81074,0.81067,0.81067
1782281340000,0.81066,0.81068,0.81055,0.81058
1782281400000,0.81057,0.81061,0.81042,0.81046
1782281460000,0.81044,0.81048,0.81039,0.81048
1782281520000,0.81048,0.8106,0.81048,0.81052
1782281580000,0.81051,0.8106,0.81051,0.81059
1782281640000,0.81059,0.81059,0.81054,0.81058
1782281700000,0.81058,0.81088,0.81058,0.81088
1782281760000,0.81088,0.81107,0.81087,0.81103
1782281820000,0.81104,0.81115,0.81099,0.81113
1782281880000,0.81112,0.81114,0.81107,0.81109
1782281940000,0.81108,0.81113,0.81101,0.81113
1782282000000,0.81112,0.81116,0.811,0.81105
1782282060000,0.81104,0.81104,0.81091,0.81092
1782282120000,0.81093,0.81095,0.81088,0.81095
1782282180000,0.81094,0.81103,0.81094,0.81103
1782282240000,0.81105,0.81113,0.81104,0.81112
1782282300000,0.81113,0.8112,0.81113,0.81117
1782282360000,0.81117,0.81125,0.81116,0.81123
1782282420000,0.81125,0.8113,0.81115,0.81124
1782282480000,0.81124,0.81143,0.81123,0.81142
1782282540000,0.81141,0.81146,0.8114,0.81142
1782282600000,0.81142,0.81147,0.81136,0.81144
1782282660000,0.81144,0.81144,0.81138,0.81143
1782282720000,0.81144,0.81144,0.81137,0.81139
1782282780000,0.81137,0.81137,0.81126,0.81134
1782282840000,0.81133,0.8114,0.81129,0.81136
1782282900000,0.81135,0.81138,0.81125,0.81136
1782282960000,0.81136,0.81143,0.81134,0.81134
1782283020000,0.81135,0.81138,0.81131,0.81133
1782283080000,0.81134,0.81143,0.81131,0.81143
1782283140000,0.81143,0.81146,0.81137,0.81139
1782283200000,0.81139,0.81139,0.8113,0.81131
1782283260000,0.81132,0.81137,0.81121,0.81124
1782283320000,0.81124,0.81133,0.81122,0.81132
1782283380000,0.81132,0.81132,0.81119,0.8112
1782283440000,0.8112,0.8112,0.81109,0.81115
1782283500000,0.81117,0.81125,0.81115,0.81122
1782283560000,0.81124,0.81124,0.81112,0.81116
1782283620000,0.81116,0.8112,0.81113,0.81113
1782283680000,0.8111,0.81116,0.81107,0.81108
1782283740000,0.81108,0.81124,0.81108,0.81122
1782283800000,0.81122,0.81139,0.81122,0.81136
1782283860000,0.81137,0.81137,0.81125,0.81129
1782283920000,0.81125,0.81128,0.81124,0.81128
1782283980000,0.81127,0.81132,0.81124,0.8113
1782284040000,0.81129,0.81129,0.8112,0.81128
1782284100000,0.81126,0.81138,0.81114,0.81138
1782284160000,0.81138,0.81141,0.81134,0.81137
1782284220000,0.81137,0.81163,0.81137,0.81155
1782284280000,0.81153,0.8116,0.81151,0.81159
1782284340000,0.8116,0.81162,0.81154,0.81154
1782284400000,0.81155,0.81167,0.81147,0.81166
1782284460000,0.81166,0.81168,0.81154,0.8116
1782284520000,0.81161,0.81185,0.81157,0.81183
1782284580000,0.81183,0.81184,0.8116,0.8116
1782284640000,0.81161,0.81167,0.81144,0.81144
1782284700000,0.81143,0.81153,0.81138,0.81153
1782284760000,0.81152,0.8116,0.81144,0.81157
1782284820000,0.81157,0.81165,0.81153,0.81158
1782284880000,0.81155,0.81161,0.81147,0.8116
1782284940000,0.8116,0.8116,0.81152,0.81152
1782285000000,0.81155,0.81172,0.81155,0.81172
1782285060000,0.8117,0.81172,0.81154,0.81154
1782285120000,0.81155,0.81156,0.81144,0.81149
1782285180000,0.81152,0.81155,0.81147,0.81152
1782285240000,0.81152,0.81154,0.81146,0.81154
1782285300000,0.81155,0.81158,0.81143,0.81146
1782285360000,0.81146,0.8116,0.81143,0.8116
1782285420000,0.81158,0.81162,0.81145,0.81145
1782285480000,0.81147,0.8115,0.81144,0.8115
1782285540000,0.8115,0.81151,0.81135,0.8114
1782285600000,0.81139,0.81141,0.81133,0.8114
1782285660000,0.8114,0.81156,0.81139,0.81142
1782285720000,0.81141,0.81142,0.81136,0.81139
1782285780000,0.81141,0.81152,0.81141,0.81149
1782285840000,0.8115,0.8115,0.81143,0.81147
1782285900000,0.81146,0.81163,0.81146,0.81159
1782285960000,0.81156,0.81156,0.81139,0.81139
1782286020000,0.81139,0.81144,0.81136,0.81138
1782286080000,0.81139,0.81139,0.81124,0.81126
1782286140000,0.81128,0.81133,0.81125,0.81133
1782286200000,0.81133,0.81133,0.81125,0.81132
1782286260000,0.81132,0.81136,0.81126,0.81129
1782286320000,0.81126,0.81126,0.81113,0.81115
1782286380000,0.81114,0.81133,0.81114,0.81127
1782286440000,0.81128,0.81144,0.81125,0.81142
1782286500000,0.81141,0.81154,0.8114,0.81148
1782286560000,0.81147,0.81153,0.81146,0.81152
1782286620000,0.81154,0.81161,0.81154,0.81154
1782286680000,0.81155,0.81158,0.81147,0.81152
1782286740000,0.81153,0.81162,0.81153,0.81158
1782286800000,0.81162,0.81165,0.81136,0.81147
1782286860000,0.81147,0.81162,0.81146,0.81162
1782286920000,0.81159,0.81166,0.81157,0.81163
1782286980000,0.81162,0.81162,0.81147,0.81149
1782287040000,0.8115,0.8115,0.81141,0.81142
1782287100000,0.81144,0.81159,0.81137,0.81138
1782287160000,0.81136,0.81145,0.81135,0.81138
1782287220000,0.81135,0.81136,0.81128,0.81131
1782287280000,0.81132,0.81146,0.8113,0.81144
1782287340000,0.81144,0.81154,0.81142,0.8115
1782287400000,0.8115,0.81157,0.8115,0.81157
1782287460000,0.81156,0.81161,0.81141,0.81145
1782287520000,0.81145,0.81155,0.8114,0.8114
1782287580000,0.8114,0.81148,0.81136,0.81146
1782287640000,0.81146,0.81147,0.81129,0.81129
1782287700000,0.81132,0.81143,0.8113,0.81143
1782287760000,0.8114,0.8114,0.81136,0.81138
1782287820000,0.81136,0.81153,0.81136,0.81148
1782287880000,0.81148,0.81163,0.81147,0.81163
1782287940000,0.81162,0.81166,0.81159,0.81162
1782288000000,0.81165,0.81168,0.81148,0.81158
1782288060000,0.81159,0.81171,0.81156,0.81171
1782288120000,0.81172,0.81181,0.81171,0.8118
1782288180000,0.8118,0.8118,0.81163,0.81163
1782288240000,0.81164,0.8117,0.81155,0.81166
1782288300000,0.81169,0.81186,0.81169,0.81183
1782288360000,0.81183,0.81184,0.81168,0.81172
1782288420000,0.81171,0.81171,0.81167,0.81169
1782288480000,0.81168,0.81178,0.81168,0.81175
1782288540000,0.81176,0.81181,0.81174,0.8118
1782288600000,0.81181,0.81182,0.81178,0.81178
1782288660000,0.81178,0.81182,0.81178,0.81182
1782288720000,0.81183,0.8119,0.81182,0.81185
1782288780000,0.81185,0.81199,0.81185,0.81189
1782288840000,0.8119,0.81224,0.81189,0.81216
1782288900000,0.81218,0.81227,0.81213,0.81213
1782288960000,0.81213,0.81234,0.81208,0.81232
1782289020000,0.81234,0.81236,0.81219,0.81219
1782289080000,0.81218,0.81218,0.81206,0.8121
1782289140000,0.8121,0.81212,0.81192,0.81197
1782289200000,0.81195,0.81199,0.81182,0.81183
1782289260000,0.81183,0.81191,0.81174,0.81181
1782289320000,0.8118,0.81203,0.8118,0.81202
1782289380000,0.81201,0.81212,0.81199,0.81202
1782289440000,0.81201,0.81202,0.81188,0.81191
1782289500000,0.8119,0.81198,0.81186,0.81186
1782289560000,0.81187,0.81193,0.8118,0.81182
1782289620000,0.81181,0.81181,0.81163,0.81166
1782289680000,0.81167,0.81167,0.81152,0.81153
1782289740000,0.81156,0.81156,0.81146,0.81146
1782289800000,0.81148,0.81155,0.81141,0.81141
1782289860000,0.8114,0.81146,0.81129,0.81129
1782289920000,0.81128,0.81147,0.81128,0.81144
1782289980000,0.81145,0.81157,0.81143,0.81153
1782290040000,0.81153,0.81157,0.81141,0.81151
1782290100000,0.8115,0.81171,0.81149,0.81171
1782290160000,0.81171,0.81201,0.8117,0.81198
1782290220000,0.81199,0.81204,0.81195,0.81202
1782290280000,0.81201,0.81201,0.8119,0.81198
1782290340000,0.81199,0.81223,0.81196,0.81206
1782290400000,0.81206,0.81207,0.81196,0.812
1782290460000,0.812,0.812,0.81191,0.81191
1782290520000,0.81192,0.81192,0.81179,0.81185
1782290580000,0.81187,0.81189,0.81161,0.81161
1782290640000,0.81161,0.81163,0.81147,0.8116
1782290700000,0.81159,0.81169,0.81157,0.81168
1782290760000,0.81168,0.8117,0.8116,0.81161
1782290820000,0.81158,0.81158,0.81149,0.81151
1782290880000,0.81151,0.81154,0.81138,0.81143
1782290940000,0.81144,0.81148,0.81139,0.81145
1782291000000,0.81148,0.8115,0.81125,0.81128
1782291060000,0.81128,0.81132,0.81125,0.8113
1782291120000,0.81129,0.81151,0.81125,0.81151
1782291180000,0.81151,0.81159,0.81146,0.81146
1782291240000,0.81146,0.81147,0.81128,0.81128
1782291300000,0.81127,0.81149,0.81126,0.81148
1782291360000,0.81146,0.81159,0.81146,0.81158
1782291420000,0.81158,0.81162,0.81149,0.81154
1782291480000,0.81154,0.81158,0.81152,0.81156
1782291540000,0.81155,0.81155,0.81148,0.81148
1782291600000,0.81148,0.81154,0.8114,0.81141
1782291660000,0.81141,0.8115,0.81138,0.81148
1782291720000,0.81149,0.81191,0.81149,0.81184
1782291780000,0.81182,0.8119,0.8118,0.81188
1782291840000,0.81188,0.81196,0.81187,0.81193
1782291900000,0.81193,0.81205,0.81191,0.81192
1782291960000,0.81193,0.81194,0.81184,0.81192
1782292020000,0.81191,0.81195,0.81186,0.8119
1782292080000,0.81192,0.81194,0.81189,0.8119
1782292140000,0.8119,0.81192,0.8118,0.81191
1782292200000,0.81192,0.81197,0.8118,0.8118
1782292260000,0.8118,0.8118,0.81166,0.81175
1782292320000,0.81175,0.81175,0.81163,0.81164
1782292380000,0.81164,0.81171,0.81154,0.81158
1782292440000,0.81158,0.81159,0.81152,0.81155
1782292500000,0.81153,0.81156,0.81144,0.81151
1782292560000,0.81151,0.81166,0.8115,0.81166
1782292620000,0.81166,0.81171,0.81163,0.81171
1782292680000,0.8117,0.8117,0.81154,0.81155
1782292740000,0.81155,0.8116,0.8115,0.81151
1782292800000,0.81151,0.81164,0.81151,0.81163
1782292860000,0.81165,0.8117,0.81159,0.81167
1782292920000,0.81166,0.81181,0.81163,0.81179
1782292980000,0.81179,0.81179,0.81171,0.81177
1782293040000,0.81177,0.81188,0.81176,0.81187
1782293100000,0.81185,0.81216,0.81185,0.81204
1782293160000,0.81204,0.81218,0.81204,0.81218
1782293220000,0.81217,0.81218,0.81208,0.81215
1782293280000,0.81215,0.81215,0.81207,0.81208
1782293340000,0.81208,0.81225,0.81208,0.81216
1782293400000,0.81216,0.81216,0.81203,0.81206
1782293460000,0.81208,0.81209,0.81202,0.81209
1782293520000,0.81208,0.81229,0.81208,0.81225
1782293580000,0.81225,0.81232,0.81216,0.81232
1782293640000,0.8123,0.8123,0.81222,0.81225
1782293700000,0.81225,0.81226,0.81213,0.81215
1782293760000,0.81217,0.81222,0.81213,0.81219
1782293820000,0.81218,0.8122,0.81205,0.81205
1782293880000,0.81204,0.81208,0.81195,0.81204
1782293940000,0.81205,0.81205,0.81177,0.8118
1782294000000,0.81182,0.81184,0.81177,0.81184
1782294060000,0.81184,0.81186,0.8118,0.81181
1782294120000,0.81183,0.81186,0.8117,0.81174
1782294180000,0.81174,0.81202,0.81174,0.81201
1782294240000,0.81201,0.81203,0.81199,0.812
1782294300000,0.81202,0.81202,0.81196,0.81201
1782294360000,0.81202,0.81204,0.81193,0.81193
1782294420000,0.81193,0.81197,0.8119,0.81191
1782294480000,0.81191,0.81199,0.81191,0.81197
1782294540000,0.81196,0.81196,0.81179,0.81188
1782294600000,0.81188,0.81192,0.81188,0.81189
1782294660000,0.81188,0.81191,0.81187,0.81191
1782294720000,0.81191,0.81191,0.81185,0.81185
1782294780000,0.81184,0.81186,0.81168,0.8117
1782294840000,0.81171,0.81187,0.81171,0.81186
1782294900000,0.81185,0.81192,0.81185,0.81192
1782294960000,0.81192,0.81207,0.81192,0.81203
1782295020000,0.81203,0.81214,0.81203,0.81203
1782295080000,0.81204,0.81207,0.81198,0.81205
1782295140000,0.81204,0.81206,0.812,0.81205
1782295200000,0.81206,0.81208,0.812,0.81207
1782295260000,0.81206,0.81207,0.81199,0.81204
1782295320000,0.81204,0.81208,0.812,0.81207
1782295380000,0.81209,0.81213,0.81206,0.81206
1782295440000,0.81206,0.81211,0.81203,0.81203
1782295500000,0.81202,0.81203,0.81196,0.81197
1782295560000,0.81197,0.81216,0.81197,0.81215
1782295620000,0.81215,0.81231,0.81215,0.81231
1782295680000,0.81231,0.81233,0.81228,0.81231
1782295740000,0.81231,0.81239,0.81231,0.81239
1782295800000,0.81239,0.81253,0.81239,0.81248
1782295860000,0.81248,0.81256,0.81247,0.81249
1782295920000,0.81249,0.81249,0.81243,0.81249
1782295980000,0.81248,0.81248,0.81232,0.81232
1782296040000,0.81233,0.81239,0.81233,0.81235
1782296100000,0.81236,0.81256,0.81234,0.81251
1782296160000,0.81253,0.81253,0.81242,0.81245
1782296220000,0.81244,0.81248,0.81237,0.8124
1782296280000,0.81239,0.81243,0.81238,0.81243
1782296340000,0.81243,0.81255,0.81242,0.81248
1782296400000,0.81249,0.81259,0.81248,0.81259
1782296460000,0.81258,0.81267,0.81249,0.81254
1782296520000,0.81255,0.8126,0.81251,0.81254
1782296580000,0.81252,0.81257,0.81244,0.81257
1782296640000,0.81257,0.81264,0.8125,0.81261
1782296700000,0.81263,0.81265,0.8126,0.8126
1782296760000,0.81259,0.81263,0.81255,0.81262
1782296820000,0.81263,0.81263,0.81251,0.81251
1782296880000,0.81251,0.81257,0.81249,0.81253
1782296940000,0.81252,0.81254,0.81249,0.81249
1782297000000,0.81249,0.8125,0.81242,0.81247
1782297060000,0.81247,0.81253,0.81243,0.81245
1782297120000,0.81244,0.81247,0.81243,0.81245
1782297180000,0.81245,0.81249,0.81239,0.81239
1782297240000,0.81239,0.8124,0.81232,0.81239
1782297300000,0.81238,0.81257,0.81236,0.81257
1782297360000,0.81258,0.81261,0.81255,0.81261
1782297420000,0.8126,0.81261,0.81252,0.81257
1782297480000,0.81262,0.81264,0.81261,0.81263
1782297540000,0.81264,0.81264,0.81251,0.81251
1782297600000,0.81252,0.81255,0.81249,0.8125
1782297660000,0.81248,0.81256,0.8124,0.81241
1782297720000,0.81243,0.81247,0.81239,0.81242
1782297780000,0.81242,0.81245,0.81226,0.81236
1782297840000,0.81237,0.81246,0.81235,0.81243
1782297900000,0.81242,0.81242,0.8123,0.81234
1782297960000,0.81235,0.81243,0.81235,0.81238
1782298020000,0.81241,0.81254,0.81239,0.81249
1782298080000,0.81249,0.81259,0.81249,0.8125
1782298140000,0.81248,0.81259,0.81248,0.81255
1782298200000,0.81256,0.81257,0.81246,0.81252
1782298260000,0.81253,0.81264,0.81251,0.8126
1782298320000,0.81259,0.81262,0.81254,0.81259
1782298380000,0.81261,0.81266,0.81258,0.81258
1782298440000,0.81259,0.81264,0.81257,0.81262
1782298500000,0.81262,0.81264,0.81258,0.81262
1782298560000,0.81262,0.81265,0.8126,0.81263
1782298620000,0.81263,0.81266,0.8126,0.81266
1782298680000,0.81266,0.81269,0.81266,0.81267
1782298740000,0.81267,0.81267,0.81254,0.81258
1782298800000,0.81258,0.81262,0.8125,0.81262
1782298860000,0.81262,0.81263,0.81257,0.81262
1782298920000,0.81261,0.81271,0.81255,0.81266
1782298980000,0.81267,0.81275,0.81267,0.81273
1782299040000,0.81273,0.81285,0.81271,0.81284
1782299100000,0.81283,0.81295,0.81277,0.81294
1782299160000,0.81296,0.81296,0.81274,0.81275
1782299220000,0.81275,0.81275,0.81264,0.81267
1782299280000,0.81267,0.81271,0.81262,0.81267
1782299340000,0.81266,0.8127,0.81261,0.81262
1782299400000,0.81263,0.81267,0.81258,0.81261
1782299460000,0.81262,0.81264,0.81255,0.81256
1782299520000,0.81256,0.81275,0.81256,0.81275
1782299580000,0.81276,0.81287,0.81276,0.81281
1782299640000,0.81282,0.81284,0.8128,0.81282
1782299700000,0.81282,0.81295,0.81281,0.81294
1782299760000,0.81293,0.813,0.8129,0.81291
1782299820000,0.81291,0.81296,0.81283,0.81284
1782299880000,0.81286,0.81296,0.81286,0.81295
1782299940000,0.81295,0.81298,0.81292,0.81297
1782300000000,0.81295,0.81305,0.81295,0.81302
1782300060000,0.81299,0.81307,0.81297,0.81297
1782300120000,0.81296,0.81296,0.81285,0.81295
1782300180000,0.81294,0.81302,0.81294,0.81297
1782300240000,0.81298,0.81299,0.81289,0.81289
1782300300000,0.81288,0.81292,0.81282,0.81285
1782300360000,0.81285,0.81288,0.81277,0.81281
1782300420000,0.8128,0.81285,0.81278,0.81285
1782300480000,0.81285,0.81285,0.81271,0.81271
1782300540000,0.81271,0.81277,0.8127,0.8127
1782300600000,0.8127,0.81282,0.8127,0.81281
1782300660000,0.81281,0.81282,0.81274,0.81274
1782300720000,0.81275,0.81275,0.81255,0.81256
1782300780000,0.81257,0.81259,0.81255,0.81256
1782300840000,0.81258,0.81261,0.81249,0.8125
1782300900000,0.81251,0.81255,0.81213,0.81216
1782300960000,0.81217,0.81228,0.81201,0.81215
1782301020000,0.81215,0.81221,0.812,0.81206
1782301080000,0.81206,0.81212,0.81202,0.81209
1782301140000,0.8121,0.81223,0.81208,0.81218
1782301200000,0.81218,0.81218,0.8121,0.81216
1782301260000,0.81217,0.81233,0.81217,0.81229
1782301320000,0.81228,0.81246,0.81225,0.81244
1782301380000,0.81243,0.8125,0.81233,0.81233
1782301440000,0.81234,0.81235,0.81201,0.81205
1782301500000,0.81206,0.8122,0.81204,0.81219
1782301560000,0.8122,0.81221,0.8121,0.81216
1782301620000,0.81215,0.81234,0.81212,0.81234
1782301680000,0.81234,0.81237,0.81223,0.81232
1782301740000,0.81232,0.81237,0.8122,0.81229
1782301800000,0.81228,0.81229,0.8122,0.8122
1782301860000,0.8122,0.81223,0.8121,0.8121
1782301920000,0.8121,0.81212,0.81196,0.81205
1782301980000,0.81206,0.81216,0.81201,0.81213
1782302040000,0.81214,0.81226,0.81214,0.81226
1782302100000,0.81227,0.81265,0.81225,0.81259
1782302160000,0.81259,0.81272,0.81258,0.81261
1782302220000,0.8126,0.81274,0.81249,0.8126
1782302280000,0.81261,0.81268,0.8126,0.81261
1782302340000,0.8126,0.81268,0.81251,0.81253
1782302400000,0.81252,0.81254,0.81243,0.81248
1782302460000,0.81247,0.8125,0.81215,0.81219
1782302520000,0.81219,0.81225,0.81216,0.81219
1782302580000,0.81219,0.81233,0.81211,0.81226
1782302640000,0.81226,0.81235,0.81226,0.81235
1782302700000,0.81236,0.81257,0.81232,0.81256
1782302760000,0.81256,0.81266,0.81252,0.81263
1782302820000,0.81263,0.81266,0.81253,0.81262
1782302880000,0.81261,0.81271,0.81259,0.81266
1782302940000,0.81265,0.81265,0.81252,0.81258
1782303000000,0.81258,0.81268,0.81253,0.81264
1782303060000,0.81264,0.81268,0.81253,0.81258
1782303120000,0.81258,0.81261,0.8125,0.81261
1782303180000,0.81262,0.81277,0.81253,0.81256
1782303240000,0.81257,0.81263,0.81252,0.81261
1782303300000,0.8126,0.81273,0.81254,0.8127
1782303360000,0.81271,0.81277,0.81254,0.81258
1782303420000,0.81257,0.81257,0.81244,0.81249
1782303480000,0.81251,0.81251,0.81243,0.81246
1782303540000,0.81245,0.81248,0.81218,0.81223
1782303600000,0.81223,0.81226,0.81209,0.81226
1782303660000,0.81226,0.81233,0.8122,0.81222
1782303720000,0.81222,0.81231,0.81219,0.81228
1782303780000,0.81228,0.81229,0.81217,0.81218
1782303840000,0.81217,0.81238,0.81217,0.81238
1782303900000,0.81238,0.81241,0.81223,0.81241
1782303960000,0.81241,0.81252,0.81241,0.81245
1782304020000,0.81247,0.81254,0.81242,0.81249
1782304080000,0.81251,0.81257,0.81246,0.81246
1782304140000,0.81246,0.81262,0.81245,0.8126
1782304200000,0.81262,0.81266,0.81257,0.81266
1782304260000,0.81266,0.81276,0.8126,0.81276
1782304320000,0.81277,0.81308,0.81275,0.81299
1782304380000,0.81299,0.81306,0.81293,0.81305
1782304440000,0.81306,0.81317,0.813,0.81302
1782304500000,0.81303,0.81308,0.81296,0.81303
1782304560000,0.81304,0.81307,0.81289,0.81302
1782304620000,0.81301,0.81307,0.81295,0.81301
1782304680000,0.81303,0.81323,0.81295,0.8132
1782304740000,0.81321,0.81342,0.81321,0.81333
1782304800000,0.81333,0.81358,0.81326,0.81358
1782304860000,0.81358,0.81375,0.81357,0.81375
1782304920000,0.81375,0.81376,0.81356,0.81356
1782304980000,0.81355,0.81355,0.8133,0.8134
1782305040000,0.8134,0.81345,0.81325,0.81337
1782305100000,0.81336,0.81337,0.81322,0.81332
1782305160000,0.81334,0.81353,0.81327,0.81347
1782305220000,0.81346,0.81357,0.81346,0.81347
1782305280000,0.81347,0.81347,0.81334,0.81343
1782305340000,0.81342,0.81358,0.81332,0.81352
1782305400000,0.81351,0.81364,0.81348,0.81363
1782305460000,0.81362,0.81369,0.81361,0.81369
1782305520000,0.81369,0.81369,0.81357,0.81367
1782305580000,0.81366,0.81369,0.81352,0.81352
1782305640000,0.81352,0.81356,0.81348,0.81352
1782305700000,0.81351,0.81366,0.81349,0.8136
1782305760000,0.8136,0.81365,0.81354,0.81358
1782305820000,0.81359,0.8136,0.81343,0.81344
1782305880000,0.81343,0.81355,0.81343,0.81351
1782305940000,0.81351,0.8136,0.8135,0.81354
1782306000000,0.81354,0.81355,0.8134,0.81346
1782306060000,0.81348,0.81371,0.81348,0.81363
1782306120000,0.81362,0.81362,0.8134,0.81346
1782306180000,0.81348,0.81348,0.81303,0.81306
1782306240000,0.81305,0.81329,0.81305,0.81327
1782306300000,0.81325,0.81332,0.81316,0.8133
1782306360000,0.81331,0.8137,0.81328,0.81363
1782306420000,0.81364,0.81375,0.81351,0.81364
1782306480000,0.81363,0.81372,0.81357,0.81371
1782306540000,0.8137,0.81376,0.81365,0.81366
1782306600000,0.81366,0.81367,0.81356,0.81364
1782306660000,0.81364,0.81373,0.8136,0.81372
1782306720000,0.81372,0.81372,0.81358,0.81362
1782306780000,0.81363,0.81377,0.81363,0.81376
1782306840000,0.81376,0.81388,0.81372,0.81383
1782306900000,0.81384,0.81384,0.81367,0.8138
1782306960000,0.81379,0.81393,0.81375,0.81378
1782307020000,0.81378,0.81387,0.81368,0.81377
1782307080000,0.81379,0.81387,0.81375,0.81385
1782307140000,0.81385,0.81386,0.81364,0.81365
1782307200000,0.81365,0.81386,0.81361,0.81385
1782307260000,0.81386,0.81387,0.81377,0.81381
1782307320000,0.81382,0.81383,0.8136,0.81365
1782307380000,0.81363,0.81366,0.81355,0.81358
1782307440000,0.81359,0.81359,0.81331,0.81332
1782307500000,0.81331,0.81331,0.813,0.81301
1782307560000,0.81302,0.81304,0.81279,0.81279
1782307620000,0.81278,0.81288,0.81274,0.8128
1782307680000,0.8128,0.81287,0.81263,0.81263
1782307740000,0.81263,0.81266,0.81247,0.81248
1782307800000,0.8125,0.81257,0.81228,0.81244
1782307860000,0.81245,0.81252,0.81233,0.81233
1782307920000,0.81234,0.81253,0.81232,0.81249
1782307980000,0.81248,0.81257,0.81232,0.81239
1782308040000,0.81241,0.81278,0.81233,0.81272
1782308100000,0.81275,0.8128,0.81269,0.81269
1782308160000,0.81267,0.81276,0.81244,0.81276
1782308220000,0.81274,0.81285,0.81272,0.81283
1782308280000,0.81283,0.81288,0.81276,0.81276
1782308340000,0.81275,0.81283,0.81259,0.81262
1782308400000,0.8126,0.81263,0.81236,0.81239
1782308460000,0.81238,0.8125,0.81229,0.81249
1782308520000,0.81251,0.81251,0.81216,0.81222
1782308580000,0.81222,0.81248,0.8122,0.81243
1782308640000,0.81244,0.81249,0.81226,0.81231
1782308700000,0.81233,0.81289,0.81232,0.81273
1782308760000,0.81275,0.81301,0.81275,0.81281
1782308820000,0.81281,0.81294,0.81279,0.8129
1782308880000,0.81289,0.81291,0.81276,0.81278
1782308940000,0.81278,0.81285,0.81268,0.81274
1782309000000,0.81274,0.81276,0.81259,0.81276
1782309060000,0.81277,0.81281,0.81262,0.81267
1782309120000,0.81267,0.81275,0.81249,0.81257
1782309180000,0.81256,0.81265,0.81254,0.81265
1782309240000,0.81266,0.81272,0.81246,0.81251
1782309300000,0.81251,0.8126,0.81244,0.81244
1782309360000,0.81243,0.81243,0.81224,0.81238
1782309420000,0.81238,0.81253,0.81233,0.81253
1782309480000,0.81255,0.81259,0.81253,0.81256
1782309540000,0.81255,0.81262,0.81254,0.81255
1782309600000,0.81255,0.81271,0.81247,0.81264
1782309660000,0.81264,0.8127,0.81244,0.8125
1782309720000,0.81251,0.8127,0.81249,0.81253
1782309780000,0.81252,0.81252,0.81232,0.8124
1782309840000,0.8124,0.81241,0.81233,0.81239
1782309900000,0.81239,0.81261,0.81238,0.81247
1782309960000,0.81247,0.81247,0.81227,0.81228
1782310020000,0.81228,0.81245,0.8122,0.81228
1782310080000,0.81229,0.81229,0.81215,0.81221
1782310140000,0.81221,0.81227,0.81204,0.81206
1782310200000,0.81206,0.81227,0.81202,0.81221
1782310260000,0.81222,0.81243,0.81222,0.81234
1782310320000,0.81233,0.81253,0.81231,0.81235
1782310380000,0.81236,0.81254,0.81236,0.81249
1782310440000,0.81248,0.81262,0.81239,0.81243
1782310500000,0.81245,0.81277,0.81236,0.81277
1782310560000,0.81277,0.81283,0.8126,0.81275
1782310620000,0.81275,0.81291,0.81273,0.81287
1782310680000,0.81286,0.81292,0.81277,0.81285
1782310740000,0.81284,0.81295,0.81276,0.81295
1782310800000,0.81295,0.81318,0.81295,0.81316
1782310860000,0.81316,0.81316,0.81301,0.81303
1782310920000,0.81304,0.8131,0.8129,0.81307
1782310980000,0.81307,0.81309,0.81294,0.81309
1782311040000,0.81309,0.81309,0.81283,0.81285
1782311100000,0.81285,0.81285,0.81271,0.81271
1782311160000,0.81271,0.81271,0.81248,0.81256
1782311220000,0.81259,0.81272,0.81254,0.81255
1782311280000,0.81256,0.81271,0.81256,0.8126
1782311340000,0.8126,0.81268,0.81252,0.81267
1782311400000,0.81267,0.81271,0.81259,0.81262
1782311460000,0.81261,0.81272,0.81257,0.81269
1782311520000,0.8127,0.81287,0.81264,0.81268
1782311580000,0.81267,0.81267,0.81255,0.81259
1782311640000,0.81258,0.81258,0.81241,0.8125
1782311700000,0.81252,0.81265,0.81252,0.8126
1782311760000,0.81261,0.81271,0.81258,0.8127
1782311820000,0.81271,0.81311,0.81269,0.81307
1782311880000,0.81306,0.81314,0.81295,0.81314
1782311940000,0.81314,0.81322,0.81309,0.81313
1782312000000,0.81313,0.81325,0.81306,0.81311
1782312060000,0.8131,0.81331,0.81309,0.8132
1782312120000,0.81321,0.81331,0.81317,0.81324
1782312180000,0.81325,0.81333,0.81324,0.81326
1782312240000,0.81328,0.81329,0.81311,0.81318
1782312300000,0.81318,0.81322,0.81305,0.81309
1782312360000,0.8131,0.8132,0.81302,0.81313
1782312420000,0.81312,0.81313,0.81298,0.81307
1782312480000,0.81307,0.81326,0.81306,0.81326
1782312540000,0.81326,0.81342,0.81326,0.81334
1782312600000,0.81333,0.81333,0.81303,0.81312
1782312660000,0.81313,0.81315,0.81304,0.81311
1782312720000,0.81311,0.81321,0.8131,0.81316
1782312780000,0.81315,0.81326,0.81312,0.81312
1782312840000,0.81312,0.81325,0.81312,0.81315
1782312900000,0.81317,0.81319,0.81303,0.81315
1782312960000,0.81315,0.8133,0.8131,0.81327
1782313020000,0.81327,0.81345,0.81323,0.81344
1782313080000,0.81344,0.81344,0.81328,0.81334
1782313140000,0.81335,0.81337,0.81322,0.81323
1782313200000,0.81323,0.81335,0.81318,0.81328
1782313260000,0.81328,0.81328,0.81312,0.81318
1782313320000,0.81318,0.81318,0.81284,0.8129
1782313380000,0.81292,0.81304,0.81261,0.81268
1782313440000,0.81268,0.81285,0.81268,0.81285
1782313500000,0.81285,0.813,0.81275,0.81277
1782313560000,0.81278,0.81285,0.81276,0.81276
1782313620000,0.81275,0.81277,0.81268,0.81273
1782313680000,0.81271,0.81281,0.81268,0.81281
1782313740000,0.81281,0.81293,0.81279,0.8128
1782313800000,0.8128,0.81285,0.81274,0.81276
1782313860000,0.81276,0.81283,0.81274,0.81278
1782313920000,0.81278,0.81279,0.81249,0.8125
1782313980000,0.8125,0.81258,0.81244,0.81249
1782314040000,0.81248,0.81249,0.81231,0.81236
1782314100000,0.81235,0.81247,0.81233,0.81236
1782314160000,0.81236,0.81236,0.81227,0.81236
1782314220000,0.81238,0.81238,0.81225,0.81227
1782314280000,0.81229,0.81229,0.81216,0.81217
1782314340000,0.81216,0.81221,0.81203,0.81203
1782314400000,0.81205,0.81209,0.81186,0.81188
1782314460000,0.81189,0.81199,0.81178,0.81181
1782314520000,0.81179,0.81179,0.81147,0.8115
1782314580000,0.81154,0.81163,0.81147,0.81159
1782314640000,0.8116,0.81162,0.81147,0.81162
1782314700000,0.81162,0.81202,0.81158,0.81199
1782314760000,0.812,0.81201,0.81152,0.81154
1782314820000,0.81154,0.81175,0.81145,0.81175
1782314880000,0.81175,0.81188,0.81172,0.81186
1782314940000,0.81186,0.81206,0.81186,0.81201
1782315000000,0.81202,0.81224,0.812,0.81217
1782315060000,0.81218,0.81235,0.81218,0.81235
1782315120000,0.81234,0.81247,0.81226,0.81228
1782315180000,0.81227,0.81237,0.81224,0.81234
1782315240000,0.81236,0.81246,0.81231,0.81242
1782315300000,0.81243,0.81245,0.81235,0.81241
1782315360000,0.81241,0.8126,0.81239,0.81249
1782315420000,0.8125,0.81265,0.8125,0.81258
1782315480000,0.81258,0.81263,0.81255,0.81255
1782315540000,0.81256,0.81263,0.81246,0.81259
1782315600000,0.81258,0.8127,0.81258,0.81266
1782315660000,0.81265,0.81265,0.81246,0.81251
1782315720000,0.8125,0.81251,0.81242,0.81242
1782315780000,0.81241,0.81242,0.81229,0.81233
1782315840000,0.81232,0.81239,0.81226,0.81227
1782315900000,0.81228,0.8123,0.8122,0.8122
1782315960000,0.81221,0.81229,0.81217,0.81228
1782316020000,0.81227,0.81245,0.81227,0.81239
1782316080000,0.81239,0.8124,0.81227,0.8123
1782316140000,0.81231,0.81235,0.81229,0.81235
1782316200000,0.81234,0.81244,0.81233,0.8124
1782316260000,0.81241,0.81254,0.81241,0.81247
1782316320000,0.81248,0.81261,0.81246,0.8126
1782316380000,0.81262,0.81283,0.81262,0.81283
1782316440000,0.81282,0.81283,0.81254,0.81255
1782316500000,0.81253,0.81265,0.81253,0.8126
1782316560000,0.8126,0.81261,0.81252,0.81255
1782316620000,0.81255,0.81256,0.81249,0.81253
1782316680000,0.81255,0.81259,0.81254,0.81257
1782316740000,0.81256,0.81263,0.81252,0.81262
1782316800000,0.81262,0.81266,0.81257,0.81259
1782316860000,0.81258,0.81271,0.81257,0.81269
1782316920000,0.81269,0.8127,0.81252,0.81252
1782316980000,0.81251,0.81251,0.81241,0.81241
1782317040000,0.81239,0.81246,0.81237,0.81239
1782317100000,0.8124,0.8124,0.81228,0.81231
1782317160000,0.81231,0.81236,0.8123,0.81235
1782317220000,0.81234,0.81237,0.81227,0.81231
1782317280000,0.81234,0.81236,0.81231,0.81234
1782317340000,0.81233,0.81233,0.81219,0.81226
1782317400000,0.81227,0.81237,0.81222,0.81224
1782317460000,0.81224,0.81271,0.81219,0.81266
1782317520000,0.81266,0.81275,0.81248,0.81256
1782317580000,0.8126,0.81261,0.81237,0.81237
1782317640000,0.81238,0.81256,0.81238,0.81256
1782317700000,0.81254,0.81267,0.8125,0.8125
1782317760000,0.81251,0.81251,0.81234,0.81234
1782317820000,0.81234,0.81245,0.81229,0.81235
1782317880000,0.81237,0.81245,0.81235,0.8124
1782317940000,0.8124,0.81244,0.81238,0.81243
1782318000000,0.81241,0.81241,0.8123,0.81231
1782318060000,0.81234,0.81234,0.81227,0.81233
1782318120000,0.81232,0.81234,0.81221,0.81226
1782318180000,0.81227,0.8123,0.81223,0.81223
1782318240000,0.81223,0.81225,0.81216,0.81216
1782318300000,0.81218,0.81223,0.81215,0.81217
1782318360000,0.81218,0.81223,0.81214,0.81214
1782318420000,0.81213,0.81213,0.81204,0.81204
1782318480000,0.81204,0.81206,0.81196,0.81196
1782318540000,0.81196,0.81196,0.81187,0.81189
1782318600000,0.81189,0.8119,0.81175,0.81175
1782318660000,0.81174,0.81176,0.81169,0.81173
1782318720000,0.81175,0.81181,0.81175,0.81181
1782318780000,0.81183,0.81183,0.81174,0.81174
1782318840000,0.81174,0.81176,0.81168,0.81168
1782318900000,0.81168,0.81168,0.8115,0.81151
1782318960000,0.81151,0.81154,0.81141,0.81147
1782319020000,0.81147,0.81151,0.81144,0.81148
1782319080000,0.81149,0.81152,0.81133,0.8114
1782319140000,0.81139,0.81153,0.81139,0.81149
1782319200000,0.8115,0.81155,0.81144,0.81153
1782319260000,0.81156,0.81182,0.81154,0.81168
1782319320000,0.81169,0.81181,0.81166,0.81181
1782319380000,0.8118,0.81184,0.81174,0.81184
1782319440000,0.81184,0.81191,0.8118,0.81189
1782319500000,0.81189,0.81191,0.81178,0.81178
1782319560000,0.81178,0.81192,0.81175,0.81191
1782319620000,0.81191,0.81196,0.81188,0.81195
1782319680000,0.81195,0.81196,0.8119,0.81194
1782319740000,0.81195,0.81199,0.81194,0.81196
1782319800000,0.81197,0.81197,0.81185,0.81186
1782319860000,0.81187,0.81188,0.81179,0.81181
1782319920000,0.81181,0.81181,0.81174,0.81179
1782319980000,0.81179,0.81181,0.81177,0.81181
1782320040000,0.81182,0.81184,0.81176,0.81184
1782320100000,0.81187,0.81189,0.81168,0.81178
1782320160000,0.8118,0.81183,0.81178,0.81181
1782320220000,0.8118,0.81185,0.81176,0.81182
1782320280000,0.81181,0.81187,0.81181,0.81186
1782320340000,0.81187,0.81188,0.81182,0.81184
1782320400000,0.81183,0.81186,0.81171,0.81172
1782320460000,0.81172,0.81178,0.81172,0.81178
1782320520000,0.81176,0.81196,0.81176,0.81188
1782320580000,0.81187,0.81193,0.81184,0.81186
1782320640000,0.81186,0.81186,0.81184,0.81185
1782320700000,0.81185,0.81202,0.81184,0.81202
1782320760000,0.81203,0.81211,0.812,0.81209
1782320820000,0.81209,0.81225,0.81208,0.81219
1782320880000,0.81219,0.81224,0.81212,0.81222
1782320940000,0.8122,0.81224,0.81216,0.81219
1782321000000,0.81217,0.81224,0.81216,0.8122
1782321060000,0.81221,0.81225,0.81219,0.81223
1782321120000,0.81224,0.81232,0.81224,0.8123
1782321180000,0.81229,0.81231,0.8122,0.81228
1782321240000,0.81229,0.81229,0.81225,0.81225
1782321300000,0.81226,0.81233,0.81222,0.81233
1782321360000,0.81233,0.81241,0.81233,0.81236
1782321420000,0.81236,0.81236,0.81222,0.81229
1782321480000,0.8123,0.81231,0.81227,0.81231
1782321540000,0.81232,0.81237,0.81231,0.81235
1782321600000,0.81236,0.81246,0.81234,0.81246
1782321660000,0.81245,0.81255,0.81243,0.81254
1782321720000,0.81253,0.81264,0.81252,0.81263
1782321780000,0.81264,0.81264,0.81254,0.81255
1782321840000,0.81253,0.81253,0.81237,0.81248
1782321900000,0.81249,0.81261,0.81249,0.81258
1782321960000,0.81257,0.81262,0.81254,0.81262
1782322020000,0.8126,0.8126,0.81255,0.81258
1782322080000,0.81259,0.81261,0.81253,0.81261
1782322140000,0.81261,0.81263,0.81255,0.81255
1782322200000,0.81253,0.81255,0.81225,0.81227
1782322260000,0.81227,0.81229,0.81222,0.81222
1782322320000,0.81223,0.8123,0.81215,0.81215
1782322380000,0.81213,0.81228,0.81206,0.81227
1782322440000,0.81227,0.81236,0.81219,0.81223
1782322500000,0.81221,0.81227,0.81213,0.81226
1782322560000,0.81224,0.8123,0.81217,0.8123
1782322620000,0.8123,0.81242,0.81227,0.81242
1782322680000,0.81239,0.81246,0.81237,0.81241
1782322740000,0.8124,0.8124,0.81225,0.81226
1782322800000,0.81227,0.81241,0.81224,0.81241
1782322860000,0.81241,0.81243,0.81231,0.81232
1782322920000,0.81233,0.81247,0.81232,0.81244
1782322980000,0.81243,0.81253,0.81242,0.81243
1782323040000,0.81245,0.81253,0.81243,0.81243
1782323100000,0.81243,0.81254,0.81243,0.81253
1782323160000,0.81254,0.81263,0.81251,0.8126
1782323220000,0.81259,0.81268,0.81255,0.81268
1782323280000,0.81268,0.81277,0.81268,0.81276
1782323340000,0.81276,0.81277,0.81272,0.81274
1782323400000,0.81273,0.81277,0.81267,0.81276
1782323460000,0.81275,0.81279,0.81272,0.81276
1782323520000,0.81274,0.81274,0.81268,0.81273
1782323580000,0.81274,0.81277,0.81272,0.81275
1782323640000,0.81276,0.81283,0.81275,0.81281
1782323700000,0.8128,0.81283,0.81261,0.81263
1782323760000,0.81263,0.81263,0.81257,0.81257
1782323820000,0.81259,0.81264,0.81258,0.81263
1782323880000,0.81263,0.81281,0.81263,0.81276
1782323940000,0.81277,0.81284,0.81277,0.81284
1782324000000,0.81285,0.81285,0.8127,0.81275
1782324060000,0.81275,0.81283,0.8127,0.81274
1782324120000,0.81274,0.81285,0.81273,0.81281
1782324180000,0.81282,0.81283,0.81275,0.81282
1782324240000,0.81285,0.81285,0.81272,0.81274
1782324300000,0.81274,0.81274,0.81246,0.81248
1782324360000,0.81251,0.81261,0.8125,0.81256
1782324420000,0.81257,0.81261,0.81254,0.81259
1782324480000,0.81258,0.81278,0.81257,0.81269
1782324540000,0.81269,0.81271,0.81264,0.81264
1782324600000,0.81265,0.81267,0.81258,0.81258
1782324660000,0.8126,0.81261,0.81253,0.81258
1782324720000,0.81257,0.81267,0.81257,0.81264
1782324780000,0.81265,0.81268,0.81264,0.81265
1782324840000,0.81266,0.81268,0.81266,0.81267
1782324900000,0.81266,0.81266,0.81255,0.81256
1782324960000,0.81256,0.81264,0.81256,0.81259
1782325020000,0.81259,0.81269,0.81255,0.81261
1782325080000,0.81265,0.81265,0.81258,0.81261
1782325140000,0.8126,0.81263,0.81258,0.81261
1782325200000,0.81262,0.81277,0.81261,0.81266
1782325260000,0.81267,0.81281,0.81266,0.81277
1782325320000,0.81276,0.81276,0.81258,0.81258
1782325380000,0.8126,0.8126,0.81239,0.81242
1782325440000,0.81242,0.81247,0.8124,0.81243
1782325500000,0.81241,0.81242,0.81229,0.81236
1782325560000,0.81235,0.81237,0.81229,0.81233
1782325620000,0.81232,0.81237,0.81231,0.81233
1782325680000,0.81235,0.81235,0.8123,0.81232
1782325740000,0.81233,0.81233,0.81225,0.8123
1782325800000,0.81229,0.8123,0.81225,0.81225
1782325860000,0.81222,0.81223,0.81214,0.81217
1782325920000,0.81217,0.81218,0.81209,0.81211
1782325980000,0.81212,0.81223,0.81201,0.81223
1782326040000,0.81222,0.81226,0.8122,0.81225
1782326100000,0.81228,0.81237,0.81228,0.81235
1782326160000,0.81233,0.81241,0.81232,0.81235
1782326220000,0.81236,0.81248,0.81235,0.81247
1782326280000,0.81248,0.81248,0.81238,0.81243
1782326340000,0.81243,0.81243,0.81237,0.81238
1782326400000,0.81238,0.81247,0.81233,0.81242
1782326460000,0.81242,0.81247,0.81241,0.81246
1782326520000,0.81245,0.81252,0.81244,0.81252
1782326580000,0.81251,0.81253,0.8125,0.81253
1782326640000,0.81251,0.81256,0.81251,0.81256
1782326700000,0.81255,0.81261,0.81252,0.81254
1782326760000,0.81254,0.81257,0.8125,0.8125
1782326820000,0.8125,0.81251,0.81243,0.81247
1782326880000,0.81247,0.81251,0.81246,0.8125
1782326940000,0.81251,0.81254,0.81242,0.81242
1782327000000,0.81243,0.81244,0.81234,0.81237
1782327060000,0.81236,0.81239,0.81233,0.81233
1782327120000,0.81232,0.81232,0.81227,0.81227
1782327180000,0.81227,0.81231,0.81225,0.8123
1782327240000,0.81229,0.81236,0.81227,0.81234
1782327300000,0.81235,0.81235,0.81225,0.81227
1782327360000,0.81229,0.81235,0.81229,0.81235
1782327420000,0.81236,0.81247,0.81235,0.81247
1782327480000,0.81247,0.81254,0.81245,0.81254
1782327540000,0.81255,0.81258,0.8124,0.81241
1782327600000,0.8124,0.8124,0.81227,0.81227
1782327660000,0.81228,0.81236,0.81219,0.81235
1782327720000,0.81236,0.81242,0.81231,0.81235
1782327780000,0.81236,0.81237,0.81224,0.81224
1782327840000,0.81224,0.81228,0.81222,0.81224
1782327900000,0.81223,0.81235,0.81223,0.81231
1782327960000,0.81231,0.81233,0.81228,0.81231
1782328020000,0.81232,0.81245,0.81231,0.81242
1782328080000,0.81243,0.81247,0.81239,0.81247
1782328140000,0.81246,0.81247,0.81244,0.81246
1782328200000,0.81247,0.81253,0.81246,0.81249
1782328260000,0.8125,0.81259,0.8125,0.81254
1782328320000,0.81253,0.81256,0.8125,0.81252
1782328380000,0.81253,0.81257,0.81252,0.81257
1782328440000,0.81256,0.81263,0.81256,0.81263
1782328500000,0.81265,0.8128,0.81265,0.8128
1782328560000,0.81281,0.81291,0.81279,0.81287
1782328620000,0.81288,0.81288,0.81272,0.81272
1782328680000,0.81272,0.81277,0.81272,0.81273
1782328740000,0.81273,0.81281,0.81272,0.8128
1782328800000,0.8128,0.81282,0.81274,0.8128
1782328860000,0.81279,0.81279,0.81274,0.81276
1782328920000,0.81278,0.81279,0.81268,0.8127
1782328980000,0.8127,0.81272,0.81266,0.81272
1782329040000,0.81271,0.81272,0.81269,0.81272
1782329100000,0.8127,0.81271,0.81265,0.8127
1782329160000,0.81269,0.81275,0.81266,0.81273
1782329220000,0.81274,0.81274,0.81267,0.81267
1782329280000,0.81267,0.81267,0.81255,0.81261
1782329340000,0.81262,0.81263,0.81258,0.8126
1782329400000,0.81258,0.81259,0.81244,0.81246
1782329460000,0.81246,0.81256,0.81246,0.81256
1782329520000,0.81256,0.81263,0.81254,0.8126
1782329580000,0.81262,0.81272,0.81262,0.8127
1782329640000,0.81272,0.81273,0.81266,0.8127
1782329700000,0.81269,0.81269,0.81262,0.81265
1782329760000,0.81267,0.81267,0.81265,0.81265
1782329820000,0.81266,0.8127,0.81266,0.8127
1782329880000,0.81269,0.81269,0.81264,0.81266
1782329940000,0.81264,0.81264,0.81255,0.81255
1782330000000,0.81255,0.81257,0.81249,0.81257
1782330060000,0.81258,0.81259,0.8125,0.81257
1782330120000,0.81256,0.81259,0.81255,0.81256
1782330180000,0.81255,0.81256,0.81249,0.81249
1782330240000,0.81248,0.81248,0.81243,0.81246
1782330300000,0.81246,0.81247,0.81243,0.81247
1782330360000,0.81248,0.8125,0.81246,0.81249
1782330420000,0.81248,0.81256,0.81247,0.81254
1782330480000,0.81254,0.81254,0.81252,0.81252
1782330540000,0.81254,0.8126,0.81254,0.8126
1782330600000,0.81261,0.81271,0.81256,0.81264
1782330660000,0.81265,0.81267,0.81247,0.81249
1782330720000,0.81249,0.81251,0.81246,0.81247
1782330780000,0.81249,0.8125,0.81244,0.81245
1782330840000,0.81243,0.8125,0.81243,0.81244
1782330900000,0.81248,0.81254,0.81243,0.81251
1782330960000,0.8125,0.81258,0.8125,0.81258
1782331020000,0.81258,0.81274,0.81258,0.81274
1782331080000,0.81274,0.81276,0.8127,0.81273
1782331140000,0.81273,0.81278,0.81271,0.81274
1782331200000,0.81275,0.81283,0.81275,0.81278
1782331260000,0.81276,0.81277,0.8127,0.81272
1782331320000,0.81273,0.81274,0.81264,0.81265
1782331380000,0.81266,0.81268,0.81257,0.8126
1782331440000,0.81261,0.8127,0.81259,0.8127
1782331500000,0.8127,0.81276,0.81269,0.81276
1782331560000,0.81275,0.81275,0.81271,0.81273
1782331620000,0.81274,0.81274,0.81269,0.81269
1782331680000,0.81271,0.81276,0.8127,0.81276
1782331740000,0.81275,0.81276,0.8127,0.81273
1782331800000,0.81272,0.81273,0.81269,0.81269
1782331860000,0.81271,0.81278,0.81271,0.81273
1782331920000,0.81275,0.81279,0.81273,0.81279
1782331980000,0.81279,0.81282,0.81275,0.81276
1782332040000,0.81276,0.81276,0.81275,0.81275
1782332100000,0.81275,0.81284,0.81275,0.81282
1782332160000,0.81281,0.81283,0.81278,0.81279
1782332220000,0.81279,0.81287,0.81279,0.81284
1782332280000,0.81283,0.81286,0.8128,0.8128
1782332340000,0.81279,0.81279,0.81275,0.81279
1782332400000,0.81279,0.8128,0.81277,0.8128
1782332460000,0.81281,0.81285,0.81281,0.81284
1782332520000,0.81285,0.81286,0.81281,0.81281
1782332580000,0.81282,0.81282,0.81271,0.81271
1782332640000,0.81272,0.81272,0.81268,0.81269
1782332700000,0.81269,0.81269,0.81267,0.81267
1782332760000,0.81266,0.81266,0.81257,0.81258
1782332820000,0.81258,0.81261,0.81258,0.81259
1782332880000,0.81259,0.81259,0.81253,0.81253
1782332940000,0.81253,0.81261,0.81251,0.81253
1782333000000,0.81252,0.81254,0.81249,0.81251
1782333060000,0.81251,0.81251,0.81235,0.81236
1782333120000,0.81236,0.81245,0.81236,0.8124
1782333180000,0.81241,0.81247,0.81241,0.81246
1782333240000,0.81246,0.81252,0.81245,0.8125
1782333300000,0.81249,0.81249,0.81244,0.81247
1782333360000,0.81248,0.81251,0.81243,0.81244
1782333420000,0.81245,0.81247,0.81243,0.81246
1782333480000,0.81248,0.81248,0.81246,0.81247
1782333540000,0.81246,0.81246,0.81243,0.81245
1782333600000,0.81243,0.81243,0.81239,0.8124
1782333660000,0.8124,0.8124,0.81235,0.81235
1782333720000,0.81235,0.8124,0.81233,0.81239
1782333780000,0.81238,0.81243,0.81238,0.81242
1782333840000,0.81242,0.81242,0.81234,0.81237
1782333900000,0.81238,0.81239,0.81234,0.81238
1782333960000,0.81238,0.81238,0.81229,0.81229
1782334020000,0.8123,0.81237,0.8123,0.81236
1782334080000,0.81237,0.81246,0.81237,0.81243
1782334140000,0.81244,0.81248,0.81244,0.81244
1782334200000,0.81245,0.8125,0.81239,0.81243
1782334260000,0.81242,0.81243,0.81231,0.81233
1782334320000,0.81232,0.81237,0.81232,0.81234
1782334380000,0.81235,0.81235,0.81227,0.81227
1782334440000,0.81228,0.81229,0.81222,0.81224
1782334500000,0.81223,0.81236,0.81223,0.8123
1782334560000,0.81231,0.81234,0.8123,0.81232
1782334620000,0.8123,0.81232,0.81223,0.81225
1782334680000,0.81225,0.81231,0.81217,0.81225
1782334740000,0.81226,0.81234,0.81204,0.81211
1782334800000,0.81212,0.81212,0.81192,0.81192
1782334860000,0.81192,0.81192,0.81192,0.81192
1782334920000,0.81192,0.81192,0.81192,0.81192
1782334980000,0.81192,0.81192,0.81192,0.81192
1782335040000,0.81192,0.81192,0.81192,0.81192
1782335100000,0.81212,0.81213,0.81145,0.81213
1782335160000,0.81184,0.8119,0.81184,0.8119
1782335220000,0.8119,0.81222,0.8119,0.81222
1782335280000,0.81181,0.81181,0.81145,0.81145
1782335340000,0.81153,0.81159,0.81145,0.81159
1782335400000,0.81159,0.81159,0.81159,0.81159
1782335460000,0.81159,0.81162,0.81159,0.81162
1782335520000,0.81162,0.81223,0.81162,0.81223
1782335580000,0.81233,0.81233,0.81233,0.81233
1782335640000,0.81171,0.81171,0.8117,0.8117
1782335700000,0.81196,0.81196,0.81176,0.81176
1782335760000,0.81169,0.81169,0.81169,0.81169
1782335820000,0.81178,0.81178,0.8117,0.81176
1782335880000,0.81169,0.81171,0.81169,0.81171
1782335940000,0.81171,0.81193,0.81171,0.81193
1782336000000,0.81193,0.81243,0.81193,0.81243
1782336060000,0.81243,0.81243,0.81172,0.81242
1782336120000,0.81243,0.81243,0.81243,0.81243
1782336180000,0.8124,0.8124,0.81192,0.81193
1782336240000,0.81193,0.81213,0.81193,0.81213
1782336300000,0.8118,0.81197,0.81172,0.81185
1782336360000,0.81184,0.81184,0.81183,0.81183
1782336420000,0.81182,0.81193,0.81181,0.81193
1782336480000,0.81184,0.81184,0.81182,0.81182
1782336540000,0.81182,0.81182,0.81182,0.81182
1782336600000,0.81178,0.81196,0.8117,0.8117
1782336660000,0.8117,0.81213,0.8117,0.81213
1782336720000,0.81206,0.81213,0.81173,0.81213
1782336780000,0.81213,0.81253,0.81212,0.81213
1782336840000,0.81179,0.81179,0.81179,0.81179
1782336900000,0.81213,0.81213,0.81213,0.81213
1782336960000,0.81213,0.81213,0.81175,0.81175
1782337020000,0.81175,0.8118,0.81169,0.81174
1782337080000,0.81175,0.81175,0.81168,0.81175
1782337140000,0.81173,0.81173,0.81171,0.81173
1782337200000,0.81172,0.81177,0.8117,0.81173
1782337260000,0.81171,0.81174,0.81169,0.81169
1782337320000,0.81172,0.81175,0.81167,0.81167
1782337380000,0.8117,0.81174,0.81167,0.81169
1782337440000,0.81171,0.81175,0.81166,0.81169
1782337500000,0.81168,0.81206,0.81168,0.81204
1782337560000,0.81205,0.81205,0.81203,0.81204
1782337620000,0.81203,0.81207,0.81186,0.81205
1782337680000,0.81205,0.81209,0.81203,0.81206
1782337740000,0.81272,0.81272,0.81195,0.812
1782337800000,0.812,0.81214,0.81199,0.81213
1782337860000,0.81214,0.81218,0.81207,0.81215
1782337920000,0.81216,0.81218,0.81198,0.812
1782337980000,0.81205,0.81217,0.812,0.81217
1782338040000,0.81206,0.81218,0.81206,0.81216
1782338100000,0.81212,0.81212,0.81195,0.81197
1782338160000,0.81195,0.81195,0.81195,0.81195
1782338220000,0.81188,0.81188,0.81188,0.81188
1782338280000,0.81188,0.81188,0.81188,0.81188
1782338340000,0.81213,0.81213,0.81191,0.81206
1782338400000,0.81206,0.81209,0.81178,0.81209
1782338460000,0.81209,0.81212,0.81207,0.81208
1782338520000,0.81208,0.81213,0.81207,0.81212
1782338580000,0.81212,0.81215,0.81211,0.81215
1782338640000,0.81215,0.81217,0.81215,0.81217
1782338700000,0.81216,0.8122,0.81216,0.81219
1782338760000,0.81219,0.8122,0.81218,0.81219
1782338820000,0.81219,0.81223,0.81219,0.81223
1782338880000,0.81221,0.8123,0.81221,0.81226
1782338940000,0.81222,0.81231,0.81222,0.81226
1782339000000,0.81222,0.81227,0.81217,0.81224
1782339060000,0.81224,0.81225,0.8122,0.81224
1782339120000,0.81225,0.81225,0.81218,0.81218
1782339180000,0.81221,0.81225,0.81217,0.81224
1782339240000,0.81224,0.81228,0.8122,0.81228
1782339300000,0.81226,0.81231,0.81222,0.81231
1782339360000,0.81231,0.81233,0.81229,0.81233
1782339420000,0.81229,0.81234,0.81229,0.81234
1782339480000,0.81229,0.81237,0.81227,0.81231
1782339540000,0.81231,0.81235,0.81227,0.81234
1782339600000,0.81235,0.81239,0.8123,0.81239
1782339660000,0.81239,0.81239,0.81234,0.81238
1782339720000,0.81238,0.81238,0.81232,0.81234
1782339780000,0.81231,0.81232,0.8123,0.81232
1782339840000,0.81232,0.81234,0.8123,0.81234
1782339900000,0.81235,0.81235,0.81228,0.81229
1782339960000,0.81228,0.81231,0.81226,0.81231
1782340020000,0.81231,0.81231,0.81229,0.81229
1782340080000,0.81228,0.81228,0.81228,0.81228
1782340140000,0.81228,0.81228,0.81228,0.81228
1782340200000,0.8123,0.81232,0.81229,0.81229
1782340260000,0.8123,0.8123,0.81229,0.81229
1782340320000,0.8123,0.81231,0.81229,0.81231
1782340380000,0.8123,0.81231,0.8123,0.8123
1782340440000,0.8123,0.81232,0.8123,0.81231
1782340500000,0.81231,0.81231,0.81228,0.81228
1782340560000,0.81227,0.81227,0.81227,0.81227
1782340620000,0.81229,0.81229,0.81226,0.81226
1782340680000,0.81225,0.81229,0.81225,0.81229
1782340740000,0.81228,0.81229,0.81227,0.81229
1782340800000,0.81227,0.81227,0.81219,0.81219
1782340860000,0.81221,0.81222,0.8122,0.81221
1782340920000,0.81222,0.81225,0.81222,0.81225
1782340980000,0.81224,0.81224,0.81222,0.81222
1782341040000,0.81223,0.81225,0.81223,0.81223
1782341100000,0.81224,0.81227,0.81224,0.81226
1782341160000,0.81228,0.81228,0.81226,0.81226
1782341220000,0.81226,0.81226,0.81225,0.81225
1782341280000,0.81226,0.81226,0.81225,0.81225
1782341340000,0.81225,0.81226,0.81225,0.81226
1782341400000,0.81225,0.81229,0.81225,0.81229
1782341460000,0.81228,0.81229,0.81228,0.81228
1782341520000,0.81229,0.8123,0.81229,0.81229
1782341580000,0.8123,0.81233,0.8123,0.81233
1782341640000,0.81231,0.81239,0.81231,0.81234
1782341700000,0.81235,0.81237,0.81235,0.81235
1782341760000,0.81235,0.81236,0.81235,0.81236
1782341820000,0.81234,0.81235,0.81234,0.81234
1782341880000,0.81234,0.81234,0.81233,0.81233
1782341940000,0.81232,0.81233,0.81232,0.81233
1782342000000,0.81233,0.81237,0.81233,0.81237
1782342060000,0.81238,0.8124,0.81237,0.81239
1782342120000,0.81238,0.81241,0.81238,0.81241
1782342180000,0.81241,0.81243,0.8124,0.81243
1782342240000,0.81241,0.81244,0.81241,0.81243
1782342300000,0.81245,0.81245,0.81244,0.81244
1782342360000,0.81242,0.81244,0.81242,0.81244
1782342420000,0.81242,0.81244,0.81242,0.81243
1782342480000,0.81244,0.81244,0.81242,0.81242
1782342540000,0.8124,0.81241,0.8124,0.81241
1782342600000,0.81242,0.81242,0.8124,0.81241
1782342660000,0.8124,0.8124,0.81235,0.81236
1782342720000,0.81236,0.81241,0.81236,0.81241
1782342780000,0.8124,0.81241,0.8124,0.8124
1782342840000,0.81238,0.81239,0.81237,0.81238
1782342900000,0.81237,0.81237,0.81232,0.81235
1782342960000,0.81234,0.81234,0.81228,0.81228
1782343020000,0.81229,0.81233,0.81229,0.81232
1782343080000,0.81232,0.81232,0.81231,0.81232
1782343140000,0.81231,0.81231,0.8123,0.8123
1782343200000,0.8123,0.8123,0.8123,0.8123
1782343260000,0.81231,0.81233,0.81231,0.81233
1782343320000,0.81233,0.81238,0.81233,0.81238
1782343380000,0.81237,0.81237,0.81233,0.81234
1782343440000,0.81236,0.81238,0.81235,0.81236
1782343500000,0.81235,0.81235,0.81235,0.81235
1782343560000,0.81235,0.81237,0.81235,0.81237
1782343620000,0.81237,0.81237,0.81236,0.81236
1782343680000,0.81236,0.81236,0.81236,0.81236
1782343740000,0.81237,0.81239,0.81237,0.81238
1782343800000,0.81239,0.81242,0.81239,0.81242
1782343860000,0.81238,0.81242,0.81238,0.81242
1782343920000,0.81243,0.81246,0.81243,0.81246
1782343980000,0.81245,0.81245,0.81243,0.81244
1782344040000,0.81245,0.81245,0.81239,0.81239
1782344100000,0.81238,0.8124,0.81237,0.81239
1782344160000,0.81238,0.8124,0.81238,0.81238
1782344220000,0.81238,0.81238,0.81238,0.81238
1782344280000,0.81237,0.81237,0.81234,0.81234
1782344340000,0.81232,0.81232,0.81229,0.8123
1782344400000,0.81231,0.81231,0.81228,0.81229
1782344460000,0.81232,0.81233,0.81229,0.81233
1782344520000,0.81233,0.81243,0.81233,0.81242
1782344580000,0.81241,0.81244,0.8124,0.81243
1782344640000,0.81242,0.81244,0.81239,0.81239
1782344700000,0.81237,0.81237,0.81232,0.81233
1782344760000,0.81234,0.81245,0.81234,0.81243
1782344820000,0.81245,0.81253,0.81244,0.81253
1782344880000,0.81254,0.81254,0.81254,0.81254
1782344940000,0.81253,0.81254,0.81253,0.81254
1782345000000,0.81254,0.81258,0.81254,0.81257
1782345060000,0.81257,0.81258,0.81253,0.81255
1782345120000,0.81255,0.8126,0.81255,0.81259
1782345180000,0.8126,0.8126,0.81259,0.81259
1782345240000,0.81258,0.81259,0.81258,0.81258
1782345300000,0.81259,0.81261,0.81258,0.8126
1782345360000,0.81261,0.81261,0.81258,0.81259
1782345420000,0.81259,0.8126,0.81253,0.81253
1782345480000,0.81254,0.81258,0.81254,0.81258
1782345540000,0.81259,0.81261,0.81259,0.81259
1782345600000,0.81258,0.81276,0.81254,0.81265
1782345660000,0.81261,0.81267,0.81261,0.81263
1782345720000,0.81263,0.81271,0.81261,0.8127
1782345780000,0.81271,0.81272,0.81267,0.81267
1782345840000,0.81268,0.81268,0.81256,0.81256
1782345900000,0.81255,0.81257,0.81253,0.81255
1782345960000,0.81256,0.81262,0.8125,0.81262
1782346020000,0.81261,0.81266,0.81261,0.81264
1782346080000,0.81263,0.81266,0.8126,0.81265
1782346140000,0.81265,0.81267,0.81262,0.81265
1782346200000,0.81267,0.81267,0.81258,0.81258
1782346260000,0.81259,0.81264,0.81254,0.81262
1782346320000,0.81261,0.81262,0.81252,0.81259
1782346380000,0.8126,0.81272,0.8126,0.81272
1782346440000,0.81272,0.81272,0.81265,0.81267
1782346500000,0.81267,0.81271,0.81265,0.81271
1782346560000,0.81272,0.81273,0.8126,0.81264
1782346620000,0.81265,0.81267,0.81263,0.81265
1782346680000,0.81266,0.81273,0.81266,0.8127
1782346740000,0.81269,0.81272,0.81266,0.81267
1782346800000,0.8127,0.81273,0.81264,0.81269
1782346860000,0.81269,0.81272,0.81266,0.81272
1782346920000,0.81272,0.81272,0.81263,0.81263
1782346980000,0.81263,0.81267,0.81262,0.81264
1782347040000,0.81264,0.81268,0.81263,0.81268
1782347100000,0.81267,0.81274,0.81267,0.81274
1782347160000,0.81272,0.81278,0.81271,0.81278
1782347220000,0.81279,0.8128,0.81276,0.81278
1782347280000,0.81277,0.81277,0.81272,0.81274
1782347340000,0.81273,0.81278,0.81272,0.81276
1782347400000,0.81277,0.81283,0.81275,0.81279
1782347460000,0.8128,0.81291,0.8128,0.8129
1782347520000,0.81292,0.81294,0.81289,0.81292
1782347580000,0.81291,0.81296,0.8129,0.81292
1782347640000,0.81292,0.81293,0.81291,0.81293
1782347700000,0.81292,0.81299,0.81291,0.81299
1782347760000,0.81298,0.81303,0.81296,0.81302
1782347820000,0.81301,0.81302,0.81299,0.81301
1782347880000,0.813,0.81302,0.81296,0.81301
1782347940000,0.81302,0.81304,0.81296,0.81297
1782348000000,0.81296,0.813,0.81293,0.81296
1782348060000,0.81296,0.813,0.81293,0.81298
1782348120000,0.81298,0.81298,0.81291,0.81293
1782348180000,0.81293,0.81293,0.81288,0.81288
1782348240000,0.81289,0.81291,0.81287,0.81288
1782348300000,0.81289,0.81289,0.81283,0.81284
1782348360000,0.81283,0.81286,0.81276,0.81277
1782348420000,0.81277,0.81277,0.81274,0.81276
1782348480000,0.81276,0.81276,0.81272,0.81272
1782348540000,0.81272,0.81278,0.81272,0.81277
1782348600000,0.81277,0.81278,0.81257,0.81259
1782348660000,0.81259,0.8126,0.81249,0.81252
1782348720000,0.81251,0.81252,0.81246,0.81248
1782348780000,0.81248,0.8125,0.81235,0.81236
1782348840000,0.81237,0.81247,0.81234,0.81244
1782348900000,0.81243,0.81246,0.81236,0.81243
1782348960000,0.81242,0.81243,0.81239,0.81241
1782349020000,0.81239,0.81241,0.81234,0.81234
1782349080000,0.81235,0.81247,0.81234,0.81244
1782349140000,0.81246,0.81247,0.81239,0.8124
1782349200000,0.81239,0.81244,0.81236,0.81236
1782349260000,0.81236,0.81236,0.81226,0.81227
1782349320000,0.81226,0.81226,0.81214,0.81216
1782349380000,0.81216,0.8122,0.81215,0.81218
1782349440000,0.81219,0.81219,0.812,0.8121
1782349500000,0.81209,0.81221,0.81202,0.81203
1782349560000,0.81202,0.81204,0.81194,0.81198
1782349620000,0.81197,0.81203,0.81194,0.812
1782349680000,0.812,0.81201,0.81193,0.81194
1782349740000,0.81196,0.81196,0.81191,0.81195
1782349800000,0.81194,0.81203,0.81191,0.81198
1782349860000,0.81199,0.81199,0.81191,0.81192
1782349920000,0.8119,0.81192,0.81186,0.8119
1782349980000,0.81191,0.81191,0.81181,0.81186
1782350040000,0.81185,0.81185,0.81171,0.81171
1782350100000,0.8117,0.81176,0.81169,0.81174
1782350160000,0.81174,0.81175,0.81168,0.81171
1782350220000,0.81168,0.81171,0.8115,0.81153
1782350280000,0.81153,0.81157,0.81142,0.81144
1782350340000,0.81143,0.81152,0.81122,0.81123
1782350400000,0.81124,0.81132,0.81119,0.81128
1782350460000,0.81127,0.81143,0.81125,0.8114
1782350520000,0.81138,0.81138,0.81121,0.81123
1782350580000,0.81124,0.81125,0.81115,0.81119
1782350640000,0.81119,0.81137,0.81117,0.81136
1782350700000,0.81135,0.81143,0.81132,0.81142
1782350760000,0.81141,0.8115,0.81141,0.8115
1782350820000,0.81151,0.81156,0.81145,0.81156
1782350880000,0.81156,0.81157,0.81147,0.81151
1782350940000,0.81151,0.81163,0.81151,0.8116
1782351000000,0.81162,0.81162,0.8114,0.81154
1782351060000,0.81153,0.81164,0.8115,0.81164
1782351120000,0.81163,0.8117,0.81161,0.8117
1782351180000,0.81166,0.81175,0.81165,0.81175
1782351240000,0.81176,0.81187,0.81174,0.81184
1782351300000,0.81185,0.81201,0.81184,0.81191
1782351360000,0.81189,0.81195,0.81188,0.81194
1782351420000,0.81194,0.81195,0.81179,0.81181
1782351480000,0.81182,0.81186,0.81171,0.81175
1782351540000,0.81175,0.81176,0.81169,0.81173
1782351600000,0.81174,0.81178,0.81172,0.81176
1782351660000,0.81176,0.8118,0.81175,0.81177
1782351720000,0.81177,0.81179,0.81172,0.81172
1782351780000,0.81171,0.81175,0.81166,0.81167
1782351840000,0.81167,0.81176,0.81167,0.81175
1782351900000,0.81178,0.81188,0.81178,0.81185
1782351960000,0.81185,0.81191,0.81181,0.81186
1782352020000,0.81186,0.81189,0.81182,0.81189
1782352080000,0.81188,0.81188,0.81179,0.81182
1782352140000,0.81183,0.81185,0.81171,0.81174
1782352200000,0.81174,0.81174,0.81163,0.81163
1782352260000,0.81163,0.81171,0.81163,0.81166
1782352320000,0.81165,0.81172,0.81164,0.81172
1782352380000,0.81169,0.81179,0.81169,0.81179
1782352440000,0.81179,0.81181,0.81169,0.81169
1782352500000,0.8117,0.81174,0.81167,0.81168
1782352560000,0.81169,0.81173,0.81169,0.81173
1782352620000,0.81172,0.81178,0.81172,0.81175
1782352680000,0.81177,0.81191,0.81175,0.8119
1782352740000,0.81189,0.81192,0.8118,0.81181
1782352800000,0.81182,0.81194,0.81182,0.81194
1782352860000,0.81193,0.81193,0.81183,0.81184
1782352920000,0.81185,0.81185,0.81178,0.81182
1782352980000,0.81181,0.81184,0.81179,0.81179
1782353040000,0.8118,0.8118,0.81173,0.81179
1782353100000,0.8118,0.8118,0.81172,0.81174
1782353160000,0.81173,0.81174,0.8115,0.81153
1782353220000,0.81153,0.81164,0.81151,0.81163
1782353280000,0.81165,0.81171,0.81164,0.81165
1782353340000,0.81163,0.81166,0.81158,0.81158
1782353400000,0.81159,0.81162,0.81154,0.81157
1782353460000,0.81155,0.81161,0.81153,0.81161
1782353520000,0.81159,0.81166,0.81146,0.81147
1782353580000,0.81145,0.81154,0.81144,0.81152
1782353640000,0.81153,0.81154,0.81142,0.81144
1782353700000,0.81143,0.81147,0.81143,0.81143
1782353760000,0.81142,0.81145,0.81137,0.81139
1782353820000,0.8114,0.81141,0.81131,0.81134
1782353880000,0.81137,0.81137,0.81126,0.81127
1782353940000,0.81126,0.81126,0.81113,0.81116
1782354000000,0.81116,0.81124,0.81115,0.81124
1782354060000,0.81124,0.81128,0.8112,0.8112
1782354120000,0.81119,0.8112,0.81112,0.81115
1782354180000,0.81114,0.8112,0.81113,0.8112
1782354240000,0.81118,0.81118,0.81111,0.81115
1782354300000,0.81114,0.81114,0.81099,0.81101
1782354360000,0.81101,0.81105,0.81097,0.81105
1782354420000,0.81104,0.8111,0.81102,0.8111
1782354480000,0.81108,0.8111,0.81108,0.8111
1782354540000,0.81109,0.81111,0.81105,0.81109
1782354600000,0.81111,0.81118,0.8111,0.81112
1782354660000,0.81112,0.81113,0.8111,0.81112
1782354720000,0.81114,0.81123,0.81113,0.81122
1782354780000,0.81125,0.81126,0.8112,0.81121
1782354840000,0.81122,0.81126,0.81121,0.81122
1782354900000,0.81121,0.81122,0.8112,0.81122
1782354960000,0.81123,0.81123,0.81117,0.81117
1782355020000,0.81114,0.81116,0.81099,0.811
1782355080000,0.811,0.81102,0.81097,0.81099
1782355140000,0.811,0.811,0.81098,0.81098
1782355200000,0.81098,0.81107,0.81097,0.81107
1782355260000,0.81109,0.81112,0.81107,0.81112
1782355320000,0.81112,0.81119,0.81112,0.81117
1782355380000,0.81118,0.81121,0.8111,0.81112
1782355440000,0.81113,0.81116,0.81111,0.81112
1782355500000,0.81115,0.81117,0.81114,0.81117
1782355560000,0.81122,0.81131,0.81119,0.81127
1782355620000,0.81127,0.8113,0.81126,0.81129
1782355680000,0.8113,0.81132,0.81128,0.8113
1782355740000,0.81128,0.8113,0.81125,0.81127
1782355800000,0.81127,0.81131,0.81122,0.81129
1782355860000,0.8113,0.81135,0.81128,0.81135
1782355920000,0.81135,0.81137,0.81128,0.81128
1782355980000,0.81127,0.8113,0.81125,0.81127
1782356040000,0.81127,0.81127,0.81122,0.81122
1782356100000,0.81124,0.81131,0.81121,0.81131
1782356160000,0.8113,0.81131,0.81125,0.8113
1782356220000,0.81132,0.81138,0.81132,0.81138
1782356280000,0.81138,0.81138,0.81131,0.81132
1782356340000,0.81137,0.8114,0.81135,0.81135
1782356400000,0.81138,0.81143,0.81128,0.81128
1782356460000,0.81129,0.81129,0.81122,0.81122
1782356520000,0.81122,0.81126,0.81114,0.81116
1782356580000,0.81112,0.81113,0.8111,0.8111
1782356640000,0.81111,0.81112,0.81099,0.81102
1782356700000,0.81103,0.81104,0.81094,0.81095
1782356760000,0.81096,0.81101,0.81093,0.81101
1782356820000,0.811,0.81102,0.81092,0.81095
1782356880000,0.81096,0.81098,0.8109,0.81098
1782356940000,0.81097,0.81109,0.81096,0.81106
1782357000000,0.81107,0.8111,0.81104,0.81104
1782357060000,0.81105,0.81107,0.81101,0.81101
1782357120000,0.81102,0.81104,0.81102,0.81102
1782357180000,0.81102,0.81105,0.81099,0.81101
1782357240000,0.811,0.81101,0.81097,0.81099
1782357300000,0.811,0.81121,0.81097,0.81108
1782357360000,0.81107,0.81107,0.811,0.811
1782357420000,0.81101,0.81101,0.81092,0.81092
1782357480000,0.81092,0.81099,0.81092,0.81098
1782357540000,0.81097,0.81097,0.81093,0.81093
1782357600000,0.81094,0.81105,0.81089,0.81105
1782357660000,0.81106,0.81107,0.81102,0.81106
1782357720000,0.81107,0.81113,0.81105,0.81107
1782357780000,0.81105,0.81107,0.81104,0.81105
1782357840000,0.81107,0.81108,0.81103,0.81105
1782357900000,0.81104,0.81112,0.81104,0.81107
1782357960000,0.81105,0.81107,0.81103,0.81104
1782358020000,0.81104,0.81107,0.81102,0.81103
1782358080000,0.81105,0.81112,0.81101,0.81111
1782358140000,0.81112,0.81112,0.81108,0.81112
1782358200000,0.81112,0.81112,0.81105,0.81108
1782358260000,0.81109,0.81112,0.81108,0.81111
1782358320000,0.8111,0.81112,0.81109,0.8111
1782358380000,0.8111,0.81112,0.8111,0.81112
1782358440000,0.81111,0.81111,0.81105,0.81105
1782358500000,0.81105,0.81111,0.81105,0.8111
1782358560000,0.8111,0.8111,0.81104,0.81104
1782358620000,0.81105,0.8111,0.81103,0.81109
1782358680000,0.8111,0.8111,0.81104,0.81104
1782358740000,0.81104,0.81104,0.811,0.811
1782358800000,0.81099,0.81104,0.81099,0.811
1782358860000,0.81101,0.81101,0.81099,0.81099
1782358920000,0.81101,0.81103,0.81098,0.81098
1782358980000,0.81097,0.81097,0.81093,0.81095
1782359040000,0.81093,0.81093,0.81083,0.81086
1782359100000,0.81087,0.81087,0.81079,0.8108
1782359160000,0.81081,0.81085,0.81079,0.81079
1782359220000,0.81078,0.81081,0.81077,0.81077
1782359280000,0.81079,0.81086,0.81079,0.81081
1782359340000,0.8108,0.81081,0.81068,0.81074
1782359400000,0.81075,0.81075,0.81061,0.81063
1782359460000,0.81064,0.81072,0.81063,0.81064
1782359520000,0.81064,0.81068,0.81064,0.81066
1782359580000,0.81067,0.81078,0.81066,0.81078
1782359640000,0.81077,0.81081,0.81077,0.8108
1782359700000,0.8108,0.81082,0.8108,0.81081
1782359760000,0.81079,0.81086,0.81079,0.81086
1782359820000,0.81086,0.81091,0.81084,0.81085
1782359880000,0.81085,0.81085,0.81079,0.81081
1782359940000,0.81081,0.81083,0.81073,0.81073
1782360000000,0.81074,0.81079,0.8107,0.8107
1782360060000,0.81072,0.81076,0.81069,0.81074
1782360120000,0.81076,0.8108,0.81074,0.81074
1782360180000,0.81072,0.81077,0.81071,0.81076
1782360240000,0.81077,0.81081,0.81073,0.81081
1782360300000,0.81081,0.81084,0.81078,0.81084
1782360360000,0.81083,0.81085,0.81067,0.81069
1782360420000,0.81068,0.81069,0.81066,0.81069
1782360480000,0.81068,0.81073,0.81068,0.81072
1782360540000,0.81073,0.81073,0.8107,0.8107
1782360600000,0.81071,0.81074,0.8107,0.81073
1782360660000,0.81073,0.81073,0.81057,0.81058
1782360720000,0.81058,0.81064,0.81056,0.81061
1782360780000,0.81062,0.81064,0.81061,0.81063
1782360840000,0.81062,0.81066,0.81062,0.81066
1782360900000,0.81066,0.81066,0.81063,0.81063
1782360960000,0.81065,0.81073,0.81065,0.81072
1782361020000,0.81073,0.81073,0.81071,0.81072
1782361080000,0.81074,0.81075,0.81068,0.81068
1782361140000,0.81069,0.81071,0.81065,0.81065
1782361200000,0.81065,0.81065,0.81061,0.81064
1782361260000,0.81064,0.81064,0.81062,0.81062
1782361320000,0.8106,0.81067,0.8106,0.81065
1782361380000,0.81064,0.81072,0.81064,0.81071
1782361440000,0.8107,0.81075,0.81069,0.81075
1782361500000,0.81075,0.81075,0.81065,0.81066
1782361560000,0.81066,0.81068,0.81065,0.81067
1782361620000,0.81068,0.81068,0.81064,0.81064
1782361680000,0.81065,0.81066,0.81062,0.81065
1782361740000,0.81065,0.8107,0.81064,0.8107
1782361800000,0.8107,0.8107,0.81065,0.81067
1782361860000,0.81067,0.81071,0.81065,0.81071
1782361920000,0.8107,0.81071,0.81064,0.8107
1782361980000,0.81069,0.81074,0.81068,0.81072
1782362040000,0.81072,0.8108,0.81072,0.81079
1782362100000,0.81079,0.81079,0.81074,0.81076
1782362160000,0.81076,0.81077,0.81076,0.81077
1782362220000,0.81078,0.81081,0.81072,0.81072
1782362280000,0.81072,0.81077,0.81069,0.81077
1782362340000,0.81075,0.81081,0.81075,0.81081
1782362400000,0.8108,0.81101,0.8108,0.81099
1782362460000,0.811,0.81102,0.81091,0.81091
1782362520000,0.81093,0.81095,0.81091,0.81091
1782362580000,0.81091,0.81094,0.81089,0.81093
1782362640000,0.81094,0.81098,0.81093,0.81096
1782362700000,0.81095,0.81098,0.81095,0.81097
1782362760000,0.81097,0.81099,0.81091,0.81099
1782362820000,0.81098,0.81099,0.81096,0.81096
1782362880000,0.81095,0.81097,0.81092,0.81097
1782362940000,0.81098,0.81099,0.81098,0.81099
1782363000000,0.81098,0.81099,0.81089,0.81091
1782363060000,0.81092,0.81093,0.81089,0.81092
1782363120000,0.81093,0.81093,0.81091,0.81092
1782363180000,0.81093,0.81094,0.81091,0.81093
1782363240000,0.81092,0.81092,0.81092,0.81092
1782363300000,0.81092,0.81099,0.81092,0.81098
1782363360000,0.81097,0.81102,0.81097,0.811
1782363420000,0.811,0.81101,0.81097,0.81101
1782363480000,0.81099,0.81099,0.81089,0.81094
1782363540000,0.81094,0.81099,0.81094,0.81099
1782363600000,0.811,0.81103,0.81096,0.81103
1782363660000,0.81103,0.81104,0.81099,0.81103
1782363720000,0.81102,0.81104,0.81101,0.81104
1782363780000,0.81104,0.81105,0.81104,0.81105
1782363840000,0.81105,0.81105,0.81096,0.81096
1782363900000,0.81097,0.81111,0.81096,0.81107
1782363960000,0.81108,0.81111,0.81107,0.81109
1782364020000,0.81108,0.81111,0.81103,0.81103
1782364080000,0.81104,0.81104,0.81098,0.81098
1782364140000,0.81099,0.81104,0.81098,0.811
1782364200000,0.811,0.81101,0.81092,0.81092
1782364260000,0.81092,0.81096,0.81091,0.81095
1782364320000,0.81094,0.811,0.81092,0.81098
1782364380000,0.81098,0.81104,0.81098,0.81101
1782364440000,0.81104,0.81115,0.81104,0.81112
1782364500000,0.81111,0.81114,0.81111,0.81113
1782364560000,0.81112,0.81117,0.81111,0.81114
1782364620000,0.81115,0.81116,0.81111,0.81115
1782364680000,0.81114,0.8112,0.81114,0.8112
1782364740000,0.81119,0.81123,0.81117,0.81123
1782364800000,0.81124,0.81126,0.81122,0.81126
1782364860000,0.81124,0.8113,0.81123,0.81128
1782364920000,0.81128,0.81135,0.81127,0.81132
1782364980000,0.81132,0.81134,0.81125,0.81126
1782365040000,0.81126,0.81132,0.81125,0.81131
1782365100000,0.81131,0.81139,0.81125,0.81138
1782365160000,0.81139,0.8114,0.81136,0.8114
1782365220000,0.81142,0.81143,0.81132,0.81133
1782365280000,0.81135,0.81136,0.81134,0.81136
1782365340000,0.81135,0.81136,0.81129,0.81133
1782365400000,0.81134,0.81143,0.81134,0.81142
1782365460000,0.81141,0.81143,0.81136,0.81137
1782365520000,0.81136,0.81136,0.8112,0.81125
1782365580000,0.81124,0.81129,0.81122,0.81124
1782365640000,0.81123,0.81128,0.81122,0.81127
1782365700000,0.81128,0.81131,0.81127,0.81129
1782365760000,0.81128,0.81129,0.81122,0.81125
1782365820000,0.81125,0.81125,0.81122,0.81123
1782365880000,0.81124,0.81131,0.81118,0.81131
1782365940000,0.81132,0.81136,0.81129,0.81133
1782366000000,0.81133,0.81146,0.81131,0.81146
1782366060000,0.81145,0.81149,0.8114,0.81148
1782366120000,0.81149,0.81153,0.81146,0.81152
1782366180000,0.81153,0.81154,0.81149,0.81151
1782366240000,0.8115,0.81151,0.81145,0.81151
1782366300000,0.81153,0.81155,0.81148,0.81148
1782366360000,0.81149,0.81159,0.81149,0.81157
1782366420000,0.81156,0.81163,0.81156,0.81157
1782366480000,0.81157,0.81157,0.81146,0.81148
1782366540000,0.81149,0.81154,0.81149,0.81153
1782366600000,0.81153,0.81157,0.81144,0.81147
1782366660000,0.81145,0.81151,0.81144,0.81148
1782366720000,0.81147,0.81156,0.81145,0.81154
1782366780000,0.81154,0.81165,0.81153,0.81163
1782366840000,0.81162,0.81168,0.81161,0.81166
1782366900000,0.81167,0.81174,0.81166,0.81172
1782366960000,0.81172,0.81182,0.81172,0.81177
1782367020000,0.81177,0.8118,0.81167,0.81167
1782367080000,0.81168,0.81171,0.81164,0.81168
1782367140000,0.81171,0.81173,0.81168,0.81173
1782367200000,0.81172,0.81173,0.81149,0.81151
1782367260000,0.81154,0.81162,0.81153,0.81153
1782367320000,0.81153,0.81154,0.81146,0.81146
1782367380000,0.81147,0.81156,0.81146,0.81154
1782367440000,0.81154,0.81168,0.81154,0.81167
1782367500000,0.81166,0.81182,0.81164,0.81182
1782367560000,0.8118,0.81192,0.81179,0.81189
1782367620000,0.81188,0.81188,0.81182,0.81187
1782367680000,0.81183,0.81187,0.81166,0.81167
1782367740000,0.81167,0.8117,0.81162,0.8117
1782367800000,0.81171,0.81171,0.81164,0.81165
1782367860000,0.81166,0.81168,0.81157,0.81161
1782367920000,0.81163,0.81165,0.81157,0.81157
1782367980000,0.81156,0.81156,0.81146,0.81147
1782368040000,0.81146,0.81167,0.81146,0.81167
1782368100000,0.81167,0.81177,0.81167,0.81171
1782368160000,0.81172,0.81174,0.81169,0.81173
1782368220000,0.81174,0.81176,0.81169,0.81173
1782368280000,0.81174,0.81175,0.81155,0.81156
1782368340000,0.81158,0.81164,0.81156,0.81163
1782368400000,0.81164,0.81168,0.81154,0.81154
1782368460000,0.81156,0.81178,0.81156,0.81176
1782368520000,0.81177,0.81177,0.81166,0.81167
1782368580000,0.81167,0.81167,0.81162,0.81164
1782368640000,0.81164,0.81171,0.8116,0.8117
1782368700000,0.81169,0.81175,0.81168,0.81173
1782368760000,0.81172,0.81179,0.81172,0.81173
1782368820000,0.81175,0.81185,0.81167,0.81171
1782368880000,0.81171,0.81173,0.81161,0.81163
1782368940000,0.81163,0.81175,0.81162,0.81167
1782369000000,0.81168,0.81186,0.81164,0.81186
1782369060000,0.81184,0.81193,0.81178,0.81182
1782369120000,0.81182,0.81185,0.81177,0.81184
1782369180000,0.81185,0.81196,0.81185,0.81194
1782369240000,0.81195,0.81212,0.8119,0.8121
1782369300000,0.8121,0.8121,0.81195,0.81207
1782369360000,0.81206,0.81206,0.81198,0.81202
1782369420000,0.81201,0.81207,0.81201,0.81205
1782369480000,0.81205,0.81205,0.81183,0.81185
1782369540000,0.81187,0.81187,0.8118,0.81181
1782369600000,0.81181,0.81193,0.81181,0.81193
1782369660000,0.81194,0.81202,0.81185,0.81185
1782369720000,0.81185,0.81185,0.81176,0.81176
1782369780000,0.81175,0.81181,0.81165,0.81165
1782369840000,0.81164,0.81169,0.81163,0.81163
1782369900000,0.81163,0.81166,0.81158,0.81164
1782369960000,0.81165,0.81183,0.81164,0.81183
1782370020000,0.81184,0.81187,0.81167,0.8117
1782370080000,0.81171,0.81174,0.81163,0.81165
1782370140000,0.81165,0.81174,0.81165,0.81174
1782370200000,0.81173,0.81175,0.81172,0.81174
1782370260000,0.81175,0.81186,0.81173,0.81185
1782370320000,0.81186,0.81186,0.81178,0.81179
1782370380000,0.81179,0.81187,0.81176,0.81187
1782370440000,0.81183,0.81189,0.81181,0.81186
1782370500000,0.81185,0.81195,0.81185,0.81191
1782370560000,0.81192,0.81215,0.81192,0.8121
1782370620000,0.8121,0.81218,0.81203,0.81205
1782370680000,0.81206,0.81208,0.81188,0.81188
1782370740000,0.81184,0.81197,0.81181,0.81197
1782370800000,0.81198,0.812,0.81179,0.81191
1782370860000,0.81192,0.81202,0.81189,0.81199
1782370920000,0.812,0.81208,0.81187,0.81195
1782370980000,0.81196,0.81196,0.81176,0.8118
1782371040000,0.8118,0.81181,0.8117,0.8117
1782371100000,0.81169,0.8118,0.81158,0.81177
1782371160000,0.81176,0.81177,0.81144,0.81156
1782371220000,0.81156,0.81162,0.81146,0.8116
1782371280000,0.81161,0.81173,0.81161,0.81165
1782371340000,0.81165,0.81182,0.81165,0.81181
1782371400000,0.81179,0.81181,0.81172,0.81174
1782371460000,0.81174,0.81182,0.81174,0.81178
1782371520000,0.8118,0.81196,0.8118,0.81195
1782371580000,0.81196,0.81224,0.81196,0.81223
1782371640000,0.81221,0.81224,0.81212,0.81217
1782371700000,0.81216,0.81234,0.81215,0.81233
1782371760000,0.81233,0.81256,0.81233,0.81255
1782371820000,0.81255,0.8126,0.81247,0.81258
1782371880000,0.81257,0.81265,0.81245,0.81245
1782371940000,0.81245,0.81245,0.81218,0.81219
1782372000000,0.81219,0.81223,0.81197,0.81216
1782372060000,0.81216,0.81221,0.81198,0.81221
1782372120000,0.81222,0.81231,0.8122,0.81221
1782372180000,0.8122,0.81234,0.81218,0.81223
1782372240000,0.81223,0.81225,0.81187,0.81187
1782372300000,0.81187,0.81198,0.81186,0.81197
1782372360000,0.81195,0.81196,0.81189,0.81196
1782372420000,0.81195,0.81197,0.81182,0.81183
1782372480000,0.81183,0.81185,0.81164,0.81169
1782372540000,0.8117,0.81188,0.81165,0.81185
1782372600000,0.81184,0.81185,0.81177,0.81181
1782372660000,0.81183,0.81184,0.81169,0.81174
1782372720000,0.81175,0.81176,0.81146,0.81149
1782372780000,0.8115,0.81154,0.81147,0.81148
1782372840000,0.81147,0.81168,0.81147,0.81164
1782372900000,0.81163,0.81167,0.81157,0.81159
1782372960000,0.81161,0.81167,0.81155,0.81158
1782373020000,0.81159,0.81167,0.81149,0.81157
1782373080000,0.81158,0.81158,0.81143,0.81143
1782373140000,0.81142,0.81145,0.81137,0.81141
1782373200000,0.81141,0.81145,0.81141,0.81143
1782373260000,0.81144,0.81149,0.8114,0.81142
1782373320000,0.81142,0.81153,0.81136,0.81152
1782373380000,0.81152,0.81167,0.81151,0.81167
1782373440000,0.81167,0.81171,0.81165,0.81165
1782373500000,0.81166,0.81174,0.81163,0.81164
1782373560000,0.81164,0.81166,0.81158,0.81166
1782373620000,0.81168,0.8117,0.81159,0.81161
1782373680000,0.81162,0.81179,0.81161,0.81177
1782373740000,0.81178,0.81178,0.81163,0.81163
1782373800000,0.81163,0.81163,0.81152,0.81157
1782373860000,0.81156,0.81176,0.81153,0.81157
1782373920000,0.81156,0.81158,0.81152,0.81152
1782373980000,0.81152,0.81162,0.81152,0.81154
1782374040000,0.81154,0.81164,0.81153,0.81163
1782374100000,0.81163,0.81166,0.81146,0.81148
1782374160000,0.81149,0.81152,0.81145,0.8115
1782374220000,0.81147,0.81151,0.81141,0.81144
1782374280000,0.81145,0.81145,0.81135,0.81142
1782374340000,0.81142,0.81142,0.81127,0.81129
1782374400000,0.81129,0.81141,0.81106,0.8111
1782374460000,0.81111,0.81111,0.81095,0.81102
1782374520000,0.81103,0.81106,0.81078,0.81085
1782374580000,0.81086,0.81101,0.81072,0.81073
1782374640000,0.81075,0.81075,0.81045,0.81066
1782374700000,0.81067,0.81081,0.81059,0.8108
1782374760000,0.81078,0.81078,0.81064,0.81074
1782374820000,0.81074,0.81092,0.81073,0.81092
1782374880000,0.81093,0.81106,0.8109,0.81102
1782374940000,0.81102,0.81104,0.8109,0.81093
1782375000000,0.81092,0.81099,0.8109,0.81091
1782375060000,0.8109,0.81098,0.81089,0.81093
1782375120000,0.81093,0.81093,0.81079,0.81092
1782375180000,0.81091,0.81104,0.81091,0.81093
1782375240000,0.81093,0.81093,0.81075,0.81086
1782375300000,0.81086,0.81089,0.8108,0.8108
1782375360000,0.81081,0.81092,0.8108,0.81084
1782375420000,0.81086,0.81092,0.81077,0.81092
1782375480000,0.81092,0.81106,0.81092,0.81094
1782375540000,0.81092,0.81098,0.81086,0.81087
1782375600000,0.81088,0.81089,0.81067,0.81068
1782375660000,0.81068,0.81071,0.81064,0.81064
1782375720000,0.81064,0.81064,0.81048,0.81048
1782375780000,0.8105,0.81068,0.81049,0.81067
1782375840000,0.81064,0.81064,0.81038,0.81038
1782375900000,0.81041,0.81056,0.81041,0.81056
1782375960000,0.81057,0.8106,0.81046,0.81048
1782376020000,0.81049,0.81056,0.81047,0.81056
1782376080000,0.81055,0.81057,0.81048,0.81052
1782376140000,0.81052,0.81056,0.81048,0.81048
1782376200000,0.81049,0.81055,0.81046,0.81046
1782376260000,0.81049,0.81053,0.81044,0.81049
1782376320000,0.81048,0.81056,0.81037,0.81037
1782376380000,0.81034,0.81039,0.81018,0.81024
1782376440000,0.81025,0.81031,0.8102,0.81028
1782376500000,0.81029,0.81042,0.81021,0.81041
1782376560000,0.81043,0.81043,0.81023,0.81032
1782376620000,0.81031,0.81035,0.81019,0.81033
1782376680000,0.81035,0.81039,0.81027,0.81037
1782376740000,0.81035,0.81035,0.81029,0.81035
1782376800000,0.81036,0.81044,0.81035,0.81042
1782376860000,0.81043,0.81051,0.81043,0.81046
1782376920000,0.81046,0.81065,0.81046,0.81065
1782376980000,0.81066,0.8107,0.81066,0.81068
1782377040000,0.81069,0.81069,0.8105,0.8105
1782377100000,0.81051,0.81067,0.8105,0.8105
1782377160000,0.8105,0.8106,0.81049,0.81054
1782377220000,0.81054,0.81063,0.81048,0.81062
1782377280000,0.81064,0.81075,0.8106,0.8106
1782377340000,0.81061,0.81065,0.81055,0.81058
1782377400000,0.81059,0.81059,0.81051,0.81053
1782377460000,0.81055,0.81055,0.81043,0.81043
1782377520000,0.81043,0.81057,0.81043,0.81057
1782377580000,0.81057,0.81062,0.81056,0.81062
1782377640000,0.81064,0.8108,0.81064,0.81078
1782377700000,0.81077,0.81083,0.81073,0.81075
1782377760000,0.81074,0.8109,0.81074,0.81087
1782377820000,0.81087,0.81093,0.81086,0.81089
1782377880000,0.81088,0.81089,0.81082,0.81083
1782377940000,0.81082,0.81083,0.8108,0.81081
1782378000000,0.8108,0.81097,0.8108,0.81085
1782378060000,0.81083,0.81087,0.81072,0.81073
1782378120000,0.81075,0.81089,0.81069,0.81069
1782378180000,0.81071,0.81073,0.81068,0.8107
1782378240000,0.81068,0.81069,0.81063,0.81064
1782378300000,0.81063,0.81093,0.81063,0.81092
1782378360000,0.81093,0.81104,0.81091,0.81103
1782378420000,0.81103,0.81112,0.81103,0.81112
1782378480000,0.81112,0.81113,0.81105,0.81113
1782378540000,0.81113,0.81114,0.81107,0.81114
1782378600000,0.81113,0.81127,0.81113,0.81124
1782378660000,0.81124,0.81129,0.8112,0.8112
1782378720000,0.8112,0.81122,0.81119,0.81122
1782378780000,0.81122,0.81128,0.81122,0.81122
1782378840000,0.81122,0.81126,0.81117,0.81123
1782378900000,0.81123,0.81125,0.81112,0.81112
1782378960000,0.81111,0.81119,0.8111,0.81111
1782379020000,0.81112,0.8112,0.8111,0.81114
1782379080000,0.81114,0.81122,0.81105,0.8112
1782379140000,0.8112,0.81134,0.8112,0.81132
1782379200000,0.81131,0.81131,0.81123,0.81128
1782379260000,0.81127,0.81138,0.81125,0.81138
1782379320000,0.81138,0.81139,0.81134,0.81135
1782379380000,0.81137,0.81139,0.81131,0.81131
1782379440000,0.81133,0.81136,0.81127,0.81127
1782379500000,0.81128,0.81136,0.81124,0.81136
1782379560000,0.81137,0.81141,0.81119,0.81119
1782379620000,0.8112,0.81126,0.81109,0.81111
1782379680000,0.81113,0.81116,0.811,0.81103
1782379740000,0.81105,0.8111,0.81104,0.81104
1782379800000,0.81104,0.81104,0.81089,0.8109
1782379860000,0.81093,0.81099,0.81081,0.81094
1782379920000,0.81094,0.81094,0.81074,0.81086
1782379980000,0.81087,0.81087,0.81075,0.81075
1782380040000,0.81076,0.81091,0.81076,0.81091
1782380100000,0.81091,0.81112,0.81091,0.81107
1782380160000,0.81107,0.81109,0.81105,0.81109
1782380220000,0.81109,0.81109,0.81096,0.81096
1782380280000,0.81096,0.81102,0.81092,0.81101
1782380340000,0.81102,0.81115,0.81102,0.81115
1782380400000,0.81116,0.81128,0.81111,0.81128
1782380460000,0.81128,0.81143,0.81127,0.81143
1782380520000,0.81141,0.81141,0.81134,0.81134
1782380580000,0.81132,0.81143,0.81132,0.81143
1782380640000,0.81144,0.81146,0.81142,0.81143
1782380700000,0.81143,0.81152,0.81143,0.81149
1782380760000,0.8115,0.81153,0.81145,0.81146
1782380820000,0.81146,0.81149,0.81146,0.81148
1782380880000,0.81147,0.81147,0.81115,0.81123
1782380940000,0.81122,0.81126,0.81116,0.81126
1782381000000,0.81125,0.81131,0.81124,0.8113
1782381060000,0.81131,0.81131,0.81113,0.81124
1782381120000,0.81125,0.81134,0.81125,0.81129
1782381180000,0.8113,0.81136,0.81129,0.81133
1782381240000,0.81134,0.81139,0.81102,0.81103
1782381300000,0.81104,0.81109,0.81103,0.81108
1782381360000,0.81109,0.81125,0.81108,0.81123
1782381420000,0.81127,0.81137,0.81127,0.81137
1782381480000,0.81136,0.81137,0.81134,0.81134
1782381540000,0.81135,0.81147,0.81134,0.81147
1782381600000,0.81148,0.81157,0.81146,0.81156
1782381660000,0.81156,0.81163,0.81153,0.81158
1782381720000,0.81159,0.8116,0.81153,0.81157
1782381780000,0.81157,0.81164,0.81157,0.8116
1782381840000,0.8116,0.81171,0.81157,0.8117
1782381900000,0.81171,0.81172,0.81166,0.81169
1782381960000,0.81169,0.81172,0.81169,0.8117
1782382020000,0.8117,0.81175,0.81165,0.81169
1782382080000,0.81172,0.81176,0.81168,0.81175
1782382140000,0.81177,0.81186,0.81177,0.81179
1782382200000,0.81178,0.81183,0.81178,0.81181
1782382260000,0.8118,0.81185,0.81173,0.81182
1782382320000,0.81182,0.8119,0.81181,0.81184
1782382380000,0.81185,0.81191,0.81185,0.8119
1782382440000,0.8119,0.81193,0.81188,0.81193
1782382500000,0.81193,0.81195,0.81192,0.81194
1782382560000,0.81195,0.81196,0.81189,0.81191
1782382620000,0.81192,0.81197,0.81192,0.81196
1782382680000,0.81196,0.81196,0.81192,0.81192
1782382740000,0.81191,0.81196,0.8119,0.81194
1782382800000,0.81194,0.81195,0.81193,0.81193
1782382860000,0.81192,0.81194,0.81191,0.81193
1782382920000,0.81194,0.81194,0.8119,0.81191
1782382980000,0.81193,0.81195,0.8119,0.81194
1782383040000,0.81194,0.81194,0.8119,0.81191
1782383100000,0.81191,0.81191,0.81177,0.81184
1782383160000,0.81184,0.81185,0.81181,0.81185
1782383220000,0.81188,0.81188,0.81184,0.81187
1782383280000,0.81188,0.81194,0.81184,0.81194
1782383340000,0.81193,0.81193,0.81187,0.81187
1782383400000,0.81189,0.81197,0.81189,0.81195
1782383460000,0.81197,0.81198,0.81193,0.81194
1782383520000,0.81194,0.81196,0.81193,0.81196
1782383580000,0.81196,0.81196,0.81191,0.81191
1782383640000,0.81191,0.81196,0.81188,0.81196
1782383700000,0.81195,0.81195,0.81194,0.81194
1782383760000,0.81196,0.81196,0.81194,0.81194
1782383820000,0.81195,0.81198,0.81193,0.81194
1782383880000,0.81194,0.81197,0.81194,0.81197
1782383940000,0.81197,0.81197,0.81195,0.81196
1782384000000,0.81195,0.81195,0.8119,0.8119
1782384060000,0.8119,0.81199,0.8119,0.81196
1782384120000,0.81196,0.81218,0.81196,0.81216
1782384180000,0.81217,0.81218,0.81211,0.81212
1782384240000,0.81212,0.81212,0.81206,0.8121
1782384300000,0.81211,0.8124,0.81211,0.8124
1782384360000,0.8124,0.81249,0.81238,0.81244
1782384420000,0.81245,0.81245,0.81239,0.81239
1782384480000,0.81238,0.81248,0.81236,0.81245
1782384540000,0.81246,0.81246,0.8123,0.81237
1782384600000,0.81238,0.81238,0.81229,0.81234
1782384660000,0.81234,0.81245,0.81233,0.81245
1782384720000,0.81244,0.81258,0.81244,0.81254
1782384780000,0.81255,0.81257,0.81249,0.81256
1782384840000,0.81255,0.81262,0.81255,0.81258
1782384900000,0.81258,0.81266,0.81256,0.81261
1782384960000,0.81261,0.81263,0.81252,0.81254
1782385020000,0.81255,0.81269,0.81254,0.81254
1782385080000,0.81255,0.81266,0.81255,0.8126
1782385140000,0.81259,0.8126,0.81249,0.81249
1782385200000,0.81248,0.81264,0.81247,0.81264
1782385260000,0.81265,0.81265,0.81259,0.81259
1782385320000,0.81257,0.81262,0.81252,0.81262
1782385380000,0.81262,0.81274,0.8126,0.81273
1782385440000,0.81272,0.81276,0.81259,0.81262
1782385500000,0.81265,0.81271,0.81265,0.8127
1782385560000,0.8127,0.81272,0.81264,0.81265
1782385620000,0.81266,0.81266,0.81259,0.8126
1782385680000,0.8126,0.8126,0.8125,0.8125
1782385740000,0.81251,0.81263,0.81251,0.81256
1782385800000,0.81254,0.81262,0.81254,0.81262
1782385860000,0.81262,0.81266,0.81254,0.81259
1782385920000,0.81259,0.81263,0.81257,0.81263
1782385980000,0.81263,0.81263,0.81257,0.81263
1782386040000,0.81264,0.81267,0.8126,0.81266
1782386100000,0.81267,0.81272,0.81267,0.81267
1782386160000,0.81268,0.81273,0.81265,0.81272
1782386220000,0.81274,0.81291,0.81274,0.81287
1782386280000,0.81287,0.81287,0.81281,0.81281
1782386340000,0.81283,0.81283,0.8128,0.81282
1782386400000,0.81282,0.81282,0.81267,0.81273
1782386460000,0.81274,0.81274,0.81271,0.81272
1782386520000,0.81273,0.8128,0.81272,0.81276
1782386580000,0.81276,0.81287,0.81275,0.81287
1782386640000,0.81288,0.81289,0.81276,0.8128
1782386700000,0.81278,0.81278,0.81267,0.8127
1782386760000,0.81271,0.81276,0.81271,0.81275
1782386820000,0.81276,0.81288,0.81276,0.81284
1782386880000,0.81284,0.81291,0.81284,0.81286
1782386940000,0.81287,0.81287,0.81279,0.81283
1782387000000,0.81283,0.81289,0.81279,0.81282
1782387060000,0.8128,0.8128,0.81276,0.81276
1782387120000,0.81274,0.81288,0.81274,0.81287
1782387180000,0.81287,0.81298,0.81287,0.81298
1782387240000,0.81298,0.81303,0.81297,0.81303
1782387300000,0.81304,0.81305,0.81297,0.81299
1782387360000,0.81299,0.8131,0.81297,0.81309
1782387420000,0.81309,0.81309,0.81291,0.81295
1782387480000,0.81294,0.81318,0.81294,0.81318
1782387540000,0.81317,0.81321,0.81303,0.81304
1782387600000,0.81304,0.81308,0.81286,0.81287
1782387660000,0.81286,0.81292,0.81286,0.81292
1782387720000,0.81293,0.81295,0.8129,0.81292
1782387780000,0.81292,0.81298,0.81275,0.81278
1782387840000,0.81279,0.81288,0.81256,0.81286
1782387900000,0.81288,0.81301,0.81288,0.813
1782387960000,0.81301,0.81301,0.81295,0.81301
1782388020000,0.81301,0.81303,0.81299,0.81299
1782388080000,0.81301,0.81305,0.81294,0.81297
1782388140000,0.81297,0.81303,0.81296,0.81303
1782388200000,0.81303,0.81314,0.81296,0.81314
1782388260000,0.81314,0.81316,0.81282,0.8129
1782388320000,0.81291,0.81301,0.81281,0.81301
1782388380000,0.81303,0.81317,0.81302,0.81312
1782388440000,0.8131,0.81314,0.81304,0.81313
1782388500000,0.81313,0.81327,0.81313,0.81323
1782388560000,0.81325,0.81329,0.81321,0.81325
1782388620000,0.81325,0.81333,0.81325,0.81332
1782388680000,0.81333,0.81334,0.81324,0.81325
1782388740000,0.81324,0.81324,0.81314,0.81315
1782388800000,0.81314,0.81328,0.81311,0.81327
1782388860000,0.81325,0.81326,0.81319,0.81319
1782388920000,0.81322,0.81322,0.81311,0.81311
1782388980000,0.81311,0.81325,0.8131,0.81321
1782389040000,0.81321,0.81327,0.81319,0.81321
1782389100000,0.81323,0.81327,0.8132,0.8132
1782389160000,0.81321,0.81327,0.8132,0.81327
1782389220000,0.81326,0.81326,0.81321,0.81322
1782389280000,0.81321,0.81328,0.8132,0.81323
1782389340000,0.81321,0.81321,0.81308,0.81315
1782389400000,0.81316,0.81325,0.81316,0.81323
1782389460000,0.81323,0.81331,0.81321,0.81327
1782389520000,0.81327,0.81328,0.81322,0.81326
1782389580000,0.81327,0.8134,0.81326,0.81338
1782389640000,0.81338,0.81338,0.81324,0.81326
1782389700000,0.81327,0.8133,0.81323,0.81324
1782389760000,0.81323,0.81327,0.81314,0.81322
1782389820000,0.81322,0.81338,0.81322,0.81334
1782389880000,0.81335,0.81336,0.81322,0.81322
1782389940000,0.81323,0.81323,0.81313,0.81319
1782390000000,0.8132,0.81326,0.8132,0.81325
1782390060000,0.81322,0.81334,0.81322,0.81334
1782390120000,0.81335,0.81342,0.81334,0.81338
1782390180000,0.81337,0.81345,0.81333,0.81343
1782390240000,0.81343,0.81343,0.81333,0.81334
1782390300000,0.81331,0.81342,0.81329,0.81336
1782390360000,0.81336,0.81343,0.81336,0.81343
1782390420000,0.81344,0.81345,0.81339,0.81339
1782390480000,0.8134,0.81342,0.81332,0.81332
1782390540000,0.81333,0.81335,0.81311,0.81312
1782390600000,0.81312,0.81313,0.81186,0.81208
1782390660000,0.8121,0.8127,0.81204,0.81268
1782390720000,0.81267,0.81278,0.81254,0.81262
1782390780000,0.81264,0.81298,0.81264,0.81289
1782390840000,0.81288,0.81291,0.81241,0.81241
1782390900000,0.81241,0.81248,0.81222,0.81227
1782390960000,0.81226,0.81227,0.8118,0.81181
1782391020000,0.81181,0.8119,0.8116,0.81165
1782391080000,0.81164,0.81186,0.81159,0.81177
1782391140000,0.81181,0.81193,0.81179,0.8119
1782391200000,0.81189,0.81205,0.8118,0.81196
1782391260000,0.81197,0.81203,0.81159,0.81159
1782391320000,0.81159,0.8116,0.81116,0.81127
1782391380000,0.81127,0.81138,0.81118,0.81122
1782391440000,0.81122,0.81125,0.81101,0.81116
1782391500000,0.81116,0.81124,0.81099,0.81114
1782391560000,0.81115,0.81139,0.81108,0.81127
1782391620000,0.81126,0.81138,0.81108,0.8111
1782391680000,0.81111,0.81122,0.81109,0.81114
1782391740000,0.81116,0.81159,0.81116,0.81151
1782391800000,0.8115,0.8117,0.81147,0.81169
1782391860000,0.81168,0.81196,0.81168,0.81194
1782391920000,0.81193,0.81193,0.81176,0.8118
1782391980000,0.8118,0.81181,0.8116,0.81175
1782392040000,0.81176,0.81195,0.81176,0.81181
1782392100000,0.81181,0.81188,0.81173,0.8118
1782392160000,0.81182,0.81199,0.81179,0.81199
1782392220000,0.81198,0.812,0.8119,0.81199
1782392280000,0.812,0.81219,0.81197,0.81216
1782392340000,0.81216,0.81222,0.8121,0.81212
1782392400000,0.81211,0.81217,0.81189,0.81198
1782392460000,0.81197,0.81199,0.81183,0.81195
1782392520000,0.81195,0.81196,0.81164,0.81175
1782392580000,0.81177,0.81184,0.81173,0.81176
1782392640000,0.81177,0.81205,0.81169,0.81205
1782392700000,0.81205,0.81212,0.81199,0.81199
1782392760000,0.812,0.81205,0.81179,0.81183
1782392820000,0.81184,0.81204,0.81179,0.81197
1782392880000,0.81196,0.81216,0.81188,0.81206
1782392940000,0.81206,0.81227,0.81206,0.81226
1782393000000,0.81227,0.81234,0.81221,0.81226
1782393060000,0.81226,0.81234,0.81209,0.81216
1782393120000,0.81218,0.81223,0.81214,0.81217
1782393180000,0.81215,0.81217,0.81197,0.81202
1782393240000,0.81202,0.81205,0.81196,0.812
1782393300000,0.812,0.81204,0.81193,0.81193
1782393360000,0.81194,0.81197,0.81186,0.81197
1782393420000,0.81197,0.81202,0.81192,0.81192
1782393480000,0.8119,0.81198,0.81182,0.81188
1782393540000,0.81186,0.8119,0.8117,0.81175
1782393600000,0.81172,0.81175,0.8115,0.81155
1782393660000,0.81157,0.8116,0.81116,0.81116
1782393720000,0.81113,0.81125,0.81104,0.81112
1782393780000,0.8111,0.81112,0.81092,0.81099
1782393840000,0.81099,0.81106,0.81092,0.81101
1782393900000,0.811,0.81107,0.81089,0.81089
1782393960000,0.81091,0.81102,0.81082,0.81098
1782394020000,0.81098,0.81126,0.81093,0.8111
1782394080000,0.81113,0.81121,0.8111,0.81118
1782394140000,0.81118,0.81121,0.81106,0.81109
1782394200000,0.81113,0.81113,0.81088,0.81094
1782394260000,0.81095,0.81116,0.81095,0.81114
1782394320000,0.81115,0.81127,0.81104,0.81121
1782394380000,0.81121,0.81136,0.81098,0.81109
1782394440000,0.81107,0.8112,0.81104,0.81115
1782394500000,0.81115,0.81117,0.81086,0.81087
1782394560000,0.81088,0.81094,0.81069,0.8107
1782394620000,0.81069,0.81085,0.81064,0.81075
1782394680000,0.81075,0.81089,0.81067,0.81076
1782394740000,0.81076,0.81076,0.81042,0.81042
1782394800000,0.81043,0.8107,0.81042,0.81059
1782394860000,0.81058,0.81066,0.81055,0.8106
1782394920000,0.81061,0.81095,0.81061,0.81079
1782394980000,0.81078,0.81106,0.81078,0.81105
1782395040000,0.81105,0.81105,0.81085,0.81099
1782395100000,0.811,0.81117,0.81092,0.81112
1782395160000,0.81113,0.81117,0.81079,0.81087
1782395220000,0.81086,0.81086,0.81053,0.81072
1782395280000,0.81073,0.81075,0.81044,0.81061
1782395340000,0.81059,0.81066,0.81056,0.8106
1782395400000,0.81061,0.81074,0.81051,0.81066
1782395460000,0.81066,0.81069,0.81019,0.81024
1782395520000,0.81024,0.81059,0.81024,0.81049
1782395580000,0.81047,0.81074,0.81042,0.81058
1782395640000,0.81057,0.81081,0.81048,0.81075
1782395700000,0.81076,0.811,0.81076,0.81077
1782395760000,0.81075,0.81097,0.81075,0.81096
1782395820000,0.81097,0.81106,0.81087,0.81087
1782395880000,0.81087,0.81103,0.81082,0.81086
1782395940000,0.81086,0.81093,0.81084,0.81085
1782396000000,0.81084,0.81097,0.81071,0.81074
1782396060000,0.81076,0.81081,0.81033,0.81039
1782396120000,0.81039,0.81072,0.81039,0.8105
1782396180000,0.8105,0.81051,0.80998,0.81003
1782396240000,0.81003,0.81004,0.80954,0.80954
1782396300000,0.80953,0.80961,0.80918,0.80939
1782396360000,0.80939,0.80962,0.80923,0.8096
1782396420000,0.80959,0.80984,0.80933,0.80984
1782396480000,0.80984,0.81017,0.80984,0.80991
1782396540000,0.8099,0.80991,0.80965,0.80991
1782396600000,0.8099,0.80996,0.80975,0.80989
1782396660000,0.80989,0.81012,0.80989,0.81009
1782396720000,0.81008,0.81028,0.81006,0.81011
1782396780000,0.8101,0.81016,0.80997,0.81005
1782396840000,0.81006,0.81013,0.81004,0.81007
1782396900000,0.81007,0.81012,0.80987,0.81007
1782396960000,0.81008,0.81012,0.8098,0.8099
1782397020000,0.80991,0.81009,0.80991,0.81001
1782397080000,0.81003,0.81038,0.81002,0.81037
1782397140000,0.81037,0.81046,0.81033,0.81039
1782397200000,0.8104,0.81054,0.8104,0.8105
1782397260000,0.81051,0.81066,0.81046,0.8106
1782397320000,0.81061,0.81081,0.81059,0.81079
1782397380000,0.81077,0.81078,0.81055,0.81059
1782397440000,0.8106,0.8108,0.81055,0.8108
1782397500000,0.81079,0.81084,0.81075,0.81078
1782397560000,0.81075,0.81077,0.81066,0.81074
1782397620000,0.81074,0.81075,0.8106,0.81072
1782397680000,0.81071,0.81072,0.81052,0.81052
1782397740000,0.81053,0.81055,0.81038,0.81046
1782397800000,0.81047,0.81062,0.8103,0.81062
1782397860000,0.8106,0.81065,0.81041,0.81043
1782397920000,0.8104,0.81045,0.81029,0.81033
1782397980000,0.81032,0.81051,0.81032,0.81049
1782398040000,0.81048,0.8105,0.81032,0.81035
1782398100000,0.81036,0.8104,0.81024,0.81024
1782398160000,0.81024,0.81041,0.81017,0.81036
1782398220000,0.81035,0.81056,0.81035,0.81047
1782398280000,0.81047,0.81049,0.81019,0.81028
1782398340000,0.81028,0.81035,0.81011,0.81015
1782398400000,0.81018,0.81045,0.81013,0.8103
1782398460000,0.81029,0.81031,0.81014,0.81022
1782398520000,0.81022,0.81027,0.81008,0.81009
1782398580000,0.81008,0.81034,0.81002,0.8103
1782398640000,0.81029,0.81032,0.81018,0.8102
1782398700000,0.8102,0.8102,0.81009,0.81009
1782398760000,0.81009,0.81022,0.81006,0.8101
1782398820000,0.81011,0.81016,0.81004,0.81006
1782398880000,0.81005,0.81031,0.80995,0.81031
1782398940000,0.8103,0.8103,0.81009,0.81009
1782399000000,0.8101,0.81012,0.80998,0.81004
1782399060000,0.81003,0.81003,0.80983,0.80997
1782399120000,0.80997,0.80999,0.80976,0.8098
1782399180000,0.8098,0.81004,0.80974,0.81004
1782399240000,0.81004,0.81004,0.80966,0.80968
1782399300000,0.80968,0.80982,0.8096,0.80967
1782399360000,0.80969,0.80975,0.80966,0.8097
1782399420000,0.80969,0.80973,0.80954,0.8097
1782399480000,0.8097,0.80979,0.80968,0.80969
1782399540000,0.80971,0.81,0.80971,0.80999
1782399600000,0.80999,0.80999,0.80978,0.80979
1782399660000,0.80977,0.80989,0.80976,0.80977
1782399720000,0.80975,0.80994,0.80957,0.80957
1782399780000,0.80958,0.80967,0.80954,0.80962
1782399840000,0.8096,0.80964,0.80942,0.80943
1782399900000,0.80943,0.80958,0.80916,0.80952
1782399960000,0.80952,0.80956,0.80936,0.80949
1782400020000,0.80947,0.80952,0.80943,0.80947
1782400080000,0.80946,0.80961,0.80946,0.80961
1782400140000,0.80962,0.80978,0.80961,0.80978
1782400200000,0.80978,0.80983,0.80973,0.80983
1782400260000,0.80983,0.81018,0.80983,0.81018
1782400320000,0.81018,0.81028,0.81011,0.81024
1782400380000,0.81024,0.81024,0.81007,0.81014
1782400440000,0.81013,0.81027,0.81002,0.81011
1782400500000,0.81011,0.81032,0.80999,0.81
1782400560000,0.80999,0.8101,0.80995,0.81005
1782400620000,0.81005,0.81017,0.81003,0.81009
1782400680000,0.8101,0.81011,0.80983,0.80992
1782400740000,0.80991,0.81,0.80981,0.80981
1782400800000,0.80982,0.80993,0.80978,0.80987
1782400860000,0.80986,0.80986,0.80967,0.80968
1782400920000,0.80969,0.80972,0.80956,0.80964
1782400980000,0.80965,0.80972,0.80962,0.80968
1782401040000,0.80968,0.80968,0.80947,0.80947
1782401100000,0.80948,0.8095,0.8091,0.80921
1782401160000,0.80922,0.80938,0.80919,0.80931
1782401220000,0.80932,0.80936,0.80918,0.80925
1782401280000,0.80925,0.80934,0.80919,0.80929
1782401340000,0.80929,0.8093,0.80918,0.80926
1782401400000,0.80927,0.80942,0.80921,0.80938
1782401460000,0.80938,0.80945,0.80929,0.80929
1782401520000,0.80929,0.80945,0.80929,0.80933
1782401580000,0.80934,0.8096,0.80932,0.80956
1782401640000,0.80955,0.80961,0.80946,0.80954
1782401700000,0.80953,0.80954,0.80934,0.80941
1782401760000,0.80943,0.80968,0.80943,0.80964
1782401820000,0.80964,0.80972,0.80957,0.80967
1782401880000,0.80966,0.80966,0.80954,0.80954
1782401940000,0.80953,0.80965,0.80953,0.80965
1782402000000,0.80964,0.80966,0.80955,0.80961
1782402060000,0.80964,0.80968,0.80958,0.80966
1782402120000,0.80967,0.80987,0.80967,0.80984
1782402180000,0.80984,0.80987,0.80978,0.80983
1782402240000,0.80984,0.8099,0.80979,0.80988
1782402300000,0.80988,0.80995,0.80977,0.80979
1782402360000,0.80979,0.80979,0.80958,0.80964
1782402420000,0.80965,0.80972,0.80946,0.80947
1782402480000,0.80947,0.80961,0.80947,0.8096
1782402540000,0.80959,0.80959,0.80948,0.80953
1782402600000,0.80955,0.80974,0.80955,0.80965
1782402660000,0.80964,0.80964,0.80951,0.80954
1782402720000,0.80955,0.8097,0.80954,0.80968
1782402780000,0.80966,0.80975,0.8096,0.80963
1782402840000,0.80964,0.80975,0.80962,0.80974
1782402900000,0.80973,0.80983,0.80962,0.80969
1782402960000,0.80968,0.80969,0.8095,0.80952
1782403020000,0.80952,0.80954,0.80937,0.8094
1782403080000,0.80941,0.80949,0.80929,0.80929
1782403140000,0.8093,0.80932,0.80924,0.80931
1782403200000,0.80931,0.80948,0.80928,0.80939
1782403260000,0.80939,0.80944,0.80936,0.80937
1782403320000,0.80937,0.80943,0.8093,0.80942
1782403380000,0.80941,0.80941,0.80927,0.80935
1782403440000,0.80936,0.80948,0.80931,0.80947
1782403500000,0.80948,0.80963,0.80944,0.80962
1782403560000,0.80961,0.80971,0.80956,0.80968
1782403620000,0.80968,0.80968,0.80958,0.80961
1782403680000,0.8096,0.80965,0.80959,0.80963
1782403740000,0.80964,0.80969,0.80959,0.80961
1782403800000,0.80961,0.80961,0.80947,0.80952
1782403860000,0.80951,0.80958,0.80948,0.80956
1782403920000,0.80958,0.8096,0.80947,0.80953
1782403980000,0.80953,0.80957,0.80951,0.80957
1782404040000,0.80956,0.80961,0.80954,0.80956
1782404100000,0.80955,0.80956,0.80947,0.80947
1782404160000,0.80948,0.80949,0.80932,0.80937
1782404220000,0.80939,0.80942,0.80915,0.80916
1782404280000,0.80915,0.80917,0.80894,0.80907
1782404340000,0.80909,0.80917,0.80906,0.80916
1782404400000,0.80916,0.80916,0.80908,0.80911
1782404460000,0.80913,0.80917,0.80907,0.80911
1782404520000,0.8091,0.80916,0.80908,0.80909
1782404580000,0.8091,0.8091,0.80898,0.80907
1782404640000,0.80907,0.80917,0.809,0.80917
1782404700000,0.80917,0.80924,0.80913,0.80917
1782404760000,0.80918,0.80918,0.80907,0.80908
1782404820000,0.80908,0.8091,0.80894,0.80895
1782404880000,0.80896,0.80904,0.80894,0.80899
1782404940000,0.80898,0.80907,0.80898,0.80902
1782405000000,0.80902,0.80923,0.80901,0.80921
1782405060000,0.80921,0.80927,0.80914,0.80924
1782405120000,0.80925,0.80933,0.80921,0.80928
1782405180000,0.80929,0.80936,0.80924,0.80925
1782405240000,0.80926,0.80936,0.80919,0.80935
1782405300000,0.80935,0.80947,0.80935,0.80937
1782405360000,0.80937,0.80939,0.80934,0.80935
1782405420000,0.80935,0.8094,0.80931,0.8094
1782405480000,0.80941,0.80951,0.80941,0.80947
1782405540000,0.80947,0.80947,0.8094,0.8094
1782405600000,0.80939,0.80942,0.80939,0.80941
1782405660000,0.80941,0.80949,0.8094,0.80949
1782405720000,0.8095,0.80957,0.80943,0.80957
1782405780000,0.80956,0.80963,0.80953,0.80962
1782405840000,0.80962,0.80976,0.80962,0.80973
1782405900000,0.80973,0.8099,0.80971,0.80988
1782405960000,0.80988,0.80991,0.80982,0.80983
1782406020000,0.80982,0.80983,0.80977,0.80978
1782406080000,0.80979,0.8098,0.80972,0.80976
1782406140000,0.80977,0.80977,0.80964,0.80969
1782406200000,0.8097,0.80982,0.8097,0.80982
1782406260000,0.80982,0.80992,0.80977,0.80991
1782406320000,0.80993,0.80996,0.8098,0.80982
1782406380000,0.80981,0.80985,0.80978,0.80985
1782406440000,0.80985,0.80989,0.80983,0.80988
1782406500000,0.80988,0.80997,0.80979,0.80994
1782406560000,0.80995,0.80995,0.80985,0.80991
1782406620000,0.8099,0.81001,0.80986,0.80999
1782406680000,0.80999,0.80999,0.80991,0.80999
1782406740000,0.80999,0.80999,0.80992,0.80993
1782406800000,0.80993,0.81001,0.80991,0.80998
1782406860000,0.80998,0.80998,0.80993,0.80998
1782406920000,0.80999,0.81005,0.80991,0.80992
1782406980000,0.80992,0.80999,0.80992,0.80998
1782407040000,0.80998,0.81002,0.80993,0.80993
1782407100000,0.80994,0.80999,0.80994,0.80998
1782407160000,0.80999,0.81002,0.80985,0.80985
1782407220000,0.80985,0.80985,0.80965,0.80966
1782407280000,0.80968,0.80976,0.80968,0.80976
1782407340000,0.80977,0.8099,0.80976,0.80989
1782407400000,0.80989,0.80989,0.80981,0.80982
1782407460000,0.80985,0.80985,0.8098,0.80981
1782407520000,0.80982,0.80988,0.80978,0.80983
1782407580000,0.80985,0.80988,0.80983,0.80985
1782407640000,0.80985,0.80993,0.80983,0.80989
1782407700000,0.80991,0.80997,0.80989,0.8099
1782407760000,0.80989,0.80991,0.80986,0.80988
1782407820000,0.80989,0.80989,0.80982,0.80984
1782407880000,0.80985,0.80986,0.80984,0.80984
1782407940000,0.80984,0.80991,0.80984,0.80991
1782408000000,0.8099,0.81002,0.8099,0.81001
1782408060000,0.81,0.81002,0.80999,0.81002
1782408120000,0.81003,0.8101,0.81003,0.81009
1782408180000,0.8101,0.81013,0.81003,0.81005
1782408240000,0.81008,0.8101,0.81006,0.81008
1782408300000,0.81007,0.81013,0.81005,0.81008
1782408360000,0.81007,0.81007,0.80995,0.80997
1782408420000,0.80996,0.81002,0.80996,0.80999
1782408480000,0.80999,0.81005,0.80998,0.81002
1782408540000,0.81003,0.81005,0.80997,0.80997
1782408600000,0.80996,0.80999,0.80992,0.80996
1782408660000,0.80997,0.81007,0.80996,0.81005
1782408720000,0.81006,0.81013,0.81005,0.81011
1782408780000,0.8101,0.81015,0.81004,0.81005
1782408840000,0.81006,0.81014,0.81005,0.81011
1782408900000,0.81013,0.81013,0.81004,0.81005
1782408960000,0.81003,0.81003,0.80997,0.81001
1782409020000,0.81002,0.8101,0.81002,0.81009
1782409080000,0.8101,0.81011,0.81001,0.81004
1782409140000,0.81005,0.81011,0.81005,0.81007
1782409200000,0.81008,0.81008,0.80996,0.80996
1782409260000,0.80996,0.81001,0.80994,0.80995
1782409320000,0.80996,0.81001,0.80996,0.81001
1782409380000,0.81001,0.81002,0.80996,0.81001
1782409440000,0.81002,0.81003,0.80997,0.81001
1782409500000,0.81,0.81006,0.81,0.81003
1782409560000,0.81004,0.81008,0.81002,0.81006
1782409620000,0.81006,0.81007,0.81002,0.81002
1782409680000,0.81003,0.81007,0.81002,0.81006
1782409740000,0.81007,0.81007,0.81,0.81002
1782409800000,0.81001,0.81001,0.80988,0.80989
1782409860000,0.80988,0.80988,0.80981,0.80985
1782409920000,0.80987,0.80989,0.80982,0.80982
1782409980000,0.80983,0.80985,0.80975,0.80977
1782410040000,0.80977,0.80977,0.8097,0.80972
1782410100000,0.80971,0.80971,0.80966,0.80967
1782410160000,0.80967,0.80979,0.80965,0.80967
1782410220000,0.80966,0.80979,0.80965,0.80976
1782410280000,0.80977,0.80983,0.80975,0.80982
1782410340000,0.80981,0.80991,0.8098,0.8099
1782410400000,0.80989,0.80997,0.80989,0.80994
1782410460000,0.80997,0.81008,0.80997,0.81006
1782410520000,0.81007,0.81034,0.81006,0.81026
1782410580000,0.81025,0.81028,0.81015,0.81027
1782410640000,0.81028,0.81033,0.81017,0.81019
1782410700000,0.81018,0.8103,0.81017,0.81024
1782410760000,0.81025,0.81025,0.81008,0.81008
1782410820000,0.81009,0.81012,0.81005,0.8101
1782410880000,0.81009,0.81011,0.81001,0.81003
1782410940000,0.81001,0.81008,0.80998,0.81001
1782411000000,0.80999,0.80999,0.80987,0.80996
1782411060000,0.80996,0.80997,0.8098,0.80982
1782411120000,0.80981,0.80984,0.80976,0.8098
1782411180000,0.80982,0.80982,0.80968,0.80968
1782411240000,0.80967,0.80969,0.80961,0.80965
1782411300000,0.80964,0.80971,0.80959,0.80959
1782411360000,0.80957,0.80958,0.80954,0.80956
1782411420000,0.80957,0.80959,0.80949,0.80952
1782411480000,0.80953,0.80954,0.80946,0.80946
1782411540000,0.80944,0.8095,0.80938,0.80948
1782411600000,0.80949,0.80952,0.80945,0.8095
1782411660000,0.80951,0.80956,0.80949,0.80951
1782411720000,0.80952,0.80954,0.80946,0.8095
1782411780000,0.8095,0.80957,0.8095,0.80953
1782411840000,0.80954,0.80956,0.80951,0.80956
1782411900000,0.80955,0.80959,0.80948,0.80959
1782411960000,0.80958,0.8096,0.80952,0.80954
1782412020000,0.80955,0.80957,0.80949,0.80951
1782412080000,0.8095,0.80951,0.80944,0.80948
1782412140000,0.8095,0.80952,0.80946,0.80946
1782412200000,0.80945,0.8096,0.80945,0.8096
1782412260000,0.8096,0.80966,0.8096,0.8096
1782412320000,0.80959,0.80962,0.80957,0.80961
1782412380000,0.80962,0.80965,0.80962,0.80965
1782412440000,0.80963,0.80971,0.80962,0.80969
1782412500000,0.80968,0.80971,0.80967,0.80968
1782412560000,0.80966,0.80971,0.80965,0.80969
1782412620000,0.80969,0.80971,0.80964,0.80964
1782412680000,0.80965,0.80966,0.80959,0.80961
1782412740000,0.80962,0.80984,0.8096,0.80963
1782412800000,0.80965,0.80974,0.80965,0.80974
1782412860000,0.80978,0.80981,0.80976,0.80976
1782412920000,0.80976,0.80985,0.80975,0.80981
1782412980000,0.8098,0.80981,0.80973,0.80973
1782413040000,0.80972,0.80977,0.8097,0.80976
1782413100000,0.80977,0.80982,0.80974,0.80978
1782413160000,0.80978,0.80984,0.80972,0.80982
1782413220000,0.80982,0.80983,0.80977,0.80981
1782413280000,0.8098,0.80981,0.80975,0.80977
1782413340000,0.80979,0.80982,0.80978,0.80978
1782413400000,0.80978,0.80978,0.8097,0.80972
1782413460000,0.8097,0.80972,0.80966,0.80968
1782413520000,0.80969,0.8097,0.80951,0.80951
1782413580000,0.80952,0.80958,0.80952,0.80957
1782413640000,0.80957,0.80957,0.8095,0.80953
1782413700000,0.80951,0.80954,0.80945,0.80954
1782413760000,0.80956,0.80969,0.80952,0.80967
1782413820000,0.80966,0.80975,0.80965,0.80975
1782413880000,0.80974,0.80977,0.8097,0.8097
1782413940000,0.80969,0.80976,0.80964,0.80976
1782414000000,0.80976,0.80979,0.80966,0.80977
1782414060000,0.80977,0.80982,0.80977,0.8098
1782414120000,0.8098,0.80981,0.80975,0.8098
1782414180000,0.80979,0.80987,0.80976,0.80978
1782414240000,0.80977,0.80977,0.80963,0.80967
1782414300000,0.80968,0.80976,0.80964,0.80976
1782414360000,0.80976,0.80981,0.80976,0.8098
1782414420000,0.80981,0.80984,0.80976,0.80979
1782414480000,0.8098,0.80991,0.80979,0.8099
1782414540000,0.80991,0.81,0.80989,0.80994
1782414600000,0.80996,0.80999,0.80995,0.80997
1782414660000,0.80996,0.80997,0.80992,0.80992
1782414720000,0.80993,0.80998,0.80992,0.80998
1782414780000,0.80997,0.81001,0.80997,0.80999
1782414840000,0.80998,0.80998,0.80982,0.80982
1782414900000,0.80981,0.80981,0.80963,0.80965
1782414960000,0.80964,0.80964,0.80956,0.8096
1782415020000,0.8096,0.80975,0.8096,0.80975
1782415080000,0.80974,0.80976,0.8097,0.80976
1782415140000,0.80975,0.80982,0.80974,0.80974
1782415200000,0.80973,0.80973,0.80967,0.8097
1782415260000,0.8097,0.80971,0.80966,0.80966
1782415320000,0.80964,0.80969,0.80964,0.80968
1782415380000,0.80968,0.80968,0.80958,0.80959
1782415440000,0.8096,0.80962,0.80951,0.80952
1782415500000,0.80951,0.80954,0.80944,0.80952
1782415560000,0.80953,0.80962,0.80951,0.80961
1782415620000,0.80963,0.80963,0.80955,0.80956
1782415680000,0.80956,0.80959,0.8095,0.8095
1782415740000,0.80949,0.8095,0.8094,0.80942
1782415800000,0.80942,0.80943,0.80936,0.80942
1782415860000,0.80942,0.80948,0.80939,0.80946
1782415920000,0.80946,0.80947,0.80941,0.80946
1782415980000,0.80946,0.80946,0.80943,0.80943
1782416040000,0.80942,0.80944,0.8094,0.80942
1782416100000,0.80944,0.80945,0.80944,0.80944
1782416160000,0.80943,0.80952,0.80942,0.80948
1782416220000,0.80948,0.80951,0.80946,0.80946
1782416280000,0.80948,0.80949,0.80944,0.80944
1782416340000,0.80943,0.80945,0.80939,0.80939
1782416400000,0.80939,0.80963,0.80931,0.80962
1782416460000,0.80961,0.80987,0.80961,0.80987
1782416520000,0.80986,0.80987,0.80977,0.80987
1782416580000,0.80986,0.80987,0.8098,0.80981
1782416640000,0.80982,0.80986,0.80981,0.80985
1782416700000,0.80986,0.81,0.80986,0.80996
1782416760000,0.80998,0.80998,0.80982,0.80983
1782416820000,0.80981,0.80987,0.80976,0.80987
1782416880000,0.80989,0.80993,0.80986,0.80989
1782416940000,0.80989,0.80994,0.80986,0.80992
1782417000000,0.80993,0.81003,0.80986,0.81001
1782417060000,0.81002,0.81006,0.80999,0.81004
1782417120000,0.81007,0.81012,0.81004,0.81008
1782417180000,0.81009,0.81012,0.81007,0.8101
1782417240000,0.81011,0.81016,0.81009,0.81011
1782417300000,0.81012,0.81012,0.80983,0.80987
1782417360000,0.80989,0.8099,0.80987,0.80988
1782417420000,0.80989,0.80989,0.8098,0.8098
1782417480000,0.80979,0.80981,0.80977,0.80979
1782417540000,0.80978,0.80979,0.80967,0.80972
1782417600000,0.80972,0.80972,0.80956,0.80959
1782417660000,0.80959,0.80959,0.80952,0.80954
1782417720000,0.80955,0.80968,0.80955,0.80963
1782417780000,0.80964,0.80967,0.80962,0.80964
1782417840000,0.80965,0.80967,0.80959,0.80962
1782417900000,0.80961,0.80972,0.80958,0.80962
1782417960000,0.80963,0.80975,0.80963,0.80969
1782418020000,0.80971,0.80973,0.80967,0.80973
1782418080000,0.80973,0.80977,0.80969,0.80975
1782418140000,0.80973,0.80977,0.80973,0.80975
1782418200000,0.80976,0.80976,0.80971,0.80972
1782418260000,0.80973,0.80973,0.80969,0.8097
1782418320000,0.80971,0.80975,0.80968,0.80975
1782418380000,0.80975,0.8098,0.80972,0.8098
1782418440000,0.80978,0.80979,0.80974,0.80976
1782418500000,0.80974,0.80976,0.80973,0.80973
1782418560000,0.80973,0.80979,0.80973,0.80979
1782418620000,0.80979,0.80982,0.80978,0.8098
1782418680000,0.8098,0.8098,0.80978,0.80978
1782418740000,0.80978,0.8098,0.80976,0.80978
1782418800000,0.80979,0.80981,0.80978,0.80979
1782418860000,0.8098,0.80982,0.80973,0.80974
1782418920000,0.80975,0.80988,0.80975,0.80988
1782418980000,0.80987,0.80988,0.80984,0.80984
1782419040000,0.80984,0.80989,0.80984,0.80988
1782419100000,0.80987,0.80989,0.80986,0.80989
1782419160000,0.80988,0.8099,0.80986,0.80987
1782419220000,0.80988,0.80988,0.80983,0.80984
1782419280000,0.80986,0.80986,0.80985,0.80985
1782419340000,0.80986,0.80986,0.80982,0.80983
1782419400000,0.80981,0.80987,0.80981,0.80985
1782419460000,0.80985,0.80985,0.8098,0.80982
1782419520000,0.80981,0.80986,0.8098,0.80986
1782419580000,0.80986,0.80988,0.80986,0.80987
1782419640000,0.80986,0.80987,0.80985,0.80986
1782419700000,0.80987,0.80987,0.80984,0.80986
1782419760000,0.80986,0.80986,0.80985,0.80986
1782419820000,0.80987,0.80987,0.80984,0.80985
1782419880000,0.80985,0.80987,0.80984,0.80985
1782419940000,0.80987,0.80996,0.80986,0.80995
1782420000000,0.80995,0.80995,0.80993,0.80993
1782420060000,0.80994,0.80999,0.80994,0.80996
1782420120000,0.80996,0.80997,0.80992,0.80997
1782420180000,0.80995,0.80998,0.80994,0.80996
1782420240000,0.80996,0.80999,0.80995,0.80998
1782420300000,0.80999,0.80999,0.80998,0.80999
1782420360000,0.80999,0.80999,0.80999,0.80999
1782420420000,0.81001,0.81004,0.81001,0.81002
1782420480000,0.81002,0.81002,0.81002,0.81002
1782420540000,0.81,0.81,0.80996,0.81
1782420600000,0.81001,0.81001,0.80997,0.80997
1782420660000,0.80998,0.80998,0.80997,0.80998
1782420720000,0.80995,0.80999,0.80995,0.80999
1782420780000,0.80999,0.81001,0.80998,0.81001
1782420840000,0.81002,0.81003,0.81001,0.81003
1782420900000,0.81003,0.81014,0.80999,0.81014
1782420960000,0.81012,0.81017,0.81008,0.81008
1782421020000,0.81009,0.81012,0.81005,0.81011
1782421080000,0.8101,0.81013,0.81006,0.81008
1782421140000,0.81006,0.81009,0.80996,0.80996
1782421200000,0.80967,0.80967,0.80967,0.80967
1782421260000,0.80967,0.80967,0.80967,0.80967
1782421320000,0.80967,0.80967,0.80967,0.80967
1782421380000,0.80967,0.80967,0.80967,0.80967
1782421440000,0.80938,0.80938,0.80809,0.80809
1782421500000,0.8084,0.80968,0.80837,0.80968
1782421560000,0.80888,0.80954,0.80888,0.80954
1782421620000,0.80954,0.80954,0.80954,0.80954
1782421680000,0.8091,0.8091,0.8091,0.8091
1782421740000,0.80918,0.80954,0.80918,0.80954
1782421800000,0.80934,0.80934,0.80934,0.80934
1782421860000,0.80933,0.80933,0.80933,0.80933
1782421920000,0.80939,0.8095,0.80937,0.80937
1782421980000,0.80908,0.80911,0.80908,0.80911
1782422040000,0.80913,0.80913,0.80913,0.80913
1782422100000,0.80954,0.80954,0.80954,0.80954
1782422160000,0.80954,0.80954,0.80942,0.80942
1782422220000,0.80932,0.80933,0.80932,0.80933
1782422280000,0.80936,0.80936,0.80936,0.80936
1782422340000,0.80935,0.80937,0.80935,0.80937
1782422400000,0.80937,0.80943,0.80937,0.80938
1782422460000,0.80943,0.80943,0.80923,0.80943
1782422520000,0.80942,0.80942,0.80919,0.80919
1782422580000,0.80943,0.80943,0.80943,0.80943
1782422640000,0.80924,0.80924,0.80924,0.80924
1782422700000,0.80924,0.80924,0.80924,0.80924
1782422760000,0.80943,0.80943,0.80943,0.80943
1782422820000,0.80943,0.80943,0.80927,0.80927
1782422880000,0.80928,0.80931,0.80924,0.8093
1782422940000,0.80936,0.80941,0.80936,0.80941
1782423000000,0.80941,0.80945,0.8094,0.80945
1782423060000,0.80944,0.80946,0.80944,0.80946
1782423120000,0.80946,0.80955,0.80946,0.80955
1782423180000,0.8095,0.8095,0.8095,0.8095
1782423240000,0.8095,0.80951,0.8095,0.80951
1782423300000,0.80956,0.80956,0.80956,0.80956
1782423360000,0.80955,0.80956,0.80955,0.80956
1782423420000,0.80956,0.80956,0.80949,0.8095
1782423480000,0.80951,0.80951,0.80948,0.80948
1782423540000,0.80947,0.8095,0.80947,0.80949
1782423600000,0.80949,0.8095,0.80946,0.80946
1782423660000,0.80946,0.80946,0.80935,0.8094
1782423720000,0.80939,0.80939,0.80939,0.80939
1782423780000,0.80939,0.80949,0.80936,0.80938
1782423840000,0.80933,0.80933,0.80933,0.80933
1782423900000,0.80935,0.80935,0.80935,0.80935
1782423960000,0.80935,0.80936,0.80935,0.80936
1782424020000,0.80936,0.80936,0.80925,0.80935
1782424080000,0.80932,0.80934,0.80925,0.8093
1782424140000,0.8093,0.80939,0.80921,0.80921
1782424200000,0.80921,0.80934,0.8092,0.8093
1782424260000,0.8093,0.80932,0.80927,0.80927
1782424320000,0.8092,0.80928,0.8092,0.80928
1782424380000,0.8093,0.80937,0.80921,0.80937
1782424440000,0.80938,0.80938,0.80938,0.80938
1782424500000,0.80938,0.80938,0.80938,0.80938
1782424560000,0.80938,0.80938,0.80934,0.80935
1782424620000,0.80935,0.80939,0.80935,0.80939
1782424680000,0.80939,0.80939,0.80935,0.80935
1782424740000,0.80937,0.80938,0.80935,0.80936
1782424800000,0.80936,0.80978,0.80936,0.80978
1782424860000,0.80985,0.80985,0.80975,0.80981
1782424920000,0.80981,0.80986,0.80979,0.80981
1782424980000,0.80981,0.80987,0.80981,0.80987
1782425040000,0.80988,0.81002,0.80987,0.80996
1782425100000,0.80996,0.81,0.80993,0.80998
1782425160000,0.80998,0.80999,0.80991,0.80997
1782425220000,0.80998,0.80999,0.8099,0.80996
1782425280000,0.80998,0.80998,0.8099,0.80995
1782425340000,0.80996,0.80996,0.80991,0.80993
1782425400000,0.80989,0.80994,0.80989,0.80991
1782425460000,0.80992,0.80999,0.80991,0.80996
1782425520000,0.80997,0.80999,0.80996,0.80999
1782425580000,0.81,0.81001,0.81,0.81001
1782425640000,0.81001,0.81001,0.81001,0.81001
1782425700000,0.81003,0.81003,0.80999,0.81001
1782425760000,0.81003,0.81004,0.80999,0.80999
1782425820000,0.80999,0.81003,0.80999,0.81001
1782425880000,0.81003,0.81003,0.81002,0.81002
1782425940000,0.81001,0.81003,0.81,0.81002
1782426000000,0.81002,0.81002,0.80999,0.81001
1782426060000,0.81001,0.81001,0.80996,0.80996
1782426120000,0.80997,0.81001,0.80997,0.81
1782426180000,0.80999,0.81001,0.80999,0.80999
1782426240000,0.81,0.81,0.80999,0.80999
1782426300000,0.80997,0.81,0.80997,0.80999
1782426360000,0.81,0.81001,0.80999,0.81
1782426420000,0.81,0.81002,0.81,0.81001
1782426480000,0.81002,0.81012,0.81002,0.81012
1782426540000,0.81012,0.81015,0.8101,0.81013
1782426600000,0.81011,0.81012,0.81005,0.81005
1782426660000,0.81007,0.81007,0.81002,0.81004
1782426720000,0.81003,0.81003,0.81,0.81003
1782426780000,0.81003,0.81003,0.81001,0.81002
1782426840000,0.81001,0.81002,0.80995,0.80995
1782426900000,0.80996,0.81002,0.80995,0.81
1782426960000,0.81,0.81004,0.81,0.81003
1782427020000,0.81002,0.81003,0.81001,0.81003
1782427080000,0.81003,0.81004,0.81003,0.81004
1782427140000,0.81005,0.81005,0.81005,0.81005
1782427200000,0.81004,0.81007,0.81004,0.81007
1782427260000,0.81006,0.81007,0.81005,0.81007
1782427320000,0.81009,0.81009,0.81006,0.81006
1782427380000,0.81006,0.81007,0.81006,0.81007
1782427440000,0.81005,0.81017,0.81005,0.81016
1782427500000,0.81017,0.81018,0.81013,0.81013
1782427560000,0.81013,0.81018,0.81011,0.81015
1782427620000,0.81016,0.81018,0.81015,0.81016
1782427680000,0.81017,0.81017,0.81015,0.81016
1782427740000,0.81017,0.81018,0.81016,0.81017
1782427800000,0.81017,0.81018,0.81016,0.81018
1782427860000,0.8102,0.81022,0.8102,0.81022
1782427920000,0.81023,0.81023,0.8102,0.8102
1782427980000,0.81021,0.81021,0.81019,0.8102
1782428040000,0.81021,0.81023,0.8102,0.8102
1782428100000,0.81019,0.8102,0.81005,0.81005
1782428160000,0.81005,0.81008,0.81003,0.81003
1782428220000,0.81004,0.81011,0.81001,0.8101
1782428280000,0.81011,0.81011,0.81002,0.81007
1782428340000,0.81007,0.8101,0.80996,0.80998
1782428400000,0.80997,0.81012,0.80992,0.81009
1782428460000,0.81008,0.81011,0.81002,0.81009
1782428520000,0.81011,0.81025,0.81011,0.81025
1782428580000,0.81026,0.8104,0.81026,0.81037
1782428640000,0.81035,0.81035,0.8103,0.81034
1782428700000,0.81033,0.81037,0.81033,0.81037
1782428760000,0.81036,0.8104,0.81033,0.81033
1782428820000,0.81034,0.81036,0.81033,0.81035
1782428880000,0.81036,0.81037,0.81033,0.81035
1782428940000,0.81036,0.81042,0.81036,0.81042
1782429000000,0.81039,0.81042,0.81038,0.81041
1782429060000,0.81041,0.81041,0.81032,0.81036
1782429120000,0.81038,0.81041,0.81037,0.81041
1782429180000,0.81042,0.81045,0.8104,0.81042
1782429240000,0.8104,0.8104,0.81033,0.81034
1782429300000,0.81035,0.81054,0.81035,0.81051
1782429360000,0.81051,0.81051,0.81042,0.81049
1782429420000,0.81048,0.81061,0.81048,0.81059
1782429480000,0.81057,0.8106,0.81054,0.81057
1782429540000,0.81056,0.81057,0.81049,0.81056
1782429600000,0.81055,0.81055,0.81051,0.81053
1782429660000,0.81054,0.81055,0.81051,0.81052
1782429720000,0.81051,0.81054,0.8105,0.81051
1782429780000,0.8105,0.81054,0.81049,0.81052
1782429840000,0.81053,0.81056,0.81051,0.81054
1782429900000,0.81054,0.81055,0.81052,0.81054
1782429960000,0.81055,0.81055,0.81051,0.81051
1782430020000,0.81051,0.81051,0.81048,0.81048
1782430080000,0.81048,0.8105,0.81045,0.8105
1782430140000,0.81047,0.81051,0.81046,0.81051
1782430200000,0.8105,0.81061,0.81045,0.8106
1782430260000,0.8106,0.8106,0.8106,0.8106
1782430320000,0.81061,0.81062,0.81058,0.81059
1782430380000,0.81059,0.81066,0.81059,0.81066
1782430440000,0.81067,0.81074,0.81067,0.81072
1782430500000,0.81074,0.81076,0.81073,0.81075
1782430560000,0.81075,0.81075,0.81071,0.81071
1782430620000,0.81071,0.81074,0.81069,0.81074
1782430680000,0.81074,0.81074,0.81069,0.8107
1782430740000,0.81069,0.81072,0.81069,0.81069
1782430800000,0.8107,0.81071,0.81069,0.8107
1782430860000,0.81071,0.81071,0.81069,0.8107
1782430920000,0.81069,0.81069,0.81067,0.81067
1782430980000,0.81067,0.81068,0.81063,0.81063
1782431040000,0.81063,0.81063,0.81057,0.81059
1782431100000,0.8106,0.81064,0.8106,0.81062
1782431160000,0.81062,0.81064,0.81059,0.81063
1782431220000,0.81066,0.81066,0.81065,0.81066
1782431280000,0.81065,0.81066,0.81065,0.81066
1782431340000,0.81065,0.81068,0.81063,0.81066
1782431400000,0.81066,0.81066,0.81058,0.8106
1782431460000,0.8106,0.81061,0.81059,0.81059
1782431520000,0.8106,0.81061,0.81059,0.8106
1782431580000,0.81061,0.81061,0.81052,0.81054
1782431640000,0.81054,0.81055,0.81052,0.81053
1782431700000,0.81053,0.81055,0.81052,0.81055
1782431760000,0.81054,0.81071,0.81054,0.81071
1782431820000,0.81072,0.8108,0.81071,0.8108
1782431880000,0.8108,0.8108,0.81068,0.81069
1782431940000,0.81069,0.81069,0.81062,0.81065
1782432000000,0.81064,0.81069,0.81049,0.8105
1782432060000,0.8105,0.81071,0.81049,0.81069
1782432120000,0.8107,0.81071,0.81064,0.81064
1782432180000,0.8106,0.8107,0.81056,0.8107
1782432240000,0.81068,0.81075,0.81067,0.81075
1782432300000,0.81075,0.81078,0.81071,0.81074
1782432360000,0.81072,0.81073,0.81059,0.81059
1782432420000,0.81061,0.81066,0.81061,0.81065
1782432480000,0.81066,0.81072,0.81065,0.81067
1782432540000,0.81065,0.81067,0.81062,0.81062
1782432600000,0.81063,0.81075,0.81063,0.81068
1782432660000,0.81067,0.81074,0.81066,0.81073
1782432720000,0.81073,0.81073,0.81066,0.81071
1782432780000,0.8107,0.81072,0.81068,0.81069
1782432840000,0.81068,0.81068,0.81057,0.81057
1782432900000,0.81058,0.81065,0.81054,0.81058
1782432960000,0.81058,0.81064,0.81057,0.81064
1782433020000,0.81064,0.81064,0.81055,0.81057
1782433080000,0.81056,0.81063,0.81054,0.81063
1782433140000,0.81061,0.81062,0.81058,0.81062
1782433200000,0.81061,0.81066,0.8106,0.81061
1782433260000,0.8106,0.81061,0.81056,0.81056
1782433320000,0.81056,0.81057,0.81051,0.81051
1782433380000,0.81049,0.8105,0.81046,0.8105
1782433440000,0.81047,0.8105,0.81045,0.8105
1782433500000,0.81048,0.81055,0.81046,0.81054
1782433560000,0.81056,0.81058,0.81054,0.81056
1782433620000,0.81056,0.81058,0.81054,0.81056
1782433680000,0.81057,0.81058,0.8105,0.8105
1782433740000,0.8105,0.81051,0.81043,0.81043
1782433800000,0.81043,0.81047,0.8104,0.81044
1782433860000,0.81044,0.81045,0.81035,0.81041
1782433920000,0.8104,0.81043,0.81034,0.81043
1782433980000,0.81046,0.81048,0.8104,0.81041
1782434040000,0.81039,0.81041,0.81034,0.81034
1782434100000,0.81034,0.81034,0.8103,0.8103
1782434160000,0.8103,0.8103,0.8102,0.81024
1782434220000,0.81025,0.81032,0.81023,0.8103
1782434280000,0.81031,0.81039,0.81031,0.81039
1782434340000,0.81039,0.81045,0.81039,0.81045
1782434400000,0.81043,0.81044,0.81037,0.81037
1782434460000,0.81038,0.81042,0.81038,0.81039
1782434520000,0.81038,0.81038,0.8103,0.81033
1782434580000,0.81031,0.81032,0.81025,0.81025
1782434640000,0.81026,0.81029,0.81024,0.81028
1782434700000,0.81026,0.81029,0.81025,0.81025
1782434760000,0.81024,0.81024,0.81011,0.81011
1782434820000,0.8101,0.81019,0.8101,0.81016
1782434880000,0.81016,0.81024,0.81015,0.81024
1782434940000,0.81024,0.81029,0.81024,0.81028
1782435000000,0.81028,0.81033,0.81028,0.81033
1782435060000,0.81032,0.81032,0.81015,0.81017
1782435120000,0.81016,0.81022,0.81015,0.81022
1782435180000,0.81022,0.81034,0.81021,0.81034
1782435240000,0.81038,0.81046,0.81036,0.8104
1782435300000,0.81041,0.81041,0.81029,0.81033
1782435360000,0.81032,0.81039,0.81032,0.81035
1782435420000,0.81034,0.81035,0.81022,0.81023
1782435480000,0.81023,0.81027,0.81021,0.81022
1782435540000,0.81023,0.81033,0.81023,0.81033
1782435600000,0.81032,0.81036,0.81022,0.81024
1782435660000,0.81024,0.81026,0.81021,0.81026
1782435720000,0.81024,0.81033,0.81024,0.81026
1782435780000,0.81027,0.81027,0.81018,0.81019
1782435840000,0.81019,0.81021,0.81012,0.81016
1782435900000,0.81014,0.81021,0.81014,0.81019
1782435960000,0.8102,0.8102,0.81011,0.81012
1782436020000,0.81012,0.81017,0.8101,0.81016
1782436080000,0.81015,0.81016,0.8101,0.81012
1782436140000,0.81013,0.81025,0.81013,0.81018
1782436200000,0.81018,0.81018,0.81004,0.81006
1782436260000,0.81005,0.81012,0.81004,0.8101
1782436320000,0.81011,0.81016,0.81008,0.81016
1782436380000,0.81017,0.81018,0.81014,0.81017
1782436440000,0.81017,0.81026,0.81017,0.81019
1782436500000,0.81019,0.8103,0.81013,0.81013
1782436560000,0.81014,0.81022,0.81008,0.81009
1782436620000,0.81009,0.81018,0.81008,0.81016
1782436680000,0.81017,0.81019,0.81016,0.81018
1782436740000,0.8102,0.81023,0.81016,0.81016
1782436800000,0.81017,0.81019,0.81013,0.81017
1782436860000,0.81018,0.81035,0.81018,0.81034
1782436920000,0.81033,0.81034,0.81028,0.81032
1782436980000,0.81033,0.81034,0.81032,0.81033
1782437040000,0.81036,0.81036,0.81034,0.81036
1782437100000,0.81036,0.81038,0.81035,0.81035
1782437160000,0.81035,0.81036,0.81027,0.81028
1782437220000,0.81029,0.81033,0.81027,0.81028
1782437280000,0.81028,0.81031,0.81026,0.81026
1782437340000,0.81026,0.81027,0.81021,0.81021
1782437400000,0.81021,0.81022,0.81013,0.81015
1782437460000,0.81015,0.8102,0.8101,0.81019
1782437520000,0.8102,0.81024,0.81017,0.81024
1782437580000,0.81023,0.81031,0.81021,0.81031
1782437640000,0.81033,0.81044,0.81033,0.81044
1782437700000,0.81045,0.81062,0.81045,0.81061
1782437760000,0.81061,0.81073,0.81059,0.81073
1782437820000,0.81074,0.81081,0.81069,0.81075
1782437880000,0.81077,0.81079,0.81071,0.81077
1782437940000,0.81076,0.81076,0.81065,0.81068
1782438000000,0.81068,0.81073,0.81067,0.81067
1782438060000,0.81068,0.81079,0.81067,0.81072
1782438120000,0.81073,0.81073,0.81067,0.81072
1782438180000,0.81072,0.81072,0.81068,0.81068
1782438240000,0.81068,0.81072,0.81061,0.81072
1782438300000,0.81072,0.81072,0.81061,0.8107
1782438360000,0.81069,0.81077,0.81068,0.81074
1782438420000,0.81074,0.81083,0.81071,0.81082
1782438480000,0.81084,0.81086,0.81076,0.81077
1782438540000,0.81078,0.81083,0.81078,0.81082
1782438600000,0.8108,0.81085,0.81078,0.81082
1782438660000,0.81083,0.81091,0.81083,0.8109
1782438720000,0.8109,0.81091,0.8108,0.8108
1782438780000,0.81079,0.8108,0.81073,0.8108
1782438840000,0.8108,0.81083,0.81077,0.81083
1782438900000,0.81082,0.81083,0.8108,0.81083
1782438960000,0.81083,0.81083,0.81073,0.81079
1782439020000,0.8108,0.81089,0.81079,0.81082
1782439080000,0.8108,0.8108,0.81071,0.81077
1782439140000,0.81077,0.8108,0.81067,0.81068
1782439200000,0.81068,0.8107,0.81063,0.8107
1782439260000,0.81068,0.8107,0.81064,0.81067
1782439320000,0.81066,0.81066,0.8106,0.81063
1782439380000,0.81062,0.81063,0.81057,0.81062
1782439440000,0.81061,0.81062,0.81055,0.81058
1782439500000,0.81059,0.81059,0.8105,0.81053
1782439560000,0.81056,0.81059,0.81052,0.81053
1782439620000,0.81052,0.81058,0.81052,0.81058
1782439680000,0.81059,0.8106,0.81057,0.81058
1782439740000,0.81058,0.8106,0.8105,0.8106
1782439800000,0.81062,0.81064,0.81058,0.81062
1782439860000,0.81064,0.81079,0.81063,0.81078
1782439920000,0.81077,0.81077,0.81067,0.81067
1782439980000,0.81067,0.81069,0.81064,0.81066
1782440040000,0.81066,0.81073,0.81065,0.81073
1782440100000,0.81074,0.81092,0.81074,0.81091
1782440160000,0.8109,0.8109,0.8108,0.81082
1782440220000,0.81081,0.81081,0.81071,0.81072
1782440280000,0.81072,0.81078,0.81071,0.81077
1782440340000,0.81077,0.81092,0.81077,0.8109
1782440400000,0.81088,0.81092,0.81082,0.81083
1782440460000,0.81083,0.81095,0.81081,0.81095
1782440520000,0.81096,0.81102,0.81095,0.81097
1782440580000,0.81097,0.81097,0.8109,0.81092
1782440640000,0.81093,0.8111,0.81093,0.81106
1782440700000,0.81108,0.81108,0.81096,0.811
1782440760000,0.811,0.811,0.81094,0.81097
1782440820000,0.81097,0.81115,0.81096,0.81112
1782440880000,0.81111,0.81112,0.81104,0.81106
1782440940000,0.81106,0.81107,0.81104,0.81106
1782441000000,0.81106,0.81106,0.81102,0.81103
1782441060000,0.81103,0.81103,0.81095,0.81096
1782441120000,0.81098,0.81101,0.81095,0.81095
1782441180000,0.81096,0.81098,0.81092,0.81093
1782441240000,0.81091,0.81097,0.8109,0.81095
1782441300000,0.81095,0.81096,0.81093,0.81094
1782441360000,0.81096,0.81097,0.81092,0.81096
1782441420000,0.81096,0.811,0.81096,0.811
1782441480000,0.81101,0.81105,0.81101,0.81103
1782441540000,0.811,0.811,0.8109,0.81092
1782441600000,0.81094,0.81099,0.81094,0.81097
1782441660000,0.81097,0.81097,0.81083,0.81083
1782441720000,0.81082,0.81082,0.81063,0.81063
1782441780000,0.81063,0.81072,0.81063,0.81072
1782441840000,0.81073,0.81077,0.81063,0.81063
1782441900000,0.81064,0.81066,0.81061,0.81063
1782441960000,0.81064,0.81071,0.81062,0.8107
1782442020000,0.81069,0.81073,0.81067,0.81068
1782442080000,0.81068,0.8107,0.81066,0.81068
1782442140000,0.81069,0.81073,0.81068,0.81071
1782442200000,0.8107,0.8107,0.8106,0.81064
1782442260000,0.81063,0.81066,0.8106,0.81066
1782442320000,0.81067,0.8107,0.81065,0.81069
1782442380000,0.81069,0.81074,0.81068,0.81071
1782442440000,0.8107,0.81071,0.81065,0.81069
1782442500000,0.81069,0.81076,0.81067,0.81076
1782442560000,0.81074,0.81074,0.81064,0.81064
1782442620000,0.81065,0.81068,0.81061,0.81064
1782442680000,0.81064,0.81067,0.81057,0.81058
1782442740000,0.81057,0.81057,0.81053,0.81055
1782442800000,0.81054,0.81058,0.81044,0.81048
1782442860000,0.8105,0.81054,0.81049,0.81051
1782442920000,0.81051,0.81051,0.81035,0.81036
1782442980000,0.81037,0.81038,0.81031,0.81037
1782443040000,0.81037,0.81047,0.8103,0.81041
1782443100000,0.8104,0.8105,0.81039,0.81042
1782443160000,0.81043,0.81043,0.81036,0.81038
1782443220000,0.81036,0.8104,0.81036,0.81039
1782443280000,0.81038,0.81048,0.81038,0.81048
1782443340000,0.81046,0.81046,0.81038,0.81039
1782443400000,0.81038,0.81038,0.81023,0.81023
1782443460000,0.81023,0.81023,0.81008,0.81011
1782443520000,0.81012,0.81015,0.81008,0.81009
1782443580000,0.81011,0.81021,0.81011,0.8102
1782443640000,0.8102,0.81022,0.81019,0.81022
1782443700000,0.81022,0.81032,0.8102,0.81032
1782443760000,0.81031,0.81035,0.8103,0.81032
1782443820000,0.81031,0.81031,0.81026,0.81029
1782443880000,0.8103,0.81032,0.81025,0.81025
1782443940000,0.81024,0.81024,0.81008,0.8101
1782444000000,0.81011,0.81015,0.81011,0.81014
1782444060000,0.81014,0.81017,0.8101,0.81012
1782444120000,0.81013,0.81015,0.81012,0.81014
1782444180000,0.81015,0.81015,0.81013,0.81015
1782444240000,0.81015,0.81022,0.81015,0.8102
1782444300000,0.8102,0.8102,0.81012,0.81012
1782444360000,0.81013,0.81015,0.81008,0.81012
1782444420000,0.81013,0.8102,0.81013,0.81017
1782444480000,0.81017,0.81019,0.81015,0.81016
1782444540000,0.81016,0.81016,0.81011,0.81011
1782444600000,0.81011,0.81021,0.8101,0.81019
1782444660000,0.81017,0.81019,0.81015,0.81015
1782444720000,0.81015,0.81017,0.81013,0.81016
1782444780000,0.81016,0.81018,0.81012,0.81017
1782444840000,0.81017,0.81023,0.81016,0.81017
1782444900000,0.81019,0.81019,0.81011,0.81013
1782444960000,0.81012,0.81012,0.81,0.81001
1782445020000,0.81001,0.81001,0.80985,0.8099
1782445080000,0.8099,0.80991,0.80986,0.80986
1782445140000,0.80985,0.80998,0.80985,0.80998
1782445200000,0.80999,0.81001,0.80977,0.80989
1782445260000,0.80987,0.80988,0.80983,0.80985
1782445320000,0.80983,0.80988,0.80982,0.80983
1782445380000,0.80982,0.80982,0.8096,0.80968
1782445440000,0.80968,0.8097,0.8096,0.8096
1782445500000,0.80959,0.80969,0.80959,0.80965
1782445560000,0.80966,0.80966,0.80959,0.80959
1782445620000,0.8096,0.80961,0.80956,0.80956
1782445680000,0.80956,0.80962,0.80953,0.80961
1782445740000,0.80961,0.80967,0.8096,0.80965
1782445800000,0.80965,0.80965,0.80959,0.80964
1782445860000,0.80963,0.80971,0.80963,0.80967
1782445920000,0.80967,0.80967,0.80958,0.80958
1782445980000,0.8096,0.8096,0.80947,0.80948
1782446040000,0.80947,0.80947,0.80934,0.8094
1782446100000,0.80939,0.80941,0.80931,0.80939
1782446160000,0.80939,0.80947,0.80937,0.80946
1782446220000,0.80946,0.80954,0.80944,0.80948
1782446280000,0.80948,0.80949,0.80944,0.80947
1782446340000,0.80947,0.80951,0.80943,0.80944
1782446400000,0.80942,0.80954,0.80942,0.80953
1782446460000,0.80954,0.80958,0.80938,0.8094
1782446520000,0.80941,0.80948,0.80941,0.80945
1782446580000,0.80943,0.80943,0.80935,0.80939
1782446640000,0.80939,0.80947,0.80937,0.80945
1782446700000,0.80944,0.80949,0.80944,0.80947
1782446760000,0.80948,0.80957,0.80948,0.80956
1782446820000,0.80955,0.80959,0.80952,0.80956
1782446880000,0.80956,0.80964,0.80956,0.80957
1782446940000,0.80957,0.80957,0.80952,0.80953
1782447000000,0.80953,0.80953,0.80937,0.80939
1782447060000,0.80937,0.80937,0.80935,0.80937
1782447120000,0.80935,0.80938,0.80933,0.80933
1782447180000,0.80934,0.80935,0.80929,0.80935
1782447240000,0.80935,0.80941,0.80933,0.80936
1782447300000,0.80936,0.80936,0.80929,0.80929
1782447360000,0.80928,0.80928,0.80919,0.80924
1782447420000,0.80924,0.80924,0.80919,0.8092
1782447480000,0.8092,0.80925,0.80919,0.80924
1782447540000,0.80925,0.80926,0.80921,0.80923
1782447600000,0.80922,0.80926,0.8092,0.80926
1782447660000,0.80926,0.80926,0.80918,0.80919
1782447720000,0.80919,0.80922,0.8091,0.80912
1782447780000,0.80912,0.80914,0.80909,0.80911
1782447840000,0.80911,0.80915,0.8091,0.8091
1782447900000,0.80911,0.80911,0.80902,0.80909
1782447960000,0.80911,0.80911,0.80907,0.80908
1782448020000,0.80905,0.80905,0.80897,0.80898
1782448080000,0.80898,0.80898,0.80891,0.80893
1782448140000,0.80894,0.80901,0.80893,0.80898
1782448200000,0.80899,0.80904,0.80896,0.80898
1782448260000,0.80899,0.80903,0.80893,0.80894
1782448320000,0.80894,0.80903,0.80894,0.80903
1782448380000,0.80902,0.80904,0.80899,0.80903
1782448440000,0.80903,0.80908,0.80901,0.80902
1782448500000,0.809,0.809,0.80887,0.80889
1782448560000,0.80891,0.80894,0.80886,0.80894
1782448620000,0.80892,0.80899,0.80892,0.80898
1782448680000,0.80898,0.80899,0.80893,0.80899
1782448740000,0.80898,0.809,0.80898,0.809
1782448800000,0.809,0.80904,0.80898,0.80901
1782448860000,0.80901,0.80914,0.80901,0.80914
1782448920000,0.80914,0.80917,0.80906,0.80906
1782448980000,0.80904,0.80905,0.8089,0.80891
1782449040000,0.8089,0.8089,0.80883,0.80884
1782449100000,0.80884,0.80887,0.80883,0.80885
1782449160000,0.80887,0.80887,0.80877,0.80877
1782449220000,0.80877,0.80882,0.80876,0.80882
1782449280000,0.8088,0.80883,0.80874,0.80875
1782449340000,0.80875,0.8088,0.80875,0.80879
1782449400000,0.80877,0.80879,0.80869,0.80872
1782449460000,0.80872,0.80872,0.80863,0.80864
1782449520000,0.80864,0.80866,0.8086,0.80865
1782449580000,0.80866,0.80866,0.80863,0.80863
1782449640000,0.80863,0.80863,0.80848,0.80852
1782449700000,0.80853,0.80854,0.80848,0.80851
1782449760000,0.80851,0.80859,0.80848,0.80859
1782449820000,0.80858,0.80859,0.80854,0.80854
1782449880000,0.80855,0.80858,0.80854,0.80855
1782449940000,0.80857,0.80865,0.80856,0.80859
1782450000000,0.80858,0.80872,0.80854,0.80856
1782450060000,0.80857,0.80857,0.80848,0.80854
1782450120000,0.80854,0.80859,0.80854,0.80857
1782450180000,0.80858,0.80862,0.80857,0.80862
1782450240000,0.80861,0.80874,0.80861,0.80873
1782450300000,0.80874,0.80891,0.80874,0.80887
1782450360000,0.80887,0.80888,0.80874,0.80875
1782450420000,0.80873,0.80881,0.8087,0.8087
1782450480000,0.80871,0.80876,0.80871,0.80875
1782450540000,0.80876,0.80876,0.80871,0.80876
1782450600000,0.80876,0.80883,0.80875,0.80881
1782450660000,0.8088,0.80887,0.80879,0.80883
1782450720000,0.80884,0.8089,0.80876,0.80878
1782450780000,0.80878,0.80897,0.80878,0.80892
1782450840000,0.80892,0.80893,0.80888,0.8089
1782450900000,0.80889,0.80889,0.80877,0.80877
1782450960000,0.80876,0.80883,0.80874,0.80882
1782451020000,0.80883,0.80892,0.8088,0.8089
1782451080000,0.80891,0.80892,0.80874,0.80875
1782451140000,0.80874,0.80882,0.80874,0.80881
1782451200000,0.8088,0.8088,0.80877,0.80879
1782451260000,0.80879,0.80881,0.80873,0.80875
1782451320000,0.80875,0.80881,0.80875,0.80879
1782451380000,0.80878,0.80879,0.80877,0.80879
1782451440000,0.80879,0.8088,0.80878,0.8088
1782451500000,0.8088,0.8088,0.80872,0.80873
1782451560000,0.80872,0.80872,0.80861,0.80866
1782451620000,0.80864,0.80871,0.80862,0.80871
1782451680000,0.80868,0.80879,0.80868,0.80871
1782451740000,0.80872,0.80872,0.80868,0.80872
1782451800000,0.80871,0.80871,0.80865,0.80868
1782451860000,0.80869,0.80872,0.80866,0.80871
1782451920000,0.80871,0.80872,0.80867,0.80868
1782451980000,0.80868,0.80876,0.80867,0.80876
1782452040000,0.80877,0.80882,0.80877,0.8088
1782452100000,0.80881,0.80885,0.80881,0.80884
1782452160000,0.80882,0.80895,0.8088,0.80894
1782452220000,0.80895,0.80895,0.80886,0.80887
1782452280000,0.80887,0.80892,0.80887,0.80889
1782452340000,0.80891,0.80897,0.80891,0.80894
1782452400000,0.80893,0.80896,0.80879,0.8088
1782452460000,0.80881,0.80881,0.80873,0.80874
1782452520000,0.80875,0.80875,0.8086,0.8086
1782452580000,0.8086,0.8086,0.8085,0.80856
1782452640000,0.80855,0.80865,0.80854,0.80864
1782452700000,0.80869,0.80879,0.80869,0.80875
1782452760000,0.80874,0.80874,0.80865,0.80869
1782452820000,0.80869,0.80875,0.80868,0.80873
1782452880000,0.80874,0.80874,0.80871,0.80872
1782452940000,0.80873,0.80876,0.80866,0.80869
1782453000000,0.80869,0.80873,0.80869,0.80871
1782453060000,0.80871,0.80882,0.80867,0.8088
1782453120000,0.80883,0.80889,0.80883,0.80887
1782453180000,0.80889,0.80892,0.80871,0.80871
1782453240000,0.8087,0.80873,0.80858,0.80859
1782453300000,0.80858,0.80858,0.80852,0.80857
1782453360000,0.80857,0.8087,0.80857,0.80864
1782453420000,0.80866,0.80868,0.80863,0.80865
1782453480000,0.80865,0.80867,0.80863,0.80865
1782453540000,0.80866,0.80873,0.80866,0.80873
1782453600000,0.80873,0.80886,0.80861,0.80885
1782453660000,0.80886,0.8089,0.8088,0.80885
1782453720000,0.80886,0.80898,0.80884,0.80897
1782453780000,0.80897,0.80903,0.80893,0.80893
1782453840000,0.80892,0.80896,0.80887,0.80896
1782453900000,0.80897,0.80902,0.80893,0.80901
1782453960000,0.809,0.80901,0.8089,0.8089
1782454020000,0.80889,0.80902,0.80881,0.80902
1782454080000,0.80903,0.80907,0.80898,0.80902
1782454140000,0.80905,0.80909,0.80904,0.80908
1782454200000,0.80909,0.80917,0.80905,0.80912
1782454260000,0.80911,0.80911,0.80904,0.80905
1782454320000,0.80906,0.80907,0.80898,0.809
1782454380000,0.80902,0.80903,0.80892,0.80896
1782454440000,0.80898,0.80901,0.80896,0.80899
1782454500000,0.80899,0.80912,0.80893,0.8091
1782454560000,0.80908,0.80917,0.80908,0.80914
1782454620000,0.80915,0.80918,0.80912,0.80913
1782454680000,0.80914,0.80925,0.80914,0.80924
1782454740000,0.80924,0.80924,0.8091,0.80913
1782454800000,0.80914,0.80914,0.80902,0.80902
1782454860000,0.809,0.80903,0.80893,0.80896
1782454920000,0.80896,0.80898,0.80891,0.80897
1782454980000,0.80898,0.80911,0.80895,0.80909
1782455040000,0.80908,0.80909,0.80901,0.80902
1782455100000,0.80902,0.80905,0.809,0.80902
1782455160000,0.80903,0.80911,0.80903,0.80905
1782455220000,0.80906,0.80908,0.80886,0.80886
1782455280000,0.80885,0.80886,0.80881,0.80881
1782455340000,0.80882,0.80882,0.80871,0.80874
1782455400000,0.80874,0.80875,0.80859,0.80861
1782455460000,0.80862,0.80864,0.80845,0.80845
1782455520000,0.80847,0.80862,0.80847,0.8086
1782455580000,0.80862,0.80863,0.80846,0.80854
1782455640000,0.80854,0.80862,0.80853,0.8086
1782455700000,0.80858,0.80863,0.80851,0.80853
1782455760000,0.80852,0.80862,0.80852,0.80862
1782455820000,0.80861,0.80861,0.80849,0.80857
1782455880000,0.80856,0.80865,0.80856,0.80859
1782455940000,0.8086,0.80877,0.8086,0.80872
1782456000000,0.80873,0.80877,0.80855,0.80865
1782456060000,0.80866,0.80866,0.80858,0.80859
1782456120000,0.80859,0.80877,0.80859,0.80876
1782456180000,0.80877,0.80889,0.80877,0.80878
1782456240000,0.80879,0.80885,0.80877,0.80882
1782456300000,0.80883,0.80883,0.80877,0.80879
1782456360000,0.80878,0.80884,0.80872,0.80878
1782456420000,0.80879,0.80886,0.80877,0.80883
1782456480000,0.80885,0.80892,0.80883,0.80891
1782456540000,0.80892,0.80918,0.8089,0.80916
1782456600000,0.80919,0.80925,0.80916,0.80919
1782456660000,0.80918,0.80919,0.80912,0.80916
1782456720000,0.80916,0.80916,0.80899,0.80906
1782456780000,0.80907,0.80907,0.8089,0.8089
1782456840000,0.8089,0.80899,0.80879,0.80893
1782456900000,0.80893,0.80911,0.80893,0.80904
1782456960000,0.80902,0.80904,0.80898,0.80901
1782457020000,0.80902,0.80902,0.8089,0.80891
1782457080000,0.80891,0.80901,0.80884,0.80901
1782457140000,0.809,0.80907,0.80899,0.80907
1782457200000,0.80909,0.80926,0.80909,0.80922
1782457260000,0.80923,0.8093,0.80903,0.80911
1782457320000,0.80911,0.80916,0.809,0.80915
1782457380000,0.80915,0.80926,0.80914,0.80925
1782457440000,0.80927,0.80934,0.80922,0.80934
1782457500000,0.80934,0.80939,0.80927,0.80931
1782457560000,0.80928,0.80931,0.80909,0.80909
1782457620000,0.80906,0.80908,0.80895,0.80898
1782457680000,0.80895,0.80895,0.80889,0.80894
1782457740000,0.80894,0.80894,0.80887,0.80889
1782457800000,0.80889,0.80892,0.80886,0.80886
1782457860000,0.80886,0.80889,0.80866,0.80879
1782457920000,0.80878,0.80878,0.80868,0.80874
1782457980000,0.80874,0.80881,0.80871,0.80872
1782458040000,0.80873,0.80873,0.80862,0.80867
1782458100000,0.80869,0.80871,0.80854,0.80865
1782458160000,0.80866,0.80866,0.80853,0.80862
1782458220000,0.80863,0.80865,0.80859,0.80859
1782458280000,0.8086,0.80874,0.8086,0.8087
1782458340000,0.8087,0.80871,0.80858,0.80859
1782458400000,0.80859,0.80889,0.80859,0.80886
1782458460000,0.80887,0.80896,0.80877,0.80887
1782458520000,0.80886,0.80893,0.80884,0.80889
1782458580000,0.80892,0.80899,0.8089,0.80893
1782458640000,0.80894,0.80896,0.80878,0.80881
1782458700000,0.80881,0.80893,0.8088,0.80892
1782458760000,0.80891,0.80891,0.80878,0.8089
1782458820000,0.8089,0.80906,0.80882,0.80882
1782458880000,0.80882,0.80896,0.80882,0.80896
1782458940000,0.80896,0.80898,0.80894,0.80895
1782459000000,0.80896,0.80907,0.80894,0.80898
1782459060000,0.80895,0.80895,0.80885,0.80888
1782459120000,0.80887,0.80892,0.80865,0.80869
1782459180000,0.80867,0.80867,0.80848,0.80849
1782459240000,0.80851,0.80859,0.80847,0.80859
1782459300000,0.80861,0.80862,0.80851,0.80857
1782459360000,0.80856,0.80858,0.80847,0.80847
1782459420000,0.80846,0.80846,0.80827,0.80827
1782459480000,0.80827,0.80827,0.80819,0.80823
1782459540000,0.80823,0.80826,0.80798,0.80798
1782459600000,0.80798,0.80813,0.80798,0.80805
1782459660000,0.80805,0.80807,0.80797,0.80805
1782459720000,0.80804,0.80825,0.80804,0.80821
1782459780000,0.8082,0.8082,0.80807,0.80807
1782459840000,0.80809,0.80828,0.80807,0.80824
1782459900000,0.80826,0.80833,0.80822,0.80825
1782459960000,0.80825,0.80828,0.80816,0.80818
1782460020000,0.80816,0.80828,0.80813,0.80822
1782460080000,0.80823,0.80831,0.80822,0.8083
1782460140000,0.80831,0.80836,0.80825,0.80833
1782460200000,0.80833,0.80835,0.80825,0.80829
1782460260000,0.80828,0.80841,0.80813,0.8084
1782460320000,0.80839,0.80853,0.80833,0.80853
1782460380000,0.80853,0.80854,0.80847,0.80847
1782460440000,0.80847,0.8085,0.8084,0.80845
1782460500000,0.80846,0.80853,0.80821,0.8084
1782460560000,0.80839,0.80849,0.80836,0.80847
1782460620000,0.80848,0.80856,0.80848,0.80853
1782460680000,0.8085,0.80854,0.80849,0.80853
1782460740000,0.80853,0.80862,0.80849,0.80862
1782460800000,0.80863,0.80866,0.80839,0.80856
1782460860000,0.80855,0.80865,0.80851,0.80864
1782460920000,0.80864,0.80871,0.80854,0.80862
1782460980000,0.80863,0.80874,0.80862,0.8087
1782461040000,0.80869,0.80876,0.80869,0.80874
1782461100000,0.80873,0.80888,0.80872,0.80873
1782461160000,0.80873,0.80875,0.80848,0.80849
1782461220000,0.80849,0.80851,0.80845,0.80849
1782461280000,0.8085,0.80854,0.80804,0.80804
1782461340000,0.80805,0.80805,0.80773,0.80784
1782461400000,0.80785,0.80812,0.80783,0.8081
1782461460000,0.80812,0.80837,0.808,0.80801
1782461520000,0.80803,0.80811,0.80793,0.8081
1782461580000,0.80809,0.80814,0.808,0.80805
1782461640000,0.80806,0.80818,0.80802,0.80802
1782461700000,0.80801,0.80829,0.80799,0.80806
1782461760000,0.80808,0.80816,0.80802,0.80808
1782461820000,0.80806,0.80818,0.80804,0.80809
1782461880000,0.80808,0.80808,0.80783,0.80801
1782461940000,0.80802,0.80814,0.808,0.80803
1782462000000,0.80802,0.80833,0.80802,0.80822
1782462060000,0.80821,0.80824,0.80811,0.80811
1782462120000,0.80813,0.80814,0.80804,0.80804
1782462180000,0.80806,0.80812,0.80804,0.80805
1782462240000,0.80806,0.80814,0.80798,0.80811
1782462300000,0.80812,0.80817,0.80804,0.80816
1782462360000,0.80817,0.80818,0.80795,0.80802
1782462420000,0.80804,0.80817,0.80804,0.80809
1782462480000,0.80809,0.80819,0.80807,0.80816
1782462540000,0.80816,0.80817,0.80772,0.80774
1782462600000,0.80776,0.80805,0.80774,0.80802
1782462660000,0.80801,0.80801,0.80779,0.80788
1782462720000,0.80787,0.80805,0.80786,0.80801
1782462780000,0.80803,0.80812,0.80799,0.80812
1782462840000,0.80812,0.80819,0.80803,0.80812
1782462900000,0.80811,0.80822,0.8081,0.80819
1782462960000,0.80819,0.80821,0.80807,0.80817
1782463020000,0.80817,0.80819,0.80806,0.80806
1782463080000,0.80807,0.80816,0.80803,0.80805
1782463140000,0.80805,0.80806,0.80799,0.80799
1782463200000,0.80798,0.80814,0.80797,0.80814
1782463260000,0.80816,0.80827,0.80815,0.80825
1782463320000,0.80825,0.80825,0.80812,0.80815
1782463380000,0.80814,0.80819,0.80802,0.80813
1782463440000,0.80814,0.80815,0.80798,0.80808
1782463500000,0.80807,0.80808,0.80788,0.808
1782463560000,0.808,0.80806,0.8079,0.80792
1782463620000,0.80792,0.80832,0.80791,0.80832
1782463680000,0.80832,0.80847,0.80832,0.80846
1782463740000,0.80848,0.80852,0.80841,0.80843
1782463800000,0.80842,0.80842,0.80831,0.80832
1782463860000,0.80832,0.80836,0.80817,0.80818
1782463920000,0.80822,0.80827,0.80807,0.80812
1782463980000,0.80811,0.80811,0.80791,0.80801
1782464040000,0.808,0.80808,0.80797,0.80799
1782464100000,0.80802,0.8082,0.80799,0.8082
1782464160000,0.80819,0.80846,0.80817,0.80844
1782464220000,0.80843,0.80859,0.80838,0.80839
1782464280000,0.8084,0.80844,0.80839,0.80842
1782464340000,0.80843,0.80845,0.80835,0.80837
1782464400000,0.80836,0.80855,0.80836,0.80853
1782464460000,0.80853,0.80857,0.80844,0.80857
1782464520000,0.80861,0.80864,0.80854,0.80858
1782464580000,0.80858,0.80867,0.80852,0.80858
1782464640000,0.80858,0.80868,0.80858,0.80867
1782464700000,0.80868,0.8088,0.80866,0.80877
1782464760000,0.80878,0.80884,0.80858,0.80884
1782464820000,0.80884,0.80888,0.80869,0.80871
1782464880000,0.80871,0.80875,0.80866,0.80868
1782464940000,0.80867,0.8087,0.80865,0.80866
1782465000000,0.80866,0.80872,0.80865,0.8087
1782465060000,0.80871,0.80877,0.80871,0.80872
1782465120000,0.80872,0.8088,0.80871,0.80874
1782465180000,0.80873,0.80873,0.80868,0.80868
1782465240000,0.80868,0.80879,0.80868,0.80873
1782465300000,0.80875,0.80877,0.8087,0.80873
1782465360000,0.80874,0.80875,0.80863,0.80867
1782465420000,0.80868,0.80877,0.80868,0.80874
1782465480000,0.80875,0.80879,0.80864,0.80867
1782465540000,0.80867,0.8088,0.80866,0.80866
1782465600000,0.80867,0.80873,0.80863,0.8087
1782465660000,0.80871,0.80872,0.80866,0.80872
1782465720000,0.80872,0.80873,0.80868,0.80871
1782465780000,0.80875,0.80875,0.80865,0.80867
1782465840000,0.80867,0.8087,0.80866,0.80868
1782465900000,0.80866,0.80866,0.80847,0.80855
1782465960000,0.80855,0.80855,0.80843,0.80844
1782466020000,0.80843,0.80854,0.80842,0.80854
1782466080000,0.80855,0.80865,0.80841,0.80845
1782466140000,0.80845,0.80852,0.8084,0.80844
1782466200000,0.80844,0.80844,0.80833,0.80838
1782466260000,0.80838,0.80864,0.80837,0.8086
1782466320000,0.8086,0.8086,0.80847,0.80847
1782466380000,0.80846,0.80851,0.80845,0.80848
1782466440000,0.80847,0.80851,0.80845,0.80851
1782466500000,0.8085,0.8085,0.80839,0.80844
1782466560000,0.80846,0.80847,0.80838,0.80842
1782466620000,0.80842,0.80846,0.80841,0.80843
1782466680000,0.80843,0.80858,0.80843,0.80851
1782466740000,0.80849,0.80849,0.80843,0.80844
1782466800000,0.80843,0.80843,0.80826,0.80828
1782466860000,0.80832,0.80852,0.80832,0.80844
1782466920000,0.80842,0.80848,0.80841,0.80845
1782466980000,0.80846,0.80852,0.80846,0.80852
1782467040000,0.8085,0.80852,0.80842,0.80849
1782467100000,0.80851,0.80851,0.80843,0.80846
1782467160000,0.80845,0.80845,0.80839,0.8084
1782467220000,0.80839,0.80839,0.80813,0.80818
1782467280000,0.80818,0.8082,0.80775,0.80775
1782467340000,0.80777,0.80788,0.80759,0.80787
1782467400000,0.80786,0.80787,0.80768,0.80772
1782467460000,0.80771,0.80778,0.80759,0.80777
1782467520000,0.80777,0.80777,0.80768,0.80771
1782467580000,0.80772,0.80781,0.80768,0.80779
1782467640000,0.80778,0.80798,0.80778,0.80797
1782467700000,0.80798,0.80811,0.80794,0.80797
1782467760000,0.80795,0.80801,0.80793,0.80801
1782467820000,0.808,0.80813,0.80796,0.80813
1782467880000,0.80814,0.80816,0.80805,0.80807
1782467940000,0.80806,0.8081,0.80802,0.80809
1782468000000,0.8081,0.80823,0.80803,0.80815
1782468060000,0.80816,0.80826,0.80803,0.80826
1782468120000,0.80826,0.80835,0.80823,0.80831
1782468180000,0.80833,0.80852,0.80833,0.80842
1782468240000,0.80843,0.80843,0.80827,0.80833
1782468300000,0.80834,0.80847,0.80831,0.80841
1782468360000,0.80839,0.80839,0.80809,0.80813
1782468420000,0.80812,0.80815,0.80811,0.80815
1782468480000,0.80814,0.80824,0.80814,0.80824
1782468540000,0.80825,0.80832,0.80823,0.8083
1782468600000,0.8083,0.80847,0.80828,0.80847
1782468660000,0.80847,0.80847,0.80836,0.80837
1782468720000,0.80835,0.80836,0.80827,0.80829
1782468780000,0.80829,0.80831,0.80818,0.8082
1782468840000,0.80819,0.80827,0.80815,0.8082
1782468900000,0.80823,0.80829,0.80819,0.80819
1782468960000,0.80819,0.8082,0.80812,0.80818
1782469020000,0.80817,0.8082,0.80811,0.8082
1782469080000,0.8082,0.80828,0.80819,0.80824
1782469140000,0.80824,0.80845,0.80824,0.80845
1782469200000,0.80844,0.80853,0.80839,0.80853
1782469260000,0.80853,0.80855,0.80845,0.80848
1782469320000,0.80849,0.80852,0.80849,0.80852
1782469380000,0.80852,0.80856,0.80845,0.80847
1782469440000,0.80845,0.8085,0.80844,0.80848
1782469500000,0.80849,0.80855,0.80845,0.80845
1782469560000,0.80843,0.80843,0.80826,0.8083
1782469620000,0.80829,0.80834,0.80826,0.80832
1782469680000,0.80833,0.80836,0.8083,0.80831
1782469740000,0.8083,0.80832,0.80823,0.80824
1782469800000,0.80822,0.80825,0.80819,0.80822
1782469860000,0.80823,0.80823,0.80813,0.80816
1782469920000,0.80815,0.80822,0.8081,0.80821
1782469980000,0.80822,0.80827,0.80817,0.80824
1782470040000,0.80823,0.80825,0.80814,0.80814
1782470100000,0.80815,0.80821,0.8081,0.80817
1782470160000,0.80817,0.8082,0.80813,0.80813
1782470220000,0.80811,0.80818,0.8081,0.80818
1782470280000,0.80818,0.80819,0.80804,0.80807
1782470340000,0.80806,0.80814,0.80805,0.80814
1782470400000,0.80813,0.80823,0.8081,0.80818
1782470460000,0.80817,0.80828,0.80817,0.80828
1782470520000,0.80829,0.80839,0.80827,0.80831
1782470580000,0.80832,0.80839,0.80828,0.8083
1782470640000,0.80831,0.8084,0.8083,0.80839
1782470700000,0.8084,0.80849,0.80834,0.80834
1782470760000,0.80835,0.80836,0.80825,0.80832
1782470820000,0.80831,0.80837,0.80831,0.80836
1782470880000,0.80836,0.80849,0.80836,0.80846
1782470940000,0.80846,0.80846,0.8084,0.8084
1782471000000,0.8084,0.80842,0.80831,0.80833
1782471060000,0.80836,0.80842,0.8083,0.80841
1782471120000,0.80838,0.8084,0.80819,0.80823
1782471180000,0.80823,0.80824,0.80819,0.80822
1782471240000,0.80824,0.80833,0.80824,0.80829
1782471300000,0.80832,0.80841,0.80828,0.80831
1782471360000,0.80831,0.80839,0.80828,0.80837
1782471420000,0.80836,0.80852,0.80834,0.80837
1782471480000,0.80837,0.8085,0.80836,0.80849
1782471540000,0.80849,0.80849,0.80835,0.80835
1782471600000,0.80834,0.80843,0.80833,0.80841
1782471660000,0.80842,0.80847,0.80841,0.80847
1782471720000,0.80845,0.8085,0.80843,0.80847
1782471780000,0.80848,0.80854,0.80837,0.80837
1782471840000,0.80838,0.80853,0.80838,0.80849
1782471900000,0.80849,0.80854,0.80847,0.80854
1782471960000,0.80855,0.80861,0.80846,0.80847
1782472020000,0.80847,0.80856,0.80846,0.80853
1782472080000,0.80851,0.80852,0.80847,0.80849
1782472140000,0.80851,0.80852,0.80845,0.80847
1782472200000,0.80848,0.80851,0.80845,0.80845
1782472260000,0.80845,0.80848,0.80833,0.80839
1782472320000,0.80839,0.80852,0.80837,0.80846
1782472380000,0.80846,0.80853,0.80846,0.80849
1782472440000,0.80849,0.80858,0.80846,0.80846
1782472500000,0.80847,0.80858,0.80841,0.80842
1782472560000,0.80842,0.80849,0.80842,0.80849
1782472620000,0.8085,0.80855,0.80848,0.80853
1782472680000,0.80852,0.80853,0.80839,0.80839
1782472740000,0.80839,0.80839,0.80823,0.80826
1782472800000,0.80825,0.80836,0.80825,0.80827
1782472860000,0.80828,0.80834,0.80824,0.80826
1782472920000,0.80827,0.80834,0.80822,0.80823
1782472980000,0.80824,0.80833,0.80823,0.80829
1782473040000,0.80829,0.8084,0.80828,0.80838
1782473100000,0.80837,0.80854,0.80837,0.80852
1782473160000,0.80852,0.80854,0.80831,0.80833
1782473220000,0.80832,0.80839,0.80831,0.80831
1782473280000,0.80831,0.80834,0.80826,0.80834
1782473340000,0.80834,0.80836,0.8082,0.8082
1782473400000,0.80822,0.80824,0.80815,0.80818
1782473460000,0.8082,0.80828,0.8082,0.80823
1782473520000,0.80823,0.80835,0.80822,0.80833
1782473580000,0.80833,0.80836,0.80826,0.80836
1782473640000,0.80836,0.8084,0.80833,0.80839
1782473700000,0.8084,0.80855,0.8084,0.80852
1782473760000,0.80853,0.80859,0.80847,0.80851
1782473820000,0.80852,0.80859,0.80848,0.80853
1782473880000,0.80852,0.8086,0.8085,0.80856
1782473940000,0.80854,0.80862,0.80847,0.80856
1782474000000,0.80855,0.80862,0.80853,0.80854
1782474060000,0.80855,0.80859,0.80849,0.80855
1782474120000,0.80856,0.80862,0.80855,0.80858
1782474180000,0.80859,0.80879,0.80859,0.80879
1782474240000,0.8088,0.80883,0.80876,0.80876
1782474300000,0.80877,0.80878,0.80864,0.80864
1782474360000,0.80868,0.80879,0.80864,0.80875
1782474420000,0.80876,0.80878,0.80871,0.80877
1782474480000,0.80876,0.80876,0.80868,0.80875
1782474540000,0.80875,0.80877,0.80871,0.80877
1782474600000,0.80878,0.80883,0.80873,0.80883
1782474660000,0.80883,0.80883,0.80872,0.80879
1782474720000,0.8088,0.80916,0.8088,0.80914
1782474780000,0.80914,0.80915,0.80902,0.80903
1782474840000,0.80902,0.80907,0.80899,0.80899
1782474900000,0.809,0.809,0.80881,0.80888
1782474960000,0.80887,0.80887,0.80872,0.80881
1782475020000,0.80882,0.80882,0.80877,0.80882
1782475080000,0.8088,0.8088,0.80869,0.80871
1782475140000,0.8087,0.80873,0.80867,0.80868
1782475200000,0.80868,0.80872,0.80864,0.80867
1782475260000,0.80867,0.80868,0.80857,0.80857
1782475320000,0.80857,0.80859,0.80853,0.80857
1782475380000,0.80858,0.80861,0.80853,0.80854
1782475440000,0.80854,0.80859,0.80853,0.80856
1782475500000,0.80857,0.80857,0.80842,0.80843
1782475560000,0.80842,0.80843,0.80829,0.80838
1782475620000,0.80839,0.80848,0.80839,0.80848
1782475680000,0.80849,0.80857,0.80849,0.80855
1782475740000,0.80856,0.80856,0.80843,0.80847
1782475800000,0.80847,0.8085,0.80845,0.80845
1782475860000,0.80846,0.80848,0.80837,0.80847
1782475920000,0.80847,0.80851,0.80844,0.80847
1782475980000,0.80846,0.80858,0.80846,0.80855
1782476040000,0.80856,0.80859,0.80854,0.80859
1782476100000,0.80858,0.80858,0.80842,0.80842
1782476160000,0.80842,0.80842,0.80836,0.8084
1782476220000,0.80841,0.80844,0.80836,0.80837
1782476280000,0.80839,0.80848,0.80834,0.80847
1782476340000,0.80848,0.80852,0.80839,0.80841
1782476400000,0.80842,0.80868,0.80842,0.80868
1782476460000,0.80868,0.80878,0.80865,0.80866
1782476520000,0.80867,0.80869,0.80852,0.80858
1782476580000,0.80858,0.80865,0.80858,0.80864
1782476640000,0.80864,0.80871,0.80863,0.80864
1782476700000,0.80865,0.80865,0.80849,0.80857
1782476760000,0.80856,0.80858,0.80836,0.80838
1782476820000,0.80839,0.80839,0.80823,0.80825
1782476880000,0.80826,0.80833,0.80825,0.80828
1782476940000,0.80829,0.80842,0.80829,0.80833
1782477000000,0.80833,0.80842,0.80825,0.80829
1782477060000,0.80831,0.80836,0.80824,0.80825
1782477120000,0.80823,0.80838,0.80821,0.80838
1782477180000,0.80839,0.80859,0.80839,0.80852
1782477240000,0.80851,0.80854,0.80836,0.80849
1782477300000,0.80849,0.80856,0.80843,0.80845
1782477360000,0.80843,0.80848,0.80822,0.80823
1782477420000,0.80823,0.80831,0.80823,0.80825
1782477480000,0.80825,0.80831,0.80812,0.80817
1782477540000,0.80814,0.80822,0.80796,0.80821
1782477600000,0.8082,0.80824,0.80803,0.80803
1782477660000,0.80802,0.80805,0.80793,0.80793
1782477720000,0.80793,0.80808,0.80793,0.80802
1782477780000,0.80801,0.80806,0.80795,0.80796
1782477840000,0.80795,0.80803,0.80795,0.808
1782477900000,0.80801,0.80826,0.80801,0.80822
1782477960000,0.80823,0.8083,0.80794,0.80796
1782478020000,0.80797,0.80809,0.80796,0.80808
1782478080000,0.80809,0.80814,0.80806,0.80807
1782478140000,0.80808,0.80811,0.80793,0.80803
1782478200000,0.80804,0.80809,0.80788,0.80792
1782478260000,0.80793,0.80794,0.80771,0.80779
1782478320000,0.80779,0.80791,0.80775,0.80785
1782478380000,0.80784,0.80784,0.80764,0.80765
1782478440000,0.80768,0.80786,0.80764,0.80782
1782478500000,0.80781,0.80781,0.80764,0.80773
1782478560000,0.80773,0.80775,0.80762,0.80764
1782478620000,0.80763,0.80763,0.80716,0.80724
1782478680000,0.80724,0.80738,0.807,0.807
1782478740000,0.80701,0.80722,0.807,0.80718
1782478800000,0.80719,0.80719,0.807,0.80716
1782478860000,0.80717,0.80723,0.80714,0.80716
1782478920000,0.80717,0.80729,0.80704,0.80725
1782478980000,0.80727,0.80741,0.80723,0.80741
1782479040000,0.8074,0.80743,0.80719,0.80719
1782479100000,0.80719,0.80729,0.80715,0.80726
1782479160000,0.80727,0.80733,0.80711,0.80712
1782479220000,0.80712,0.80715,0.80687,0.80695
1782479280000,0.80695,0.80711,0.80695,0.80703
1782479340000,0.80702,0.80728,0.80697,0.80728
1782479400000,0.80728,0.80731,0.8071,0.80729
1782479460000,0.80729,0.80733,0.80704,0.80705
1782479520000,0.80705,0.8072,0.80705,0.80716
1782479580000,0.80716,0.80721,0.80699,0.80709
1782479640000,0.80708,0.80718,0.80703,0.80717
1782479700000,0.80718,0.80739,0.80718,0.80732
1782479760000,0.80733,0.80737,0.80725,0.80725
1782479820000,0.80726,0.80727,0.80718,0.80719
1782479880000,0.80719,0.80782,0.80719,0.8078
1782479940000,0.80778,0.80797,0.80753,0.80754
1782480000000,0.80755,0.80761,0.80726,0.80739
1782480060000,0.8074,0.8074,0.80705,0.80707
1782480120000,0.80707,0.80711,0.80698,0.80704
1782480180000,0.80704,0.80713,0.80703,0.80708
1782480240000,0.80705,0.80728,0.80705,0.80726
1782480300000,0.80725,0.80731,0.80717,0.80725
1782480360000,0.80724,0.80726,0.80706,0.80711
1782480420000,0.80712,0.80715,0.80704,0.80711
1782480480000,0.80713,0.80723,0.80713,0.80717
1782480540000,0.80718,0.8072,0.80702,0.80712
1782480600000,0.80712,0.80723,0.80703,0.80709
1782480660000,0.8071,0.80735,0.8071,0.80717
1782480720000,0.80718,0.80738,0.80718,0.80735
1782480780000,0.80735,0.80735,0.80717,0.80726
1782480840000,0.80726,0.80728,0.80699,0.80707
1782480900000,0.80707,0.80717,0.80704,0.80709
1782480960000,0.80708,0.80709,0.80696,0.80707
1782481020000,0.80708,0.80715,0.80704,0.80713
1782481080000,0.80712,0.80716,0.80705,0.80709
1782481140000,0.80711,0.80711,0.80702,0.80705
1782481200000,0.80704,0.80711,0.80699,0.80701
1782481260000,0.80702,0.80712,0.80699,0.80712
1782481320000,0.80712,0.80712,0.80697,0.80704
1782481380000,0.80704,0.80721,0.80703,0.80719
1782481440000,0.80719,0.80722,0.80709,0.80719
1782481500000,0.80718,0.80744,0.80717,0.8074
1782481560000,0.8074,0.80746,0.80731,0.80742
1782481620000,0.80741,0.80749,0.80734,0.80747
1782481680000,0.80748,0.80749,0.80737,0.80741
1782481740000,0.8074,0.80744,0.80735,0.8074
1782481800000,0.80739,0.80745,0.80733,0.80744
1782481860000,0.80745,0.80748,0.80732,0.8074
1782481920000,0.8074,0.80747,0.80739,0.80742
1782481980000,0.80742,0.80748,0.80738,0.80746
1782482040000,0.80748,0.80749,0.80735,0.80737
1782482100000,0.80735,0.80741,0.80729,0.80737
1782482160000,0.80738,0.80742,0.80728,0.80729
1782482220000,0.80728,0.80729,0.80707,0.80707
1782482280000,0.80705,0.80706,0.80696,0.80697
1782482340000,0.80698,0.80698,0.8068,0.80683
1782482400000,0.8068,0.80699,0.80654,0.8069
1782482460000,0.80689,0.80689,0.80676,0.80677
1782482520000,0.80675,0.80696,0.80675,0.80685
1782482580000,0.80684,0.80702,0.8068,0.80702
1782482640000,0.80703,0.80717,0.80702,0.80715
1782482700000,0.80714,0.80728,0.80714,0.80721
1782482760000,0.8072,0.8072,0.80704,0.80705
1782482820000,0.80704,0.8071,0.807,0.80708
1782482880000,0.80709,0.80736,0.80709,0.80728
1782482940000,0.80728,0.80739,0.80725,0.80725
1782483000000,0.80725,0.8073,0.80709,0.80727
1782483060000,0.80726,0.80742,0.80725,0.80725
1782483120000,0.80725,0.80736,0.80723,0.80732
1782483180000,0.8073,0.80733,0.80719,0.80719
1782483240000,0.80718,0.80723,0.80716,0.80721
1782483300000,0.80721,0.80729,0.80719,0.80726
1782483360000,0.80723,0.80725,0.80697,0.80707
1782483420000,0.80706,0.80733,0.80706,0.80733
1782483480000,0.80732,0.80743,0.80728,0.80738
1782483540000,0.80737,0.80743,0.80735,0.80741
1782483600000,0.8074,0.8074,0.80722,0.80725
1782483660000,0.80725,0.80725,0.80703,0.80723
1782483720000,0.80719,0.8072,0.80712,0.80716
1782483780000,0.80716,0.80716,0.80705,0.80709
1782483840000,0.8071,0.8071,0.80697,0.80706
1782483900000,0.80707,0.80717,0.807,0.80717
1782483960000,0.80716,0.80747,0.80715,0.80743
1782484020000,0.80745,0.80756,0.80741,0.80756
1782484080000,0.80755,0.80758,0.80749,0.8075
1782484140000,0.80752,0.80765,0.80745,0.80764
1782484200000,0.80764,0.80772,0.80751,0.80756
1782484260000,0.80755,0.80768,0.80749,0.80765
1782484320000,0.80765,0.80768,0.80755,0.80759
1782484380000,0.80757,0.80773,0.80757,0.80772
1782484440000,0.8077,0.80797,0.8077,0.80792
1782484500000,0.80794,0.80794,0.80781,0.80782
1782484560000,0.80782,0.80799,0.80781,0.80797
1782484620000,0.80794,0.80794,0.80783,0.80785
1782484680000,0.80784,0.80793,0.80775,0.80788
1782484740000,0.80787,0.80797,0.80786,0.80796
1782484800000,0.80794,0.80815,0.80793,0.80808
1782484860000,0.80811,0.80836,0.80807,0.80824
1782484920000,0.80825,0.80835,0.80818,0.80819
1782484980000,0.80819,0.80828,0.80816,0.80817
1782485040000,0.80816,0.80832,0.80814,0.80831
1782485100000,0.80829,0.80832,0.80813,0.80815
1782485160000,0.80814,0.80816,0.80792,0.80794
1782485220000,0.80795,0.80798,0.80781,0.80785
1782485280000,0.80783,0.80801,0.80783,0.80785
1782485340000,0.80784,0.80794,0.80761,0.80782
1782485400000,0.80782,0.80808,0.80779,0.80792
1782485460000,0.80794,0.80803,0.80787,0.80796
1782485520000,0.80794,0.80845,0.80794,0.80844
1782485580000,0.80844,0.80852,0.80827,0.80844
1782485640000,0.80845,0.80883,0.80845,0.80879
1782485700000,0.80882,0.80899,0.80878,0.80892
1782485760000,0.80893,0.8092,0.80893,0.80906
1782485820000,0.80907,0.80919,0.80884,0.8091
1782485880000,0.80908,0.80911,0.8089,0.80904
1782485940000,0.80904,0.80916,0.80904,0.80912
1782486000000,0.80912,0.80917,0.80897,0.809
1782486060000,0.809,0.80916,0.80891,0.80897
1782486120000,0.80898,0.80902,0.80877,0.80886
1782486180000,0.80885,0.80896,0.8088,0.80893
1782486240000,0.80893,0.80914,0.80892,0.80909
1782486300000,0.80909,0.80917,0.80905,0.80912
1782486360000,0.80911,0.80921,0.80897,0.80897
1782486420000,0.80896,0.80896,0.80873,0.80877
1782486480000,0.80876,0.8088,0.80866,0.80866
1782486540000,0.80865,0.80866,0.80841,0.80841
1782486600000,0.80841,0.8085,0.80839,0.8084
1782486660000,0.80841,0.80855,0.8084,0.80846
1782486720000,0.80846,0.80861,0.80843,0.80843
1782486780000,0.80842,0.80842,0.80827,0.80835
1782486840000,0.80835,0.80843,0.8083,0.80842
1782486900000,0.80842,0.80849,0.80835,0.80837
1782486960000,0.80838,0.80843,0.80832,0.80833
1782487020000,0.80832,0.80838,0.80829,0.80834
1782487080000,0.80833,0.80848,0.80828,0.80848
1782487140000,0.80849,0.80849,0.80837,0.80838
1782487200000,0.80839,0.80852,0.80838,0.80849
1782487260000,0.80848,0.80848,0.80827,0.80827
1782487320000,0.80826,0.80827,0.80808,0.80808
1782487380000,0.80808,0.80833,0.80808,0.80824
1782487440000,0.80828,0.80829,0.80818,0.80822
1782487500000,0.80823,0.8083,0.8082,0.80824
1782487560000,0.80824,0.80833,0.80821,0.80831
1782487620000,0.80834,0.80835,0.80823,0.80833
1782487680000,0.80833,0.80833,0.80821,0.80821
1782487740000,0.80819,0.80821,0.80812,0.80818
1782487800000,0.80817,0.8082,0.80806,0.80806
1782487860000,0.80806,0.80818,0.80806,0.80818
1782487920000,0.80817,0.80837,0.80817,0.80833
1782487980000,0.80833,0.80845,0.80833,0.80835
1782488040000,0.80834,0.80844,0.80833,0.80841
1782488100000,0.80842,0.80844,0.80828,0.80842
1782488160000,0.80841,0.80842,0.80834,0.80836
1782488220000,0.80836,0.8084,0.8083,0.8083
1782488280000,0.8083,0.80832,0.8082,0.80823
1782488340000,0.8082,0.8082,0.80801,0.80809
1782488400000,0.80809,0.80822,0.80809,0.8082
1782488460000,0.80819,0.80819,0.80805,0.80814
1782488520000,0.80813,0.80838,0.80813,0.80835
1782488580000,0.80833,0.80834,0.80822,0.80823
1782488640000,0.80821,0.80836,0.80821,0.80834
1782488700000,0.80835,0.80835,0.80828,0.80834
1782488760000,0.80832,0.80833,0.80826,0.80827
1782488820000,0.80826,0.80826,0.80817,0.80819
1782488880000,0.80819,0.80822,0.8081,0.80811
1782488940000,0.8081,0.8081,0.80795,0.80805
1782489000000,0.80804,0.80822,0.80801,0.80822
1782489060000,0.80821,0.80885,0.80818,0.8087
1782489120000,0.8087,0.80875,0.80855,0.80868
1782489180000,0.80868,0.80871,0.80842,0.8085
1782489240000,0.8085,0.80856,0.80847,0.80853
1782489300000,0.80852,0.80853,0.80834,0.80836
1782489360000,0.80835,0.80835,0.80819,0.80823
1782489420000,0.80823,0.80824,0.80811,0.80815
1782489480000,0.80815,0.80826,0.80815,0.80822
1782489540000,0.80823,0.80827,0.80814,0.80815
1782489600000,0.80813,0.80838,0.8081,0.80835
1782489660000,0.80834,0.80848,0.8083,0.80833
1782489720000,0.80834,0.80841,0.80833,0.80839
1782489780000,0.80838,0.8084,0.80832,0.80834
1782489840000,0.80834,0.80836,0.80829,0.80834
1782489900000,0.80835,0.80839,0.80833,0.80838
1782489960000,0.80838,0.80838,0.80814,0.80814
1782490020000,0.80817,0.80826,0.80813,0.80826
1782490080000,0.80826,0.80839,0.80826,0.80839
1782490140000,0.80839,0.80855,0.80839,0.80853
1782490200000,0.80853,0.80865,0.80852,0.80858
1782490260000,0.80858,0.80862,0.80849,0.80856
1782490320000,0.80856,0.80856,0.80849,0.80852
1782490380000,0.80853,0.8086,0.80849,0.80859
1782490440000,0.80858,0.8086,0.80854,0.8086
1782490500000,0.80859,0.80862,0.80854,0.80854
1782490560000,0.80856,0.80858,0.80851,0.80855
1782490620000,0.80856,0.80863,0.80855,0.80857
1782490680000,0.80856,0.80871,0.80856,0.80866
1782490740000,0.80863,0.80868,0.80863,0.80868
1782490800000,0.80868,0.80886,0.80868,0.80881
1782490860000,0.8088,0.80903,0.80878,0.80896
1782490920000,0.80896,0.80905,0.80884,0.80904
1782490980000,0.80904,0.80916,0.80901,0.80905
1782491040000,0.80905,0.80917,0.80904,0.80917
1782491100000,0.80918,0.80924,0.80906,0.80915
1782491160000,0.80915,0.80915,0.809,0.80911
1782491220000,0.80912,0.80921,0.80911,0.80919
1782491280000,0.80921,0.80923,0.80912,0.80919
1782491340000,0.80922,0.80928,0.80917,0.80924
1782491400000,0.80923,0.80928,0.80904,0.80913
1782491460000,0.80916,0.80925,0.80909,0.80917
1782491520000,0.80919,0.80929,0.80914,0.80928
1782491580000,0.80928,0.80932,0.80919,0.80927
1782491640000,0.80928,0.80937,0.8092,0.80937
1782491700000,0.80936,0.80949,0.80932,0.80944
1782491760000,0.80948,0.8097,0.80948,0.80968
1782491820000,0.80972,0.80975,0.80952,0.80974
1782491880000,0.80975,0.80975,0.80955,0.80958
1782491940000,0.80958,0.80961,0.80944,0.80948
1782492000000,0.80948,0.80948,0.80929,0.80935
1782492060000,0.80935,0.80941,0.80932,0.80935
1782492120000,0.80935,0.80936,0.80932,0.80933
1782492180000,0.80933,0.80933,0.80923,0.80926
1782492240000,0.80926,0.80936,0.80916,0.80929
1782492300000,0.80929,0.80929,0.80921,0.80925
1782492360000,0.80926,0.8093,0.80924,0.80927
1782492420000,0.80926,0.80931,0.80925,0.80928
1782492480000,0.80928,0.80937,0.80926,0.80935
1782492540000,0.80934,0.80934,0.80927,0.80933
1782492600000,0.80933,0.80942,0.80931,0.80934
1782492660000,0.80933,0.8094,0.8093,0.80932
1782492720000,0.80932,0.80934,0.80923,0.80923
1782492780000,0.80921,0.80924,0.80919,0.80922
1782492840000,0.8092,0.80933,0.80919,0.80927
1782492900000,0.80926,0.80931,0.80923,0.80928
1782492960000,0.80929,0.80929,0.80915,0.80917
1782493020000,0.80918,0.80934,0.80918,0.80934
1782493080000,0.80935,0.8094,0.80934,0.80939
1782493140000,0.80941,0.80941,0.80936,0.80938
1782493200000,0.80938,0.80949,0.80938,0.80943
1782493260000,0.80943,0.80946,0.80933,0.80945
1782493320000,0.80945,0.80948,0.80934,0.80934
1782493380000,0.80935,0.80935,0.8093,0.80935
1782493440000,0.80934,0.80941,0.80929,0.80939
1782493500000,0.80938,0.80941,0.80936,0.80939
1782493560000,0.8094,0.80941,0.80933,0.80934
1782493620000,0.80936,0.80937,0.80928,0.80931
1782493680000,0.8093,0.80931,0.80915,0.80919
1782493740000,0.80919,0.8093,0.80919,0.80929
1782493800000,0.80928,0.80934,0.80923,0.80929
1782493860000,0.80928,0.80936,0.80924,0.80927
1782493920000,0.80928,0.80934,0.80919,0.80919
1782493980000,0.80922,0.80924,0.80919,0.80924
1782494040000,0.80923,0.80932,0.8092,0.80929
1782494100000,0.80928,0.80929,0.80923,0.80924
1782494160000,0.80925,0.80925,0.8092,0.80924
1782494220000,0.80923,0.80935,0.80923,0.80931
1782494280000,0.80932,0.80933,0.80929,0.80932
1782494340000,0.80932,0.80936,0.80929,0.80935
1782494400000,0.80935,0.80939,0.80934,0.80937
1782494460000,0.80938,0.80941,0.8093,0.80931
1782494520000,0.80932,0.80943,0.80932,0.80942
1782494580000,0.80942,0.80942,0.80934,0.80934
1782494640000,0.80935,0.80935,0.80932,0.80932
1782494700000,0.80933,0.80939,0.80932,0.80932
1782494760000,0.80934,0.80937,0.80929,0.80936
1782494820000,0.80935,0.80942,0.80934,0.80941
1782494880000,0.80941,0.80948,0.80941,0.80945
1782494940000,0.80944,0.80952,0.80942,0.80952
1782495000000,0.8095,0.8095,0.80941,0.80947
1782495060000,0.80948,0.80972,0.80946,0.80972
1782495120000,0.80972,0.80972,0.8096,0.80961
1782495180000,0.80962,0.80963,0.80953,0.80957
1782495240000,0.80957,0.80965,0.80957,0.80962
1782495300000,0.80962,0.80965,0.80956,0.80965
1782495360000,0.80962,0.8097,0.80961,0.80969
1782495420000,0.8097,0.80975,0.80967,0.80974
1782495480000,0.80975,0.80977,0.80971,0.80973
1782495540000,0.80974,0.80977,0.80971,0.80974
1782495600000,0.80974,0.80978,0.80966,0.80966
1782495660000,0.80966,0.80967,0.80961,0.80964
1782495720000,0.80962,0.80962,0.80952,0.80958
1782495780000,0.8096,0.80962,0.80945,0.80951
1782495840000,0.80952,0.80953,0.80947,0.8095
1782495900000,0.80951,0.80951,0.80944,0.80948
1782495960000,0.80949,0.80961,0.80948,0.80959
1782496020000,0.8096,0.8096,0.80958,0.80958
1782496080000,0.80956,0.80958,0.80955,0.80957
1782496140000,0.80958,0.80958,0.80954,0.80957
1782496200000,0.80957,0.80957,0.80951,0.80953
1782496260000,0.8095,0.80954,0.80947,0.80948
1782496320000,0.80947,0.8095,0.80947,0.80949
1782496380000,0.8095,0.80951,0.8095,0.80951
1782496440000,0.80954,0.80957,0.80953,0.80957
1782496500000,0.80956,0.80959,0.80956,0.80958
1782496560000,0.80955,0.80959,0.80955,0.80959
1782496620000,0.80959,0.80969,0.80956,0.80965
1782496680000,0.80966,0.80975,0.80966,0.80973
1782496740000,0.80974,0.80974,0.80967,0.80972
1782496800000,0.80971,0.80977,0.80969,0.80972
1782496860000,0.80972,0.80974,0.80968,0.80974
1782496920000,0.80975,0.80976,0.8096,0.80961
1782496980000,0.80962,0.80962,0.80938,0.80938
1782497040000,0.80939,0.80939,0.80932,0.80934
1782497100000,0.80935,0.80945,0.80935,0.80942
1782497160000,0.80941,0.80941,0.80929,0.80929
1782497220000,0.80929,0.80935,0.80929,0.80935
1782497280000,0.80934,0.80953,0.80932,0.80952
1782497340000,0.80951,0.80958,0.80946,0.80958
1782497400000,0.80957,0.80967,0.80957,0.80963
1782497460000,0.80961,0.80966,0.80956,0.80966
1782497520000,0.80967,0.80969,0.80957,0.80963
1782497580000,0.80963,0.80974,0.80956,0.80974
1782497640000,0.80974,0.8098,0.80973,0.80975
1782497700000,0.80975,0.80978,0.80957,0.80957
1782497760000,0.80957,0.80962,0.80948,0.80962
1782497820000,0.80963,0.8097,0.80962,0.80968
1782497880000,0.80967,0.80969,0.80956,0.80969
1782497940000,0.80969,0.80972,0.80965,0.80965
1782498000000,0.80964,0.80965,0.80959,0.80964
1782498060000,0.80964,0.80964,0.80956,0.80962
1782498120000,0.80961,0.80961,0.8095,0.80959
1782498180000,0.80958,0.80959,0.80955,0.80955
1782498240000,0.80954,0.80959,0.80954,0.80957
1782498300000,0.80959,0.80959,0.80953,0.80955
1782498360000,0.80953,0.80953,0.80949,0.80949
1782498420000,0.80949,0.80951,0.80948,0.80948
1782498480000,0.80948,0.80957,0.80945,0.80957
1782498540000,0.80958,0.80958,0.80946,0.80947
1782498600000,0.80947,0.80947,0.80939,0.8094
1782498660000,0.8094,0.80941,0.80935,0.80938
1782498720000,0.80939,0.80942,0.80935,0.80935
1782498780000,0.80936,0.80936,0.80931,0.80931
1782498840000,0.80932,0.80934,0.80932,0.80934
1782498900000,0.80935,0.80938,0.80932,0.80938
1782498960000,0.80938,0.80943,0.80938,0.80942
1782499020000,0.8094,0.80941,0.80936,0.8094
1782499080000,0.80938,0.8094,0.80933,0.80935
1782499140000,0.80935,0.80935,0.8093,0.80933
1782499200000,0.80932,0.80942,0.80932,0.80942
1782499260000,0.80942,0.80948,0.80941,0.80946
1782499320000,0.80945,0.80945,0.80934,0.80935
1782499380000,0.80936,0.80938,0.80936,0.80938
1782499440000,0.80938,0.80942,0.80937,0.80942
1782499500000,0.80944,0.80951,0.80944,0.8095
1782499560000,0.80951,0.80969,0.80951,0.80966
1782499620000,0.80965,0.80968,0.80962,0.80967
1782499680000,0.80968,0.80968,0.80961,0.80962
1782499740000,0.8096,0.80961,0.80956,0.80959
1782499800000,0.80958,0.80958,0.80954,0.80955
1782499860000,0.80955,0.80955,0.8095,0.80951
1782499920000,0.80952,0.80954,0.80944,0.80944
1782499980000,0.80943,0.80944,0.80938,0.8094
1782500040000,0.8094,0.80946,0.80934,0.80944
1782500100000,0.80942,0.80945,0.80941,0.80942
1782500160000,0.80942,0.80942,0.80936,0.80938
1782500220000,0.80936,0.80956,0.80933,0.80952
1782500280000,0.80951,0.80954,0.8095,0.80954
1782500340000,0.80955,0.80971,0.80953,0.80968
1782500400000,0.80969,0.80975,0.80962,0.80963
1782500460000,0.80963,0.80971,0.80963,0.80969
1782500520000,0.80971,0.80973,0.80968,0.80968
1782500580000,0.80968,0.80968,0.80964,0.80965
1782500640000,0.80965,0.80965,0.80961,0.80963
1782500700000,0.80962,0.80966,0.80961,0.80961
1782500760000,0.8096,0.80964,0.80959,0.80959
1782500820000,0.80959,0.8096,0.80954,0.80957
1782500880000,0.80956,0.80956,0.80949,0.8095
1782500940000,0.8095,0.8095,0.80943,0.80943
1782501000000,0.80944,0.80952,0.80941,0.80949
1782501060000,0.8095,0.80954,0.80949,0.80951
1782501120000,0.80952,0.80953,0.80951,0.80953
1782501180000,0.80951,0.80956,0.80949,0.80956
1782501240000,0.80956,0.80957,0.80954,0.80957
1782501300000,0.80957,0.80967,0.80956,0.80965
1782501360000,0.80965,0.80967,0.80962,0.80962
1782501420000,0.80961,0.80965,0.80959,0.8096
1782501480000,0.8096,0.80961,0.80956,0.80959
1782501540000,0.80959,0.80965,0.80956,0.80965
1782501600000,0.80966,0.80969,0.80965,0.80966
1782501660000,0.80966,0.80972,0.80966,0.80971
1782501720000,0.80973,0.8098,0.80973,0.8098
1782501780000,0.80979,0.80982,0.80977,0.8098
1782501840000,0.8098,0.80985,0.80979,0.80984
1782501900000,0.80984,0.80984,0.80973,0.80974
1782501960000,0.80975,0.80979,0.80975,0.80978
1782502020000,0.80977,0.80977,0.80973,0.80976
1782502080000,0.80977,0.80979,0.80975,0.80977
1782502140000,0.80976,0.80979,0.80975,0.80979
1782502200000,0.80979,0.80983,0.80979,0.80982
1782502260000,0.80981,0.80986,0.80981,0.80982
1782502320000,0.80982,0.80982,0.80976,0.80976
1782502380000,0.80976,0.80976,0.80969,0.80969
1782502440000,0.80969,0.80971,0.80966,0.80966
1782502500000,0.80967,0.80968,0.80965,0.80967
1782502560000,0.80966,0.80966,0.80962,0.80966
1782502620000,0.80967,0.80968,0.80965,0.80965
1782502680000,0.80968,0.80969,0.80966,0.80967
1782502740000,0.80966,0.80972,0.80965,0.80971
1782502800000,0.80972,0.80977,0.8097,0.80976
1782502860000,0.80976,0.80981,0.80975,0.8098
1782502920000,0.8098,0.80982,0.80977,0.8098
1782502980000,0.8098,0.80981,0.80978,0.80981
1782503040000,0.80981,0.80981,0.80978,0.80979
1782503100000,0.80979,0.80981,0.80979,0.80979
1782503160000,0.80981,0.80982,0.80967,0.80969
1782503220000,0.80969,0.80969,0.80959,0.8096
1782503280000,0.8096,0.8096,0.80956,0.80956
1782503340000,0.80956,0.80957,0.80953,0.80954
1782503400000,0.80954,0.80956,0.80949,0.8095
1782503460000,0.80953,0.80957,0.80949,0.8095
1782503520000,0.8095,0.8095,0.80939,0.8094
1782503580000,0.80943,0.80943,0.80933,0.80933
1782503640000,0.80933,0.80942,0.80932,0.80938
1782503700000,0.8094,0.8095,0.8094,0.80946
1782503760000,0.80946,0.80947,0.80943,0.80944
1782503820000,0.80944,0.80944,0.80932,0.80941
1782503880000,0.80943,0.8095,0.80943,0.80949
1782503940000,0.80948,0.80951,0.80941,0.80945
1782504000000,0.80944,0.80948,0.80941,0.80943
1782504060000,0.80944,0.80949,0.80941,0.80943
1782504120000,0.80944,0.80944,0.80937,0.80938
1782504180000,0.80937,0.80941,0.80937,0.80941
1782504240000,0.8094,0.80943,0.80939,0.8094
1782504300000,0.8094,0.80958,0.80939,0.80945
1782504360000,0.80944,0.80949,0.80943,0.80947
1782504420000,0.80947,0.80955,0.80947,0.80955
1782504480000,0.80953,0.80953,0.80946,0.80947
1782504540000,0.80949,0.80954,0.80949,0.80954
1782504600000,0.80954,0.80956,0.80951,0.80954
1782504660000,0.80952,0.80952,0.80947,0.8095
1782504720000,0.8095,0.8095,0.80937,0.80939
1782504780000,0.80939,0.8094,0.80939,0.8094
1782504840000,0.8094,0.8094,0.80939,0.80939
1782504900000,0.8094,0.8094,0.80935,0.80935
1782504960000,0.80935,0.80935,0.80917,0.80919
1782505020000,0.8092,0.8093,0.80919,0.8093
1782505080000,0.80929,0.80929,0.8092,0.80921
1782505140000,0.80922,0.80923,0.8092,0.80922
1782505200000,0.80922,0.80923,0.80921,0.80922
1782505260000,0.80922,0.80925,0.80919,0.80925
1782505320000,0.80924,0.80924,0.80919,0.8092
1782505380000,0.80921,0.80922,0.8092,0.80922
1782505440000,0.80921,0.80925,0.80921,0.80921
1782505500000,0.8092,0.80929,0.8092,0.80929
1782505560000,0.80929,0.80929,0.8092,0.80923
1782505620000,0.80924,0.8093,0.80923,0.80923
1782505680000,0.80923,0.80924,0.8092,0.80923
1782505740000,0.80924,0.80924,0.80917,0.80919
1782505800000,0.80924,0.80924,0.80913,0.80913
1782505860000,0.80915,0.80956,0.80915,0.80948
1782505920000,0.80949,0.80958,0.80946,0.80956
1782505980000,0.80957,0.80968,0.80953,0.80959
1782506040000,0.8096,0.8096,0.8095,0.80959
1782506100000,0.80959,0.80966,0.80957,0.80963
1782506160000,0.80965,0.80996,0.80964,0.80996
1782506220000,0.80995,0.80998,0.80976,0.80977
1782506280000,0.80976,0.80977,0.80962,0.80962
1782506340000,0.80962,0.80966,0.80957,0.8096
1782506400000,0.80961,0.80962,0.80957,0.80958
1782506460000,0.80959,0.80966,0.80956,0.80966
1782506520000,0.80967,0.80969,0.80966,0.80969
1782506580000,0.80972,0.80979,0.80963,0.80963
1782506640000,0.80961,0.8097,0.80956,0.80966
1782506700000,0.80966,0.8097,0.80963,0.8097
1782506760000,0.80969,0.80973,0.80961,0.80963
1782506820000,0.80964,0.80965,0.80962,0.80964
1782506880000,0.80965,0.80974,0.80963,0.80973
1782506940000,0.80973,0.80977,0.80962,0.8097
1782507000000,0.80968,0.80969,0.80958,0.80964
1782507060000,0.80964,0.80974,0.80962,0.80974
1782507120000,0.80974,0.8099,0.80974,0.80988
1782507180000,0.8099,0.81008,0.8099,0.81001
1782507240000,0.81001,0.81008,0.80991,0.81008
1782507300000,0.81006,0.81014,0.81,0.81003
1782507360000,0.81003,0.81005,0.80983,0.80983
1782507420000,0.80985,0.80988,0.80978,0.80981
1782507480000,0.80981,0.80981,0.80967,0.80973
1782507540000,0.80973,0.80985,0.80946,0.80947
1782507600000,0.80947,0.80947,0.80947,0.80947
1782507660000,0.80947,0.80947,0.80947,0.80947
1782507720000,0.80947,0.80947,0.80947,0.80947
1782507780000,0.80947,0.80947,0.80947,0.80947
1782507840000,0.80947,0.80947,0.80947,0.80947
1782507900000,0.80947,0.80947,0.80947,0.80947
1782507960000,0.80947,0.80947,0.80947,0.80947
1782508020000,0.80947,0.80947,0.80947,0.80947
1782508080000,0.80947,0.80947,0.80947,0.80947
1782508140000,0.80947,0.80947,0.80947,0.80947
1782508200000,0.80947,0.80947,0.80947,0.80947
1782508260000,0.80947,0.80947,0.80947,0.80947
1782508320000,0.80947,0.80947,0.80947,0.80947
1782508380000,0.80947,0.80947,0.80947,0.80947
1782508440000,0.80947,0.80947,0.80947,0.80947
1782508500000,0.80947,0.80947,0.80947,0.80947
1782508560000,0.80947,0.80947,0.80947,0.80947
1782508620000,0.80947,0.80947,0.80947,0.80947
1782508680000,0.80947,0.80947,0.80947,0.80947
1782508740000,0.80947,0.80947,0.80947,0.80947
1782508800000,0.80947,0.80947,0.80947,0.80947
1782508860000,0.80947,0.80947,0.80947,0.80947
1782508920000,0.80947,0.80947,0.80947,0.80947
1782508980000,0.80947,0.80947,0.80947,0.80947
1782509040000,0.80947,0.80947,0.80947,0.80947
1782509100000,0.80947,0.80947,0.80947,0.80947
1782509160000,0.80947,0.80947,0.80947,0.80947
1782509220000,0.80947,0.80947,0.80947,0.80947
1782509280000,0.80947,0.80947,0.80947,0.80947
1782509340000,0.80947,0.80947,0.80947,0.80947
1782509400000,0.80947,0.80947,0.80947,0.80947
1782509460000,0.80947,0.80947,0.80947,0.80947
1782509520000,0.80947,0.80947,0.80947,0.80947
1782509580000,0.80947,0.80947,0.80947,0.80947
1782509640000,0.80947,0.80947,0.80947,0.80947
1782509700000,0.80947,0.80947,0.80947,0.80947
1782509760000,0.80947,0.80947,0.80947,0.80947
1782509820000,0.80947,0.80947,0.80947,0.80947
1782509880000,0.80947,0.80947,0.80947,0.80947
1782509940000,0.80947,0.80947,0.80947,0.80947
1782510000000,0.80947,0.80947,0.80947,0.80947
1782510060000,0.80947,0.80947,0.80947,0.80947
1782510120000,0.80947,0.80947,0.80947,0.80947
1782510180000,0.80947,0.80947,0.80947,0.80947
1782510240000,0.80947,0.80947,0.80947,0.80947
1782510300000,0.80947,0.80947,0.80947,0.80947
1782510360000,0.80947,0.80947,0.80947,0.80947
1782510420000,0.80947,0.80947,0.80947,0.80947
1782510480000,0.80947,0.80947,0.80947,0.80947
1782510540000,0.80947,0.80947,0.80947,0.80947
1782510600000,0.80947,0.80947,0.80947,0.80947
1782510660000,0.80947,0.80947,0.80947,0.80947
1782510720000,0.80947,0.80947,0.80947,0.80947
1782510780000,0.80947,0.80947,0.80947,0.80947
1782510840000,0.80947,0.80947,0.80947,0.80947
1782510900000,0.80947,0.80947,0.80947,0.80947
1782510960000,0.80947,0.80947,0.80947,0.80947
1782511020000,0.80947,0.80947,0.80947,0.80947
1782511080000,0.80947,0.80947,0.80947,0.80947
1782511140000,0.80947,0.80947,0.80947,0.80947
1782511200000,0.80947,0.80947,0.80947,0.80947
1782511260000,0.80947,0.80947,0.80947,0.80947
1782511320000,0.80947,0.80947,0.80947,0.80947
1782511380000,0.80947,0.80947,0.80947,0.80947
1782511440000,0.80947,0.80947,0.80947,0.80947
1782511500000,0.80947,0.80947,0.80947,0.80947
1782511560000,0.80947,0.80947,0.80947,0.80947
1782511620000,0.80947,0.80947,0.80947,0.80947
1782511680000,0.80947,0.80947,0.80947,0.80947
1782511740000,0.80947,0.80947,0.80947,0.80947
1782511800000,0.80947,0.80947,0.80947,0.80947
1782511860000,0.80947,0.80947,0.80947,0.80947
1782511920000,0.80947,0.80947,0.80947,0.80947
1782511980000,0.80947,0.80947,0.80947,0.80947
1782512040000,0.80947,0.80947,0.80947,0.80947
1782512100000,0.80947,0.80947,0.80947,0.80947
1782512160000,0.80947,0.80947,0.80947,0.80947
1782512220000,0.80947,0.80947,0.80947,0.80947
1782512280000,0.80947,0.80947,0.80947,0.80947
1782512340000,0.80947,0.80947,0.80947,0.80947
1782512400000,0.80947,0.80947,0.80947,0.80947
1782512460000,0.80947,0.80947,0.80947,0.80947
1782512520000,0.80947,0.80947,0.80947,0.80947
1782512580000,0.80947,0.80947,0.80947,0.80947
1782512640000,0.80947,0.80947,0.80947,0.80947
1782512700000,0.80947,0.80947,0.80947,0.80947
1782512760000,0.80947,0.80947,0.80947,0.80947
1782512820000,0.80947,0.80947,0.80947,0.80947
1782512880000,0.80947,0.80947,0.80947,0.80947
1782512940000,0.80947,0.80947,0.80947,0.80947
1782513000000,0.80947,0.80947,0.80947,0.80947
1782513060000,0.80947,0.80947,0.80947,0.80947
1782513120000,0.80947,0.80947,0.80947,0.80947
1782513180000,0.80947,0.80947,0.80947,0.80947
1782513240000,0.80947,0.80947,0.80947,0.80947
1782513300000,0.80947,0.80947,0.80947,0.80947
1782513360000,0.80947,0.80947,0.80947,0.80947
1782513420000,0.80947,0.80947,0.80947,0.80947
1782513480000,0.80947,0.80947,0.80947,0.80947
1782513540000,0.80947,0.80947,0.80947,0.80947
1782513600000,0.80947,0.80947,0.80947,0.80947
1782513660000,0.80947,0.80947,0.80947,0.80947
1782513720000,0.80947,0.80947,0.80947,0.80947
1782513780000,0.80947,0.80947,0.80947,0.80947
1782513840000,0.80947,0.80947,0.80947,0.80947
1782513900000,0.80947,0.80947,0.80947,0.80947
1782513960000,0.80947,0.80947,0.80947,0.80947
1782514020000,0.80947,0.80947,0.80947,0.80947
1782514080000,0.80947,0.80947,0.80947,0.80947
1782514140000,0.80947,0.80947,0.80947,0.80947
1782514200000,0.80947,0.80947,0.80947,0.80947
1782514260000,0.80947,0.80947,0.80947,0.80947
1782514320000,0.80947,0.80947,0.80947,0.80947
1782514380000,0.80947,0.80947,0.80947,0.80947
1782514440000,0.80947,0.80947,0.80947,0.80947
1782514500000,0.80947,0.80947,0.80947,0.80947
1782514560000,0.80947,0.80947,0.80947,0.80947
1782514620000,0.80947,0.80947,0.80947,0.80947
1782514680000,0.80947,0.80947,0.80947,0.80947
1782514740000,0.80947,0.80947,0.80947,0.80947
1782514800000,0.80947,0.80947,0.80947,0.80947
1782514860000,0.80947,0.80947,0.80947,0.80947
1782514920000,0.80947,0.80947,0.80947,0.80947
1782514980000,0.80947,0.80947,0.80947,0.80947
1782515040000,0.80947,0.80947,0.80947,0.80947
1782515100000,0.80947,0.80947,0.80947,0.80947
1782515160000,0.80947,0.80947,0.80947,0.80947
1782515220000,0.80947,0.80947,0.80947,0.80947
1782515280000,0.80947,0.80947,0.80947,0.80947
1782515340000,0.80947,0.80947,0.80947,0.80947
1782515400000,0.80947,0.80947,0.80947,0.80947
1782515460000,0.80947,0.80947,0.80947,0.80947
1782515520000,0.80947,0.80947,0.80947,0.80947
1782515580000,0.80947,0.80947,0.80947,0.80947
1782515640000,0.80947,0.80947,0.80947,0.80947
1782515700000,0.80947,0.80947,0.80947,0.80947
1782515760000,0.80947,0.80947,0.80947,0.80947
1782515820000,0.80947,0.80947,0.80947,0.80947
1782515880000,0.80947,0.80947,0.80947,0.80947
1782515940000,0.80947,0.80947,0.80947,0.80947
1782516000000,0.80947,0.80947,0.80947,0.80947
1782516060000,0.80947,0.80947,0.80947,0.80947
1782516120000,0.80947,0.80947,0.80947,0.80947
1782516180000,0.80947,0.80947,0.80947,0.80947
1782516240000,0.80947,0.80947,0.80947,0.80947
1782516300000,0.80947,0.80947,0.80947,0.80947
1782516360000,0.80947,0.80947,0.80947,0.80947
1782516420000,0.80947,0.80947,0.80947,0.80947
1782516480000,0.80947,0.80947,0.80947,0.80947
1782516540000,0.80947,0.80947,0.80947,0.80947
1782516600000,0.80947,0.80947,0.80947,0.80947
1782516660000,0.80947,0.80947,0.80947,0.80947
1782516720000,0.80947,0.80947,0.80947,0.80947
1782516780000,0.80947,0.80947,0.80947,0.80947
1782516840000,0.80947,0.80947,0.80947,0.80947
1782516900000,0.80947,0.80947,0.80947,0.80947
1782516960000,0.80947,0.80947,0.80947,0.80947
1782517020000,0.80947,0.80947,0.80947,0.80947
1782517080000,0.80947,0.80947,0.80947,0.80947
1782517140000,0.80947,0.80947,0.80947,0.80947
1782517200000,0.80947,0.80947,0.80947,0.80947
1782517260000,0.80947,0.80947,0.80947,0.80947
1782517320000,0.80947,0.80947,0.80947,0.80947
1782517380000,0.80947,0.80947,0.80947,0.80947
1782517440000,0.80947,0.80947,0.80947,0.80947
1782517500000,0.80947,0.80947,0.80947,0.80947
1782517560000,0.80947,0.80947,0.80947,0.80947
1782517620000,0.80947,0.80947,0.80947,0.80947
1782517680000,0.80947,0.80947,0.80947,0.80947
1782517740000,0.80947,0.80947,0.80947,0.80947
1782517800000,0.80947,0.80947,0.80947,0.80947
1782517860000,0.80947,0.80947,0.80947,0.80947
1782517920000,0.80947,0.80947,0.80947,0.80947
1782517980000,0.80947,0.80947,0.80947,0.80947
1782518040000,0.80947,0.80947,0.80947,0.80947
1782518100000,0.80947,0.80947,0.80947,0.80947
1782518160000,0.80947,0.80947,0.80947,0.80947
1782518220000,0.80947,0.80947,0.80947,0.80947
1782518280000,0.80947,0.80947,0.80947,0.80947
1782518340000,0.80947,0.80947,0.80947,0.80947
1782518400000,0.80947,0.80947,0.80947,0.80947
1782518460000,0.80947,0.80947,0.80947,0.80947
1782518520000,0.80947,0.80947,0.80947,0.80947
1782518580000,0.80947,0.80947,0.80947,0.80947
1782518640000,0.80947,0.80947,0.80947,0.80947
1782518700000,0.80947,0.80947,0.80947,0.80947
1782518760000,0.80947,0.80947,0.80947,0.80947
1782518820000,0.80947,0.80947,0.80947,0.80947
1782518880000,0.80947,0.80947,0.80947,0.80947
1782518940000,0.80947,0.80947,0.80947,0.80947
1782519000000,0.80947,0.80947,0.80947,0.80947
1782519060000,0.80947,0.80947,0.80947,0.80947
1782519120000,0.80947,0.80947,0.80947,0.80947
1782519180000,0.80947,0.80947,0.80947,0.80947
1782519240000,0.80947,0.80947,0.80947,0.80947
1782519300000,0.80947,0.80947,0.80947,0.80947
1782519360000,0.80947,0.80947,0.80947,0.80947
1782519420000,0.80947,0.80947,0.80947,0.80947
1782519480000,0.80947,0.80947,0.80947,0.80947
1782519540000,0.80947,0.80947,0.80947,0.80947
1782519600000,0.80947,0.80947,0.80947,0.80947
1782519660000,0.80947,0.80947,0.80947,0.80947
1782519720000,0.80947,0.80947,0.80947,0.80947
1782519780000,0.80947,0.80947,0.80947,0.80947
1782519840000,0.80947,0.80947,0.80947,0.80947
1782519900000,0.80947,0.80947,0.80947,0.80947
1782519960000,0.80947,0.80947,0.80947,0.80947
1782520020000,0.80947,0.80947,0.80947,0.80947
1782520080000,0.80947,0.80947,0.80947,0.80947
1782520140000,0.80947,0.80947,0.80947,0.80947
1782520200000,0.80947,0.80947,0.80947,0.80947
1782520260000,0.80947,0.80947,0.80947,0.80947
1782520320000,0.80947,0.80947,0.80947,0.80947
1782520380000,0.80947,0.80947,0.80947,0.80947
1782520440000,0.80947,0.80947,0.80947,0.80947
1782520500000,0.80947,0.80947,0.80947,0.80947
1782520560000,0.80947,0.80947,0.80947,0.80947
1782520620000,0.80947,0.80947,0.80947,0.80947
1782520680000,0.80947,0.80947,0.80947,0.80947
1782520740000,0.80947,0.80947,0.80947,0.80947
1782520800000,0.80947,0.80947,0.80947,0.80947
1782520860000,0.80947,0.80947,0.80947,0.80947
1782520920000,0.80947,0.80947,0.80947,0.80947
1782520980000,0.80947,0.80947,0.80947,0.80947
1782521040000,0.80947,0.80947,0.80947,0.80947
1782521100000,0.80947,0.80947,0.80947,0.80947
1782521160000,0.80947,0.80947,0.80947,0.80947
1782521220000,0.80947,0.80947,0.80947,0.80947
1782521280000,0.80947,0.80947,0.80947,0.80947
1782521340000,0.80947,0.80947,0.80947,0.80947
1782521400000,0.80947,0.80947,0.80947,0.80947
1782521460000,0.80947,0.80947,0.80947,0.80947
1782521520000,0.80947,0.80947,0.80947,0.80947
1782521580000,0.80947,0.80947,0.80947,0.80947
1782521640000,0.80947,0.80947,0.80947,0.80947
1782521700000,0.80947,0.80947,0.80947,0.80947
1782521760000,0.80947,0.80947,0.80947,0.80947
1782521820000,0.80947,0.80947,0.80947,0.80947
1782521880000,0.80947,0.80947,0.80947,0.80947
1782521940000,0.80947,0.80947,0.80947,0.80947
1782522000000,0.80947,0.80947,0.80947,0.80947
1782522060000,0.80947,0.80947,0.80947,0.80947
1782522120000,0.80947,0.80947,0.80947,0.80947
1782522180000,0.80947,0.80947,0.80947,0.80947
1782522240000,0.80947,0.80947,0.80947,0.80947
1782522300000,0.80947,0.80947,0.80947,0.80947
1782522360000,0.80947,0.80947,0.80947,0.80947
1782522420000,0.80947,0.80947,0.80947,0.80947
1782522480000,0.80947,0.80947,0.80947,0.80947
1782522540000,0.80947,0.80947,0.80947,0.80947
1782522600000,0.80947,0.80947,0.80947,0.80947
1782522660000,0.80947,0.80947,0.80947,0.80947
1782522720000,0.80947,0.80947,0.80947,0.80947
1782522780000,0.80947,0.80947,0.80947,0.80947
1782522840000,0.80947,0.80947,0.80947,0.80947
1782522900000,0.80947,0.80947,0.80947,0.80947
1782522960000,0.80947,0.80947,0.80947,0.80947
1782523020000,0.80947,0.80947,0.80947,0.80947
1782523080000,0.80947,0.80947,0.80947,0.80947
1782523140000,0.80947,0.80947,0.80947,0.80947
1782523200000,0.80947,0.80947,0.80947,0.80947
1782523260000,0.80947,0.80947,0.80947,0.80947
1782523320000,0.80947,0.80947,0.80947,0.80947
1782523380000,0.80947,0.80947,0.80947,0.80947
1782523440000,0.80947,0.80947,0.80947,0.80947
1782523500000,0.80947,0.80947,0.80947,0.80947
1782523560000,0.80947,0.80947,0.80947,0.80947
1782523620000,0.80947,0.80947,0.80947,0.80947
1782523680000,0.80947,0.80947,0.80947,0.80947
1782523740000,0.80947,0.80947,0.80947,0.80947
1782523800000,0.80947,0.80947,0.80947,0.80947
1782523860000,0.80947,0.80947,0.80947,0.80947
1782523920000,0.80947,0.80947,0.80947,0.80947
1782523980000,0.80947,0.80947,0.80947,0.80947
1782524040000,0.80947,0.80947,0.80947,0.80947
1782524100000,0.80947,0.80947,0.80947,0.80947
1782524160000,0.80947,0.80947,0.80947,0.80947
1782524220000,0.80947,0.80947,0.80947,0.80947
1782524280000,0.80947,0.80947,0.80947,0.80947
1782524340000,0.80947,0.80947,0.80947,0.80947
1782524400000,0.80947,0.80947,0.80947,0.80947
1782524460000,0.80947,0.80947,0.80947,0.80947
1782524520000,0.80947,0.80947,0.80947,0.80947
1782524580000,0.80947,0.80947,0.80947,0.80947
1782524640000,0.80947,0.80947,0.80947,0.80947
1782524700000,0.80947,0.80947,0.80947,0.80947
1782524760000,0.80947,0.80947,0.80947,0.80947
1782524820000,0.80947,0.80947,0.80947,0.80947
1782524880000,0.80947,0.80947,0.80947,0.80947
1782524940000,0.80947,0.80947,0.80947,0.80947
1782525000000,0.80947,0.80947,0.80947,0.80947
1782525060000,0.80947,0.80947,0.80947,0.80947
1782525120000,0.80947,0.80947,0.80947,0.80947
1782525180000,0.80947,0.80947,0.80947,0.80947
1782525240000,0.80947,0.80947,0.80947,0.80947
1782525300000,0.80947,0.80947,0.80947,0.80947
1782525360000,0.80947,0.80947,0.80947,0.80947
1782525420000,0.80947,0.80947,0.80947,0.80947
1782525480000,0.80947,0.80947,0.80947,0.80947
1782525540000,0.80947,0.80947,0.80947,0.80947
1782525600000,0.80947,0.80947,0.80947,0.80947
1782525660000,0.80947,0.80947,0.80947,0.80947
1782525720000,0.80947,0.80947,0.80947,0.80947
1782525780000,0.80947,0.80947,0.80947,0.80947
1782525840000,0.80947,0.80947,0.80947,0.80947
1782525900000,0.80947,0.80947,0.80947,0.80947
1782525960000,0.80947,0.80947,0.80947,0.80947
1782526020000,0.80947,0.80947,0.80947,0.80947
1782526080000,0.80947,0.80947,0.80947,0.80947
1782526140000,0.80947,0.80947,0.80947,0.80947
1782526200000,0.80947,0.80947,0.80947,0.80947
1782526260000,0.80947,0.80947,0.80947,0.80947
1782526320000,0.80947,0.80947,0.80947,0.80947
1782526380000,0.80947,0.80947,0.80947,0.80947
1782526440000,0.80947,0.80947,0.80947,0.80947
1782526500000,0.80947,0.80947,0.80947,0.80947
1782526560000,0.80947,0.80947,0.80947,0.80947
1782526620000,0.80947,0.80947,0.80947,0.80947
1782526680000,0.80947,0.80947,0.80947,0.80947
1782526740000,0.80947,0.80947,0.80947,0.80947
1782526800000,0.80947,0.80947,0.80947,0.80947
1782526860000,0.80947,0.80947,0.80947,0.80947
1782526920000,0.80947,0.80947,0.80947,0.80947
1782526980000,0.80947,0.80947,0.80947,0.80947
1782527040000,0.80947,0.80947,0.80947,0.80947
1782527100000,0.80947,0.80947,0.80947,0.80947
1782527160000,0.80947,0.80947,0.80947,0.80947
1782527220000,0.80947,0.80947,0.80947,0.80947
1782527280000,0.80947,0.80947,0.80947,0.80947
1782527340000,0.80947,0.80947,0.80947,0.80947
1782527400000,0.80947,0.80947,0.80947,0.80947
1782527460000,0.80947,0.80947,0.80947,0.80947
1782527520000,0.80947,0.80947,0.80947,0.80947
1782527580000,0.80947,0.80947,0.80947,0.80947
1782527640000,0.80947,0.80947,0.80947,0.80947
1782527700000,0.80947,0.80947,0.80947,0.80947
1782527760000,0.80947,0.80947,0.80947,0.80947
1782527820000,0.80947,0.80947,0.80947,0.80947
1782527880000,0.80947,0.80947,0.80947,0.80947
1782527940000,0.80947,0.80947,0.80947,0.80947
1782528000000,0.80947,0.80947,0.80947,0.80947
1782528060000,0.80947,0.80947,0.80947,0.80947
1782528120000,0.80947,0.80947,0.80947,0.80947
1782528180000,0.80947,0.80947,0.80947,0.80947
1782528240000,0.80947,0.80947,0.80947,0.80947
1782528300000,0.80947,0.80947,0.80947,0.80947
1782528360000,0.80947,0.80947,0.80947,0.80947
1782528420000,0.80947,0.80947,0.80947,0.80947
1782528480000,0.80947,0.80947,0.80947,0.80947
1782528540000,0.80947,0.80947,0.80947,0.80947
1782528600000,0.80947,0.80947,0.80947,0.80947
1782528660000,0.80947,0.80947,0.80947,0.80947
1782528720000,0.80947,0.80947,0.80947,0.80947
1782528780000,0.80947,0.80947,0.80947,0.80947
1782528840000,0.80947,0.80947,0.80947,0.80947
1782528900000,0.80947,0.80947,0.80947,0.80947
1782528960000,0.80947,0.80947,0.80947,0.80947
1782529020000,0.80947,0.80947,0.80947,0.80947
1782529080000,0.80947,0.80947,0.80947,0.80947
1782529140000,0.80947,0.80947,0.80947,0.80947
1782529200000,0.80947,0.80947,0.80947,0.80947
1782529260000,0.80947,0.80947,0.80947,0.80947
1782529320000,0.80947,0.80947,0.80947,0.80947
1782529380000,0.80947,0.80947,0.80947,0.80947
1782529440000,0.80947,0.80947,0.80947,0.80947
1782529500000,0.80947,0.80947,0.80947,0.80947
1782529560000,0.80947,0.80947,0.80947,0.80947
1782529620000,0.80947,0.80947,0.80947,0.80947
1782529680000,0.80947,0.80947,0.80947,0.80947
1782529740000,0.80947,0.80947,0.80947,0.80947
1782529800000,0.80947,0.80947,0.80947,0.80947
1782529860000,0.80947,0.80947,0.80947,0.80947
1782529920000,0.80947,0.80947,0.80947,0.80947
1782529980000,0.80947,0.80947,0.80947,0.80947
1782530040000,0.80947,0.80947,0.80947,0.80947
1782530100000,0.80947,0.80947,0.80947,0.80947
1782530160000,0.80947,0.80947,0.80947,0.80947
1782530220000,0.80947,0.80947,0.80947,0.80947
1782530280000,0.80947,0.80947,0.80947,0.80947
1782530340000,0.80947,0.80947,0.80947,0.80947
1782530400000,0.80947,0.80947,0.80947,0.80947
1782530460000,0.80947,0.80947,0.80947,0.80947
1782530520000,0.80947,0.80947,0.80947,0.80947
1782530580000,0.80947,0.80947,0.80947,0.80947
1782530640000,0.80947,0.80947,0.80947,0.80947
1782530700000,0.80947,0.80947,0.80947,0.80947
1782530760000,0.80947,0.80947,0.80947,0.80947
1782530820000,0.80947,0.80947,0.80947,0.80947
1782530880000,0.80947,0.80947,0.80947,0.80947
1782530940000,0.80947,0.80947,0.80947,0.80947
1782531000000,0.80947,0.80947,0.80947,0.80947
1782531060000,0.80947,0.80947,0.80947,0.80947
1782531120000,0.80947,0.80947,0.80947,0.80947
1782531180000,0.80947,0.80947,0.80947,0.80947
1782531240000,0.80947,0.80947,0.80947,0.80947
1782531300000,0.80947,0.80947,0.80947,0.80947
1782531360000,0.80947,0.80947,0.80947,0.80947
1782531420000,0.80947,0.80947,0.80947,0.80947
1782531480000,0.80947,0.80947,0.80947,0.80947
1782531540000,0.80947,0.80947,0.80947,0.80947
1782531600000,0.80947,0.80947,0.80947,0.80947
1782531660000,0.80947,0.80947,0.80947,0.80947
1782531720000,0.80947,0.80947,0.80947,0.80947
1782531780000,0.80947,0.80947,0.80947,0.80947
1782531840000,0.80947,0.80947,0.80947,0.80947
1782531900000,0.80947,0.80947,0.80947,0.80947
1782531960000,0.80947,0.80947,0.80947,0.80947
1782532020000,0.80947,0.80947,0.80947,0.80947
1782532080000,0.80947,0.80947,0.80947,0.80947
1782532140000,0.80947,0.80947,0.80947,0.80947
1782532200000,0.80947,0.80947,0.80947,0.80947
1782532260000,0.80947,0.80947,0.80947,0.80947
1782532320000,0.80947,0.80947,0.80947,0.80947
1782532380000,0.80947,0.80947,0.80947,0.80947
1782532440000,0.80947,0.80947,0.80947,0.80947
1782532500000,0.80947,0.80947,0.80947,0.80947
1782532560000,0.80947,0.80947,0.80947,0.80947
1782532620000,0.80947,0.80947,0.80947,0.80947
1782532680000,0.80947,0.80947,0.80947,0.80947
1782532740000,0.80947,0.80947,0.80947,0.80947
1782532800000,0.80947,0.80947,0.80947,0.80947
1782532860000,0.80947,0.80947,0.80947,0.80947
1782532920000,0.80947,0.80947,0.80947,0.80947
1782532980000,0.80947,0.80947,0.80947,0.80947
1782533040000,0.80947,0.80947,0.80947,0.80947
1782533100000,0.80947,0.80947,0.80947,0.80947
1782533160000,0.80947,0.80947,0.80947,0.80947
1782533220000,0.80947,0.80947,0.80947,0.80947
1782533280000,0.80947,0.80947,0.80947,0.80947
1782533340000,0.80947,0.80947,0.80947,0.80947
1782533400000,0.80947,0.80947,0.80947,0.80947
1782533460000,0.80947,0.80947,0.80947,0.80947
1782533520000,0.80947,0.80947,0.80947,0.80947
1782533580000,0.80947,0.80947,0.80947,0.80947
1782533640000,0.80947,0.80947,0.80947,0.80947
1782533700000,0.80947,0.80947,0.80947,0.80947
1782533760000,0.80947,0.80947,0.80947,0.80947
1782533820000,0.80947,0.80947,0.80947,0.80947
1782533880000,0.80947,0.80947,0.80947,0.80947
1782533940000,0.80947,0.80947,0.80947,0.80947
1782534000000,0.80947,0.80947,0.80947,0.80947
1782534060000,0.80947,0.80947,0.80947,0.80947
1782534120000,0.80947,0.80947,0.80947,0.80947
1782534180000,0.80947,0.80947,0.80947,0.80947
1782534240000,0.80947,0.80947,0.80947,0.80947
1782534300000,0.80947,0.80947,0.80947,0.80947
1782534360000,0.80947,0.80947,0.80947,0.80947
1782534420000,0.80947,0.80947,0.80947,0.80947
1782534480000,0.80947,0.80947,0.80947,0.80947
1782534540000,0.80947,0.80947,0.80947,0.80947
1782534600000,0.80947,0.80947,0.80947,0.80947
1782534660000,0.80947,0.80947,0.80947,0.80947
1782534720000,0.80947,0.80947,0.80947,0.80947
1782534780000,0.80947,0.80947,0.80947,0.80947
1782534840000,0.80947,0.80947,0.80947,0.80947
1782534900000,0.80947,0.80947,0.80947,0.80947
1782534960000,0.80947,0.80947,0.80947,0.80947
1782535020000,0.80947,0.80947,0.80947,0.80947
1782535080000,0.80947,0.80947,0.80947,0.80947
1782535140000,0.80947,0.80947,0.80947,0.80947
1782535200000,0.80947,0.80947,0.80947,0.80947
1782535260000,0.80947,0.80947,0.80947,0.80947
1782535320000,0.80947,0.80947,0.80947,0.80947
1782535380000,0.80947,0.80947,0.80947,0.80947
1782535440000,0.80947,0.80947,0.80947,0.80947
1782535500000,0.80947,0.80947,0.80947,0.80947
1782535560000,0.80947,0.80947,0.80947,0.80947
1782535620000,0.80947,0.80947,0.80947,0.80947
1782535680000,0.80947,0.80947,0.80947,0.80947
1782535740000,0.80947,0.80947,0.80947,0.80947
1782535800000,0.80947,0.80947,0.80947,0.80947
1782535860000,0.80947,0.80947,0.80947,0.80947
1782535920000,0.80947,0.80947,0.80947,0.80947
1782535980000,0.80947,0.80947,0.80947,0.80947
1782536040000,0.80947,0.80947,0.80947,0.80947
1782536100000,0.80947,0.80947,0.80947,0.80947
1782536160000,0.80947,0.80947,0.80947,0.80947
1782536220000,0.80947,0.80947,0.80947,0.80947
1782536280000,0.80947,0.80947,0.80947,0.80947
1782536340000,0.80947,0.80947,0.80947,0.80947
1782536400000,0.80947,0.80947,0.80947,0.80947
1782536460000,0.80947,0.80947,0.80947,0.80947
1782536520000,0.80947,0.80947,0.80947,0.80947
1782536580000,0.80947,0.80947,0.80947,0.80947
1782536640000,0.80947,0.80947,0.80947,0.80947
1782536700000,0.80947,0.80947,0.80947,0.80947
1782536760000,0.80947,0.80947,0.80947,0.80947
1782536820000,0.80947,0.80947,0.80947,0.80947
1782536880000,0.80947,0.80947,0.80947,0.80947
1782536940000,0.80947,0.80947,0.80947,0.80947
1782537000000,0.80947,0.80947,0.80947,0.80947
1782537060000,0.80947,0.80947,0.80947,0.80947
1782537120000,0.80947,0.80947,0.80947,0.80947
1782537180000,0.80947,0.80947,0.80947,0.80947
1782537240000,0.80947,0.80947,0.80947,0.80947
1782537300000,0.80947,0.80947,0.80947,0.80947
1782537360000,0.80947,0.80947,0.80947,0.80947
1782537420000,0.80947,0.80947,0.80947,0.80947
1782537480000,0.80947,0.80947,0.80947,0.80947
1782537540000,0.80947,0.80947,0.80947,0.80947
1782537600000,0.80947,0.80947,0.80947,0.80947
1782537660000,0.80947,0.80947,0.80947,0.80947
1782537720000,0.80947,0.80947,0.80947,0.80947
1782537780000,0.80947,0.80947,0.80947,0.80947
1782537840000,0.80947,0.80947,0.80947,0.80947
1782537900000,0.80947,0.80947,0.80947,0.80947
1782537960000,0.80947,0.80947,0.80947,0.80947
1782538020000,0.80947,0.80947,0.80947,0.80947
1782538080000,0.80947,0.80947,0.80947,0.80947
1782538140000,0.80947,0.80947,0.80947,0.80947
1782538200000,0.80947,0.80947,0.80947,0.80947
1782538260000,0.80947,0.80947,0.80947,0.80947
1782538320000,0.80947,0.80947,0.80947,0.80947
1782538380000,0.80947,0.80947,0.80947,0.80947
1782538440000,0.80947,0.80947,0.80947,0.80947
1782538500000,0.80947,0.80947,0.80947,0.80947
1782538560000,0.80947,0.80947,0.80947,0.80947
1782538620000,0.80947,0.80947,0.80947,0.80947
1782538680000,0.80947,0.80947,0.80947,0.80947
1782538740000,0.80947,0.80947,0.80947,0.80947
1782538800000,0.80947,0.80947,0.80947,0.80947
1782538860000,0.80947,0.80947,0.80947,0.80947
1782538920000,0.80947,0.80947,0.80947,0.80947
1782538980000,0.80947,0.80947,0.80947,0.80947
1782539040000,0.80947,0.80947,0.80947,0.80947
1782539100000,0.80947,0.80947,0.80947,0.80947
1782539160000,0.80947,0.80947,0.80947,0.80947
1782539220000,0.80947,0.80947,0.80947,0.80947
1782539280000,0.80947,0.80947,0.80947,0.80947
1782539340000,0.80947,0.80947,0.80947,0.80947
1782539400000,0.80947,0.80947,0.80947,0.80947
1782539460000,0.80947,0.80947,0.80947,0.80947
1782539520000,0.80947,0.80947,0.80947,0.80947
1782539580000,0.80947,0.80947,0.80947,0.80947
1782539640000,0.80947,0.80947,0.80947,0.80947
1782539700000,0.80947,0.80947,0.80947,0.80947
1782539760000,0.80947,0.80947,0.80947,0.80947
1782539820000,0.80947,0.80947,0.80947,0.80947
1782539880000,0.80947,0.80947,0.80947,0.80947
1782539940000,0.80947,0.80947,0.80947,0.80947
1782540000000,0.80947,0.80947,0.80947,0.80947
1782540060000,0.80947,0.80947,0.80947,0.80947
1782540120000,0.80947,0.80947,0.80947,0.80947
1782540180000,0.80947,0.80947,0.80947,0.80947
1782540240000,0.80947,0.80947,0.80947,0.80947
1782540300000,0.80947,0.80947,0.80947,0.80947
1782540360000,0.80947,0.80947,0.80947,0.80947
1782540420000,0.80947,0.80947,0.80947,0.80947
1782540480000,0.80947,0.80947,0.80947,0.80947
1782540540000,0.80947,0.80947,0.80947,0.80947
1782540600000,0.80947,0.80947,0.80947,0.80947
1782540660000,0.80947,0.80947,0.80947,0.80947
1782540720000,0.80947,0.80947,0.80947,0.80947
1782540780000,0.80947,0.80947,0.80947,0.80947
1782540840000,0.80947,0.80947,0.80947,0.80947
1782540900000,0.80947,0.80947,0.80947,0.80947
1782540960000,0.80947,0.80947,0.80947,0.80947
1782541020000,0.80947,0.80947,0.80947,0.80947
1782541080000,0.80947,0.80947,0.80947,0.80947
1782541140000,0.80947,0.80947,0.80947,0.80947
1782541200000,0.80947,0.80947,0.80947,0.80947
1782541260000,0.80947,0.80947,0.80947,0.80947
1782541320000,0.80947,0.80947,0.80947,0.80947
1782541380000,0.80947,0.80947,0.80947,0.80947
1782541440000,0.80947,0.80947,0.80947,0.80947
1782541500000,0.80947,0.80947,0.80947,0.80947
1782541560000,0.80947,0.80947,0.80947,0.80947
1782541620000,0.80947,0.80947,0.80947,0.80947
1782541680000,0.80947,0.80947,0.80947,0.80947
1782541740000,0.80947,0.80947,0.80947,0.80947
1782541800000,0.80947,0.80947,0.80947,0.80947
1782541860000,0.80947,0.80947,0.80947,0.80947
1782541920000,0.80947,0.80947,0.80947,0.80947
1782541980000,0.80947,0.80947,0.80947,0.80947
1782542040000,0.80947,0.80947,0.80947,0.80947
1782542100000,0.80947,0.80947,0.80947,0.80947
1782542160000,0.80947,0.80947,0.80947,0.80947
1782542220000,0.80947,0.80947,0.80947,0.80947
1782542280000,0.80947,0.80947,0.80947,0.80947
1782542340000,0.80947,0.80947,0.80947,0.80947
1782542400000,0.80947,0.80947,0.80947,0.80947
1782542460000,0.80947,0.80947,0.80947,0.80947
1782542520000,0.80947,0.80947,0.80947,0.80947
1782542580000,0.80947,0.80947,0.80947,0.80947
1782542640000,0.80947,0.80947,0.80947,0.80947
1782542700000,0.80947,0.80947,0.80947,0.80947
1782542760000,0.80947,0.80947,0.80947,0.80947
1782542820000,0.80947,0.80947,0.80947,0.80947
1782542880000,0.80947,0.80947,0.80947,0.80947
1782542940000,0.80947,0.80947,0.80947,0.80947
1782543000000,0.80947,0.80947,0.80947,0.80947
1782543060000,0.80947,0.80947,0.80947,0.80947
1782543120000,0.80947,0.80947,0.80947,0.80947
1782543180000,0.80947,0.80947,0.80947,0.80947
1782543240000,0.80947,0.80947,0.80947,0.80947
1782543300000,0.80947,0.80947,0.80947,0.80947
1782543360000,0.80947,0.80947,0.80947,0.80947
1782543420000,0.80947,0.80947,0.80947,0.80947
1782543480000,0.80947,0.80947,0.80947,0.80947
1782543540000,0.80947,0.80947,0.80947,0.80947
1782543600000,0.80947,0.80947,0.80947,0.80947
1782543660000,0.80947,0.80947,0.80947,0.80947
1782543720000,0.80947,0.80947,0.80947,0.80947
1782543780000,0.80947,0.80947,0.80947,0.80947
1782543840000,0.80947,0.80947,0.80947,0.80947
1782543900000,0.80947,0.80947,0.80947,0.80947
1782543960000,0.80947,0.80947,0.80947,0.80947
1782544020000,0.80947,0.80947,0.80947,0.80947
1782544080000,0.80947,0.80947,0.80947,0.80947
1782544140000,0.80947,0.80947,0.80947,0.80947
1782544200000,0.80947,0.80947,0.80947,0.80947
1782544260000,0.80947,0.80947,0.80947,0.80947
1782544320000,0.80947,0.80947,0.80947,0.80947
1782544380000,0.80947,0.80947,0.80947,0.80947
1782544440000,0.80947,0.80947,0.80947,0.80947
1782544500000,0.80947,0.80947,0.80947,0.80947
1782544560000,0.80947,0.80947,0.80947,0.80947
1782544620000,0.80947,0.80947,0.80947,0.80947
1782544680000,0.80947,0.80947,0.80947,0.80947
1782544740000,0.80947,0.80947,0.80947,0.80947
1782544800000,0.80947,0.80947,0.80947,0.80947
1782544860000,0.80947,0.80947,0.80947,0.80947
1782544920000,0.80947,0.80947,0.80947,0.80947
1782544980000,0.80947,0.80947,0.80947,0.80947
1782545040000,0.80947,0.80947,0.80947,0.80947
1782545100000,0.80947,0.80947,0.80947,0.80947
1782545160000,0.80947,0.80947,0.80947,0.80947
1782545220000,0.80947,0.80947,0.80947,0.80947
1782545280000,0.80947,0.80947,0.80947,0.80947
1782545340000,0.80947,0.80947,0.80947,0.80947
1782545400000,0.80947,0.80947,0.80947,0.80947
1782545460000,0.80947,0.80947,0.80947,0.80947
1782545520000,0.80947,0.80947,0.80947,0.80947
1782545580000,0.80947,0.80947,0.80947,0.80947
1782545640000,0.80947,0.80947,0.80947,0.80947
1782545700000,0.80947,0.80947,0.80947,0.80947
1782545760000,0.80947,0.80947,0.80947,0.80947
1782545820000,0.80947,0.80947,0.80947,0.80947
1782545880000,0.80947,0.80947,0.80947,0.80947
1782545940000,0.80947,0.80947,0.80947,0.80947
1782546000000,0.80947,0.80947,0.80947,0.80947
1782546060000,0.80947,0.80947,0.80947,0.80947
1782546120000,0.80947,0.80947,0.80947,0.80947
1782546180000,0.80947,0.80947,0.80947,0.80947
1782546240000,0.80947,0.80947,0.80947,0.80947
1782546300000,0.80947,0.80947,0.80947,0.80947
1782546360000,0.80947,0.80947,0.80947,0.80947
1782546420000,0.80947,0.80947,0.80947,0.80947
1782546480000,0.80947,0.80947,0.80947,0.80947
1782546540000,0.80947,0.80947,0.80947,0.80947
1782546600000,0.80947,0.80947,0.80947,0.80947
1782546660000,0.80947,0.80947,0.80947,0.80947
1782546720000,0.80947,0.80947,0.80947,0.80947
1782546780000,0.80947,0.80947,0.80947,0.80947
1782546840000,0.80947,0.80947,0.80947,0.80947
1782546900000,0.80947,0.80947,0.80947,0.80947
1782546960000,0.80947,0.80947,0.80947,0.80947
1782547020000,0.80947,0.80947,0.80947,0.80947
1782547080000,0.80947,0.80947,0.80947,0.80947
1782547140000,0.80947,0.80947,0.80947,0.80947
1782547200000,0.80947,0.80947,0.80947,0.80947
1782547260000,0.80947,0.80947,0.80947,0.80947
1782547320000,0.80947,0.80947,0.80947,0.80947
1782547380000,0.80947,0.80947,0.80947,0.80947
1782547440000,0.80947,0.80947,0.80947,0.80947
1782547500000,0.80947,0.80947,0.80947,0.80947
1782547560000,0.80947,0.80947,0.80947,0.80947
1782547620000,0.80947,0.80947,0.80947,0.80947
1782547680000,0.80947,0.80947,0.80947,0.80947
1782547740000,0.80947,0.80947,0.80947,0.80947
1782547800000,0.80947,0.80947,0.80947,0.80947
1782547860000,0.80947,0.80947,0.80947,0.80947
1782547920000,0.80947,0.80947,0.80947,0.80947
1782547980000,0.80947,0.80947,0.80947,0.80947
1782548040000,0.80947,0.80947,0.80947,0.80947
1782548100000,0.80947,0.80947,0.80947,0.80947
1782548160000,0.80947,0.80947,0.80947,0.80947
1782548220000,0.80947,0.80947,0.80947,0.80947
1782548280000,0.80947,0.80947,0.80947,0.80947
1782548340000,0.80947,0.80947,0.80947,0.80947
1782548400000,0.80947,0.80947,0.80947,0.80947
1782548460000,0.80947,0.80947,0.80947,0.80947
1782548520000,0.80947,0.80947,0.80947,0.80947
1782548580000,0.80947,0.80947,0.80947,0.80947
1782548640000,0.80947,0.80947,0.80947,0.80947
1782548700000,0.80947,0.80947,0.80947,0.80947
1782548760000,0.80947,0.80947,0.80947,0.80947
1782548820000,0.80947,0.80947,0.80947,0.80947
1782548880000,0.80947,0.80947,0.80947,0.80947
1782548940000,0.80947,0.80947,0.80947,0.80947
1782549000000,0.80947,0.80947,0.80947,0.80947
1782549060000,0.80947,0.80947,0.80947,0.80947
1782549120000,0.80947,0.80947,0.80947,0.80947
1782549180000,0.80947,0.80947,0.80947,0.80947
1782549240000,0.80947,0.80947,0.80947,0.80947
1782549300000,0.80947,0.80947,0.80947,0.80947
1782549360000,0.80947,0.80947,0.80947,0.80947
1782549420000,0.80947,0.80947,0.80947,0.80947
1782549480000,0.80947,0.80947,0.80947,0.80947
1782549540000,0.80947,0.80947,0.80947,0.80947
1782549600000,0.80947,0.80947,0.80947,0.80947
1782549660000,0.80947,0.80947,0.80947,0.80947
1782549720000,0.80947,0.80947,0.80947,0.80947
1782549780000,0.80947,0.80947,0.80947,0.80947
1782549840000,0.80947,0.80947,0.80947,0.80947
1782549900000,0.80947,0.80947,0.80947,0.80947
1782549960000,0.80947,0.80947,0.80947,0.80947
1782550020000,0.80947,0.80947,0.80947,0.80947
1782550080000,0.80947,0.80947,0.80947,0.80947
1782550140000,0.80947,0.80947,0.80947,0.80947
1782550200000,0.80947,0.80947,0.80947,0.80947
1782550260000,0.80947,0.80947,0.80947,0.80947
1782550320000,0.80947,0.80947,0.80947,0.80947
1782550380000,0.80947,0.80947,0.80947,0.80947
1782550440000,0.80947,0.80947,0.80947,0.80947
1782550500000,0.80947,0.80947,0.80947,0.80947
1782550560000,0.80947,0.80947,0.80947,0.80947
1782550620000,0.80947,0.80947,0.80947,0.80947
1782550680000,0.80947,0.80947,0.80947,0.80947
1782550740000,0.80947,0.80947,0.80947,0.80947
1782550800000,0.80947,0.80947,0.80947,0.80947
1782550860000,0.80947,0.80947,0.80947,0.80947
1782550920000,0.80947,0.80947,0.80947,0.80947
1782550980000,0.80947,0.80947,0.80947,0.80947
1782551040000,0.80947,0.80947,0.80947,0.80947
1782551100000,0.80947,0.80947,0.80947,0.80947
1782551160000,0.80947,0.80947,0.80947,0.80947
1782551220000,0.80947,0.80947,0.80947,0.80947
1782551280000,0.80947,0.80947,0.80947,0.80947
1782551340000,0.80947,0.80947,0.80947,0.80947
1782551400000,0.80947,0.80947,0.80947,0.80947
1782551460000,0.80947,0.80947,0.80947,0.80947
1782551520000,0.80947,0.80947,0.80947,0.80947
1782551580000,0.80947,0.80947,0.80947,0.80947
1782551640000,0.80947,0.80947,0.80947,0.80947
1782551700000,0.80947,0.80947,0.80947,0.80947
1782551760000,0.80947,0.80947,0.80947,0.80947
1782551820000,0.80947,0.80947,0.80947,0.80947
1782551880000,0.80947,0.80947,0.80947,0.80947
1782551940000,0.80947,0.80947,0.80947,0.80947
1782552000000,0.80947,0.80947,0.80947,0.80947
1782552060000,0.80947,0.80947,0.80947,0.80947
1782552120000,0.80947,0.80947,0.80947,0.80947
1782552180000,0.80947,0.80947,0.80947,0.80947
1782552240000,0.80947,0.80947,0.80947,0.80947
1782552300000,0.80947,0.80947,0.80947,0.80947
1782552360000,0.80947,0.80947,0.80947,0.80947
1782552420000,0.80947,0.80947,0.80947,0.80947
1782552480000,0.80947,0.80947,0.80947,0.80947
1782552540000,0.80947,0.80947,0.80947,0.80947
1782552600000,0.80947,0.80947,0.80947,0.80947
1782552660000,0.80947,0.80947,0.80947,0.80947
1782552720000,0.80947,0.80947,0.80947,0.80947
1782552780000,0.80947,0.80947,0.80947,0.80947
1782552840000,0.80947,0.80947,0.80947,0.80947
1782552900000,0.80947,0.80947,0.80947,0.80947
1782552960000,0.80947,0.80947,0.80947,0.80947
1782553020000,0.80947,0.80947,0.80947,0.80947
1782553080000,0.80947,0.80947,0.80947,0.80947
1782553140000,0.80947,0.80947,0.80947,0.80947
1782553200000,0.80947,0.80947,0.80947,0.80947
1782553260000,0.80947,0.80947,0.80947,0.80947
1782553320000,0.80947,0.80947,0.80947,0.80947
1782553380000,0.80947,0.80947,0.80947,0.80947
1782553440000,0.80947,0.80947,0.80947,0.80947
1782553500000,0.80947,0.80947,0.80947,0.80947
1782553560000,0.80947,0.80947,0.80947,0.80947
1782553620000,0.80947,0.80947,0.80947,0.80947
1782553680000,0.80947,0.80947,0.80947,0.80947
1782553740000,0.80947,0.80947,0.80947,0.80947
1782553800000,0.80947,0.80947,0.80947,0.80947
1782553860000,0.80947,0.80947,0.80947,0.80947
1782553920000,0.80947,0.80947,0.80947,0.80947
1782553980000,0.80947,0.80947,0.80947,0.80947
1782554040000,0.80947,0.80947,0.80947,0.80947
1782554100000,0.80947,0.80947,0.80947,0.80947
1782554160000,0.80947,0.80947,0.80947,0.80947
1782554220000,0.80947,0.80947,0.80947,0.80947
1782554280000,0.80947,0.80947,0.80947,0.80947
1782554340000,0.80947,0.80947,0.80947,0.80947
1782554400000,0.80947,0.80947,0.80947,0.80947
1782554460000,0.80947,0.80947,0.80947,0.80947
1782554520000,0.80947,0.80947,0.80947,0.80947
1782554580000,0.80947,0.80947,0.80947,0.80947
1782554640000,0.80947,0.80947,0.80947,0.80947
1782554700000,0.80947,0.80947,0.80947,0.80947
1782554760000,0.80947,0.80947,0.80947,0.80947
1782554820000,0.80947,0.80947,0.80947,0.80947
1782554880000,0.80947,0.80947,0.80947,0.80947
1782554940000,0.80947,0.80947,0.80947,0.80947
1782555000000,0.80947,0.80947,0.80947,0.80947
1782555060000,0.80947,0.80947,0.80947,0.80947
1782555120000,0.80947,0.80947,0.80947,0.80947
1782555180000,0.80947,0.80947,0.80947,0.80947
1782555240000,0.80947,0.80947,0.80947,0.80947
1782555300000,0.80947,0.80947,0.80947,0.80947
1782555360000,0.80947,0.80947,0.80947,0.80947
1782555420000,0.80947,0.80947,0.80947,0.80947
1782555480000,0.80947,0.80947,0.80947,0.80947
1782555540000,0.80947,0.80947,0.80947,0.80947
1782555600000,0.80947,0.80947,0.80947,0.80947
1782555660000,0.80947,0.80947,0.80947,0.80947
1782555720000,0.80947,0.80947,0.80947,0.80947
1782555780000,0.80947,0.80947,0.80947,0.80947
1782555840000,0.80947,0.80947,0.80947,0.80947
1782555900000,0.80947,0.80947,0.80947,0.80947
1782555960000,0.80947,0.80947,0.80947,0.80947
1782556020000,0.80947,0.80947,0.80947,0.80947
1782556080000,0.80947,0.80947,0.80947,0.80947
1782556140000,0.80947,0.80947,0.80947,0.80947
1782556200000,0.80947,0.80947,0.80947,0.80947
1782556260000,0.80947,0.80947,0.80947,0.80947
1782556320000,0.80947,0.80947,0.80947,0.80947
1782556380000,0.80947,0.80947,0.80947,0.80947
1782556440000,0.80947,0.80947,0.80947,0.80947
1782556500000,0.80947,0.80947,0.80947,0.80947
1782556560000,0.80947,0.80947,0.80947,0.80947
1782556620000,0.80947,0.80947,0.80947,0.80947
1782556680000,0.80947,0.80947,0.80947,0.80947
1782556740000,0.80947,0.80947,0.80947,0.80947
1782556800000,0.80947,0.80947,0.80947,0.80947
1782556860000,0.80947,0.80947,0.80947,0.80947
1782556920000,0.80947,0.80947,0.80947,0.80947
1782556980000,0.80947,0.80947,0.80947,0.80947
1782557040000,0.80947,0.80947,0.80947,0.80947
1782557100000,0.80947,0.80947,0.80947,0.80947
1782557160000,0.80947,0.80947,0.80947,0.80947
1782557220000,0.80947,0.80947,0.80947,0.80947
1782557280000,0.80947,0.80947,0.80947,0.80947
1782557340000,0.80947,0.80947,0.80947,0.80947
1782557400000,0.80947,0.80947,0.80947,0.80947
1782557460000,0.80947,0.80947,0.80947,0.80947
1782557520000,0.80947,0.80947,0.80947,0.80947
1782557580000,0.80947,0.80947,0.80947,0.80947
1782557640000,0.80947,0.80947,0.80947,0.80947
1782557700000,0.80947,0.80947,0.80947,0.80947
1782557760000,0.80947,0.80947,0.80947,0.80947
1782557820000,0.80947,0.80947,0.80947,0.80947
1782557880000,0.80947,0.80947,0.80947,0.80947
1782557940000,0.80947,0.80947,0.80947,0.80947
1782558000000,0.80947,0.80947,0.80947,0.80947
1782558060000,0.80947,0.80947,0.80947,0.80947
1782558120000,0.80947,0.80947,0.80947,0.80947
1782558180000,0.80947,0.80947,0.80947,0.80947
1782558240000,0.80947,0.80947,0.80947,0.80947
1782558300000,0.80947,0.80947,0.80947,0.80947
1782558360000,0.80947,0.80947,0.80947,0.80947
1782558420000,0.80947,0.80947,0.80947,0.80947
1782558480000,0.80947,0.80947,0.80947,0.80947
1782558540000,0.80947,0.80947,0.80947,0.80947
1782558600000,0.80947,0.80947,0.80947,0.80947
1782558660000,0.80947,0.80947,0.80947,0.80947
1782558720000,0.80947,0.80947,0.80947,0.80947
1782558780000,0.80947,0.80947,0.80947,0.80947
1782558840000,0.80947,0.80947,0.80947,0.80947
1782558900000,0.80947,0.80947,0.80947,0.80947
1782558960000,0.80947,0.80947,0.80947,0.80947
1782559020000,0.80947,0.80947,0.80947,0.80947
1782559080000,0.80947,0.80947,0.80947,0.80947
1782559140000,0.80947,0.80947,0.80947,0.80947
1782559200000,0.80947,0.80947,0.80947,0.80947
1782559260000,0.80947,0.80947,0.80947,0.80947
1782559320000,0.80947,0.80947,0.80947,0.80947
1782559380000,0.80947,0.80947,0.80947,0.80947
1782559440000,0.80947,0.80947,0.80947,0.80947
1782559500000,0.80947,0.80947,0.80947,0.80947
1782559560000,0.80947,0.80947,0.80947,0.80947
1782559620000,0.80947,0.80947,0.80947,0.80947
1782559680000,0.80947,0.80947,0.80947,0.80947
1782559740000,0.80947,0.80947,0.80947,0.80947
1782559800000,0.80947,0.80947,0.80947,0.80947
1782559860000,0.80947,0.80947,0.80947,0.80947
1782559920000,0.80947,0.80947,0.80947,0.80947
1782559980000,0.80947,0.80947,0.80947,0.80947
1782560040000,0.80947,0.80947,0.80947,0.80947
1782560100000,0.80947,0.80947,0.80947,0.80947
1782560160000,0.80947,0.80947,0.80947,0.80947
1782560220000,0.80947,0.80947,0.80947,0.80947
1782560280000,0.80947,0.80947,0.80947,0.80947
1782560340000,0.80947,0.80947,0.80947,0.80947
1782560400000,0.80947,0.80947,0.80947,0.80947
1782560460000,0.80947,0.80947,0.80947,0.80947
1782560520000,0.80947,0.80947,0.80947,0.80947
1782560580000,0.80947,0.80947,0.80947,0.80947
1782560640000,0.80947,0.80947,0.80947,0.80947
1782560700000,0.80947,0.80947,0.80947,0.80947
1782560760000,0.80947,0.80947,0.80947,0.80947
1782560820000,0.80947,0.80947,0.80947,0.80947
1782560880000,0.80947,0.80947,0.80947,0.80947
1782560940000,0.80947,0.80947,0.80947,0.80947
1782561000000,0.80947,0.80947,0.80947,0.80947
1782561060000,0.80947,0.80947,0.80947,0.80947
1782561120000,0.80947,0.80947,0.80947,0.80947
1782561180000,0.80947,0.80947,0.80947,0.80947
1782561240000,0.80947,0.80947,0.80947,0.80947
1782561300000,0.80947,0.80947,0.80947,0.80947
1782561360000,0.80947,0.80947,0.80947,0.80947
1782561420000,0.80947,0.80947,0.80947,0.80947
1782561480000,0.80947,0.80947,0.80947,0.80947
1782561540000,0.80947,0.80947,0.80947,0.80947
1782561600000,0.80947,0.80947,0.80947,0.80947
1782561660000,0.80947,0.80947,0.80947,0.80947
1782561720000,0.80947,0.80947,0.80947,0.80947
1782561780000,0.80947,0.80947,0.80947,0.80947
1782561840000,0.80947,0.80947,0.80947,0.80947
1782561900000,0.80947,0.80947,0.80947,0.80947
1782561960000,0.80947,0.80947,0.80947,0.80947
1782562020000,0.80947,0.80947,0.80947,0.80947
1782562080000,0.80947,0.80947,0.80947,0.80947
1782562140000,0.80947,0.80947,0.80947,0.80947
1782562200000,0.80947,0.80947,0.80947,0.80947
1782562260000,0.80947,0.80947,0.80947,0.80947
1782562320000,0.80947,0.80947,0.80947,0.80947
1782562380000,0.80947,0.80947,0.80947,0.80947
1782562440000,0.80947,0.80947,0.80947,0.80947
1782562500000,0.80947,0.80947,0.80947,0.80947
1782562560000,0.80947,0.80947,0.80947,0.80947
1782562620000,0.80947,0.80947,0.80947,0.80947
1782562680000,0.80947,0.80947,0.80947,0.80947
1782562740000,0.80947,0.80947,0.80947,0.80947
1782562800000,0.80947,0.80947,0.80947,0.80947
1782562860000,0.80947,0.80947,0.80947,0.80947
1782562920000,0.80947,0.80947,0.80947,0.80947
1782562980000,0.80947,0.80947,0.80947,0.80947
1782563040000,0.80947,0.80947,0.80947,0.80947
1782563100000,0.80947,0.80947,0.80947,0.80947
1782563160000,0.80947,0.80947,0.80947,0.80947
1782563220000,0.80947,0.80947,0.80947,0.80947
1782563280000,0.80947,0.80947,0.80947,0.80947
1782563340000,0.80947,0.80947,0.80947,0.80947
1782563400000,0.80947,0.80947,0.80947,0.80947
1782563460000,0.80947,0.80947,0.80947,0.80947
1782563520000,0.80947,0.80947,0.80947,0.80947
1782563580000,0.80947,0.80947,0.80947,0.80947
1782563640000,0.80947,0.80947,0.80947,0.80947
1782563700000,0.80947,0.80947,0.80947,0.80947
1782563760000,0.80947,0.80947,0.80947,0.80947
1782563820000,0.80947,0.80947,0.80947,0.80947
1782563880000,0.80947,0.80947,0.80947,0.80947
1782563940000,0.80947,0.80947,0.80947,0.80947
1782564000000,0.80947,0.80947,0.80947,0.80947
1782564060000,0.80947,0.80947,0.80947,0.80947
1782564120000,0.80947,0.80947,0.80947,0.80947
1782564180000,0.80947,0.80947,0.80947,0.80947
1782564240000,0.80947,0.80947,0.80947,0.80947
1782564300000,0.80947,0.80947,0.80947,0.80947
1782564360000,0.80947,0.80947,0.80947,0.80947
1782564420000,0.80947,0.80947,0.80947,0.80947
1782564480000,0.80947,0.80947,0.80947,0.80947
1782564540000,0.80947,0.80947,0.80947,0.80947
1782564600000,0.80947,0.80947,0.80947,0.80947
1782564660000,0.80947,0.80947,0.80947,0.80947
1782564720000,0.80947,0.80947,0.80947,0.80947
1782564780000,0.80947,0.80947,0.80947,0.80947
1782564840000,0.80947,0.80947,0.80947,0.80947
1782564900000,0.80947,0.80947,0.80947,0.80947
1782564960000,0.80947,0.80947,0.80947,0.80947
1782565020000,0.80947,0.80947,0.80947,0.80947
1782565080000,0.80947,0.80947,0.80947,0.80947
1782565140000,0.80947,0.80947,0.80947,0.80947
1782565200000,0.80947,0.80947,0.80947,0.80947
1782565260000,0.80947,0.80947,0.80947,0.80947
1782565320000,0.80947,0.80947,0.80947,0.80947
1782565380000,0.80947,0.80947,0.80947,0.80947
1782565440000,0.80947,0.80947,0.80947,0.80947
1782565500000,0.80947,0.80947,0.80947,0.80947
1782565560000,0.80947,0.80947,0.80947,0.80947
1782565620000,0.80947,0.80947,0.80947,0.80947
1782565680000,0.80947,0.80947,0.80947,0.80947
1782565740000,0.80947,0.80947,0.80947,0.80947
1782565800000,0.80947,0.80947,0.80947,0.80947
1782565860000,0.80947,0.80947,0.80947,0.80947
1782565920000,0.80947,0.80947,0.80947,0.80947
1782565980000,0.80947,0.80947,0.80947,0.80947
1782566040000,0.80947,0.80947,0.80947,0.80947
1782566100000,0.80947,0.80947,0.80947,0.80947
1782566160000,0.80947,0.80947,0.80947,0.80947
1782566220000,0.80947,0.80947,0.80947,0.80947
1782566280000,0.80947,0.80947,0.80947,0.80947
1782566340000,0.80947,0.80947,0.80947,0.80947
1782566400000,0.80947,0.80947,0.80947,0.80947
1782566460000,0.80947,0.80947,0.80947,0.80947
1782566520000,0.80947,0.80947,0.80947,0.80947
1782566580000,0.80947,0.80947,0.80947,0.80947
1782566640000,0.80947,0.80947,0.80947,0.80947
1782566700000,0.80947,0.80947,0.80947,0.80947
1782566760000,0.80947,0.80947,0.80947,0.80947
1782566820000,0.80947,0.80947,0.80947,0.80947
1782566880000,0.80947,0.80947,0.80947,0.80947
1782566940000,0.80947,0.80947,0.80947,0.80947
1782567000000,0.80947,0.80947,0.80947,0.80947
1782567060000,0.80947,0.80947,0.80947,0.80947
1782567120000,0.80947,0.80947,0.80947,0.80947
1782567180000,0.80947,0.80947,0.80947,0.80947
1782567240000,0.80947,0.80947,0.80947,0.80947
1782567300000,0.80947,0.80947,0.80947,0.80947
1782567360000,0.80947,0.80947,0.80947,0.80947
1782567420000,0.80947,0.80947,0.80947,0.80947
1782567480000,0.80947,0.80947,0.80947,0.80947
1782567540000,0.80947,0.80947,0.80947,0.80947
1782567600000,0.80947,0.80947,0.80947,0.80947
1782567660000,0.80947,0.80947,0.80947,0.80947
1782567720000,0.80947,0.80947,0.80947,0.80947
1782567780000,0.80947,0.80947,0.80947,0.80947
1782567840000,0.80947,0.80947,0.80947,0.80947
1782567900000,0.80947,0.80947,0.80947,0.80947
1782567960000,0.80947,0.80947,0.80947,0.80947
1782568020000,0.80947,0.80947,0.80947,0.80947
1782568080000,0.80947,0.80947,0.80947,0.80947
1782568140000,0.80947,0.80947,0.80947,0.80947
1782568200000,0.80947,0.80947,0.80947,0.80947
1782568260000,0.80947,0.80947,0.80947,0.80947
1782568320000,0.80947,0.80947,0.80947,0.80947
1782568380000,0.80947,0.80947,0.80947,0.80947
1782568440000,0.80947,0.80947,0.80947,0.80947
1782568500000,0.80947,0.80947,0.80947,0.80947
1782568560000,0.80947,0.80947,0.80947,0.80947
1782568620000,0.80947,0.80947,0.80947,0.80947
1782568680000,0.80947,0.80947,0.80947,0.80947
1782568740000,0.80947,0.80947,0.80947,0.80947
1782568800000,0.80947,0.80947,0.80947,0.80947
1782568860000,0.80947,0.80947,0.80947,0.80947
1782568920000,0.80947,0.80947,0.80947,0.80947
1782568980000,0.80947,0.80947,0.80947,0.80947
1782569040000,0.80947,0.80947,0.80947,0.80947
1782569100000,0.80947,0.80947,0.80947,0.80947
1782569160000,0.80947,0.80947,0.80947,0.80947
1782569220000,0.80947,0.80947,0.80947,0.80947
1782569280000,0.80947,0.80947,0.80947,0.80947
1782569340000,0.80947,0.80947,0.80947,0.80947
1782569400000,0.80947,0.80947,0.80947,0.80947
1782569460000,0.80947,0.80947,0.80947,0.80947
1782569520000,0.80947,0.80947,0.80947,0.80947
1782569580000,0.80947,0.80947,0.80947,0.80947
1782569640000,0.80947,0.80947,0.80947,0.80947
1782569700000,0.80947,0.80947,0.80947,0.80947
1782569760000,0.80947,0.80947,0.80947,0.80947
1782569820000,0.80947,0.80947,0.80947,0.80947
1782569880000,0.80947,0.80947,0.80947,0.80947
1782569940000,0.80947,0.80947,0.80947,0.80947
1782570000000,0.80947,0.80947,0.80947,0.80947
1782570060000,0.80947,0.80947,0.80947,0.80947
1782570120000,0.80947,0.80947,0.80947,0.80947
1782570180000,0.80947,0.80947,0.80947,0.80947
1782570240000,0.80947,0.80947,0.80947,0.80947
1782570300000,0.80947,0.80947,0.80947,0.80947
1782570360000,0.80947,0.80947,0.80947,0.80947
1782570420000,0.80947,0.80947,0.80947,0.80947
1782570480000,0.80947,0.80947,0.80947,0.80947
1782570540000,0.80947,0.80947,0.80947,0.80947
1782570600000,0.80947,0.80947,0.80947,0.80947
1782570660000,0.80947,0.80947,0.80947,0.80947
1782570720000,0.80947,0.80947,0.80947,0.80947
1782570780000,0.80947,0.80947,0.80947,0.80947
1782570840000,0.80947,0.80947,0.80947,0.80947
1782570900000,0.80947,0.80947,0.80947,0.80947
1782570960000,0.80947,0.80947,0.80947,0.80947
1782571020000,0.80947,0.80947,0.80947,0.80947
1782571080000,0.80947,0.80947,0.80947,0.80947
1782571140000,0.80947,0.80947,0.80947,0.80947
1782571200000,0.80947,0.80947,0.80947,0.80947
1782571260000,0.80947,0.80947,0.80947,0.80947
1782571320000,0.80947,0.80947,0.80947,0.80947
1782571380000,0.80947,0.80947,0.80947,0.80947
1782571440000,0.80947,0.80947,0.80947,0.80947
1782571500000,0.80947,0.80947,0.80947,0.80947
1782571560000,0.80947,0.80947,0.80947,0.80947
1782571620000,0.80947,0.80947,0.80947,0.80947
1782571680000,0.80947,0.80947,0.80947,0.80947
1782571740000,0.80947,0.80947,0.80947,0.80947
1782571800000,0.80947,0.80947,0.80947,0.80947
1782571860000,0.80947,0.80947,0.80947,0.80947
1782571920000,0.80947,0.80947,0.80947,0.80947
1782571980000,0.80947,0.80947,0.80947,0.80947
1782572040000,0.80947,0.80947,0.80947,0.80947
1782572100000,0.80947,0.80947,0.80947,0.80947
1782572160000,0.80947,0.80947,0.80947,0.80947
1782572220000,0.80947,0.80947,0.80947,0.80947
1782572280000,0.80947,0.80947,0.80947,0.80947
1782572340000,0.80947,0.80947,0.80947,0.80947
1782572400000,0.80947,0.80947,0.80947,0.80947
1782572460000,0.80947,0.80947,0.80947,0.80947
1782572520000,0.80947,0.80947,0.80947,0.80947
1782572580000,0.80947,0.80947,0.80947,0.80947
1782572640000,0.80947,0.80947,0.80947,0.80947
1782572700000,0.80947,0.80947,0.80947,0.80947
1782572760000,0.80947,0.80947,0.80947,0.80947
1782572820000,0.80947,0.80947,0.80947,0.80947
1782572880000,0.80947,0.80947,0.80947,0.80947
1782572940000,0.80947,0.80947,0.80947,0.80947
1782573000000,0.80947,0.80947,0.80947,0.80947
1782573060000,0.80947,0.80947,0.80947,0.80947
1782573120000,0.80947,0.80947,0.80947,0.80947
1782573180000,0.80947,0.80947,0.80947,0.80947
1782573240000,0.80947,0.80947,0.80947,0.80947
1782573300000,0.80947,0.80947,0.80947,0.80947
1782573360000,0.80947,0.80947,0.80947,0.80947
1782573420000,0.80947,0.80947,0.80947,0.80947
1782573480000,0.80947,0.80947,0.80947,0.80947
1782573540000,0.80947,0.80947,0.80947,0.80947
1782573600000,0.80947,0.80947,0.80947,0.80947
1782573660000,0.80947,0.80947,0.80947,0.80947
1782573720000,0.80947,0.80947,0.80947,0.80947
1782573780000,0.80947,0.80947,0.80947,0.80947
1782573840000,0.80947,0.80947,0.80947,0.80947
1782573900000,0.80947,0.80947,0.80947,0.80947
1782573960000,0.80947,0.80947,0.80947,0.80947
1782574020000,0.80947,0.80947,0.80947,0.80947
1782574080000,0.80947,0.80947,0.80947,0.80947
1782574140000,0.80947,0.80947,0.80947,0.80947
1782574200000,0.80947,0.80947,0.80947,0.80947
1782574260000,0.80947,0.80947,0.80947,0.80947
1782574320000,0.80947,0.80947,0.80947,0.80947
1782574380000,0.80947,0.80947,0.80947,0.80947
1782574440000,0.80947,0.80947,0.80947,0.80947
1782574500000,0.80947,0.80947,0.80947,0.80947
1782574560000,0.80947,0.80947,0.80947,0.80947
1782574620000,0.80947,0.80947,0.80947,0.80947
1782574680000,0.80947,0.80947,0.80947,0.80947
1782574740000,0.80947,0.80947,0.80947,0.80947
1782574800000,0.80947,0.80947,0.80947,0.80947
1782574860000,0.80947,0.80947,0.80947,0.80947
1782574920000,0.80947,0.80947,0.80947,0.80947
1782574980000,0.80947,0.80947,0.80947,0.80947
1782575040000,0.80947,0.80947,0.80947,0.80947
1782575100000,0.80947,0.80947,0.80947,0.80947
1782575160000,0.80947,0.80947,0.80947,0.80947
1782575220000,0.80947,0.80947,0.80947,0.80947
1782575280000,0.80947,0.80947,0.80947,0.80947
1782575340000,0.80947,0.80947,0.80947,0.80947
1782575400000,0.80947,0.80947,0.80947,0.80947
1782575460000,0.80947,0.80947,0.80947,0.80947
1782575520000,0.80947,0.80947,0.80947,0.80947
1782575580000,0.80947,0.80947,0.80947,0.80947
1782575640000,0.80947,0.80947,0.80947,0.80947
1782575700000,0.80947,0.80947,0.80947,0.80947
1782575760000,0.80947,0.80947,0.80947,0.80947
1782575820000,0.80947,0.80947,0.80947,0.80947
1782575880000,0.80947,0.80947,0.80947,0.80947
1782575940000,0.80947,0.80947,0.80947,0.80947
1782576000000,0.80947,0.80947,0.80947,0.80947
1782576060000,0.80947,0.80947,0.80947,0.80947
1782576120000,0.80947,0.80947,0.80947,0.80947
1782576180000,0.80947,0.80947,0.80947,0.80947
1782576240000,0.80947,0.80947,0.80947,0.80947
1782576300000,0.80947,0.80947,0.80947,0.80947
1782576360000,0.80947,0.80947,0.80947,0.80947
1782576420000,0.80947,0.80947,0.80947,0.80947
1782576480000,0.80947,0.80947,0.80947,0.80947
1782576540000,0.80947,0.80947,0.80947,0.80947
1782576600000,0.80947,0.80947,0.80947,0.80947
1782576660000,0.80947,0.80947,0.80947,0.80947
1782576720000,0.80947,0.80947,0.80947,0.80947
1782576780000,0.80947,0.80947,0.80947,0.80947
1782576840000,0.80947,0.80947,0.80947,0.80947
1782576900000,0.80947,0.80947,0.80947,0.80947
1782576960000,0.80947,0.80947,0.80947,0.80947
1782577020000,0.80947,0.80947,0.80947,0.80947
1782577080000,0.80947,0.80947,0.80947,0.80947
1782577140000,0.80947,0.80947,0.80947,0.80947
1782577200000,0.80947,0.80947,0.80947,0.80947
1782577260000,0.80947,0.80947,0.80947,0.80947
1782577320000,0.80947,0.80947,0.80947,0.80947
1782577380000,0.80947,0.80947,0.80947,0.80947
1782577440000,0.80947,0.80947,0.80947,0.80947
1782577500000,0.80947,0.80947,0.80947,0.80947
1782577560000,0.80947,0.80947,0.80947,0.80947
1782577620000,0.80947,0.80947,0.80947,0.80947
1782577680000,0.80947,0.80947,0.80947,0.80947
1782577740000,0.80947,0.80947,0.80947,0.80947
1782577800000,0.80947,0.80947,0.80947,0.80947
1782577860000,0.80947,0.80947,0.80947,0.80947
1782577920000,0.80947,0.80947,0.80947,0.80947
1782577980000,0.80947,0.80947,0.80947,0.80947
1782578040000,0.80947,0.80947,0.80947,0.80947
1782578100000,0.80947,0.80947,0.80947,0.80947
1782578160000,0.80947,0.80947,0.80947,0.80947
1782578220000,0.80947,0.80947,0.80947,0.80947
1782578280000,0.80947,0.80947,0.80947,0.80947
1782578340000,0.80947,0.80947,0.80947,0.80947
1782578400000,0.80947,0.80947,0.80947,0.80947
1782578460000,0.80947,0.80947,0.80947,0.80947
1782578520000,0.80947,0.80947,0.80947,0.80947
1782578580000,0.80947,0.80947,0.80947,0.80947
1782578640000,0.80947,0.80947,0.80947,0.80947
1782578700000,0.80947,0.80947,0.80947,0.80947
1782578760000,0.80947,0.80947,0.80947,0.80947
1782578820000,0.80947,0.80947,0.80947,0.80947
1782578880000,0.80947,0.80947,0.80947,0.80947
1782578940000,0.80947,0.80947,0.80947,0.80947
1782579000000,0.80947,0.80947,0.80947,0.80947
1782579060000,0.80947,0.80947,0.80947,0.80947
1782579120000,0.80947,0.80947,0.80947,0.80947
1782579180000,0.80947,0.80947,0.80947,0.80947
1782579240000,0.80947,0.80947,0.80947,0.80947
1782579300000,0.80947,0.80947,0.80947,0.80947
1782579360000,0.80947,0.80947,0.80947,0.80947
1782579420000,0.80947,0.80947,0.80947,0.80947
1782579480000,0.80947,0.80947,0.80947,0.80947
1782579540000,0.80947,0.80947,0.80947,0.80947
1782579600000,0.80947,0.80947,0.80947,0.80947
1782579660000,0.80947,0.80947,0.80947,0.80947
1782579720000,0.80947,0.80947,0.80947,0.80947
1782579780000,0.80947,0.80947,0.80947,0.80947
1782579840000,0.80947,0.80947,0.80947,0.80947
1782579900000,0.80947,0.80947,0.80947,0.80947
1782579960000,0.80947,0.80947,0.80947,0.80947
1782580020000,0.80947,0.80947,0.80947,0.80947
1782580080000,0.80947,0.80947,0.80947,0.80947
1782580140000,0.80947,0.80947,0.80947,0.80947
1782580200000,0.80947,0.80947,0.80947,0.80947
1782580260000,0.80947,0.80947,0.80947,0.80947
1782580320000,0.80947,0.80947,0.80947,0.80947
1782580380000,0.80947,0.80947,0.80947,0.80947
1782580440000,0.80947,0.80947,0.80947,0.80947
1782580500000,0.80947,0.80947,0.80947,0.80947
1782580560000,0.80947,0.80947,0.80947,0.80947
1782580620000,0.80947,0.80947,0.80947,0.80947
1782580680000,0.80947,0.80947,0.80947,0.80947
1782580740000,0.80947,0.80947,0.80947,0.80947
1782580800000,0.80947,0.80947,0.80947,0.80947
1782580860000,0.80947,0.80947,0.80947,0.80947
1782580920000,0.80947,0.80947,0.80947,0.80947
1782580980000,0.80947,0.80947,0.80947,0.80947
1782581040000,0.80947,0.80947,0.80947,0.80947
1782581100000,0.80947,0.80947,0.80947,0.80947
1782581160000,0.80947,0.80947,0.80947,0.80947
1782581220000,0.80947,0.80947,0.80947,0.80947
1782581280000,0.80947,0.80947,0.80947,0.80947
1782581340000,0.80947,0.80947,0.80947,0.80947
1782581400000,0.80947,0.80947,0.80947,0.80947
1782581460000,0.80947,0.80947,0.80947,0.80947
1782581520000,0.80947,0.80947,0.80947,0.80947
1782581580000,0.80947,0.80947,0.80947,0.80947
1782581640000,0.80947,0.80947,0.80947,0.80947
1782581700000,0.80947,0.80947,0.80947,0.80947
1782581760000,0.80947,0.80947,0.80947,0.80947
1782581820000,0.80947,0.80947,0.80947,0.80947
1782581880000,0.80947,0.80947,0.80947,0.80947
1782581940000,0.80947,0.80947,0.80947,0.80947
1782582000000,0.80947,0.80947,0.80947,0.80947
1782582060000,0.80947,0.80947,0.80947,0.80947
1782582120000,0.80947,0.80947,0.80947,0.80947
1782582180000,0.80947,0.80947,0.80947,0.80947
1782582240000,0.80947,0.80947,0.80947,0.80947
1782582300000,0.80947,0.80947,0.80947,0.80947
1782582360000,0.80947,0.80947,0.80947,0.80947
1782582420000,0.80947,0.80947,0.80947,0.80947
1782582480000,0.80947,0.80947,0.80947,0.80947
1782582540000,0.80947,0.80947,0.80947,0.80947
1782582600000,0.80947,0.80947,0.80947,0.80947
1782582660000,0.80947,0.80947,0.80947,0.80947
1782582720000,0.80947,0.80947,0.80947,0.80947
1782582780000,0.80947,0.80947,0.80947,0.80947
1782582840000,0.80947,0.80947,0.80947,0.80947
1782582900000,0.80947,0.80947,0.80947,0.80947
1782582960000,0.80947,0.80947,0.80947,0.80947
1782583020000,0.80947,0.80947,0.80947,0.80947
1782583080000,0.80947,0.80947,0.80947,0.80947
1782583140000,0.80947,0.80947,0.80947,0.80947
1782583200000,0.80947,0.80947,0.80947,0.80947
1782583260000,0.80947,0.80947,0.80947,0.80947
1782583320000,0.80947,0.80947,0.80947,0.80947
1782583380000,0.80947,0.80947,0.80947,0.80947
1782583440000,0.80947,0.80947,0.80947,0.80947
1782583500000,0.80947,0.80947,0.80947,0.80947
1782583560000,0.80947,0.80947,0.80947,0.80947
1782583620000,0.80947,0.80947,0.80947,0.80947
1782583680000,0.80947,0.80947,0.80947,0.80947
1782583740000,0.80947,0.80947,0.80947,0.80947
1782583800000,0.80947,0.80947,0.80947,0.80947
1782583860000,0.80947,0.80947,0.80947,0.80947
1782583920000,0.80947,0.80947,0.80947,0.80947
1782583980000,0.80947,0.80947,0.80947,0.80947
1782584040000,0.80947,0.80947,0.80947,0.80947
1782584100000,0.80947,0.80947,0.80947,0.80947
1782584160000,0.80947,0.80947,0.80947,0.80947
1782584220000,0.80947,0.80947,0.80947,0.80947
1782584280000,0.80947,0.80947,0.80947,0.80947
1782584340000,0.80947,0.80947,0.80947,0.80947
1782584400000,0.80947,0.80947,0.80947,0.80947
1782584460000,0.80947,0.80947,0.80947,0.80947
1782584520000,0.80947,0.80947,0.80947,0.80947
1782584580000,0.80947,0.80947,0.80947,0.80947
1782584640000,0.80947,0.80947,0.80947,0.80947
1782584700000,0.80947,0.80947,0.80947,0.80947
1782584760000,0.80947,0.80947,0.80947,0.80947
1782584820000,0.80947,0.80947,0.80947,0.80947
1782584880000,0.80947,0.80947,0.80947,0.80947
1782584940000,0.80947,0.80947,0.80947,0.80947
1782585000000,0.80947,0.80947,0.80947,0.80947
1782585060000,0.80947,0.80947,0.80947,0.80947
1782585120000,0.80947,0.80947,0.80947,0.80947
1782585180000,0.80947,0.80947,0.80947,0.80947
1782585240000,0.80947,0.80947,0.80947,0.80947
1782585300000,0.80947,0.80947,0.80947,0.80947
1782585360000,0.80947,0.80947,0.80947,0.80947
1782585420000,0.80947,0.80947,0.80947,0.80947
1782585480000,0.80947,0.80947,0.80947,0.80947
1782585540000,0.80947,0.80947,0.80947,0.80947
1782585600000,0.80947,0.80947,0.80947,0.80947
1782585660000,0.80947,0.80947,0.80947,0.80947
1782585720000,0.80947,0.80947,0.80947,0.80947
1782585780000,0.80947,0.80947,0.80947,0.80947
1782585840000,0.80947,0.80947,0.80947,0.80947
1782585900000,0.80947,0.80947,0.80947,0.80947
1782585960000,0.80947,0.80947,0.80947,0.80947
1782586020000,0.80947,0.80947,0.80947,0.80947
1782586080000,0.80947,0.80947,0.80947,0.80947
1782586140000,0.80947,0.80947,0.80947,0.80947
1782586200000,0.80947,0.80947,0.80947,0.80947
1782586260000,0.80947,0.80947,0.80947,0.80947
1782586320000,0.80947,0.80947,0.80947,0.80947
1782586380000,0.80947,0.80947,0.80947,0.80947
1782586440000,0.80947,0.80947,0.80947,0.80947
1782586500000,0.80947,0.80947,0.80947,0.80947
1782586560000,0.80947,0.80947,0.80947,0.80947
1782586620000,0.80947,0.80947,0.80947,0.80947
1782586680000,0.80947,0.80947,0.80947,0.80947
1782586740000,0.80947,0.80947,0.80947,0.80947
1782586800000,0.80947,0.80947,0.80947,0.80947
1782586860000,0.80947,0.80947,0.80947,0.80947
1782586920000,0.80947,0.80947,0.80947,0.80947
1782586980000,0.80947,0.80947,0.80947,0.80947
1782587040000,0.80947,0.80947,0.80947,0.80947
1782587100000,0.80947,0.80947,0.80947,0.80947
1782587160000,0.80947,0.80947,0.80947,0.80947
1782587220000,0.80947,0.80947,0.80947,0.80947
1782587280000,0.80947,0.80947,0.80947,0.80947
1782587340000,0.80947,0.80947,0.80947,0.80947
1782587400000,0.80947,0.80947,0.80947,0.80947
1782587460000,0.80947,0.80947,0.80947,0.80947
1782587520000,0.80947,0.80947,0.80947,0.80947
1782587580000,0.80947,0.80947,0.80947,0.80947
1782587640000,0.80947,0.80947,0.80947,0.80947
1782587700000,0.80947,0.80947,0.80947,0.80947
1782587760000,0.80947,0.80947,0.80947,0.80947
1782587820000,0.80947,0.80947,0.80947,0.80947
1782587880000,0.80947,0.80947,0.80947,0.80947
1782587940000,0.80947,0.80947,0.80947,0.80947
1782588000000,0.80947,0.80947,0.80947,0.80947
1782588060000,0.80947,0.80947,0.80947,0.80947
1782588120000,0.80947,0.80947,0.80947,0.80947
1782588180000,0.80947,0.80947,0.80947,0.80947
1782588240000,0.80947,0.80947,0.80947,0.80947
1782588300000,0.80947,0.80947,0.80947,0.80947
1782588360000,0.80947,0.80947,0.80947,0.80947
1782588420000,0.80947,0.80947,0.80947,0.80947
1782588480000,0.80947,0.80947,0.80947,0.80947
1782588540000,0.80947,0.80947,0.80947,0.80947
1782588600000,0.80947,0.80947,0.80947,0.80947
1782588660000,0.80947,0.80947,0.80947,0.80947
1782588720000,0.80947,0.80947,0.80947,0.80947
1782588780000,0.80947,0.80947,0.80947,0.80947
1782588840000,0.80947,0.80947,0.80947,0.80947
1782588900000,0.80947,0.80947,0.80947,0.80947
1782588960000,0.80947,0.80947,0.80947,0.80947
1782589020000,0.80947,0.80947,0.80947,0.80947
1782589080000,0.80947,0.80947,0.80947,0.80947
1782589140000,0.80947,0.80947,0.80947,0.80947
1782589200000,0.80947,0.80947,0.80947,0.80947
1782589260000,0.80947,0.80947,0.80947,0.80947
1782589320000,0.80947,0.80947,0.80947,0.80947
1782589380000,0.80947,0.80947,0.80947,0.80947
1782589440000,0.80947,0.80947,0.80947,0.80947
1782589500000,0.80947,0.80947,0.80947,0.80947
1782589560000,0.80947,0.80947,0.80947,0.80947
1782589620000,0.80947,0.80947,0.80947,0.80947
1782589680000,0.80947,0.80947,0.80947,0.80947
1782589740000,0.80947,0.80947,0.80947,0.80947
1782589800000,0.80947,0.80947,0.80947,0.80947
1782589860000,0.80947,0.80947,0.80947,0.80947
1782589920000,0.80947,0.80947,0.80947,0.80947
1782589980000,0.80947,0.80947,0.80947,0.80947
1782590040000,0.80947,0.80947,0.80947,0.80947
1782590100000,0.80947,0.80947,0.80947,0.80947
1782590160000,0.80947,0.80947,0.80947,0.80947
1782590220000,0.80947,0.80947,0.80947,0.80947
1782590280000,0.80947,0.80947,0.80947,0.80947
1782590340000,0.80947,0.80947,0.80947,0.80947
1782590400000,0.80947,0.80947,0.80947,0.80947
1782590460000,0.80947,0.80947,0.80947,0.80947
1782590520000,0.80947,0.80947,0.80947,0.80947
1782590580000,0.80947,0.80947,0.80947,0.80947
1782590640000,0.80947,0.80947,0.80947,0.80947
1782590700000,0.80947,0.80947,0.80947,0.80947
1782590760000,0.80947,0.80947,0.80947,0.80947
1782590820000,0.80947,0.80947,0.80947,0.80947
1782590880000,0.80947,0.80947,0.80947,0.80947
1782590940000,0.80947,0.80947,0.80947,0.80947
1782591000000,0.80947,0.80947,0.80947,0.80947
1782591060000,0.80947,0.80947,0.80947,0.80947
1782591120000,0.80947,0.80947,0.80947,0.80947
1782591180000,0.80947,0.80947,0.80947,0.80947
1782591240000,0.80947,0.80947,0.80947,0.80947
1782591300000,0.80947,0.80947,0.80947,0.80947
1782591360000,0.80947,0.80947,0.80947,0.80947
1782591420000,0.80947,0.80947,0.80947,0.80947
1782591480000,0.80947,0.80947,0.80947,0.80947
1782591540000,0.80947,0.80947,0.80947,0.80947
1782591600000,0.80947,0.80947,0.80947,0.80947
1782591660000,0.80947,0.80947,0.80947,0.80947
1782591720000,0.80947,0.80947,0.80947,0.80947
1782591780000,0.80947,0.80947,0.80947,0.80947
1782591840000,0.80947,0.80947,0.80947,0.80947
1782591900000,0.80947,0.80947,0.80947,0.80947
1782591960000,0.80947,0.80947,0.80947,0.80947
1782592020000,0.80947,0.80947,0.80947,0.80947
1782592080000,0.80947,0.80947,0.80947,0.80947
1782592140000,0.80947,0.80947,0.80947,0.80947
1782592200000,0.80947,0.80947,0.80947,0.80947
1782592260000,0.80947,0.80947,0.80947,0.80947
1782592320000,0.80947,0.80947,0.80947,0.80947
1782592380000,0.80947,0.80947,0.80947,0.80947
1782592440000,0.80947,0.80947,0.80947,0.80947
1782592500000,0.80947,0.80947,0.80947,0.80947
1782592560000,0.80947,0.80947,0.80947,0.80947
1782592620000,0.80947,0.80947,0.80947,0.80947
1782592680000,0.80947,0.80947,0.80947,0.80947
1782592740000,0.80947,0.80947,0.80947,0.80947
1782592800000,0.80947,0.80947,0.80947,0.80947
1782592860000,0.80947,0.80947,0.80947,0.80947
1782592920000,0.80947,0.80947,0.80947,0.80947
1782592980000,0.80947,0.80947,0.80947,0.80947
1782593040000,0.80947,0.80947,0.80947,0.80947
1782593100000,0.80947,0.80947,0.80947,0.80947
1782593160000,0.80947,0.80947,0.80947,0.80947
1782593220000,0.80947,0.80947,0.80947,0.80947
1782593280000,0.80947,0.80947,0.80947,0.80947
1782593340000,0.80947,0.80947,0.80947,0.80947
1782593400000,0.80947,0.80947,0.80947,0.80947
1782593460000,0.80947,0.80947,0.80947,0.80947
1782593520000,0.80947,0.80947,0.80947,0.80947
1782593580000,0.80947,0.80947,0.80947,0.80947
1782593640000,0.80947,0.80947,0.80947,0.80947
1782593700000,0.80947,0.80947,0.80947,0.80947
1782593760000,0.80947,0.80947,0.80947,0.80947
1782593820000,0.80947,0.80947,0.80947,0.80947
1782593880000,0.80947,0.80947,0.80947,0.80947
1782593940000,0.80947,0.80947,0.80947,0.80947
1782594000000,0.80947,0.80947,0.80947,0.80947
1782594060000,0.80947,0.80947,0.80947,0.80947
1782594120000,0.80947,0.80947,0.80947,0.80947
1782594180000,0.80947,0.80947,0.80947,0.80947
1782594240000,0.80947,0.80947,0.80947,0.80947
1782594300000,0.80947,0.80947,0.80947,0.80947
1782594360000,0.80947,0.80947,0.80947,0.80947
1782594420000,0.80947,0.80947,0.80947,0.80947
1782594480000,0.80947,0.80947,0.80947,0.80947
1782594540000,0.80947,0.80947,0.80947,0.80947
1782594600000,0.80947,0.80947,0.80947,0.80947
1782594660000,0.80947,0.80947,0.80947,0.80947
1782594720000,0.80947,0.80947,0.80947,0.80947
1782594780000,0.80947,0.80947,0.80947,0.80947
1782594840000,0.80947,0.80947,0.80947,0.80947
1782594900000,0.80947,0.80947,0.80947,0.80947
1782594960000,0.80947,0.80947,0.80947,0.80947
1782595020000,0.80947,0.80947,0.80947,0.80947
1782595080000,0.80947,0.80947,0.80947,0.80947
1782595140000,0.80947,0.80947,0.80947,0.80947
1782595200000,0.80947,0.80947,0.80947,0.80947
1782595260000,0.80947,0.80947,0.80947,0.80947
1782595320000,0.80947,0.80947,0.80947,0.80947
1782595380000,0.80947,0.80947,0.80947,0.80947
1782595440000,0.80947,0.80947,0.80947,0.80947
1782595500000,0.80947,0.80947,0.80947,0.80947
1782595560000,0.80947,0.80947,0.80947,0.80947
1782595620000,0.80947,0.80947,0.80947,0.80947
1782595680000,0.80947,0.80947,0.80947,0.80947
1782595740000,0.80947,0.80947,0.80947,0.80947
1782595800000,0.80947,0.80947,0.80947,0.80947
1782595860000,0.80947,0.80947,0.80947,0.80947
1782595920000,0.80947,0.80947,0.80947,0.80947
1782595980000,0.80947,0.80947,0.80947,0.80947
1782596040000,0.80947,0.80947,0.80947,0.80947
1782596100000,0.80947,0.80947,0.80947,0.80947
1782596160000,0.80947,0.80947,0.80947,0.80947
1782596220000,0.80947,0.80947,0.80947,0.80947
1782596280000,0.80947,0.80947,0.80947,0.80947
1782596340000,0.80947,0.80947,0.80947,0.80947
1782596400000,0.80947,0.80947,0.80947,0.80947
1782596460000,0.80947,0.80947,0.80947,0.80947
1782596520000,0.80947,0.80947,0.80947,0.80947
1782596580000,0.80947,0.80947,0.80947,0.80947
1782596640000,0.80947,0.80947,0.80947,0.80947
1782596700000,0.80947,0.80947,0.80947,0.80947
1782596760000,0.80947,0.80947,0.80947,0.80947
1782596820000,0.80947,0.80947,0.80947,0.80947
1782596880000,0.80947,0.80947,0.80947,0.80947
1782596940000,0.80947,0.80947,0.80947,0.80947
1782597000000,0.80947,0.80947,0.80947,0.80947
1782597060000,0.80947,0.80947,0.80947,0.80947
1782597120000,0.80947,0.80947,0.80947,0.80947
1782597180000,0.80947,0.80947,0.80947,0.80947
1782597240000,0.80947,0.80947,0.80947,0.80947
1782597300000,0.80947,0.80947,0.80947,0.80947
1782597360000,0.80947,0.80947,0.80947,0.80947
1782597420000,0.80947,0.80947,0.80947,0.80947
1782597480000,0.80947,0.80947,0.80947,0.80947
1782597540000,0.80947,0.80947,0.80947,0.80947
1782597600000,0.80947,0.80947,0.80947,0.80947
1782597660000,0.80947,0.80947,0.80947,0.80947
1782597720000,0.80947,0.80947,0.80947,0.80947
1782597780000,0.80947,0.80947,0.80947,0.80947
1782597840000,0.80947,0.80947,0.80947,0.80947
1782597900000,0.80947,0.80947,0.80947,0.80947
1782597960000,0.80947,0.80947,0.80947,0.80947
1782598020000,0.80947,0.80947,0.80947,0.80947
1782598080000,0.80947,0.80947,0.80947,0.80947
1782598140000,0.80947,0.80947,0.80947,0.80947
1782598200000,0.80947,0.80947,0.80947,0.80947
1782598260000,0.80947,0.80947,0.80947,0.80947
1782598320000,0.80947,0.80947,0.80947,0.80947
1782598380000,0.80947,0.80947,0.80947,0.80947
1782598440000,0.80947,0.80947,0.80947,0.80947
1782598500000,0.80947,0.80947,0.80947,0.80947
1782598560000,0.80947,0.80947,0.80947,0.80947
1782598620000,0.80947,0.80947,0.80947,0.80947
1782598680000,0.80947,0.80947,0.80947,0.80947
1782598740000,0.80947,0.80947,0.80947,0.80947
1782598800000,0.80947,0.80947,0.80947,0.80947
1782598860000,0.80947,0.80947,0.80947,0.80947
1782598920000,0.80947,0.80947,0.80947,0.80947
1782598980000,0.80947,0.80947,0.80947,0.80947
1782599040000,0.80947,0.80947,0.80947,0.80947
1782599100000,0.80947,0.80947,0.80947,0.80947
1782599160000,0.80947,0.80947,0.80947,0.80947
1782599220000,0.80947,0.80947,0.80947,0.80947
1782599280000,0.80947,0.80947,0.80947,0.80947
1782599340000,0.80947,0.80947,0.80947,0.80947
1782599400000,0.80947,0.80947,0.80947,0.80947
1782599460000,0.80947,0.80947,0.80947,0.80947
1782599520000,0.80947,0.80947,0.80947,0.80947
1782599580000,0.80947,0.80947,0.80947,0.80947
1782599640000,0.80947,0.80947,0.80947,0.80947
1782599700000,0.80947,0.80947,0.80947,0.80947
1782599760000,0.80947,0.80947,0.80947,0.80947
1782599820000,0.80947,0.80947,0.80947,0.80947
1782599880000,0.80947,0.80947,0.80947,0.80947
1782599940000,0.80947,0.80947,0.80947,0.80947
1782600000000,0.80947,0.80947,0.80947,0.80947
1782600060000,0.80947,0.80947,0.80947,0.80947
1782600120000,0.80947,0.80947,0.80947,0.80947
1782600180000,0.80947,0.80947,0.80947,0.80947
1782600240000,0.80947,0.80947,0.80947,0.80947
1782600300000,0.80947,0.80947,0.80947,0.80947
1782600360000,0.80947,0.80947,0.80947,0.80947
1782600420000,0.80947,0.80947,0.80947,0.80947
1782600480000,0.80947,0.80947,0.80947,0.80947
1782600540000,0.80947,0.80947,0.80947,0.80947
1782600600000,0.80947,0.80947,0.80947,0.80947
1782600660000,0.80947,0.80947,0.80947,0.80947
1782600720000,0.80947,0.80947,0.80947,0.80947
1782600780000,0.80947,0.80947,0.80947,0.80947
1782600840000,0.80947,0.80947,0.80947,0.80947
1782600900000,0.80947,0.80947,0.80947,0.80947
1782600960000,0.80947,0.80947,0.80947,0.80947
1782601020000,0.80947,0.80947,0.80947,0.80947
1782601080000,0.80947,0.80947,0.80947,0.80947
1782601140000,0.80947,0.80947,0.80947,0.80947
1782601200000,0.80947,0.80947,0.80947,0.80947
1782601260000,0.80947,0.80947,0.80947,0.80947
1782601320000,0.80947,0.80947,0.80947,0.80947
1782601380000,0.80947,0.80947,0.80947,0.80947
1782601440000,0.80947,0.80947,0.80947,0.80947
1782601500000,0.80947,0.80947,0.80947,0.80947
1782601560000,0.80947,0.80947,0.80947,0.80947
1782601620000,0.80947,0.80947,0.80947,0.80947
1782601680000,0.80947,0.80947,0.80947,0.80947
1782601740000,0.80947,0.80947,0.80947,0.80947
1782601800000,0.80947,0.80947,0.80947,0.80947
1782601860000,0.80947,0.80947,0.80947,0.80947
1782601920000,0.80947,0.80947,0.80947,0.80947
1782601980000,0.80947,0.80947,0.80947,0.80947
1782602040000,0.80947,0.80947,0.80947,0.80947
1782602100000,0.80947,0.80947,0.80947,0.80947
1782602160000,0.80947,0.80947,0.80947,0.80947
1782602220000,0.80947,0.80947,0.80947,0.80947
1782602280000,0.80947,0.80947,0.80947,0.80947
1782602340000,0.80947,0.80947,0.80947,0.80947
1782602400000,0.80947,0.80947,0.80947,0.80947
1782602460000,0.80947,0.80947,0.80947,0.80947
1782602520000,0.80947,0.80947,0.80947,0.80947
1782602580000,0.80947,0.80947,0.80947,0.80947
1782602640000,0.80947,0.80947,0.80947,0.80947
1782602700000,0.80947,0.80947,0.80947,0.80947
1782602760000,0.80947,0.80947,0.80947,0.80947
1782602820000,0.80947,0.80947,0.80947,0.80947
1782602880000,0.80947,0.80947,0.80947,0.80947
1782602940000,0.80947,0.80947,0.80947,0.80947
1782603000000,0.80947,0.80947,0.80947,0.80947
1782603060000,0.80947,0.80947,0.80947,0.80947
1782603120000,0.80947,0.80947,0.80947,0.80947
1782603180000,0.80947,0.80947,0.80947,0.80947
1782603240000,0.80947,0.80947,0.80947,0.80947
1782603300000,0.80947,0.80947,0.80947,0.80947
1782603360000,0.80947,0.80947,0.80947,0.80947
1782603420000,0.80947,0.80947,0.80947,0.80947
1782603480000,0.80947,0.80947,0.80947,0.80947
1782603540000,0.80947,0.80947,0.80947,0.80947
1782603600000,0.80947,0.80947,0.80947,0.80947
1782603660000,0.80947,0.80947,0.80947,0.80947
1782603720000,0.80947,0.80947,0.80947,0.80947
1782603780000,0.80947,0.80947,0.80947,0.80947
1782603840000,0.80947,0.80947,0.80947,0.80947
1782603900000,0.80947,0.80947,0.80947,0.80947
1782603960000,0.80947,0.80947,0.80947,0.80947
1782604020000,0.80947,0.80947,0.80947,0.80947
1782604080000,0.80947,0.80947,0.80947,0.80947
1782604140000,0.80947,0.80947,0.80947,0.80947
1782604200000,0.80947,0.80947,0.80947,0.80947
1782604260000,0.80947,0.80947,0.80947,0.80947
1782604320000,0.80947,0.80947,0.80947,0.80947
1782604380000,0.80947,0.80947,0.80947,0.80947
1782604440000,0.80947,0.80947,0.80947,0.80947
1782604500000,0.80947,0.80947,0.80947,0.80947
1782604560000,0.80947,0.80947,0.80947,0.80947
1782604620000,0.80947,0.80947,0.80947,0.80947
1782604680000,0.80947,0.80947,0.80947,0.80947
1782604740000,0.80947,0.80947,0.80947,0.80947
1782604800000,0.80947,0.80947,0.80947,0.80947
1782604860000,0.80947,0.80947,0.80947,0.80947
1782604920000,0.80947,0.80947,0.80947,0.80947
1782604980000,0.80947,0.80947,0.80947,0.80947
1782605040000,0.80947,0.80947,0.80947,0.80947
1782605100000,0.80947,0.80947,0.80947,0.80947
1782605160000,0.80947,0.80947,0.80947,0.80947
1782605220000,0.80947,0.80947,0.80947,0.80947
1782605280000,0.80947,0.80947,0.80947,0.80947
1782605340000,0.80947,0.80947,0.80947,0.80947
1782605400000,0.80947,0.80947,0.80947,0.80947
1782605460000,0.80947,0.80947,0.80947,0.80947
1782605520000,0.80947,0.80947,0.80947,0.80947
1782605580000,0.80947,0.80947,0.80947,0.80947
1782605640000,0.80947,0.80947,0.80947,0.80947
1782605700000,0.80947,0.80947,0.80947,0.80947
1782605760000,0.80947,0.80947,0.80947,0.80947
1782605820000,0.80947,0.80947,0.80947,0.80947
1782605880000,0.80947,0.80947,0.80947,0.80947
1782605940000,0.80947,0.80947,0.80947,0.80947
1782606000000,0.80947,0.80947,0.80947,0.80947
1782606060000,0.80947,0.80947,0.80947,0.80947
1782606120000,0.80947,0.80947,0.80947,0.80947
1782606180000,0.80947,0.80947,0.80947,0.80947
1782606240000,0.80947,0.80947,0.80947,0.80947
1782606300000,0.80947,0.80947,0.80947,0.80947
1782606360000,0.80947,0.80947,0.80947,0.80947
1782606420000,0.80947,0.80947,0.80947,0.80947
1782606480000,0.80947,0.80947,0.80947,0.80947
1782606540000,0.80947,0.80947,0.80947,0.80947
1782606600000,0.80947,0.80947,0.80947,0.80947
1782606660000,0.80947,0.80947,0.80947,0.80947
1782606720000,0.80947,0.80947,0.80947,0.80947
1782606780000,0.80947,0.80947,0.80947,0.80947
1782606840000,0.80947,0.80947,0.80947,0.80947
1782606900000,0.80947,0.80947,0.80947,0.80947
1782606960000,0.80947,0.80947,0.80947,0.80947
1782607020000,0.80947,0.80947,0.80947,0.80947
1782607080000,0.80947,0.80947,0.80947,0.80947
1782607140000,0.80947,0.80947,0.80947,0.80947
1782607200000,0.80947,0.80947,0.80947,0.80947
1782607260000,0.80947,0.80947,0.80947,0.80947
1782607320000,0.80947,0.80947,0.80947,0.80947
1782607380000,0.80947,0.80947,0.80947,0.80947
1782607440000,0.80947,0.80947,0.80947,0.80947
1782607500000,0.80947,0.80947,0.80947,0.80947
1782607560000,0.80947,0.80947,0.80947,0.80947
1782607620000,0.80947,0.80947,0.80947,0.80947
1782607680000,0.80947,0.80947,0.80947,0.80947
1782607740000,0.80947,0.80947,0.80947,0.80947
1782607800000,0.80947,0.80947,0.80947,0.80947
1782607860000,0.80947,0.80947,0.80947,0.80947
1782607920000,0.80947,0.80947,0.80947,0.80947
1782607980000,0.80947,0.80947,0.80947,0.80947
1782608040000,0.80947,0.80947,0.80947,0.80947
1782608100000,0.80947,0.80947,0.80947,0.80947
1782608160000,0.80947,0.80947,0.80947,0.80947
1782608220000,0.80947,0.80947,0.80947,0.80947
1782608280000,0.80947,0.80947,0.80947,0.80947
1782608340000,0.80947,0.80947,0.80947,0.80947
1782608400000,0.80947,0.80947,0.80947,0.80947
1782608460000,0.80947,0.80947,0.80947,0.80947
1782608520000,0.80947,0.80947,0.80947,0.80947
1782608580000,0.80947,0.80947,0.80947,0.80947
1782608640000,0.80947,0.80947,0.80947,0.80947
1782608700000,0.80947,0.80947,0.80947,0.80947
1782608760000,0.80947,0.80947,0.80947,0.80947
1782608820000,0.80947,0.80947,0.80947,0.80947
1782608880000,0.80947,0.80947,0.80947,0.80947
1782608940000,0.80947,0.80947,0.80947,0.80947
1782609000000,0.80947,0.80947,0.80947,0.80947
1782609060000,0.80947,0.80947,0.80947,0.80947
1782609120000,0.80947,0.80947,0.80947,0.80947
1782609180000,0.80947,0.80947,0.80947,0.80947
1782609240000,0.80947,0.80947,0.80947,0.80947
1782609300000,0.80947,0.80947,0.80947,0.80947
1782609360000,0.80947,0.80947,0.80947,0.80947
1782609420000,0.80947,0.80947,0.80947,0.80947
1782609480000,0.80947,0.80947,0.80947,0.80947
1782609540000,0.80947,0.80947,0.80947,0.80947
1782609600000,0.80947,0.80947,0.80947,0.80947
1782609660000,0.80947,0.80947,0.80947,0.80947
1782609720000,0.80947,0.80947,0.80947,0.80947
1782609780000,0.80947,0.80947,0.80947,0.80947
1782609840000,0.80947,0.80947,0.80947,0.80947
1782609900000,0.80947,0.80947,0.80947,0.80947
1782609960000,0.80947,0.80947,0.80947,0.80947
1782610020000,0.80947,0.80947,0.80947,0.80947
1782610080000,0.80947,0.80947,0.80947,0.80947
1782610140000,0.80947,0.80947,0.80947,0.80947
1782610200000,0.80947,0.80947,0.80947,0.80947
1782610260000,0.80947,0.80947,0.80947,0.80947
1782610320000,0.80947,0.80947,0.80947,0.80947
1782610380000,0.80947,0.80947,0.80947,0.80947
1782610440000,0.80947,0.80947,0.80947,0.80947
1782610500000,0.80947,0.80947,0.80947,0.80947
1782610560000,0.80947,0.80947,0.80947,0.80947
1782610620000,0.80947,0.80947,0.80947,0.80947
1782610680000,0.80947,0.80947,0.80947,0.80947
1782610740000,0.80947,0.80947,0.80947,0.80947
1782610800000,0.80947,0.80947,0.80947,0.80947
1782610860000,0.80947,0.80947,0.80947,0.80947
1782610920000,0.80947,0.80947,0.80947,0.80947
1782610980000,0.80947,0.80947,0.80947,0.80947
1782611040000,0.80947,0.80947,0.80947,0.80947
1782611100000,0.80947,0.80947,0.80947,0.80947
1782611160000,0.80947,0.80947,0.80947,0.80947
1782611220000,0.80947,0.80947,0.80947,0.80947
1782611280000,0.80947,0.80947,0.80947,0.80947
1782611340000,0.80947,0.80947,0.80947,0.80947
1782611400000,0.80947,0.80947,0.80947,0.80947
1782611460000,0.80947,0.80947,0.80947,0.80947
1782611520000,0.80947,0.80947,0.80947,0.80947
1782611580000,0.80947,0.80947,0.80947,0.80947
1782611640000,0.80947,0.80947,0.80947,0.80947
1782611700000,0.80947,0.80947,0.80947,0.80947
1782611760000,0.80947,0.80947,0.80947,0.80947
1782611820000,0.80947,0.80947,0.80947,0.80947
1782611880000,0.80947,0.80947,0.80947,0.80947
1782611940000,0.80947,0.80947,0.80947,0.80947
1782612000000,0.80947,0.80947,0.80947,0.80947
1782612060000,0.80947,0.80947,0.80947,0.80947
1782612120000,0.80947,0.80947,0.80947,0.80947
1782612180000,0.80947,0.80947,0.80947,0.80947
1782612240000,0.80947,0.80947,0.80947,0.80947
1782612300000,0.80947,0.80947,0.80947,0.80947
1782612360000,0.80947,0.80947,0.80947,0.80947
1782612420000,0.80947,0.80947,0.80947,0.80947
1782612480000,0.80947,0.80947,0.80947,0.80947
1782612540000,0.80947,0.80947,0.80947,0.80947
1782612600000,0.80947,0.80947,0.80947,0.80947
1782612660000,0.80947,0.80947,0.80947,0.80947
1782612720000,0.80947,0.80947,0.80947,0.80947
1782612780000,0.80947,0.80947,0.80947,0.80947
1782612840000,0.80947,0.80947,0.80947,0.80947
1782612900000,0.80947,0.80947,0.80947,0.80947
1782612960000,0.80947,0.80947,0.80947,0.80947
1782613020000,0.80947,0.80947,0.80947,0.80947
1782613080000,0.80947,0.80947,0.80947,0.80947
1782613140000,0.80947,0.80947,0.80947,0.80947
1782613200000,0.80947,0.80947,0.80947,0.80947
1782613260000,0.80947,0.80947,0.80947,0.80947
1782613320000,0.80947,0.80947,0.80947,0.80947
1782613380000,0.80947,0.80947,0.80947,0.80947
1782613440000,0.80947,0.80947,0.80947,0.80947
1782613500000,0.80947,0.80947,0.80947,0.80947
1782613560000,0.80947,0.80947,0.80947,0.80947
1782613620000,0.80947,0.80947,0.80947,0.80947
1782613680000,0.80947,0.80947,0.80947,0.80947
1782613740000,0.80947,0.80947,0.80947,0.80947
1782613800000,0.80947,0.80947,0.80947,0.80947
1782613860000,0.80947,0.80947,0.80947,0.80947
1782613920000,0.80947,0.80947,0.80947,0.80947
1782613980000,0.80947,0.80947,0.80947,0.80947
1782614040000,0.80947,0.80947,0.80947,0.80947
1782614100000,0.80947,0.80947,0.80947,0.80947
1782614160000,0.80947,0.80947,0.80947,0.80947
1782614220000,0.80947,0.80947,0.80947,0.80947
1782614280000,0.80947,0.80947,0.80947,0.80947
1782614340000,0.80947,0.80947,0.80947,0.80947
1782614400000,0.80947,0.80947,0.80947,0.80947
1782614460000,0.80947,0.80947,0.80947,0.80947
1782614520000,0.80947,0.80947,0.80947,0.80947
1782614580000,0.80947,0.80947,0.80947,0.80947
1782614640000,0.80947,0.80947,0.80947,0.80947
1782614700000,0.80947,0.80947,0.80947,0.80947
1782614760000,0.80947,0.80947,0.80947,0.80947
1782614820000,0.80947,0.80947,0.80947,0.80947
1782614880000,0.80947,0.80947,0.80947,0.80947
1782614940000,0.80947,0.80947,0.80947,0.80947
1782615000000,0.80947,0.80947,0.80947,0.80947
1782615060000,0.80947,0.80947,0.80947,0.80947
1782615120000,0.80947,0.80947,0.80947,0.80947
1782615180000,0.80947,0.80947,0.80947,0.80947
1782615240000,0.80947,0.80947,0.80947,0.80947
1782615300000,0.80947,0.80947,0.80947,0.80947
1782615360000,0.80947,0.80947,0.80947,0.80947
1782615420000,0.80947,0.80947,0.80947,0.80947
1782615480000,0.80947,0.80947,0.80947,0.80947
1782615540000,0.80947,0.80947,0.80947,0.80947
1782615600000,0.80947,0.80947,0.80947,0.80947
1782615660000,0.80947,0.80947,0.80947,0.80947
1782615720000,0.80947,0.80947,0.80947,0.80947
1782615780000,0.80947,0.80947,0.80947,0.80947
1782615840000,0.80947,0.80947,0.80947,0.80947
1782615900000,0.80947,0.80947,0.80947,0.80947
1782615960000,0.80947,0.80947,0.80947,0.80947
1782616020000,0.80947,0.80947,0.80947,0.80947
1782616080000,0.80947,0.80947,0.80947,0.80947
1782616140000,0.80947,0.80947,0.80947,0.80947
1782616200000,0.80947,0.80947,0.80947,0.80947
1782616260000,0.80947,0.80947,0.80947,0.80947
1782616320000,0.80947,0.80947,0.80947,0.80947
1782616380000,0.80947,0.80947,0.80947,0.80947
1782616440000,0.80947,0.80947,0.80947,0.80947
1782616500000,0.80947,0.80947,0.80947,0.80947
1782616560000,0.80947,0.80947,0.80947,0.80947
1782616620000,0.80947,0.80947,0.80947,0.80947
1782616680000,0.80947,0.80947,0.80947,0.80947
1782616740000,0.80947,0.80947,0.80947,0.80947
1782616800000,0.80947,0.80947,0.80947,0.80947
1782616860000,0.80947,0.80947,0.80947,0.80947
1782616920000,0.80947,0.80947,0.80947,0.80947
1782616980000,0.80947,0.80947,0.80947,0.80947
1782617040000,0.80947,0.80947,0.80947,0.80947
1782617100000,0.80947,0.80947,0.80947,0.80947
1782617160000,0.80947,0.80947,0.80947,0.80947
1782617220000,0.80947,0.80947,0.80947,0.80947
1782617280000,0.80947,0.80947,0.80947,0.80947
1782617340000,0.80947,0.80947,0.80947,0.80947
1782617400000,0.80947,0.80947,0.80947,0.80947
1782617460000,0.80947,0.80947,0.80947,0.80947
1782617520000,0.80947,0.80947,0.80947,0.80947
1782617580000,0.80947,0.80947,0.80947,0.80947
1782617640000,0.80947,0.80947,0.80947,0.80947
1782617700000,0.80947,0.80947,0.80947,0.80947
1782617760000,0.80947,0.80947,0.80947,0.80947
1782617820000,0.80947,0.80947,0.80947,0.80947
1782617880000,0.80947,0.80947,0.80947,0.80947
1782617940000,0.80947,0.80947,0.80947,0.80947
1782618000000,0.80947,0.80947,0.80947,0.80947
1782618060000,0.80947,0.80947,0.80947,0.80947
1782618120000,0.80947,0.80947,0.80947,0.80947
1782618180000,0.80947,0.80947,0.80947,0.80947
1782618240000,0.80947,0.80947,0.80947,0.80947
1782618300000,0.80947,0.80947,0.80947,0.80947
1782618360000,0.80947,0.80947,0.80947,0.80947
1782618420000,0.80947,0.80947,0.80947,0.80947
1782618480000,0.80947,0.80947,0.80947,0.80947
1782618540000,0.80947,0.80947,0.80947,0.80947
1782618600000,0.80947,0.80947,0.80947,0.80947
1782618660000,0.80947,0.80947,0.80947,0.80947
1782618720000,0.80947,0.80947,0.80947,0.80947
1782618780000,0.80947,0.80947,0.80947,0.80947
1782618840000,0.80947,0.80947,0.80947,0.80947
1782618900000,0.80947,0.80947,0.80947,0.80947
1782618960000,0.80947,0.80947,0.80947,0.80947
1782619020000,0.80947,0.80947,0.80947,0.80947
1782619080000,0.80947,0.80947,0.80947,0.80947
1782619140000,0.80947,0.80947,0.80947,0.80947
1782619200000,0.80947,0.80947,0.80947,0.80947
1782619260000,0.80947,0.80947,0.80947,0.80947
1782619320000,0.80947,0.80947,0.80947,0.80947
1782619380000,0.80947,0.80947,0.80947,0.80947
1782619440000,0.80947,0.80947,0.80947,0.80947
1782619500000,0.80947,0.80947,0.80947,0.80947
1782619560000,0.80947,0.80947,0.80947,0.80947
1782619620000,0.80947,0.80947,0.80947,0.80947
1782619680000,0.80947,0.80947,0.80947,0.80947
1782619740000,0.80947,0.80947,0.80947,0.80947
1782619800000,0.80947,0.80947,0.80947,0.80947
1782619860000,0.80947,0.80947,0.80947,0.80947
1782619920000,0.80947,0.80947,0.80947,0.80947
1782619980000,0.80947,0.80947,0.80947,0.80947
1782620040000,0.80947,0.80947,0.80947,0.80947
1782620100000,0.80947,0.80947,0.80947,0.80947
1782620160000,0.80947,0.80947,0.80947,0.80947
1782620220000,0.80947,0.80947,0.80947,0.80947
1782620280000,0.80947,0.80947,0.80947,0.80947
1782620340000,0.80947,0.80947,0.80947,0.80947
1782620400000,0.80947,0.80947,0.80947,0.80947
1782620460000,0.80947,0.80947,0.80947,0.80947
1782620520000,0.80947,0.80947,0.80947,0.80947
1782620580000,0.80947,0.80947,0.80947,0.80947
1782620640000,0.80947,0.80947,0.80947,0.80947
1782620700000,0.80947,0.80947,0.80947,0.80947
1782620760000,0.80947,0.80947,0.80947,0.80947
1782620820000,0.80947,0.80947,0.80947,0.80947
1782620880000,0.80947,0.80947,0.80947,0.80947
1782620940000,0.80947,0.80947,0.80947,0.80947
1782621000000,0.80947,0.80947,0.80947,0.80947
1782621060000,0.80947,0.80947,0.80947,0.80947
1782621120000,0.80947,0.80947,0.80947,0.80947
1782621180000,0.80947,0.80947,0.80947,0.80947
1782621240000,0.80947,0.80947,0.80947,0.80947
1782621300000,0.80947,0.80947,0.80947,0.80947
1782621360000,0.80947,0.80947,0.80947,0.80947
1782621420000,0.80947,0.80947,0.80947,0.80947
1782621480000,0.80947,0.80947,0.80947,0.80947
1782621540000,0.80947,0.80947,0.80947,0.80947
1782621600000,0.80947,0.80947,0.80947,0.80947
1782621660000,0.80947,0.80947,0.80947,0.80947
1782621720000,0.80947,0.80947,0.80947,0.80947
1782621780000,0.80947,0.80947,0.80947,0.80947
1782621840000,0.80947,0.80947,0.80947,0.80947
1782621900000,0.80947,0.80947,0.80947,0.80947
1782621960000,0.80947,0.80947,0.80947,0.80947
1782622020000,0.80947,0.80947,0.80947,0.80947
1782622080000,0.80947,0.80947,0.80947,0.80947
1782622140000,0.80947,0.80947,0.80947,0.80947
1782622200000,0.80947,0.80947,0.80947,0.80947
1782622260000,0.80947,0.80947,0.80947,0.80947
1782622320000,0.80947,0.80947,0.80947,0.80947
1782622380000,0.80947,0.80947,0.80947,0.80947
1782622440000,0.80947,0.80947,0.80947,0.80947
1782622500000,0.80947,0.80947,0.80947,0.80947
1782622560000,0.80947,0.80947,0.80947,0.80947
1782622620000,0.80947,0.80947,0.80947,0.80947
1782622680000,0.80947,0.80947,0.80947,0.80947
1782622740000,0.80947,0.80947,0.80947,0.80947
1782622800000,0.80947,0.80947,0.80947,0.80947
1782622860000,0.80947,0.80947,0.80947,0.80947
1782622920000,0.80947,0.80947,0.80947,0.80947
1782622980000,0.80947,0.80947,0.80947,0.80947
1782623040000,0.80947,0.80947,0.80947,0.80947
1782623100000,0.80947,0.80947,0.80947,0.80947
1782623160000,0.80947,0.80947,0.80947,0.80947
1782623220000,0.80947,0.80947,0.80947,0.80947
1782623280000,0.80947,0.80947,0.80947,0.80947
1782623340000,0.80947,0.80947,0.80947,0.80947
1782623400000,0.80947,0.80947,0.80947,0.80947
1782623460000,0.80947,0.80947,0.80947,0.80947
1782623520000,0.80947,0.80947,0.80947,0.80947
1782623580000,0.80947,0.80947,0.80947,0.80947
1782623640000,0.80947,0.80947,0.80947,0.80947
1782623700000,0.80947,0.80947,0.80947,0.80947
1782623760000,0.80947,0.80947,0.80947,0.80947
1782623820000,0.80947,0.80947,0.80947,0.80947
1782623880000,0.80947,0.80947,0.80947,0.80947
1782623940000,0.80947,0.80947,0.80947,0.80947
1782624000000,0.80947,0.80947,0.80947,0.80947
1782624060000,0.80947,0.80947,0.80947,0.80947
1782624120000,0.80947,0.80947,0.80947,0.80947
1782624180000,0.80947,0.80947,0.80947,0.80947
1782624240000,0.80947,0.80947,0.80947,0.80947
1782624300000,0.80947,0.80947,0.80947,0.80947
1782624360000,0.80947,0.80947,0.80947,0.80947
1782624420000,0.80947,0.80947,0.80947,0.80947
1782624480000,0.80947,0.80947,0.80947,0.80947
1782624540000,0.80947,0.80947,0.80947,0.80947
1782624600000,0.80947,0.80947,0.80947,0.80947
1782624660000,0.80947,0.80947,0.80947,0.80947
1782624720000,0.80947,0.80947,0.80947,0.80947
1782624780000,0.80947,0.80947,0.80947,0.80947
1782624840000,0.80947,0.80947,0.80947,0.80947
1782624900000,0.80947,0.80947,0.80947,0.80947
1782624960000,0.80947,0.80947,0.80947,0.80947
1782625020000,0.80947,0.80947,0.80947,0.80947
1782625080000,0.80947,0.80947,0.80947,0.80947
1782625140000,0.80947,0.80947,0.80947,0.80947
1782625200000,0.80947,0.80947,0.80947,0.80947
1782625260000,0.80947,0.80947,0.80947,0.80947
1782625320000,0.80947,0.80947,0.80947,0.80947
1782625380000,0.80947,0.80947,0.80947,0.80947
1782625440000,0.80947,0.80947,0.80947,0.80947
1782625500000,0.80947,0.80947,0.80947,0.80947
1782625560000,0.80947,0.80947,0.80947,0.80947
1782625620000,0.80947,0.80947,0.80947,0.80947
1782625680000,0.80947,0.80947,0.80947,0.80947
1782625740000,0.80947,0.80947,0.80947,0.80947
1782625800000,0.80947,0.80947,0.80947,0.80947
1782625860000,0.80947,0.80947,0.80947,0.80947
1782625920000,0.80947,0.80947,0.80947,0.80947
1782625980000,0.80947,0.80947,0.80947,0.80947
1782626040000,0.80947,0.80947,0.80947,0.80947
1782626100000,0.80947,0.80947,0.80947,0.80947
1782626160000,0.80947,0.80947,0.80947,0.80947
1782626220000,0.80947,0.80947,0.80947,0.80947
1782626280000,0.80947,0.80947,0.80947,0.80947
1782626340000,0.80947,0.80947,0.80947,0.80947
1782626400000,0.80947,0.80947,0.80947,0.80947
1782626460000,0.80947,0.80947,0.80947,0.80947
1782626520000,0.80947,0.80947,0.80947,0.80947
1782626580000,0.80947,0.80947,0.80947,0.80947
1782626640000,0.80947,0.80947,0.80947,0.80947
1782626700000,0.80947,0.80947,0.80947,0.80947
1782626760000,0.80947,0.80947,0.80947,0.80947
1782626820000,0.80947,0.80947,0.80947,0.80947
1782626880000,0.80947,0.80947,0.80947,0.80947
1782626940000,0.80947,0.80947,0.80947,0.80947
1782627000000,0.80947,0.80947,0.80947,0.80947
1782627060000,0.80947,0.80947,0.80947,0.80947
1782627120000,0.80947,0.80947,0.80947,0.80947
1782627180000,0.80947,0.80947,0.80947,0.80947
1782627240000,0.80947,0.80947,0.80947,0.80947
1782627300000,0.80947,0.80947,0.80947,0.80947
1782627360000,0.80947,0.80947,0.80947,0.80947
1782627420000,0.80947,0.80947,0.80947,0.80947
1782627480000,0.80947,0.80947,0.80947,0.80947
1782627540000,0.80947,0.80947,0.80947,0.80947
1782627600000,0.80947,0.80947,0.80947,0.80947
1782627660000,0.80947,0.80947,0.80947,0.80947
1782627720000,0.80947,0.80947,0.80947,0.80947
1782627780000,0.80947,0.80947,0.80947,0.80947
1782627840000,0.80947,0.80947,0.80947,0.80947
1782627900000,0.80947,0.80947,0.80947,0.80947
1782627960000,0.80947,0.80947,0.80947,0.80947
1782628020000,0.80947,0.80947,0.80947,0.80947
1782628080000,0.80947,0.80947,0.80947,0.80947
1782628140000,0.80947,0.80947,0.80947,0.80947
1782628200000,0.80947,0.80947,0.80947,0.80947
1782628260000,0.80947,0.80947,0.80947,0.80947
1782628320000,0.80947,0.80947,0.80947,0.80947
1782628380000,0.80947,0.80947,0.80947,0.80947
1782628440000,0.80947,0.80947,0.80947,0.80947
1782628500000,0.80947,0.80947,0.80947,0.80947
1782628560000,0.80947,0.80947,0.80947,0.80947
1782628620000,0.80947,0.80947,0.80947,0.80947
1782628680000,0.80947,0.80947,0.80947,0.80947
1782628740000,0.80947,0.80947,0.80947,0.80947
1782628800000,0.80947,0.80947,0.80947,0.80947
1782628860000,0.80947,0.80947,0.80947,0.80947
1782628920000,0.80947,0.80947,0.80947,0.80947
1782628980000,0.80947,0.80947,0.80947,0.80947
1782629040000,0.80947,0.80947,0.80947,0.80947
1782629100000,0.80947,0.80947,0.80947,0.80947
1782629160000,0.80947,0.80947,0.80947,0.80947
1782629220000,0.80947,0.80947,0.80947,0.80947
1782629280000,0.80947,0.80947,0.80947,0.80947
1782629340000,0.80947,0.80947,0.80947,0.80947
1782629400000,0.80947,0.80947,0.80947,0.80947
1782629460000,0.80947,0.80947,0.80947,0.80947
1782629520000,0.80947,0.80947,0.80947,0.80947
1782629580000,0.80947,0.80947,0.80947,0.80947
1782629640000,0.80947,0.80947,0.80947,0.80947
1782629700000,0.80947,0.80947,0.80947,0.80947
1782629760000,0.80947,0.80947,0.80947,0.80947
1782629820000,0.80947,0.80947,0.80947,0.80947
1782629880000,0.80947,0.80947,0.80947,0.80947
1782629940000,0.80947,0.80947,0.80947,0.80947
1782630000000,0.80947,0.80947,0.80947,0.80947
1782630060000,0.80947,0.80947,0.80947,0.80947
1782630120000,0.80947,0.80947,0.80947,0.80947
1782630180000,0.80947,0.80947,0.80947,0.80947
1782630240000,0.80947,0.80947,0.80947,0.80947
1782630300000,0.80947,0.80947,0.80947,0.80947
1782630360000,0.80947,0.80947,0.80947,0.80947
1782630420000,0.80947,0.80947,0.80947,0.80947
1782630480000,0.80947,0.80947,0.80947,0.80947
1782630540000,0.80947,0.80947,0.80947,0.80947
1782630600000,0.80947,0.80947,0.80947,0.80947
1782630660000,0.80947,0.80947,0.80947,0.80947
1782630720000,0.80947,0.80947,0.80947,0.80947
1782630780000,0.80947,0.80947,0.80947,0.80947
1782630840000,0.80947,0.80947,0.80947,0.80947
1782630900000,0.80947,0.80947,0.80947,0.80947
1782630960000,0.80947,0.80947,0.80947,0.80947
1782631020000,0.80947,0.80947,0.80947,0.80947
1782631080000,0.80947,0.80947,0.80947,0.80947
1782631140000,0.80947,0.80947,0.80947,0.80947
1782631200000,0.80947,0.80947,0.80947,0.80947
1782631260000,0.80947,0.80947,0.80947,0.80947
1782631320000,0.80947,0.80947,0.80947,0.80947
1782631380000,0.80947,0.80947,0.80947,0.80947
1782631440000,0.80947,0.80947,0.80947,0.80947
1782631500000,0.80947,0.80947,0.80947,0.80947
1782631560000,0.80947,0.80947,0.80947,0.80947
1782631620000,0.80947,0.80947,0.80947,0.80947
1782631680000,0.80947,0.80947,0.80947,0.80947
1782631740000,0.80947,0.80947,0.80947,0.80947
1782631800000,0.80947,0.80947,0.80947,0.80947
1782631860000,0.80947,0.80947,0.80947,0.80947
1782631920000,0.80947,0.80947,0.80947,0.80947
1782631980000,0.80947,0.80947,0.80947,0.80947
1782632040000,0.80947,0.80947,0.80947,0.80947
1782632100000,0.80947,0.80947,0.80947,0.80947
1782632160000,0.80947,0.80947,0.80947,0.80947
1782632220000,0.80947,0.80947,0.80947,0.80947
1782632280000,0.80947,0.80947,0.80947,0.80947
1782632340000,0.80947,0.80947,0.80947,0.80947
1782632400000,0.80947,0.80947,0.80947,0.80947
1782632460000,0.80947,0.80947,0.80947,0.80947
1782632520000,0.80947,0.80947,0.80947,0.80947
1782632580000,0.80947,0.80947,0.80947,0.80947
1782632640000,0.80947,0.80947,0.80947,0.80947
1782632700000,0.80947,0.80947,0.80947,0.80947
1782632760000,0.80947,0.80947,0.80947,0.80947
1782632820000,0.80947,0.80947,0.80947,0.80947
1782632880000,0.80947,0.80947,0.80947,0.80947
1782632940000,0.80947,0.80947,0.80947,0.80947
1782633000000,0.80947,0.80947,0.80947,0.80947
1782633060000,0.80947,0.80947,0.80947,0.80947
1782633120000,0.80947,0.80947,0.80947,0.80947
1782633180000,0.80947,0.80947,0.80947,0.80947
1782633240000,0.80947,0.80947,0.80947,0.80947
1782633300000,0.80947,0.80947,0.80947,0.80947
1782633360000,0.80947,0.80947,0.80947,0.80947
1782633420000,0.80947,0.80947,0.80947,0.80947
1782633480000,0.80947,0.80947,0.80947,0.80947
1782633540000,0.80947,0.80947,0.80947,0.80947
1782633600000,0.80947,0.80947,0.80947,0.80947
1782633660000,0.80947,0.80947,0.80947,0.80947
1782633720000,0.80947,0.80947,0.80947,0.80947
1782633780000,0.80947,0.80947,0.80947,0.80947
1782633840000,0.80947,0.80947,0.80947,0.80947
1782633900000,0.80947,0.80947,0.80947,0.80947
1782633960000,0.80947,0.80947,0.80947,0.80947
1782634020000,0.80947,0.80947,0.80947,0.80947
1782634080000,0.80947,0.80947,0.80947,0.80947
1782634140000,0.80947,0.80947,0.80947,0.80947
1782634200000,0.80947,0.80947,0.80947,0.80947
1782634260000,0.80947,0.80947,0.80947,0.80947
1782634320000,0.80947,0.80947,0.80947,0.80947
1782634380000,0.80947,0.80947,0.80947,0.80947
1782634440000,0.80947,0.80947,0.80947,0.80947
1782634500000,0.80947,0.80947,0.80947,0.80947
1782634560000,0.80947,0.80947,0.80947,0.80947
1782634620000,0.80947,0.80947,0.80947,0.80947
1782634680000,0.80947,0.80947,0.80947,0.80947
1782634740000,0.80947,0.80947,0.80947,0.80947
1782634800000,0.80947,0.80947,0.80947,0.80947
1782634860000,0.80947,0.80947,0.80947,0.80947
1782634920000,0.80947,0.80947,0.80947,0.80947
1782634980000,0.80947,0.80947,0.80947,0.80947
1782635040000,0.80947,0.80947,0.80947,0.80947
1782635100000,0.80947,0.80947,0.80947,0.80947
1782635160000,0.80947,0.80947,0.80947,0.80947
1782635220000,0.80947,0.80947,0.80947,0.80947
1782635280000,0.80947,0.80947,0.80947,0.80947
1782635340000,0.80947,0.80947,0.80947,0.80947
1782635400000,0.80947,0.80947,0.80947,0.80947
1782635460000,0.80947,0.80947,0.80947,0.80947
1782635520000,0.80947,0.80947,0.80947,0.80947
1782635580000,0.80947,0.80947,0.80947,0.80947
1782635640000,0.80947,0.80947,0.80947,0.80947
1782635700000,0.80947,0.80947,0.80947,0.80947
1782635760000,0.80947,0.80947,0.80947,0.80947
1782635820000,0.80947,0.80947,0.80947,0.80947
1782635880000,0.80947,0.80947,0.80947,0.80947
1782635940000,0.80947,0.80947,0.80947,0.80947
1782636000000,0.80947,0.80947,0.80947,0.80947
1782636060000,0.80947,0.80947,0.80947,0.80947
1782636120000,0.80947,0.80947,0.80947,0.80947
1782636180000,0.80947,0.80947,0.80947,0.80947
1782636240000,0.80947,0.80947,0.80947,0.80947
1782636300000,0.80947,0.80947,0.80947,0.80947
1782636360000,0.80947,0.80947,0.80947,0.80947
1782636420000,0.80947,0.80947,0.80947,0.80947
1782636480000,0.80947,0.80947,0.80947,0.80947
1782636540000,0.80947,0.80947,0.80947,0.80947
1782636600000,0.80947,0.80947,0.80947,0.80947
1782636660000,0.80947,0.80947,0.80947,0.80947
1782636720000,0.80947,0.80947,0.80947,0.80947
1782636780000,0.80947,0.80947,0.80947,0.80947
1782636840000,0.80947,0.80947,0.80947,0.80947
1782636900000,0.80947,0.80947,0.80947,0.80947
1782636960000,0.80947,0.80947,0.80947,0.80947
1782637020000,0.80947,0.80947,0.80947,0.80947
1782637080000,0.80947,0.80947,0.80947,0.80947
1782637140000,0.80947,0.80947,0.80947,0.80947
1782637200000,0.80947,0.80947,0.80947,0.80947
1782637260000,0.80947,0.80947,0.80947,0.80947
1782637320000,0.80947,0.80947,0.80947,0.80947
1782637380000,0.80947,0.80947,0.80947,0.80947
1782637440000,0.80947,0.80947,0.80947,0.80947
1782637500000,0.80947,0.80947,0.80947,0.80947
1782637560000,0.80947,0.80947,0.80947,0.80947
1782637620000,0.80947,0.80947,0.80947,0.80947
1782637680000,0.80947,0.80947,0.80947,0.80947
1782637740000,0.80947,0.80947,0.80947,0.80947
1782637800000,0.80947,0.80947,0.80947,0.80947
1782637860000,0.80947,0.80947,0.80947,0.80947
1782637920000,0.80947,0.80947,0.80947,0.80947
1782637980000,0.80947,0.80947,0.80947,0.80947
1782638040000,0.80947,0.80947,0.80947,0.80947
1782638100000,0.80947,0.80947,0.80947,0.80947
1782638160000,0.80947,0.80947,0.80947,0.80947
1782638220000,0.80947,0.80947,0.80947,0.80947
1782638280000,0.80947,0.80947,0.80947,0.80947
1782638340000,0.80947,0.80947,0.80947,0.80947
1782638400000,0.80947,0.80947,0.80947,0.80947
1782638460000,0.80947,0.80947,0.80947,0.80947
1782638520000,0.80947,0.80947,0.80947,0.80947
1782638580000,0.80947,0.80947,0.80947,0.80947
1782638640000,0.80947,0.80947,0.80947,0.80947
1782638700000,0.80947,0.80947,0.80947,0.80947
1782638760000,0.80947,0.80947,0.80947,0.80947
1782638820000,0.80947,0.80947,0.80947,0.80947
1782638880000,0.80947,0.80947,0.80947,0.80947
1782638940000,0.80947,0.80947,0.80947,0.80947
1782639000000,0.80947,0.80947,0.80947,0.80947
1782639060000,0.80947,0.80947,0.80947,0.80947
1782639120000,0.80947,0.80947,0.80947,0.80947
1782639180000,0.80947,0.80947,0.80947,0.80947
1782639240000,0.80947,0.80947,0.80947,0.80947
1782639300000,0.80947,0.80947,0.80947,0.80947
1782639360000,0.80947,0.80947,0.80947,0.80947
1782639420000,0.80947,0.80947,0.80947,0.80947
1782639480000,0.80947,0.80947,0.80947,0.80947
1782639540000,0.80947,0.80947,0.80947,0.80947
1782639600000,0.80947,0.80947,0.80947,0.80947
1782639660000,0.80947,0.80947,0.80947,0.80947
1782639720000,0.80947,0.80947,0.80947,0.80947
1782639780000,0.80947,0.80947,0.80947,0.80947
1782639840000,0.80947,0.80947,0.80947,0.80947
1782639900000,0.80947,0.80947,0.80947,0.80947
1782639960000,0.80947,0.80947,0.80947,0.80947
1782640020000,0.80947,0.80947,0.80947,0.80947
1782640080000,0.80947,0.80947,0.80947,0.80947
1782640140000,0.80947,0.80947,0.80947,0.80947
1782640200000,0.80947,0.80947,0.80947,0.80947
1782640260000,0.80947,0.80947,0.80947,0.80947
1782640320000,0.80947,0.80947,0.80947,0.80947
1782640380000,0.80947,0.80947,0.80947,0.80947
1782640440000,0.80947,0.80947,0.80947,0.80947
1782640500000,0.80947,0.80947,0.80947,0.80947
1782640560000,0.80947,0.80947,0.80947,0.80947
1782640620000,0.80947,0.80947,0.80947,0.80947
1782640680000,0.80947,0.80947,0.80947,0.80947
1782640740000,0.80947,0.80947,0.80947,0.80947
1782640800000,0.80947,0.80947,0.80947,0.80947
1782640860000,0.80947,0.80947,0.80947,0.80947
1782640920000,0.80947,0.80947,0.80947,0.80947
1782640980000,0.80947,0.80947,0.80947,0.80947
1782641040000,0.80947,0.80947,0.80947,0.80947
1782641100000,0.80947,0.80947,0.80947,0.80947
1782641160000,0.80947,0.80947,0.80947,0.80947
1782641220000,0.80947,0.80947,0.80947,0.80947
1782641280000,0.80947,0.80947,0.80947,0.80947
1782641340000,0.80947,0.80947,0.80947,0.80947
1782641400000,0.80947,0.80947,0.80947,0.80947
1782641460000,0.80947,0.80947,0.80947,0.80947
1782641520000,0.80947,0.80947,0.80947,0.80947
1782641580000,0.80947,0.80947,0.80947,0.80947
1782641640000,0.80947,0.80947,0.80947,0.80947
1782641700000,0.80947,0.80947,0.80947,0.80947
1782641760000,0.80947,0.80947,0.80947,0.80947
1782641820000,0.80947,0.80947,0.80947,0.80947
1782641880000,0.80947,0.80947,0.80947,0.80947
1782641940000,0.80947,0.80947,0.80947,0.80947
1782642000000,0.80947,0.80947,0.80947,0.80947
1782642060000,0.80947,0.80947,0.80947,0.80947
1782642120000,0.80947,0.80947,0.80947,0.80947
1782642180000,0.80947,0.80947,0.80947,0.80947
1782642240000,0.80947,0.80947,0.80947,0.80947
1782642300000,0.80947,0.80947,0.80947,0.80947
1782642360000,0.80947,0.80947,0.80947,0.80947
1782642420000,0.80947,0.80947,0.80947,0.80947
1782642480000,0.80947,0.80947,0.80947,0.80947
1782642540000,0.80947,0.80947,0.80947,0.80947
1782642600000,0.80947,0.80947,0.80947,0.80947
1782642660000,0.80947,0.80947,0.80947,0.80947
1782642720000,0.80947,0.80947,0.80947,0.80947
1782642780000,0.80947,0.80947,0.80947,0.80947
1782642840000,0.80947,0.80947,0.80947,0.80947
1782642900000,0.80947,0.80947,0.80947,0.80947
1782642960000,0.80947,0.80947,0.80947,0.80947
1782643020000,0.80947,0.80947,0.80947,0.80947
1782643080000,0.80947,0.80947,0.80947,0.80947
1782643140000,0.80947,0.80947,0.80947,0.80947
1782643200000,0.80947,0.80947,0.80947,0.80947
1782643260000,0.80947,0.80947,0.80947,0.80947
1782643320000,0.80947,0.80947,0.80947,0.80947
1782643380000,0.80947,0.80947,0.80947,0.80947
1782643440000,0.80947,0.80947,0.80947,0.80947
1782643500000,0.80947,0.80947,0.80947,0.80947
1782643560000,0.80947,0.80947,0.80947,0.80947
1782643620000,0.80947,0.80947,0.80947,0.80947
1782643680000,0.80947,0.80947,0.80947,0.80947
1782643740000,0.80947,0.80947,0.80947,0.80947
1782643800000,0.80947,0.80947,0.80947,0.80947
1782643860000,0.80947,0.80947,0.80947,0.80947
1782643920000,0.80947,0.80947,0.80947,0.80947
1782643980000,0.80947,0.80947,0.80947,0.80947
1782644040000,0.80947,0.80947,0.80947,0.80947
1782644100000,0.80947,0.80947,0.80947,0.80947
1782644160000,0.80947,0.80947,0.80947,0.80947
1782644220000,0.80947,0.80947,0.80947,0.80947
1782644280000,0.80947,0.80947,0.80947,0.80947
1782644340000,0.80947,0.80947,0.80947,0.80947
1782644400000,0.80947,0.80947,0.80947,0.80947
1782644460000,0.80947,0.80947,0.80947,0.80947
1782644520000,0.80947,0.80947,0.80947,0.80947
1782644580000,0.80947,0.80947,0.80947,0.80947
1782644640000,0.80947,0.80947,0.80947,0.80947
1782644700000,0.80947,0.80947,0.80947,0.80947
1782644760000,0.80947,0.80947,0.80947,0.80947
1782644820000,0.80947,0.80947,0.80947,0.80947
1782644880000,0.80947,0.80947,0.80947,0.80947
1782644940000,0.80947,0.80947,0.80947,0.80947
1782645000000,0.80947,0.80947,0.80947,0.80947
1782645060000,0.80947,0.80947,0.80947,0.80947
1782645120000,0.80947,0.80947,0.80947,0.80947
1782645180000,0.80947,0.80947,0.80947,0.80947
1782645240000,0.80947,0.80947,0.80947,0.80947
1782645300000,0.80947,0.80947,0.80947,0.80947
1782645360000,0.80947,0.80947,0.80947,0.80947
1782645420000,0.80947,0.80947,0.80947,0.80947
1782645480000,0.80947,0.80947,0.80947,0.80947
1782645540000,0.80947,0.80947,0.80947,0.80947
1782645600000,0.80947,0.80947,0.80947,0.80947
1782645660000,0.80947,0.80947,0.80947,0.80947
1782645720000,0.80947,0.80947,0.80947,0.80947
1782645780000,0.80947,0.80947,0.80947,0.80947
1782645840000,0.80947,0.80947,0.80947,0.80947
1782645900000,0.80947,0.80947,0.80947,0.80947
1782645960000,0.80947,0.80947,0.80947,0.80947
1782646020000,0.80947,0.80947,0.80947,0.80947
1782646080000,0.80947,0.80947,0.80947,0.80947
1782646140000,0.80947,0.80947,0.80947,0.80947
1782646200000,0.80947,0.80947,0.80947,0.80947
1782646260000,0.80947,0.80947,0.80947,0.80947
1782646320000,0.80947,0.80947,0.80947,0.80947
1782646380000,0.80947,0.80947,0.80947,0.80947
1782646440000,0.80947,0.80947,0.80947,0.80947
1782646500000,0.80947,0.80947,0.80947,0.80947
1782646560000,0.80947,0.80947,0.80947,0.80947
1782646620000,0.80947,0.80947,0.80947,0.80947
1782646680000,0.80947,0.80947,0.80947,0.80947
1782646740000,0.80947,0.80947,0.80947,0.80947
1782646800000,0.80947,0.80947,0.80947,0.80947
1782646860000,0.80947,0.80947,0.80947,0.80947
1782646920000,0.80947,0.80947,0.80947,0.80947
1782646980000,0.80947,0.80947,0.80947,0.80947
1782647040000,0.80947,0.80947,0.80947,0.80947
1782647100000,0.80947,0.80947,0.80947,0.80947
1782647160000,0.80947,0.80947,0.80947,0.80947
1782647220000,0.80947,0.80947,0.80947,0.80947
1782647280000,0.80947,0.80947,0.80947,0.80947
1782647340000,0.80947,0.80947,0.80947,0.80947
1782647400000,0.80947,0.80947,0.80947,0.80947
1782647460000,0.80947,0.80947,0.80947,0.80947
1782647520000,0.80947,0.80947,0.80947,0.80947
1782647580000,0.80947,0.80947,0.80947,0.80947
1782647640000,0.80947,0.80947,0.80947,0.80947
1782647700000,0.80947,0.80947,0.80947,0.80947
1782647760000,0.80947,0.80947,0.80947,0.80947
1782647820000,0.80947,0.80947,0.80947,0.80947
1782647880000,0.80947,0.80947,0.80947,0.80947
1782647940000,0.80947,0.80947,0.80947,0.80947
1782648000000,0.80947,0.80947,0.80947,0.80947
1782648060000,0.80947,0.80947,0.80947,0.80947
1782648120000,0.80947,0.80947,0.80947,0.80947
1782648180000,0.80947,0.80947,0.80947,0.80947
1782648240000,0.80947,0.80947,0.80947,0.80947
1782648300000,0.80947,0.80947,0.80947,0.80947
1782648360000,0.80947,0.80947,0.80947,0.80947
1782648420000,0.80947,0.80947,0.80947,0.80947
1782648480000,0.80947,0.80947,0.80947,0.80947
1782648540000,0.80947,0.80947,0.80947,0.80947
1782648600000,0.80947,0.80947,0.80947,0.80947
1782648660000,0.80947,0.80947,0.80947,0.80947
1782648720000,0.80947,0.80947,0.80947,0.80947
1782648780000,0.80947,0.80947,0.80947,0.80947
1782648840000,0.80947,0.80947,0.80947,0.80947
1782648900000,0.80947,0.80947,0.80947,0.80947
1782648960000,0.80947,0.80947,0.80947,0.80947
1782649020000,0.80947,0.80947,0.80947,0.80947
1782649080000,0.80947,0.80947,0.80947,0.80947
1782649140000,0.80947,0.80947,0.80947,0.80947
1782649200000,0.80947,0.80947,0.80947,0.80947
1782649260000,0.80947,0.80947,0.80947,0.80947
1782649320000,0.80947,0.80947,0.80947,0.80947
1782649380000,0.80947,0.80947,0.80947,0.80947
1782649440000,0.80947,0.80947,0.80947,0.80947
1782649500000,0.80947,0.80947,0.80947,0.80947
1782649560000,0.80947,0.80947,0.80947,0.80947
1782649620000,0.80947,0.80947,0.80947,0.80947
1782649680000,0.80947,0.80947,0.80947,0.80947
1782649740000,0.80947,0.80947,0.80947,0.80947
1782649800000,0.80947,0.80947,0.80947,0.80947
1782649860000,0.80947,0.80947,0.80947,0.80947
1782649920000,0.80947,0.80947,0.80947,0.80947
1782649980000,0.80947,0.80947,0.80947,0.80947
1782650040000,0.80947,0.80947,0.80947,0.80947
1782650100000,0.80947,0.80947,0.80947,0.80947
1782650160000,0.80947,0.80947,0.80947,0.80947
1782650220000,0.80947,0.80947,0.80947,0.80947
1782650280000,0.80947,0.80947,0.80947,0.80947
1782650340000,0.80947,0.80947,0.80947,0.80947
1782650400000,0.80947,0.80947,0.80947,0.80947
1782650460000,0.80947,0.80947,0.80947,0.80947
1782650520000,0.80947,0.80947,0.80947,0.80947
1782650580000,0.80947,0.80947,0.80947,0.80947
1782650640000,0.80947,0.80947,0.80947,0.80947
1782650700000,0.80947,0.80947,0.80947,0.80947
1782650760000,0.80947,0.80947,0.80947,0.80947
1782650820000,0.80947,0.80947,0.80947,0.80947
1782650880000,0.80947,0.80947,0.80947,0.80947
1782650940000,0.80947,0.80947,0.80947,0.80947
1782651000000,0.80947,0.80947,0.80947,0.80947
1782651060000,0.80947,0.80947,0.80947,0.80947
1782651120000,0.80947,0.80947,0.80947,0.80947
1782651180000,0.80947,0.80947,0.80947,0.80947
1782651240000,0.80947,0.80947,0.80947,0.80947
1782651300000,0.80947,0.80947,0.80947,0.80947
1782651360000,0.80947,0.80947,0.80947,0.80947
1782651420000,0.80947,0.80947,0.80947,0.80947
1782651480000,0.80947,0.80947,0.80947,0.80947
1782651540000,0.80947,0.80947,0.80947,0.80947
1782651600000,0.80947,0.80947,0.80947,0.80947
1782651660000,0.80947,0.80947,0.80947,0.80947
1782651720000,0.80947,0.80947,0.80947,0.80947
1782651780000,0.80947,0.80947,0.80947,0.80947
1782651840000,0.80947,0.80947,0.80947,0.80947
1782651900000,0.80947,0.80947,0.80947,0.80947
1782651960000,0.80947,0.80947,0.80947,0.80947
1782652020000,0.80947,0.80947,0.80947,0.80947
1782652080000,0.80947,0.80947,0.80947,0.80947
1782652140000,0.80947,0.80947,0.80947,0.80947
1782652200000,0.80947,0.80947,0.80947,0.80947
1782652260000,0.80947,0.80947,0.80947,0.80947
1782652320000,0.80947,0.80947,0.80947,0.80947
1782652380000,0.80947,0.80947,0.80947,0.80947
1782652440000,0.80947,0.80947,0.80947,0.80947
1782652500000,0.80947,0.80947,0.80947,0.80947
1782652560000,0.80947,0.80947,0.80947,0.80947
1782652620000,0.80947,0.80947,0.80947,0.80947
1782652680000,0.80947,0.80947,0.80947,0.80947
1782652740000,0.80947,0.80947,0.80947,0.80947
1782652800000,0.80947,0.80947,0.80947,0.80947
1782652860000,0.80947,0.80947,0.80947,0.80947
1782652920000,0.80947,0.80947,0.80947,0.80947
1782652980000,0.80947,0.80947,0.80947,0.80947
1782653040000,0.80947,0.80947,0.80947,0.80947
1782653100000,0.80947,0.80947,0.80947,0.80947
1782653160000,0.80947,0.80947,0.80947,0.80947
1782653220000,0.80947,0.80947,0.80947,0.80947
1782653280000,0.80947,0.80947,0.80947,0.80947
1782653340000,0.80947,0.80947,0.80947,0.80947
1782653400000,0.80947,0.80947,0.80947,0.80947
1782653460000,0.80947,0.80947,0.80947,0.80947
1782653520000,0.80947,0.80947,0.80947,0.80947
1782653580000,0.80947,0.80947,0.80947,0.80947
1782653640000,0.80947,0.80947,0.80947,0.80947
1782653700000,0.80947,0.80947,0.80947,0.80947
1782653760000,0.80947,0.80947,0.80947,0.80947
1782653820000,0.80947,0.80947,0.80947,0.80947
1782653880000,0.80947,0.80947,0.80947,0.80947
1782653940000,0.80947,0.80947,0.80947,0.80947
1782654000000,0.80947,0.80947,0.80947,0.80947
1782654060000,0.80947,0.80947,0.80947,0.80947
1782654120000,0.80947,0.80947,0.80947,0.80947
1782654180000,0.80947,0.80947,0.80947,0.80947
1782654240000,0.80947,0.80947,0.80947,0.80947
1782654300000,0.80947,0.80947,0.80947,0.80947
1782654360000,0.80947,0.80947,0.80947,0.80947
1782654420000,0.80947,0.80947,0.80947,0.80947
1782654480000,0.80947,0.80947,0.80947,0.80947
1782654540000,0.80947,0.80947,0.80947,0.80947
1782654600000,0.80947,0.80947,0.80947,0.80947
1782654660000,0.80947,0.80947,0.80947,0.80947
1782654720000,0.80947,0.80947,0.80947,0.80947
1782654780000,0.80947,0.80947,0.80947,0.80947
1782654840000,0.80947,0.80947,0.80947,0.80947
1782654900000,0.80947,0.80947,0.80947,0.80947
1782654960000,0.80947,0.80947,0.80947,0.80947
1782655020000,0.80947,0.80947,0.80947,0.80947
1782655080000,0.80947,0.80947,0.80947,0.80947
1782655140000,0.80947,0.80947,0.80947,0.80947
1782655200000,0.80947,0.80947,0.80947,0.80947
1782655260000,0.80947,0.80947,0.80947,0.80947
1782655320000,0.80947,0.80947,0.80947,0.80947
1782655380000,0.80947,0.80947,0.80947,0.80947
1782655440000,0.80947,0.80947,0.80947,0.80947
1782655500000,0.80947,0.80947,0.80947,0.80947
1782655560000,0.80947,0.80947,0.80947,0.80947
1782655620000,0.80947,0.80947,0.80947,0.80947
1782655680000,0.80947,0.80947,0.80947,0.80947
1782655740000,0.80947,0.80947,0.80947,0.80947
1782655800000,0.80947,0.80947,0.80947,0.80947
1782655860000,0.80947,0.80947,0.80947,0.80947
1782655920000,0.80947,0.80947,0.80947,0.80947
1782655980000,0.80947,0.80947,0.80947,0.80947
1782656040000,0.80947,0.80947,0.80947,0.80947
1782656100000,0.80947,0.80947,0.80947,0.80947
1782656160000,0.80947,0.80947,0.80947,0.80947
1782656220000,0.80947,0.80947,0.80947,0.80947
1782656280000,0.80947,0.80947,0.80947,0.80947
1782656340000,0.80947,0.80947,0.80947,0.80947
1782656400000,0.80947,0.80947,0.80947,0.80947
1782656460000,0.80947,0.80947,0.80947,0.80947
1782656520000,0.80947,0.80947,0.80947,0.80947
1782656580000,0.80947,0.80947,0.80947,0.80947
1782656640000,0.80947,0.80947,0.80947,0.80947
1782656700000,0.80947,0.80947,0.80947,0.80947
1782656760000,0.80947,0.80947,0.80947,0.80947
1782656820000,0.80947,0.80947,0.80947,0.80947
1782656880000,0.80947,0.80947,0.80947,0.80947
1782656940000,0.80947,0.80947,0.80947,0.80947
1782657000000,0.80947,0.80947,0.80947,0.80947
1782657060000,0.80947,0.80947,0.80947,0.80947
1782657120000,0.80947,0.80947,0.80947,0.80947
1782657180000,0.80947,0.80947,0.80947,0.80947
1782657240000,0.80947,0.80947,0.80947,0.80947
1782657300000,0.80947,0.80947,0.80947,0.80947
1782657360000,0.80947,0.80947,0.80947,0.80947
1782657420000,0.80947,0.80947,0.80947,0.80947
1782657480000,0.80947,0.80947,0.80947,0.80947
1782657540000,0.80947,0.80947,0.80947,0.80947
1782657600000,0.80947,0.80947,0.80947,0.80947
1782657660000,0.80947,0.80947,0.80947,0.80947
1782657720000,0.80947,0.80947,0.80947,0.80947
1782657780000,0.80947,0.80947,0.80947,0.80947
1782657840000,0.80947,0.80947,0.80947,0.80947
1782657900000,0.80947,0.80947,0.80947,0.80947
1782657960000,0.80947,0.80947,0.80947,0.80947
1782658020000,0.80947,0.80947,0.80947,0.80947
1782658080000,0.80947,0.80947,0.80947,0.80947
1782658140000,0.80947,0.80947,0.80947,0.80947
1782658200000,0.80947,0.80947,0.80947,0.80947
1782658260000,0.80947,0.80947,0.80947,0.80947
1782658320000,0.80947,0.80947,0.80947,0.80947
1782658380000,0.80947,0.80947,0.80947,0.80947
1782658440000,0.80947,0.80947,0.80947,0.80947
1782658500000,0.80947,0.80947,0.80947,0.80947
1782658560000,0.80947,0.80947,0.80947,0.80947
1782658620000,0.80947,0.80947,0.80947,0.80947
1782658680000,0.80947,0.80947,0.80947,0.80947
1782658740000,0.80947,0.80947,0.80947,0.80947
1782658800000,0.80947,0.80947,0.80947,0.80947
1782658860000,0.80947,0.80947,0.80947,0.80947
1782658920000,0.80947,0.80947,0.80947,0.80947
1782658980000,0.80947,0.80947,0.80947,0.80947
1782659040000,0.80947,0.80947,0.80947,0.80947
1782659100000,0.80947,0.80947,0.80947,0.80947
1782659160000,0.80947,0.80947,0.80947,0.80947
1782659220000,0.80947,0.80947,0.80947,0.80947
1782659280000,0.80947,0.80947,0.80947,0.80947
1782659340000,0.80947,0.80947,0.80947,0.80947
1782659400000,0.80947,0.80947,0.80947,0.80947
1782659460000,0.80947,0.80947,0.80947,0.80947
1782659520000,0.80947,0.80947,0.80947,0.80947
1782659580000,0.80947,0.80947,0.80947,0.80947
1782659640000,0.80947,0.80947,0.80947,0.80947
1782659700000,0.80947,0.80947,0.80947,0.80947
1782659760000,0.80947,0.80947,0.80947,0.80947
1782659820000,0.80947,0.80947,0.80947,0.80947
1782659880000,0.80947,0.80947,0.80947,0.80947
1782659940000,0.80947,0.80947,0.80947,0.80947
1782660000000,0.80947,0.80947,0.80947,0.80947
1782660060000,0.80947,0.80947,0.80947,0.80947
1782660120000,0.80947,0.80947,0.80947,0.80947
1782660180000,0.80947,0.80947,0.80947,0.80947
1782660240000,0.80947,0.80947,0.80947,0.80947
1782660300000,0.80947,0.80947,0.80947,0.80947
1782660360000,0.80947,0.80947,0.80947,0.80947
1782660420000,0.80947,0.80947,0.80947,0.80947
1782660480000,0.80947,0.80947,0.80947,0.80947
1782660540000,0.80947,0.80947,0.80947,0.80947
1782660600000,0.80947,0.80947,0.80947,0.80947
1782660660000,0.80947,0.80947,0.80947,0.80947
1782660720000,0.80947,0.80947,0.80947,0.80947
1782660780000,0.80947,0.80947,0.80947,0.80947
1782660840000,0.80947,0.80947,0.80947,0.80947
1782660900000,0.80947,0.80947,0.80947,0.80947
1782660960000,0.80947,0.80947,0.80947,0.80947
1782661020000,0.80947,0.80947,0.80947,0.80947
1782661080000,0.80947,0.80947,0.80947,0.80947
1782661140000,0.80947,0.80947,0.80947,0.80947
1782661200000,0.80947,0.80947,0.80947,0.80947
1782661260000,0.80947,0.80947,0.80947,0.80947
1782661320000,0.80947,0.80947,0.80947,0.80947
1782661380000,0.80947,0.80947,0.80947,0.80947
1782661440000,0.80947,0.80947,0.80947,0.80947
1782661500000,0.80947,0.80947,0.80947,0.80947
1782661560000,0.80947,0.80947,0.80947,0.80947
1782661620000,0.80947,0.80947,0.80947,0.80947
1782661680000,0.80947,0.80947,0.80947,0.80947
1782661740000,0.80947,0.80947,0.80947,0.80947
1782661800000,0.80947,0.80947,0.80947,0.80947
1782661860000,0.80947,0.80947,0.80947,0.80947
1782661920000,0.80947,0.80947,0.80947,0.80947
1782661980000,0.80947,0.80947,0.80947,0.80947
1782662040000,0.80947,0.80947,0.80947,0.80947
1782662100000,0.80947,0.80947,0.80947,0.80947
1782662160000,0.80947,0.80947,0.80947,0.80947
1782662220000,0.80947,0.80947,0.80947,0.80947
1782662280000,0.80947,0.80947,0.80947,0.80947
1782662340000,0.80947,0.80947,0.80947,0.80947
1782662400000,0.80947,0.80947,0.80947,0.80947
1782662460000,0.80947,0.80947,0.80947,0.80947
1782662520000,0.80947,0.80947,0.80947,0.80947
1782662580000,0.80947,0.80947,0.80947,0.80947
1782662640000,0.80947,0.80947,0.80947,0.80947
1782662700000,0.80947,0.80947,0.80947,0.80947
1782662760000,0.80947,0.80947,0.80947,0.80947
1782662820000,0.80947,0.80947,0.80947,0.80947
1782662880000,0.80947,0.80947,0.80947,0.80947
1782662940000,0.80947,0.80947,0.80947,0.80947
1782663000000,0.80947,0.80947,0.80947,0.80947
1782663060000,0.80947,0.80947,0.80947,0.80947
1782663120000,0.80947,0.80947,0.80947,0.80947
1782663180000,0.80947,0.80947,0.80947,0.80947
1782663240000,0.80947,0.80947,0.80947,0.80947
1782663300000,0.80947,0.80947,0.80947,0.80947
1782663360000,0.80947,0.80947,0.80947,0.80947
1782663420000,0.80947,0.80947,0.80947,0.80947
1782663480000,0.80947,0.80947,0.80947,0.80947
1782663540000,0.80947,0.80947,0.80947,0.80947
1782663600000,0.80947,0.80947,0.80947,0.80947
1782663660000,0.80947,0.80947,0.80947,0.80947
1782663720000,0.80947,0.80947,0.80947,0.80947
1782663780000,0.80947,0.80947,0.80947,0.80947
1782663840000,0.80947,0.80947,0.80947,0.80947
1782663900000,0.80947,0.80947,0.80947,0.80947
1782663960000,0.80947,0.80947,0.80947,0.80947
1782664020000,0.80947,0.80947,0.80947,0.80947
1782664080000,0.80947,0.80947,0.80947,0.80947
1782664140000,0.80947,0.80947,0.80947,0.80947
1782664200000,0.80947,0.80947,0.80947,0.80947
1782664260000,0.80947,0.80947,0.80947,0.80947
1782664320000,0.80947,0.80947,0.80947,0.80947
1782664380000,0.80947,0.80947,0.80947,0.80947
1782664440000,0.80947,0.80947,0.80947,0.80947
1782664500000,0.80947,0.80947,0.80947,0.80947
1782664560000,0.80947,0.80947,0.80947,0.80947
1782664620000,0.80947,0.80947,0.80947,0.80947
1782664680000,0.80947,0.80947,0.80947,0.80947
1782664740000,0.80947,0.80947,0.80947,0.80947
1782664800000,0.80947,0.80947,0.80947,0.80947
1782664860000,0.80947,0.80947,0.80947,0.80947
1782664920000,0.80947,0.80947,0.80947,0.80947
1782664980000,0.80947,0.80947,0.80947,0.80947
1782665040000,0.80947,0.80947,0.80947,0.80947
1782665100000,0.80947,0.80947,0.80947,0.80947
1782665160000,0.80947,0.80947,0.80947,0.80947
1782665220000,0.80947,0.80947,0.80947,0.80947
1782665280000,0.80947,0.80947,0.80947,0.80947
1782665340000,0.80947,0.80947,0.80947,0.80947
1782665400000,0.80947,0.80947,0.80947,0.80947
1782665460000,0.80947,0.80947,0.80947,0.80947
1782665520000,0.80947,0.80947,0.80947,0.80947
1782665580000,0.80947,0.80947,0.80947,0.80947
1782665640000,0.80947,0.80947,0.80947,0.80947
1782665700000,0.80947,0.80947,0.80947,0.80947
1782665760000,0.80947,0.80947,0.80947,0.80947
1782665820000,0.80947,0.80947,0.80947,0.80947
1782665880000,0.80947,0.80947,0.80947,0.80947
1782665940000,0.80947,0.80947,0.80947,0.80947
1782666000000,0.80947,0.80947,0.80947,0.80947
1782666060000,0.80947,0.80947,0.80947,0.80947
1782666120000,0.80947,0.80947,0.80947,0.80947
1782666180000,0.80947,0.80947,0.80947,0.80947
1782666240000,0.80947,0.80947,0.80947,0.80947
1782666300000,0.80947,0.80947,0.80947,0.80947
1782666360000,0.80947,0.80947,0.80947,0.80947
1782666420000,0.80947,0.80947,0.80947,0.80947
1782666480000,0.80947,0.80947,0.80947,0.80947
1782666540000,0.80947,0.80947,0.80947,0.80947
1782666600000,0.80947,0.80947,0.80947,0.80947
1782666660000,0.80947,0.80947,0.80947,0.80947
1782666720000,0.80947,0.80947,0.80947,0.80947
1782666780000,0.80947,0.80947,0.80947,0.80947
1782666840000,0.80947,0.80947,0.80947,0.80947
1782666900000,0.80947,0.80947,0.80947,0.80947
1782666960000,0.80947,0.80947,0.80947,0.80947
1782667020000,0.80947,0.80947,0.80947,0.80947
1782667080000,0.80947,0.80947,0.80947,0.80947
1782667140000,0.80947,0.80947,0.80947,0.80947
1782667200000,0.80947,0.80947,0.80947,0.80947
1782667260000,0.80947,0.80947,0.80947,0.80947
1782667320000,0.80947,0.80947,0.80947,0.80947
1782667380000,0.80947,0.80947,0.80947,0.80947
1782667440000,0.80947,0.80947,0.80947,0.80947
1782667500000,0.80947,0.80947,0.80947,0.80947
1782667560000,0.80947,0.80947,0.80947,0.80947
1782667620000,0.80947,0.80947,0.80947,0.80947
1782667680000,0.80947,0.80947,0.80947,0.80947
1782667740000,0.80947,0.80947,0.80947,0.80947
1782667800000,0.80947,0.80947,0.80947,0.80947
1782667860000,0.80947,0.80947,0.80947,0.80947
1782667920000,0.80947,0.80947,0.80947,0.80947
1782667980000,0.80947,0.80947,0.80947,0.80947
1782668040000,0.80947,0.80947,0.80947,0.80947
1782668100000,0.80947,0.80947,0.80947,0.80947
1782668160000,0.80947,0.80947,0.80947,0.80947
1782668220000,0.80947,0.80947,0.80947,0.80947
1782668280000,0.80947,0.80947,0.80947,0.80947
1782668340000,0.80947,0.80947,0.80947,0.80947
1782668400000,0.80947,0.80947,0.80947,0.80947
1782668460000,0.80947,0.80947,0.80947,0.80947
1782668520000,0.80947,0.80947,0.80947,0.80947
1782668580000,0.80947,0.80947,0.80947,0.80947
1782668640000,0.80947,0.80947,0.80947,0.80947
1782668700000,0.80947,0.80947,0.80947,0.80947
1782668760000,0.80947,0.80947,0.80947,0.80947
1782668820000,0.80947,0.80947,0.80947,0.80947
1782668880000,0.80947,0.80947,0.80947,0.80947
1782668940000,0.80947,0.80947,0.80947,0.80947
1782669000000,0.80947,0.80947,0.80947,0.80947
1782669060000,0.80947,0.80947,0.80947,0.80947
1782669120000,0.80947,0.80947,0.80947,0.80947
1782669180000,0.80947,0.80947,0.80947,0.80947
1782669240000,0.80947,0.80947,0.80947,0.80947
1782669300000,0.80947,0.80947,0.80947,0.80947
1782669360000,0.80947,0.80947,0.80947,0.80947
1782669420000,0.80947,0.80947,0.80947,0.80947
1782669480000,0.80947,0.80947,0.80947,0.80947
1782669540000,0.80947,0.80947,0.80947,0.80947
1782669600000,0.80947,0.80947,0.80947,0.80947
1782669660000,0.80947,0.80947,0.80947,0.80947
1782669720000,0.80947,0.80947,0.80947,0.80947
1782669780000,0.80947,0.80947,0.80947,0.80947
1782669840000,0.80947,0.80947,0.80947,0.80947
1782669900000,0.80947,0.80947,0.80947,0.80947
1782669960000,0.80947,0.80947,0.80947,0.80947
1782670020000,0.80947,0.80947,0.80947,0.80947
1782670080000,0.80947,0.80947,0.80947,0.80947
1782670140000,0.80947,0.80947,0.80947,0.80947
1782670200000,0.80947,0.80947,0.80947,0.80947
1782670260000,0.80947,0.80947,0.80947,0.80947
1782670320000,0.80947,0.80947,0.80947,0.80947
1782670380000,0.80947,0.80947,0.80947,0.80947
1782670440000,0.80947,0.80947,0.80947,0.80947
1782670500000,0.80947,0.80947,0.80947,0.80947
1782670560000,0.80947,0.80947,0.80947,0.80947
1782670620000,0.80947,0.80947,0.80947,0.80947
1782670680000,0.80947,0.80947,0.80947,0.80947
1782670740000,0.80947,0.80947,0.80947,0.80947
1782670800000,0.80947,0.80947,0.80947,0.80947
1782670860000,0.80947,0.80947,0.80947,0.80947
1782670920000,0.80947,0.80947,0.80947,0.80947
1782670980000,0.80947,0.80947,0.80947,0.80947
1782671040000,0.80947,0.80947,0.80947,0.80947
1782671100000,0.80947,0.80947,0.80947,0.80947
1782671160000,0.80947,0.80947,0.80947,0.80947
1782671220000,0.80947,0.80947,0.80947,0.80947
1782671280000,0.80947,0.80947,0.80947,0.80947
1782671340000,0.80947,0.80947,0.80947,0.80947
1782671400000,0.80947,0.80947,0.80947,0.80947
1782671460000,0.80947,0.80947,0.80947,0.80947
1782671520000,0.80947,0.80947,0.80947,0.80947
1782671580000,0.80947,0.80947,0.80947,0.80947
1782671640000,0.80947,0.80947,0.80947,0.80947
1782671700000,0.80947,0.80947,0.80947,0.80947
1782671760000,0.80947,0.80947,0.80947,0.80947
1782671820000,0.80947,0.80947,0.80947,0.80947
1782671880000,0.80947,0.80947,0.80947,0.80947
1782671940000,0.80947,0.80947,0.80947,0.80947
1782672000000,0.80947,0.80947,0.80947,0.80947
1782672060000,0.80947,0.80947,0.80947,0.80947
1782672120000,0.80947,0.80947,0.80947,0.80947
1782672180000,0.80947,0.80947,0.80947,0.80947
1782672240000,0.80947,0.80947,0.80947,0.80947
1782672300000,0.80947,0.80947,0.80947,0.80947
1782672360000,0.80947,0.80947,0.80947,0.80947
1782672420000,0.80947,0.80947,0.80947,0.80947
1782672480000,0.80947,0.80947,0.80947,0.80947
1782672540000,0.80947,0.80947,0.80947,0.80947
1782672600000,0.80947,0.80947,0.80947,0.80947
1782672660000,0.80947,0.80947,0.80947,0.80947
1782672720000,0.80947,0.80947,0.80947,0.80947
1782672780000,0.80947,0.80947,0.80947,0.80947
1782672840000,0.80947,0.80947,0.80947,0.80947
1782672900000,0.80947,0.80947,0.80947,0.80947
1782672960000,0.80947,0.80947,0.80947,0.80947
1782673020000,0.80947,0.80947,0.80947,0.80947
1782673080000,0.80947,0.80947,0.80947,0.80947
1782673140000,0.80947,0.80947,0.80947,0.80947
1782673200000,0.80947,0.80947,0.80947,0.80947
1782673260000,0.80947,0.80947,0.80947,0.80947
1782673320000,0.80947,0.80947,0.80947,0.80947
1782673380000,0.80947,0.80947,0.80947,0.80947
1782673440000,0.80947,0.80947,0.80947,0.80947
1782673500000,0.80947,0.80947,0.80947,0.80947
1782673560000,0.80947,0.80947,0.80947,0.80947
1782673620000,0.80947,0.80947,0.80947,0.80947
1782673680000,0.80947,0.80947,0.80947,0.80947
1782673740000,0.80947,0.80947,0.80947,0.80947
1782673800000,0.80947,0.80947,0.80947,0.80947
1782673860000,0.80947,0.80947,0.80947,0.80947
1782673920000,0.80947,0.80947,0.80947,0.80947
1782673980000,0.80947,0.80947,0.80947,0.80947
1782674040000,0.80947,0.80947,0.80947,0.80947
1782674100000,0.80947,0.80947,0.80947,0.80947
1782674160000,0.80947,0.80947,0.80947,0.80947
1782674220000,0.80947,0.80947,0.80947,0.80947
1782674280000,0.80947,0.80947,0.80947,0.80947
1782674340000,0.80947,0.80947,0.80947,0.80947
1782674400000,0.80947,0.80947,0.80947,0.80947
1782674460000,0.80947,0.80947,0.80947,0.80947
1782674520000,0.80947,0.80947,0.80947,0.80947
1782674580000,0.80947,0.80947,0.80947,0.80947
1782674640000,0.80947,0.80947,0.80947,0.80947
1782674700000,0.80947,0.80947,0.80947,0.80947
1782674760000,0.80947,0.80947,0.80947,0.80947
1782674820000,0.80947,0.80947,0.80947,0.80947
1782674880000,0.80947,0.80947,0.80947,0.80947
1782674940000,0.80947,0.80947,0.80947,0.80947
1782675000000,0.80947,0.80947,0.80947,0.80947
1782675060000,0.80947,0.80947,0.80947,0.80947
1782675120000,0.80947,0.80947,0.80947,0.80947
1782675180000,0.80947,0.80947,0.80947,0.80947
1782675240000,0.80947,0.80947,0.80947,0.80947
1782675300000,0.80947,0.80947,0.80947,0.80947
1782675360000,0.80947,0.80947,0.80947,0.80947
1782675420000,0.80947,0.80947,0.80947,0.80947
1782675480000,0.80947,0.80947,0.80947,0.80947
1782675540000,0.80947,0.80947,0.80947,0.80947
1782675600000,0.80947,0.80947,0.80947,0.80947
1782675660000,0.80947,0.80947,0.80947,0.80947
1782675720000,0.80947,0.80947,0.80947,0.80947
1782675780000,0.80947,0.80947,0.80947,0.80947
1782675840000,0.80947,0.80947,0.80947,0.80947
1782675900000,0.80947,0.80947,0.80947,0.80947
1782675960000,0.80947,0.80947,0.80947,0.80947
1782676020000,0.80947,0.80947,0.80947,0.80947
1782676080000,0.80947,0.80947,0.80947,0.80947
1782676140000,0.80947,0.80947,0.80947,0.80947
1782676200000,0.80947,0.80947,0.80947,0.80947
1782676260000,0.80947,0.80947,0.80947,0.80947
1782676320000,0.80947,0.80947,0.80947,0.80947
1782676380000,0.80947,0.80947,0.80947,0.80947
1782676440000,0.80947,0.80947,0.80947,0.80947
1782676500000,0.80947,0.80947,0.80947,0.80947
1782676560000,0.80947,0.80947,0.80947,0.80947
1782676620000,0.80947,0.80947,0.80947,0.80947
1782676680000,0.80947,0.80947,0.80947,0.80947
1782676740000,0.80947,0.80947,0.80947,0.80947
1782676800000,0.80947,0.80947,0.80947,0.80947
1782676860000,0.80947,0.80947,0.80947,0.80947
1782676920000,0.80947,0.80947,0.80947,0.80947
1782676980000,0.80947,0.80947,0.80947,0.80947
1782677040000,0.80947,0.80947,0.80947,0.80947
1782677100000,0.80947,0.80947,0.80947,0.80947
1782677160000,0.80947,0.80947,0.80947,0.80947
1782677220000,0.80947,0.80947,0.80947,0.80947
1782677280000,0.80947,0.80947,0.80947,0.80947
1782677340000,0.80947,0.80947,0.80947,0.80947
1782677400000,0.80947,0.80947,0.80947,0.80947
1782677460000,0.80947,0.80947,0.80947,0.80947
1782677520000,0.80947,0.80947,0.80947,0.80947
1782677580000,0.80947,0.80947,0.80947,0.80947
1782677640000,0.80947,0.80947,0.80947,0.80947
1782677700000,0.80947,0.80947,0.80947,0.80947
1782677760000,0.80947,0.80947,0.80947,0.80947
1782677820000,0.80947,0.80947,0.80947,0.80947
1782677880000,0.80947,0.80947,0.80947,0.80947
1782677940000,0.80947,0.80947,0.80947,0.80947
1782678000000,0.80947,0.80947,0.80947,0.80947
1782678060000,0.80947,0.80947,0.80947,0.80947
1782678120000,0.80947,0.80947,0.80947,0.80947
1782678180000,0.80947,0.80947,0.80947,0.80947
1782678240000,0.80947,0.80947,0.80947,0.80947
1782678300000,0.80947,0.80947,0.80947,0.80947
1782678360000,0.80947,0.80947,0.80947,0.80947
1782678420000,0.80947,0.80947,0.80947,0.80947
1782678480000,0.80947,0.80947,0.80947,0.80947
1782678540000,0.80947,0.80947,0.80947,0.80947
1782678600000,0.80947,0.80947,0.80947,0.80947
1782678660000,0.80947,0.80947,0.80947,0.80947
1782678720000,0.80947,0.80947,0.80947,0.80947
1782678780000,0.80947,0.80947,0.80947,0.80947
1782678840000,0.80947,0.80947,0.80947,0.80947
1782678900000,0.80947,0.80947,0.80947,0.80947
1782678960000,0.80947,0.80947,0.80947,0.80947
1782679020000,0.80947,0.80947,0.80947,0.80947
1782679080000,0.80947,0.80947,0.80947,0.80947
1782679140000,0.80947,0.80947,0.80947,0.80947
1782679200000,0.80947,0.80947,0.80947,0.80947
1782679260000,0.80947,0.80947,0.80947,0.80947
1782679320000,0.80947,0.80947,0.80947,0.80947
1782679380000,0.80947,0.80947,0.80947,0.80947
1782679440000,0.80947,0.80947,0.80947,0.80947
1782679500000,0.80947,0.80947,0.80947,0.80947
1782679560000,0.80947,0.80947,0.80947,0.80947
1782679620000,0.80947,0.80947,0.80947,0.80947
1782679680000,0.80947,0.80947,0.80947,0.80947
1782679740000,0.80947,0.80947,0.80947,0.80947
1782679800000,0.80947,0.80947,0.80947,0.80947
1782679860000,0.80947,0.80947,0.80947,0.80947
1782679920000,0.80947,0.80947,0.80947,0.80947
1782679980000,0.80947,0.80947,0.80947,0.80947
1782680040000,0.80947,0.80947,0.80947,0.80947
1782680100000,0.80947,0.80947,0.80947,0.80947
1782680160000,0.80947,0.80947,0.80947,0.80947
1782680220000,0.80947,0.80947,0.80947,0.80947
1782680280000,0.80947,0.80947,0.80947,0.80947
1782680340000,0.80947,0.80947,0.80947,0.80947
1782680400000,0.80947,0.80947,0.80947,0.80947
1782680460000,0.80947,0.80947,0.80947,0.80947
1782680520000,0.80992,0.80992,0.80992,0.80992
1782680580000,0.80992,0.80992,0.80992,0.80992
1782680640000,0.80992,0.80992,0.80992,0.80992
1782680700000,0.80975,0.80996,0.80975,0.80977
1782680760000,0.80975,0.80975,0.80975,0.80975
1782680820000,0.80975,0.80975,0.80975,0.80975
1782680880000,0.80975,0.80975,0.80975,0.80975
1782680940000,0.80987,0.8099,0.80987,0.8099
1782681000000,0.8099,0.8099,0.80989,0.80989
1782681060000,0.80986,0.8099,0.80984,0.8099
1782681120000,0.80983,0.8099,0.80983,0.8099
1782681180000,0.8099,0.8099,0.8099,0.8099
1782681240000,0.80983,0.80984,0.80983,0.80984
1782681300000,0.80985,0.8099,0.80985,0.80989
1782681360000,0.8099,0.8099,0.8099,0.8099
1782681420000,0.80981,0.80983,0.80981,0.80983
1782681480000,0.80984,0.80984,0.80984,0.80984
1782681540000,0.80985,0.80985,0.80985,0.80985
1782681600000,0.80985,0.8099,0.80983,0.8099
1782681660000,0.8099,0.80991,0.8099,0.80991
1782681720000,0.8099,0.80991,0.80988,0.80991
1782681780000,0.80992,0.80992,0.80992,0.80992
1782681840000,0.80991,0.80991,0.80991,0.80991
1782681900000,0.80992,0.80992,0.80992,0.80992
1782681960000,0.80992,0.80992,0.80992,0.80992
1782682020000,0.80993,0.80994,0.80993,0.80994
1782682080000,0.80994,0.80994,0.80994,0.80994
1782682140000,0.80994,0.80994,0.80994,0.80994
1782682200000,0.80994,0.80994,0.80994,0.80994
1782682260000,0.80994,0.80994,0.80991,0.80991
1782682320000,0.80992,0.80992,0.80992,0.80992
1782682380000,0.80991,0.80993,0.8099,0.8099
1782682440000,0.8099,0.8099,0.8099,0.8099
1782682500000,0.80992,0.80992,0.80992,0.80992
1782682560000,0.80994,0.80995,0.80994,0.80995
1782682620000,0.80995,0.80995,0.80995,0.80995
1782682680000,0.8099,0.8099,0.8099,0.8099
1782682740000,0.8099,0.8099,0.8099,0.8099
1782682800000,0.8099,0.80995,0.8099,0.80995
1782682860000,0.8099,0.8099,0.8099,0.8099
1782682920000,0.8099,0.8099,0.8099,0.8099
1782682980000,0.8099,0.8099,0.8099,0.8099
1782683040000,0.8099,0.8099,0.8099,0.8099
1782683100000,0.8099,0.80995,0.8099,0.80995
1782683160000,0.8099,0.8099,0.8099,0.8099
1782683220000,0.8099,0.80991,0.8099,0.80991
1782683280000,0.8099,0.80995,0.80989,0.80995
1782683340000,0.8099,0.8099,0.8099,0.8099
1782683400000,0.8099,0.81,0.8099,0.81
1782683460000,0.81,0.81,0.81,0.81
1782683520000,0.81,0.81,0.81,0.81
1782683580000,0.81,0.81,0.81,0.81
1782683640000,0.80999,0.81,0.80999,0.81
1782683700000,0.81,0.81,0.80999,0.81
1782683760000,0.81,0.81,0.81,0.81
1782683820000,0.81,0.81,0.81,0.81
1782683880000,0.81001,0.81001,0.80999,0.81
1782683940000,0.81,0.81,0.81,0.81
1782684000000,0.81006,0.81006,0.80995,0.81002
1782684060000,0.81002,0.81002,0.81,0.81001
1782684120000,0.81003,0.81023,0.80995,0.80999
1782684180000,0.81018,0.81018,0.80996,0.80996
1782684240000,0.80997,0.80997,0.80995,0.80995
1782684300000,0.80996,0.81,0.80996,0.81
1782684360000,0.80999,0.81001,0.80997,0.80997
1782684420000,0.80996,0.80997,0.80996,0.80997
1782684480000,0.80998,0.80999,0.80997,0.80999
1782684540000,0.80997,0.81002,0.80997,0.80999
1782684600000,0.81001,0.81002,0.80998,0.80998
1782684660000,0.80999,0.81005,0.80999,0.81005
1782684720000,0.81005,0.81006,0.81002,0.81006
1782684780000,0.81007,0.81023,0.81007,0.81023
1782684840000,0.81022,0.81022,0.81015,0.81018
1782684900000,0.81019,0.81026,0.81017,0.81024
1782684960000,0.81025,0.81026,0.81023,0.81024
1782685020000,0.81024,0.81024,0.81015,0.81018
1782685080000,0.81018,0.81026,0.81018,0.81026
1782685140000,0.81026,0.81027,0.81026,0.81027
1782685200000,0.81029,0.81032,0.81026,0.81032
1782685260000,0.81031,0.81031,0.81028,0.81029
1782685320000,0.81027,0.81028,0.81026,0.81028
1782685380000,0.81029,0.81029,0.81024,0.81027
1782685440000,0.81028,0.81029,0.81025,0.81029
1782685500000,0.81031,0.81032,0.81026,0.81026
1782685560000,0.81026,0.81028,0.81025,0.81027
1782685620000,0.81026,0.81027,0.81026,0.81026
1782685680000,0.81024,0.81024,0.81016,0.81021
1782685740000,0.81019,0.81021,0.81016,0.8102
1782685800000,0.81018,0.8102,0.81015,0.81015
1782685860000,0.81017,0.81017,0.81013,0.81017
1782685920000,0.81016,0.81018,0.81015,0.81015
1782685980000,0.81016,0.81016,0.81014,0.81016
1782686040000,0.81014,0.81018,0.81014,0.81017
1782686100000,0.81018,0.8102,0.81017,0.81017
1782686160000,0.81019,0.81019,0.81016,0.81018
1782686220000,0.81015,0.81019,0.81014,0.81014
1782686280000,0.81012,0.81015,0.8101,0.81013
1782686340000,0.81014,0.81015,0.81013,0.81013
1782686400000,0.81011,0.81011,0.81008,0.81008
1782686460000,0.8101,0.81011,0.81007,0.81009
1782686520000,0.81007,0.81015,0.81006,0.81013
1782686580000,0.81013,0.8102,0.81011,0.81013
1782686640000,0.81012,0.81012,0.81007,0.81011
1782686700000,0.81011,0.81013,0.81009,0.81009
1782686760000,0.81007,0.8101,0.81007,0.81009
1782686820000,0.81005,0.8101,0.81005,0.8101
1782686880000,0.81008,0.81008,0.81004,0.81007
1782686940000,0.81008,0.81008,0.81002,0.81002
1782687000000,0.81004,0.81004,0.81,0.81004
1782687060000,0.81004,0.81004,0.81002,0.81002
1782687120000,0.81004,0.81012,0.81004,0.81012
1782687180000,0.81011,0.81012,0.81006,0.8101
1782687240000,0.81009,0.81009,0.81006,0.81007
1782687300000,0.81007,0.81008,0.81002,0.81002
1782687360000,0.80999,0.81006,0.80999,0.81005
1782687420000,0.81006,0.81009,0.81002,0.81009
1782687480000,0.8101,0.8101,0.81005,0.81006
1782687540000,0.81007,0.81007,0.81005,0.81006
1782687600000,0.81007,0.81007,0.80993,0.81
1782687660000,0.80999,0.80999,0.80996,0.80996
1782687720000,0.80998,0.81003,0.80998,0.81003
1782687780000,0.81004,0.81008,0.80999,0.80999
1782687840000,0.80998,0.81,0.80997,0.81
1782687900000,0.81,0.81001,0.81,0.81001
1782687960000,0.81002,0.81005,0.81001,0.81001
1782688020000,0.81001,0.81003,0.81,0.81001
1782688080000,0.81,0.81002,0.80998,0.80999
1782688140000,0.80997,0.80997,0.80994,0.80995
1782688200000,0.80995,0.80997,0.80995,0.80996
1782688260000,0.80996,0.81001,0.80995,0.80999
1782688320000,0.80998,0.81001,0.80997,0.81001
1782688380000,0.81,0.81002,0.81,0.81001
1782688440000,0.81003,0.81005,0.81003,0.81005
1782688500000,0.81006,0.81007,0.81005,0.81007
1782688560000,0.81007,0.81007,0.81001,0.81001
1782688620000,0.81003,0.81003,0.81002,0.81002
1782688680000,0.81001,0.81001,0.81001,0.81001
1782688740000,0.81002,0.81006,0.81001,0.81006
1782688800000,0.81006,0.81006,0.81006,0.81006
1782688860000,0.81006,0.81006,0.81006,0.81006
1782688920000,0.81008,0.81008,0.81006,0.81006
1782688980000,0.81006,0.81006,0.81006,0.81006
1782689040000,0.81006,0.81009,0.81006,0.81007
1782689100000,0.81006,0.81006,0.80999,0.81002
1782689160000,0.81003,0.81004,0.81001,0.81001
1782689220000,0.81004,0.81006,0.81004,0.81006
1782689280000,0.81007,0.81009,0.81007,0.81008
1782689340000,0.81009,0.81009,0.81008,0.81009
1782689400000,0.81008,0.81018,0.81008,0.81017
1782689460000,0.81017,0.81026,0.81017,0.81021
1782689520000,0.81021,0.81022,0.81018,0.81019
1782689580000,0.81019,0.81022,0.81019,0.81022
1782689640000,0.81025,0.81025,0.81021,0.81021
1782689700000,0.81019,0.81019,0.81018,0.81019
1782689760000,0.81019,0.81019,0.81016,0.81016
1782689820000,0.81016,0.81016,0.81016,0.81016
1782689880000,0.81015,0.81016,0.81011,0.81011
1782689940000,0.81012,0.81015,0.81012,0.81015
1782690000000,0.81014,0.81015,0.81013,0.81013
1782690060000,0.81012,0.81014,0.81012,0.81013
1782690120000,0.81013,0.81015,0.81013,0.81014
1782690180000,0.81013,0.81013,0.81013,0.81013
1782690240000,0.81012,0.81012,0.81005,0.81005
1782690300000,0.81005,0.81009,0.81002,0.81009
1782690360000,0.81007,0.81008,0.81003,0.81004
1782690420000,0.81005,0.81007,0.81004,0.81005
1782690480000,0.81005,0.81007,0.81005,0.81007
1782690540000,0.81009,0.81009,0.81002,0.81004
1782690600000,0.81005,0.81007,0.81003,0.81004
1782690660000,0.81006,0.81006,0.81002,0.81003
1782690720000,0.81001,0.81003,0.80999,0.81002
1782690780000,0.81003,0.81005,0.81003,0.81003
1782690840000,0.81004,0.81006,0.81003,0.81004
1782690900000,0.81004,0.81005,0.80998,0.80999
1782690960000,0.80999,0.81,0.80997,0.80997
1782691020000,0.80997,0.80999,0.80996,0.80998
1782691080000,0.80998,0.80999,0.80995,0.80997
1782691140000,0.80996,0.81003,0.80996,0.81003
1782691200000,0.81004,0.81016,0.80998,0.81011
1782691260000,0.8101,0.81012,0.80999,0.80999
1782691320000,0.80997,0.81,0.80978,0.80979
1782691380000,0.80979,0.80981,0.80973,0.80973
1782691440000,0.80974,0.80985,0.80974,0.80975
1782691500000,0.80975,0.80984,0.80975,0.80981
1782691560000,0.80981,0.80988,0.8098,0.80987
1782691620000,0.80986,0.80994,0.80986,0.8099
1782691680000,0.8099,0.8099,0.80974,0.80979
1782691740000,0.80975,0.80982,0.80973,0.80977
1782691800000,0.80978,0.80981,0.80971,0.80976
1782691860000,0.80976,0.80976,0.80962,0.80967
1782691920000,0.80969,0.80975,0.80967,0.80967
1782691980000,0.80967,0.80981,0.80966,0.8098
1782692040000,0.8098,0.80987,0.8098,0.80987
1782692100000,0.80987,0.80991,0.80979,0.80989
1782692160000,0.80987,0.80994,0.80984,0.80993
1782692220000,0.80993,0.80993,0.80983,0.80984
1782692280000,0.80985,0.80993,0.80984,0.80984
1782692340000,0.80985,0.80998,0.80985,0.80996
1782692400000,0.80995,0.80996,0.80993,0.80996
1782692460000,0.80994,0.80994,0.80986,0.80991
1782692520000,0.8099,0.8099,0.80984,0.80985
1782692580000,0.80983,0.80988,0.80982,0.80988
1782692640000,0.80986,0.80988,0.80982,0.80986
1782692700000,0.80988,0.80992,0.80985,0.80991
1782692760000,0.8099,0.80996,0.80989,0.80996
1782692820000,0.80995,0.81,0.80992,0.80995
1782692880000,0.80994,0.81,0.80992,0.81
1782692940000,0.81,0.81,0.80992,0.81
1782693000000,0.80999,0.81007,0.80998,0.81006
1782693060000,0.81005,0.81006,0.80989,0.80992
1782693120000,0.80992,0.80994,0.8099,0.8099
1782693180000,0.80991,0.80995,0.80991,0.80993
1782693240000,0.80993,0.80993,0.80989,0.80991
1782693300000,0.80992,0.80998,0.80991,0.80993
1782693360000,0.80992,0.80992,0.80988,0.8099
1782693420000,0.80991,0.80992,0.80983,0.80984
1782693480000,0.80984,0.80984,0.80975,0.80975
1782693540000,0.80977,0.80978,0.80975,0.80978
1782693600000,0.80979,0.8098,0.80974,0.80977
1782693660000,0.80976,0.80983,0.80974,0.80983
1782693720000,0.80981,0.80984,0.80981,0.80982
1782693780000,0.80982,0.80988,0.80981,0.80987
1782693840000,0.80987,0.80987,0.80981,0.80981
1782693900000,0.80982,0.80991,0.80982,0.80988
1782693960000,0.80987,0.80994,0.80986,0.80993
1782694020000,0.80994,0.81004,0.80994,0.81004
1782694080000,0.81003,0.81007,0.80999,0.80999
1782694140000,0.81001,0.81006,0.81001,0.81005
1782694200000,0.81006,0.81006,0.80996,0.81001
1782694260000,0.81002,0.81003,0.80992,0.80993
1782694320000,0.80995,0.81001,0.80995,0.80998
1782694380000,0.81,0.81006,0.80998,0.80998
1782694440000,0.81,0.81002,0.80979,0.80982
1782694500000,0.8098,0.80982,0.80973,0.80974
1782694560000,0.80972,0.80973,0.80969,0.80973
1782694620000,0.80972,0.80976,0.80968,0.80974
1782694680000,0.80975,0.80976,0.80973,0.80976
1782694740000,0.80976,0.80979,0.80974,0.80979
1782694800000,0.80978,0.80978,0.8096,0.80977
1782694860000,0.80977,0.80983,0.80975,0.80983
1782694920000,0.80984,0.80997,0.80984,0.80996
1782694980000,0.80996,0.81004,0.80996,0.81
1782695040000,0.80998,0.80998,0.80994,0.80994
1782695100000,0.80993,0.80995,0.80981,0.80982
1782695160000,0.8098,0.80981,0.80972,0.80975
1782695220000,0.80974,0.80985,0.80974,0.80982
1782695280000,0.80982,0.80988,0.8098,0.80986
1782695340000,0.80985,0.80999,0.80985,0.80994
1782695400000,0.80993,0.80993,0.80988,0.80992
1782695460000,0.80993,0.80999,0.80993,0.80997
1782695520000,0.80996,0.81001,0.80996,0.80997
1782695580000,0.80995,0.80998,0.80991,0.80991
1782695640000,0.80993,0.80998,0.80992,0.80998
1782695700000,0.80998,0.80998,0.80984,0.80985
1782695760000,0.80986,0.81002,0.80985,0.81002
1782695820000,0.81002,0.81005,0.80997,0.81002
1782695880000,0.81002,0.81004,0.81,0.81001
1782695940000,0.81001,0.81002,0.80994,0.80999
1782696000000,0.81,0.81002,0.80994,0.80994
1782696060000,0.80993,0.80993,0.80985,0.80986
1782696120000,0.80986,0.80988,0.80982,0.80982
1782696180000,0.80982,0.80985,0.80973,0.80973
1782696240000,0.80974,0.80982,0.80974,0.80982
1782696300000,0.8098,0.80982,0.80978,0.80981
1782696360000,0.80981,0.80983,0.80975,0.80977
1782696420000,0.80976,0.80984,0.80976,0.80982
1782696480000,0.80981,0.80981,0.80975,0.80977
1782696540000,0.80977,0.80986,0.80977,0.80986
1782696600000,0.80986,0.80995,0.8098,0.80983
1782696660000,0.80984,0.80984,0.80979,0.80979
1782696720000,0.80979,0.80981,0.80973,0.80975
1782696780000,0.80976,0.80982,0.80976,0.80981
1782696840000,0.8098,0.80982,0.80978,0.80978
1782696900000,0.80978,0.80979,0.80971,0.80972
1782696960000,0.80971,0.80973,0.80967,0.80969
1782697020000,0.80968,0.80972,0.80964,0.80971
1782697080000,0.80972,0.80976,0.80972,0.80972
1782697140000,0.80972,0.80977,0.80972,0.80974
1782697200000,0.80973,0.80973,0.80969,0.80969
1782697260000,0.80971,0.80971,0.8096,0.8096
1782697320000,0.80962,0.80965,0.80961,0.80964
1782697380000,0.80965,0.80968,0.80961,0.80968
1782697440000,0.8097,0.80974,0.80969,0.80972
1782697500000,0.80971,0.80984,0.80971,0.80982
1782697560000,0.80982,0.80987,0.80979,0.80987
1782697620000,0.80987,0.80987,0.80983,0.80983
1782697680000,0.80983,0.80984,0.80978,0.80978
1782697740000,0.80978,0.80988,0.80978,0.80988
1782697800000,0.80987,0.80993,0.80987,0.80988
1782697860000,0.80987,0.80992,0.80986,0.80989
1782697920000,0.80988,0.80994,0.80988,0.80994
1782697980000,0.80995,0.80999,0.80995,0.80999
1782698040000,0.80996,0.80999,0.80996,0.80996
1782698100000,0.80998,0.81,0.80996,0.81
1782698160000,0.80998,0.80999,0.80993,0.80998
1782698220000,0.80998,0.81008,0.80997,0.81003
1782698280000,0.81002,0.81003,0.81,0.81003
1782698340000,0.81003,0.81006,0.81003,0.81003
1782698400000,0.81003,0.81005,0.80999,0.81002
1782698460000,0.81,0.81,0.80996,0.80996
1782698520000,0.80996,0.80999,0.80992,0.80993
1782698580000,0.80992,0.81001,0.8099,0.81001
1782698640000,0.81002,0.81002,0.80991,0.80991
1782698700000,0.80991,0.80991,0.80981,0.80982
1782698760000,0.80982,0.80988,0.80981,0.80988
1782698820000,0.80986,0.80987,0.80981,0.80982
1782698880000,0.80983,0.80987,0.80983,0.80986
1782698940000,0.80987,0.80987,0.80985,0.80985
1782699000000,0.80983,0.80985,0.80981,0.80983
1782699060000,0.80981,0.80983,0.80979,0.8098
1782699120000,0.8098,0.80983,0.80979,0.80981
1782699180000,0.8098,0.80988,0.8098,0.80986
1782699240000,0.80984,0.80987,0.80981,0.80983
1782699300000,0.80982,0.80983,0.80979,0.80979
1782699360000,0.80977,0.80977,0.80966,0.80966
1782699420000,0.80968,0.80969,0.80965,0.80966
1782699480000,0.80968,0.80972,0.80967,0.80969
1782699540000,0.80969,0.80974,0.80967,0.80968
1782699600000,0.80967,0.80971,0.80967,0.80967
1782699660000,0.80966,0.80967,0.80956,0.80959
1782699720000,0.8096,0.8096,0.80951,0.80951
1782699780000,0.8095,0.80957,0.8095,0.80956
1782699840000,0.80955,0.80959,0.80953,0.80954
1782699900000,0.80955,0.80958,0.80955,0.80956
1782699960000,0.80956,0.80956,0.80947,0.80947
1782700020000,0.80946,0.80946,0.80938,0.8094
1782700080000,0.8094,0.80943,0.80936,0.80937
1782700140000,0.80936,0.80944,0.80936,0.80943
1782700200000,0.80944,0.8095,0.80944,0.80948
1782700260000,0.80948,0.80949,0.80944,0.80945
1782700320000,0.80945,0.80953,0.80944,0.80951
1782700380000,0.80951,0.80956,0.80949,0.80956
1782700440000,0.80956,0.8096,0.80956,0.80958
1782700500000,0.80956,0.80957,0.80952,0.80955
1782700560000,0.80956,0.80957,0.80955,0.80956
1782700620000,0.80956,0.80962,0.80956,0.80962
1782700680000,0.80962,0.80963,0.8096,0.8096
1782700740000,0.80958,0.80958,0.80956,0.80958
1782700800000,0.80963,0.80967,0.80961,0.80966
1782700860000,0.80965,0.80967,0.8096,0.80961
1782700920000,0.80961,0.80961,0.80956,0.8096
1782700980000,0.8096,0.80962,0.80956,0.80956
1782701040000,0.80957,0.80957,0.80955,0.80955
1782701100000,0.80955,0.80958,0.80953,0.80956
1782701160000,0.80956,0.80966,0.80956,0.80962
1782701220000,0.8096,0.80966,0.80959,0.80964
1782701280000,0.80964,0.80966,0.80963,0.80965
1782701340000,0.80964,0.80966,0.80961,0.80961
1782701400000,0.80962,0.80963,0.8096,0.80963
1782701460000,0.80962,0.80962,0.80958,0.80962
1782701520000,0.80961,0.80961,0.80961,0.80961
1782701580000,0.80961,0.80967,0.80961,0.80966
1782701640000,0.80966,0.80967,0.80965,0.80965
1782701700000,0.80964,0.80965,0.80962,0.80964
1782701760000,0.80964,0.80964,0.80962,0.80963
1782701820000,0.80964,0.80971,0.80961,0.8097
1782701880000,0.8097,0.8097,0.80965,0.80966
1782701940000,0.80966,0.8097,0.80965,0.80968
1782702000000,0.80968,0.80968,0.80961,0.80961
1782702060000,0.8096,0.80965,0.8096,0.80963
1782702120000,0.80965,0.80965,0.80961,0.80961
1782702180000,0.8096,0.80962,0.8096,0.8096
1782702240000,0.80961,0.80961,0.80958,0.80959
1782702300000,0.80958,0.80961,0.80953,0.80961
1782702360000,0.80961,0.80961,0.80955,0.80958
1782702420000,0.8096,0.80961,0.80957,0.80957
1782702480000,0.80958,0.80958,0.80954,0.80957
1782702540000,0.80957,0.80957,0.80955,0.80956
1782702600000,0.80959,0.80959,0.80957,0.80959
1782702660000,0.8096,0.8096,0.80948,0.80949
1782702720000,0.80949,0.8095,0.80944,0.80945
1782702780000,0.80945,0.80946,0.80944,0.80946
1782702840000,0.80947,0.80951,0.80945,0.80951
1782702900000,0.80951,0.80955,0.80951,0.80955
1782702960000,0.80954,0.80958,0.8095,0.80958
1782703020000,0.80957,0.80959,0.80956,0.80958
1782703080000,0.80958,0.80959,0.80957,0.80958
1782703140000,0.80959,0.80959,0.80957,0.80959
1782703200000,0.80961,0.80962,0.80959,0.80959
1782703260000,0.80958,0.80963,0.80958,0.80958
1782703320000,0.80959,0.8096,0.80956,0.8096
1782703380000,0.8096,0.80965,0.8096,0.80964
1782703440000,0.80964,0.80965,0.80962,0.80963
1782703500000,0.80964,0.80964,0.80962,0.80962
1782703560000,0.80962,0.80962,0.80956,0.80957
1782703620000,0.80956,0.80959,0.80956,0.80956
1782703680000,0.80958,0.80958,0.80957,0.80958
1782703740000,0.80959,0.8096,0.80957,0.80957
1782703800000,0.80957,0.80957,0.80951,0.80953
1782703860000,0.80953,0.8096,0.80951,0.80959
1782703920000,0.80959,0.8096,0.80956,0.80956
1782703980000,0.80956,0.80956,0.80956,0.80956
1782704040000,0.80956,0.80956,0.80956,0.80956
1782704100000,0.80954,0.80963,0.80952,0.80958
1782704160000,0.80958,0.8096,0.80955,0.8096
1782704220000,0.80959,0.8096,0.80956,0.80956
1782704280000,0.80957,0.8096,0.80957,0.80959
1782704340000,0.80959,0.8096,0.80959,0.80959
1782704400000,0.80959,0.80959,0.80957,0.80957
1782704460000,0.80956,0.80956,0.80954,0.80956
1782704520000,0.80956,0.80964,0.80956,0.80962
1782704580000,0.80964,0.80966,0.80964,0.80966
1782704640000,0.80966,0.80976,0.80965,0.80972
1782704700000,0.80971,0.80976,0.80971,0.80976
1782704760000,0.80976,0.80978,0.80974,0.80978
1782704820000,0.80978,0.80978,0.80977,0.80977
1782704880000,0.80978,0.80981,0.80978,0.80981
1782704940000,0.80979,0.80985,0.80977,0.80982
1782705000000,0.80982,0.80988,0.80981,0.80988
1782705060000,0.80989,0.80991,0.80981,0.80981
1782705120000,0.80981,0.80982,0.8098,0.80981
1782705180000,0.80981,0.80981,0.80977,0.80979
1782705240000,0.80979,0.80979,0.80975,0.80978
1782705300000,0.80979,0.80984,0.80979,0.8098
1782705360000,0.8098,0.80983,0.80978,0.80983
1782705420000,0.80982,0.80986,0.80981,0.80985
1782705480000,0.80984,0.80995,0.80984,0.80993
1782705540000,0.80993,0.80998,0.80992,0.80998
1782705600000,0.80999,0.80999,0.80985,0.80991
1782705660000,0.80993,0.80994,0.8099,0.80992
1782705720000,0.80991,0.80994,0.80991,0.80994
1782705780000,0.80994,0.80996,0.80993,0.80996
1782705840000,0.80997,0.80998,0.80997,0.80997
1782705900000,0.80997,0.81004,0.80997,0.81
1782705960000,0.80999,0.81001,0.8099,0.80991
1782706020000,0.80988,0.80988,0.80984,0.80987
1782706080000,0.80987,0.80987,0.80986,0.80987
1782706140000,0.80987,0.80989,0.80987,0.80988
1782706200000,0.80989,0.81001,0.80989,0.80997
1782706260000,0.80996,0.80997,0.80995,0.80995
1782706320000,0.80997,0.80997,0.80993,0.80994
1782706380000,0.80995,0.80995,0.80993,0.80994
1782706440000,0.80994,0.80995,0.80993,0.80995
1782706500000,0.80995,0.80996,0.80994,0.80996
1782706560000,0.80995,0.80999,0.80995,0.80997
1782706620000,0.80996,0.80999,0.80995,0.80999
1782706680000,0.81,0.81,0.80999,0.80999
1782706740000,0.80999,0.81002,0.80999,0.81001
1782706800000,0.81003,0.81006,0.81003,0.81006
1782706860000,0.81005,0.81007,0.81002,0.81005
1782706920000,0.81006,0.81006,0.81005,0.81006
1782706980000,0.81006,0.81007,0.81001,0.81005
1782707040000,0.81005,0.81005,0.80999,0.80999
1782707100000,0.80998,0.81,0.80996,0.80996
1782707160000,0.80998,0.80998,0.80994,0.80996
1782707220000,0.80996,0.80996,0.80989,0.8099
1782707280000,0.80989,0.80991,0.80988,0.8099
1782707340000,0.8099,0.8099,0.80988,0.80989
1782707400000,0.80989,0.80989,0.80982,0.80982
1782707460000,0.80982,0.80982,0.8098,0.8098
1782707520000,0.8098,0.80983,0.80979,0.80983
1782707580000,0.80983,0.80984,0.80981,0.80984
1782707640000,0.80985,0.80985,0.80984,0.80985
1782707700000,0.80984,0.80985,0.80982,0.80985
1782707760000,0.80986,0.80989,0.80986,0.80989
1782707820000,0.80988,0.80994,0.80988,0.8099
1782707880000,0.80989,0.80992,0.80986,0.80986
1782707940000,0.80987,0.80989,0.80987,0.80989
1782708000000,0.8099,0.80994,0.8099,0.80992
1782708060000,0.80993,0.80995,0.80991,0.80992
1782708120000,0.80993,0.80998,0.80992,0.80996
1782708180000,0.80996,0.80996,0.80991,0.80991
1782708240000,0.80992,0.80993,0.8099,0.80991
1782708300000,0.80989,0.80995,0.80989,0.80994
1782708360000,0.80992,0.80993,0.8099,0.80991
1782708420000,0.80988,0.8099,0.80987,0.8099
1782708480000,0.80988,0.80989,0.80985,0.80985
1782708540000,0.80985,0.80986,0.80984,0.80986
1782708600000,0.80987,0.80998,0.80987,0.80998
1782708660000,0.80996,0.80996,0.80991,0.80991
1782708720000,0.80993,0.80994,0.80992,0.80994
1782708780000,0.80995,0.80996,0.80993,0.80994
1782708840000,0.80994,0.80997,0.80994,0.80997
1782708900000,0.80998,0.81003,0.80998,0.81003
1782708960000,0.81003,0.81003,0.80999,0.81001
1782709020000,0.81001,0.81006,0.80998,0.80999
1782709080000,0.80999,0.81001,0.80995,0.80999
1782709140000,0.80999,0.80999,0.80995,0.80995
1782709200000,0.80993,0.80996,0.80993,0.80996
1782709260000,0.80995,0.80995,0.80987,0.80987
1782709320000,0.80987,0.80989,0.80985,0.80986
1782709380000,0.80985,0.80985,0.80981,0.80982
1782709440000,0.80981,0.80982,0.80979,0.8098
1782709500000,0.80981,0.80982,0.80979,0.80979
1782709560000,0.8098,0.80982,0.80978,0.80979
1782709620000,0.80977,0.80977,0.80973,0.80975
1782709680000,0.80974,0.80976,0.80974,0.80975
1782709740000,0.80974,0.80974,0.80972,0.80973
1782709800000,0.80972,0.80973,0.80969,0.8097
1782709860000,0.8097,0.8097,0.80965,0.80965
1782709920000,0.80965,0.80974,0.80961,0.80972
1782709980000,0.80973,0.80982,0.80971,0.80976
1782710040000,0.80975,0.80975,0.80971,0.80972
1782710100000,0.80975,0.80976,0.80974,0.80975
1782710160000,0.80974,0.80975,0.80973,0.80975
1782710220000,0.80976,0.80977,0.80971,0.80972
1782710280000,0.80972,0.8098,0.80972,0.8098
1782710340000,0.80979,0.80983,0.80979,0.8098
1782710400000,0.8098,0.80983,0.80977,0.80977
1782710460000,0.80976,0.8098,0.80975,0.80979
1782710520000,0.80978,0.8098,0.80978,0.80978
1782710580000,0.80979,0.80979,0.80978,0.80978
1782710640000,0.80976,0.80976,0.80973,0.80973
1782710700000,0.80972,0.80972,0.80969,0.80972
1782710760000,0.80971,0.80971,0.80967,0.80968
1782710820000,0.80969,0.8097,0.80967,0.80968
1782710880000,0.80968,0.8097,0.80968,0.80969
1782710940000,0.80969,0.80971,0.80964,0.80964
1782711000000,0.80965,0.80965,0.80955,0.80958
1782711060000,0.80958,0.80959,0.80954,0.80954
1782711120000,0.80955,0.80961,0.80955,0.80961
1782711180000,0.80962,0.80964,0.80962,0.80962
1782711240000,0.80961,0.80961,0.80947,0.80947
1782711300000,0.80946,0.80949,0.80945,0.80949
1782711360000,0.8095,0.80954,0.8095,0.80954
1782711420000,0.80953,0.80953,0.80946,0.80946
1782711480000,0.80945,0.80946,0.80944,0.80945
1782711540000,0.80946,0.80947,0.80945,0.80946
1782711600000,0.80946,0.80946,0.80941,0.80941
1782711660000,0.80943,0.80953,0.80942,0.80953
1782711720000,0.80952,0.80953,0.80947,0.80948
1782711780000,0.80949,0.80954,0.80947,0.80949
1782711840000,0.80951,0.80957,0.80951,0.80952
1782711900000,0.80953,0.80953,0.8094,0.8094
1782711960000,0.8094,0.8094,0.80934,0.80935
1782712020000,0.80935,0.80936,0.80923,0.80925
1782712080000,0.80925,0.80932,0.80925,0.8093
1782712140000,0.80931,0.80935,0.80929,0.80935
1782712200000,0.80935,0.80935,0.80928,0.8093
1782712260000,0.80928,0.80929,0.80921,0.80923
1782712320000,0.80922,0.8093,0.80921,0.80924
1782712380000,0.80925,0.80936,0.80924,0.80934
1782712440000,0.80933,0.80933,0.80928,0.80931
1782712500000,0.80931,0.80931,0.80923,0.80925
1782712560000,0.80925,0.80926,0.8092,0.80924
1782712620000,0.80924,0.80926,0.80922,0.80924
1782712680000,0.80923,0.80925,0.80923,0.80923
1782712740000,0.80924,0.80927,0.80921,0.80922
1782712800000,0.80922,0.80941,0.80922,0.8094
1782712860000,0.80938,0.80938,0.80928,0.80928
1782712920000,0.80928,0.80932,0.80926,0.80932
1782712980000,0.80934,0.80937,0.80932,0.80936
1782713040000,0.80936,0.80939,0.80936,0.80938
1782713100000,0.80939,0.80943,0.80934,0.80935
1782713160000,0.80936,0.80937,0.80933,0.80936
1782713220000,0.80936,0.80939,0.80932,0.80934
1782713280000,0.80934,0.80934,0.80924,0.80925
1782713340000,0.80924,0.80932,0.80923,0.80928
1782713400000,0.80928,0.80929,0.80925,0.80926
1782713460000,0.80925,0.80937,0.80924,0.80933
1782713520000,0.80932,0.80932,0.80921,0.80922
1782713580000,0.80923,0.80931,0.80922,0.80929
1782713640000,0.80929,0.80931,0.80925,0.80925
1782713700000,0.80924,0.80939,0.80924,0.80939
1782713760000,0.80937,0.80939,0.80928,0.80932
1782713820000,0.80931,0.80934,0.8093,0.80931
1782713880000,0.80931,0.80935,0.80928,0.80928
1782713940000,0.80929,0.80931,0.80924,0.80926
1782714000000,0.80926,0.80934,0.80925,0.80932
1782714060000,0.80931,0.80931,0.80926,0.80931
1782714120000,0.80931,0.80938,0.80931,0.80938
1782714180000,0.8094,0.80941,0.80938,0.8094
1782714240000,0.80942,0.80942,0.8094,0.8094
1782714300000,0.80942,0.80946,0.80942,0.80944
1782714360000,0.80943,0.80944,0.8094,0.80943
1782714420000,0.80942,0.80947,0.80942,0.80944
1782714480000,0.80945,0.80947,0.80939,0.80939
1782714540000,0.8094,0.8094,0.80929,0.8093
1782714600000,0.80932,0.80939,0.80932,0.80933
1782714660000,0.80933,0.80934,0.80927,0.80932
1782714720000,0.80933,0.80933,0.80918,0.80919
1782714780000,0.80918,0.80926,0.80916,0.80926
1782714840000,0.80927,0.80927,0.80924,0.80926
1782714900000,0.80925,0.80925,0.80916,0.80916
1782714960000,0.80911,0.80915,0.80896,0.80897
1782715020000,0.80897,0.80905,0.80896,0.80898
1782715080000,0.80899,0.80913,0.80899,0.80912
1782715140000,0.80913,0.80919,0.80905,0.80905
1782715200000,0.80906,0.80908,0.809,0.80902
1782715260000,0.80902,0.80909,0.809,0.80909
1782715320000,0.80909,0.80912,0.80908,0.80912
1782715380000,0.80912,0.80914,0.80903,0.80904
1782715440000,0.80904,0.80909,0.80901,0.80904
1782715500000,0.80903,0.80909,0.80903,0.80907
1782715560000,0.80907,0.80907,0.80901,0.80901
1782715620000,0.80902,0.80903,0.80884,0.80886
1782715680000,0.80884,0.80884,0.80879,0.8088
1782715740000,0.80881,0.80884,0.80878,0.80883
1782715800000,0.80882,0.80882,0.80873,0.80874
1782715860000,0.80874,0.80879,0.80872,0.80874
1782715920000,0.80871,0.80878,0.80866,0.80868
1782715980000,0.80868,0.80868,0.80856,0.80857
1782716040000,0.80857,0.80875,0.80857,0.8087
1782716100000,0.80869,0.80869,0.80859,0.80862
1782716160000,0.80862,0.80863,0.80855,0.80855
1782716220000,0.80855,0.80855,0.80848,0.8085
1782716280000,0.8085,0.80852,0.80841,0.80846
1782716340000,0.80845,0.80851,0.80842,0.8085
1782716400000,0.80852,0.80871,0.80845,0.8087
1782716460000,0.80868,0.80868,0.80849,0.8085
1782716520000,0.80851,0.8086,0.80849,0.80854
1782716580000,0.80855,0.80874,0.80854,0.80873
1782716640000,0.80873,0.80873,0.8086,0.80869
1782716700000,0.80869,0.80872,0.80865,0.80871
1782716760000,0.80871,0.80878,0.80866,0.80876
1782716820000,0.80875,0.80875,0.80863,0.80868
1782716880000,0.80868,0.8088,0.80868,0.80874
1782716940000,0.80875,0.80876,0.80869,0.80874
1782717000000,0.80874,0.80879,0.80869,0.8087
1782717060000,0.80869,0.80872,0.80864,0.80872
1782717120000,0.80872,0.80884,0.8087,0.80881
1782717180000,0.80882,0.80884,0.80879,0.8088
1782717240000,0.80881,0.80881,0.80868,0.80872
1782717300000,0.80871,0.80872,0.80855,0.80859
1782717360000,0.8086,0.8087,0.80856,0.8087
1782717420000,0.80869,0.80883,0.80866,0.80882
1782717480000,0.80881,0.80887,0.80876,0.80886
1782717540000,0.80884,0.80887,0.80883,0.80887
1782717600000,0.80887,0.80889,0.80886,0.80887
1782717660000,0.80886,0.80887,0.80876,0.8088
1782717720000,0.8088,0.80885,0.80877,0.80885
1782717780000,0.80886,0.80892,0.80883,0.80891
1782717840000,0.80889,0.80889,0.80875,0.8088
1782717900000,0.80881,0.80892,0.80879,0.80891
1782717960000,0.80891,0.80897,0.8089,0.80896
1782718020000,0.80894,0.80894,0.80886,0.80887
1782718080000,0.80886,0.80887,0.80882,0.80884
1782718140000,0.80885,0.80885,0.80882,0.80883
1782718200000,0.80883,0.80885,0.80879,0.80881
1782718260000,0.80881,0.80882,0.80877,0.80879
1782718320000,0.80878,0.80878,0.8087,0.8087
1782718380000,0.8087,0.80877,0.8087,0.80877
1782718440000,0.80878,0.80879,0.80864,0.80867
1782718500000,0.80867,0.8088,0.80866,0.80875
1782718560000,0.80874,0.80874,0.80853,0.80854
1782718620000,0.80852,0.80854,0.80852,0.80853
1782718680000,0.80853,0.80856,0.80848,0.8085
1782718740000,0.8085,0.8085,0.80843,0.80845
1782718800000,0.80845,0.80861,0.80845,0.8086
1782718860000,0.80861,0.80861,0.8085,0.80852
1782718920000,0.80854,0.80856,0.8085,0.80851
1782718980000,0.80853,0.8086,0.80852,0.8086
1782719040000,0.80861,0.80869,0.80861,0.80867
1782719100000,0.80867,0.80874,0.80866,0.80871
1782719160000,0.80871,0.80871,0.80863,0.80864
1782719220000,0.80866,0.80866,0.80853,0.80859
1782719280000,0.80858,0.80866,0.80857,0.80866
1782719340000,0.80866,0.80873,0.80866,0.8087
1782719400000,0.8087,0.80871,0.80862,0.80866
1782719460000,0.80865,0.80866,0.80853,0.8086
1782719520000,0.80859,0.80865,0.80859,0.80863
1782719580000,0.80864,0.80885,0.80864,0.80884
1782719640000,0.80885,0.80899,0.80884,0.80897
1782719700000,0.80898,0.80902,0.80891,0.80897
1782719760000,0.80897,0.80897,0.80881,0.80883
1782719820000,0.80883,0.80892,0.80881,0.80886
1782719880000,0.80887,0.80893,0.80887,0.80891
1782719940000,0.80892,0.80895,0.80879,0.8088
1782720000000,0.80879,0.80879,0.80865,0.80869
1782720060000,0.80868,0.80873,0.80864,0.80864
1782720120000,0.80865,0.8087,0.80858,0.80861
1782720180000,0.80857,0.80863,0.80848,0.80863
1782720240000,0.80862,0.80872,0.80862,0.80864
1782720300000,0.80865,0.80869,0.80859,0.80861
1782720360000,0.8086,0.80862,0.80851,0.80858
1782720420000,0.80857,0.80867,0.80857,0.80867
1782720480000,0.80866,0.80877,0.80866,0.80875
1782720540000,0.80875,0.8088,0.80871,0.80875
1782720600000,0.80876,0.80876,0.80867,0.80875
1782720660000,0.80875,0.80882,0.80872,0.80881
1782720720000,0.80881,0.80888,0.8087,0.80872
1782720780000,0.80871,0.80877,0.80869,0.80873
1782720840000,0.80874,0.80892,0.80873,0.80891
1782720900000,0.80891,0.80902,0.80889,0.80902
1782720960000,0.80902,0.80907,0.80899,0.80899
1782721020000,0.80898,0.80909,0.80898,0.80907
1782721080000,0.80909,0.80913,0.80904,0.80906
1782721140000,0.80906,0.80926,0.80906,0.80925
1782721200000,0.80926,0.80926,0.80912,0.80915
1782721260000,0.80916,0.80919,0.80909,0.80912
1782721320000,0.80912,0.80923,0.80912,0.80919
1782721380000,0.80919,0.80925,0.80916,0.80925
1782721440000,0.80925,0.80935,0.80925,0.80926
1782721500000,0.80924,0.80925,0.80912,0.80916
1782721560000,0.80916,0.80922,0.80914,0.80916
1782721620000,0.80915,0.80917,0.80908,0.80911
1782721680000,0.80912,0.80915,0.80906,0.80914
1782721740000,0.80915,0.80918,0.80899,0.809
1782721800000,0.80899,0.80899,0.80877,0.8088
1782721860000,0.8088,0.80887,0.8088,0.80887
1782721920000,0.80888,0.80892,0.80886,0.8089
1782721980000,0.8089,0.80892,0.80883,0.80883
1782722040000,0.80881,0.80894,0.80881,0.80894
1782722100000,0.80894,0.80904,0.80893,0.80904
1782722160000,0.80903,0.80909,0.80899,0.80906
1782722220000,0.80907,0.80908,0.80896,0.80902
1782722280000,0.80902,0.80906,0.80901,0.80904
1782722340000,0.80904,0.80917,0.80904,0.80916
1782722400000,0.80913,0.80915,0.80901,0.80904
1782722460000,0.80904,0.80906,0.80897,0.80898
1782722520000,0.80899,0.80906,0.80899,0.80904
1782722580000,0.80906,0.80913,0.80906,0.80913
1782722640000,0.80913,0.80916,0.80905,0.80906
1782722700000,0.80906,0.80916,0.80904,0.80914
1782722760000,0.80914,0.80914,0.80909,0.80912
1782722820000,0.80912,0.80916,0.8091,0.80913
1782722880000,0.80914,0.80921,0.80914,0.80919
1782722940000,0.8092,0.80923,0.80914,0.80922
1782723000000,0.8092,0.80923,0.80919,0.80923
1782723060000,0.80924,0.80924,0.80909,0.80909
1782723120000,0.80909,0.80914,0.80907,0.80913
1782723180000,0.80912,0.80917,0.80909,0.80914
1782723240000,0.80916,0.80922,0.80915,0.80915
1782723300000,0.80915,0.80931,0.80915,0.80927
1782723360000,0.80927,0.80927,0.80915,0.80915
1782723420000,0.80916,0.80917,0.80902,0.80904
1782723480000,0.80909,0.8091,0.80895,0.80902
1782723540000,0.80904,0.80909,0.80904,0.80904
1782723600000,0.80901,0.80905,0.8089,0.8089
1782723660000,0.8089,0.8089,0.8088,0.80888
1782723720000,0.80888,0.8089,0.80874,0.80876
1782723780000,0.80876,0.80888,0.80874,0.80887
1782723840000,0.80887,0.80889,0.80883,0.80884
1782723900000,0.80884,0.80891,0.80884,0.80884
1782723960000,0.80884,0.80884,0.8087,0.80878
1782724020000,0.8088,0.80881,0.80871,0.80871
1782724080000,0.80872,0.80876,0.80872,0.80876
1782724140000,0.80875,0.80879,0.80872,0.80875
1782724200000,0.80874,0.80877,0.80873,0.80873
1782724260000,0.80873,0.80873,0.80866,0.80867
1782724320000,0.80868,0.80875,0.80867,0.8087
1782724380000,0.8087,0.80873,0.80866,0.80872
1782724440000,0.80871,0.80885,0.8087,0.80884
1782724500000,0.80885,0.80887,0.80868,0.80872
1782724560000,0.80871,0.80875,0.80864,0.80874
1782724620000,0.80872,0.80877,0.80871,0.80875
1782724680000,0.80874,0.80875,0.80871,0.80875
1782724740000,0.80873,0.80883,0.80873,0.80882
1782724800000,0.80881,0.80881,0.80874,0.80876
1782724860000,0.80875,0.80876,0.80871,0.80874
1782724920000,0.80876,0.80881,0.80876,0.80876
1782724980000,0.80877,0.80878,0.80866,0.8087
1782725040000,0.80869,0.80871,0.80865,0.80871
1782725100000,0.80871,0.80876,0.80867,0.80869
1782725160000,0.80868,0.80868,0.80842,0.80842
1782725220000,0.80843,0.80852,0.80842,0.80848
1782725280000,0.80849,0.80857,0.80849,0.80854
1782725340000,0.80856,0.8086,0.80855,0.80858
1782725400000,0.80859,0.8086,0.80845,0.80848
1782725460000,0.80849,0.80862,0.80849,0.80862
1782725520000,0.80864,0.80865,0.80861,0.80863
1782725580000,0.80862,0.80867,0.80861,0.80867
1782725640000,0.80867,0.80867,0.80862,0.80865
1782725700000,0.80865,0.8087,0.80865,0.80869
1782725760000,0.8087,0.8087,0.80859,0.8086
1782725820000,0.80863,0.80881,0.8086,0.80881
1782725880000,0.80881,0.80885,0.80875,0.80875
1782725940000,0.80875,0.80881,0.80874,0.80877
1782726000000,0.80877,0.809,0.80873,0.80898
1782726060000,0.809,0.809,0.80891,0.80895
1782726120000,0.80895,0.80901,0.80893,0.809
1782726180000,0.80901,0.80912,0.80898,0.80912
1782726240000,0.80911,0.80911,0.80902,0.80902
1782726300000,0.80901,0.80906,0.809,0.80903
1782726360000,0.80901,0.80901,0.80892,0.80894
1782726420000,0.80893,0.809,0.80893,0.80898
1782726480000,0.80898,0.80898,0.80893,0.80895
1782726540000,0.80894,0.80895,0.80884,0.80884
1782726600000,0.80886,0.80899,0.80886,0.80899
1782726660000,0.80897,0.8091,0.80889,0.80903
1782726720000,0.80902,0.80902,0.8089,0.80895
1782726780000,0.80896,0.80899,0.8089,0.80892
1782726840000,0.80892,0.80894,0.80884,0.80884
1782726900000,0.80883,0.80888,0.80879,0.80888
1782726960000,0.80889,0.80889,0.80881,0.80882
1782727020000,0.80881,0.80883,0.80875,0.80877
1782727080000,0.80876,0.80878,0.80869,0.80872
1782727140000,0.80873,0.80873,0.80858,0.80862
1782727200000,0.80864,0.80875,0.80858,0.80859
1782727260000,0.80858,0.80858,0.80843,0.80844
1782727320000,0.80844,0.80853,0.80844,0.80852
1782727380000,0.80855,0.80855,0.80841,0.80845
1782727440000,0.80846,0.80846,0.8084,0.80844
1782727500000,0.80845,0.80848,0.80843,0.80845
1782727560000,0.80844,0.80848,0.80842,0.80844
1782727620000,0.80842,0.8085,0.80839,0.80849
1782727680000,0.8085,0.80853,0.80846,0.80847
1782727740000,0.80847,0.80849,0.80844,0.80848
1782727800000,0.80848,0.80848,0.8084,0.80841
1782727860000,0.8084,0.80847,0.80837,0.80847
1782727920000,0.80848,0.80848,0.80841,0.80841
1782727980000,0.80841,0.80852,0.80839,0.80852
1782728040000,0.80852,0.8086,0.80852,0.8086
1782728100000,0.80864,0.80881,0.80863,0.80878
1782728160000,0.8088,0.80885,0.80874,0.80874
1782728220000,0.80874,0.80877,0.80867,0.80871
1782728280000,0.80869,0.80874,0.80868,0.80873
1782728340000,0.80872,0.80873,0.80868,0.80868
1782728400000,0.80868,0.8087,0.80864,0.80868
1782728460000,0.80868,0.80874,0.80864,0.80874
1782728520000,0.80874,0.80875,0.80874,0.80875
1782728580000,0.80876,0.80881,0.80875,0.80878
1782728640000,0.80877,0.80878,0.80872,0.80874
1782728700000,0.80873,0.80879,0.80872,0.80879
1782728760000,0.80881,0.80886,0.80876,0.80876
1782728820000,0.80875,0.80877,0.80868,0.80872
1782728880000,0.80873,0.80874,0.80864,0.80864
1782728940000,0.80864,0.80867,0.80863,0.80864
1782729000000,0.80865,0.80871,0.8086,0.80866
1782729060000,0.80867,0.80868,0.80864,0.80864
1782729120000,0.80863,0.80872,0.80863,0.80872
1782729180000,0.80871,0.80873,0.8087,0.80871
1782729240000,0.80872,0.80875,0.80872,0.80874
1782729300000,0.80876,0.80876,0.80868,0.8087
1782729360000,0.8087,0.80871,0.80868,0.80868
1782729420000,0.80869,0.80871,0.80862,0.80869
1782729480000,0.80871,0.80872,0.80867,0.80867
1782729540000,0.80869,0.80871,0.80866,0.80867
1782729600000,0.80866,0.80866,0.80862,0.80862
1782729660000,0.80863,0.80864,0.80851,0.80851
1782729720000,0.80851,0.80854,0.80848,0.8085
1782729780000,0.80851,0.80855,0.80851,0.80855
1782729840000,0.80856,0.80863,0.80855,0.80863
1782729900000,0.80864,0.80872,0.80864,0.80872
1782729960000,0.80872,0.80872,0.80861,0.80862
1782730020000,0.80862,0.80871,0.80862,0.80865
1782730080000,0.80865,0.80869,0.80862,0.80862
1782730140000,0.80863,0.80863,0.80851,0.80851
1782730200000,0.8085,0.8085,0.80842,0.80842
1782730260000,0.80843,0.80845,0.8083,0.8083
1782730320000,0.8083,0.80833,0.80826,0.80828
1782730380000,0.80825,0.80836,0.80825,0.80836
1782730440000,0.80834,0.80835,0.80823,0.80827
1782730500000,0.80828,0.80831,0.80823,0.80831
1782730560000,0.8083,0.80831,0.80827,0.80828
1782730620000,0.80827,0.80834,0.80825,0.80825
1782730680000,0.80825,0.80833,0.80824,0.80831
1782730740000,0.8083,0.80834,0.80826,0.80834
1782730800000,0.80834,0.80836,0.80818,0.80819
1782730860000,0.80817,0.80822,0.80817,0.80818
1782730920000,0.80819,0.80822,0.80809,0.80809
1782730980000,0.80809,0.80816,0.80809,0.80812
1782731040000,0.80814,0.80814,0.80806,0.80807
1782731100000,0.80807,0.80817,0.80806,0.80815
1782731160000,0.80814,0.80819,0.80811,0.80818
1782731220000,0.80818,0.80823,0.80816,0.80818
1782731280000,0.80816,0.8082,0.80814,0.80816
1782731340000,0.80814,0.80818,0.80814,0.80816
1782731400000,0.80815,0.80817,0.80813,0.80815
1782731460000,0.80816,0.8083,0.80814,0.80829
1782731520000,0.80828,0.80837,0.80827,0.80835
1782731580000,0.80834,0.80834,0.80828,0.80832
1782731640000,0.80833,0.80835,0.8083,0.80832
1782731700000,0.80832,0.8084,0.80831,0.80835
1782731760000,0.80836,0.80844,0.80836,0.80841
1782731820000,0.8084,0.80841,0.80836,0.80841
1782731880000,0.80841,0.80844,0.80841,0.80843
1782731940000,0.80844,0.80848,0.80844,0.80846
1782732000000,0.80846,0.80848,0.80844,0.80848
1782732060000,0.80846,0.80854,0.80844,0.80852
1782732120000,0.80853,0.80856,0.80849,0.80854
1782732180000,0.80854,0.80855,0.80852,0.80854
1782732240000,0.80854,0.80857,0.80851,0.80857
1782732300000,0.80857,0.80859,0.80855,0.80857
1782732360000,0.80856,0.80856,0.80846,0.80852
1782732420000,0.80851,0.80852,0.8085,0.80851
1782732480000,0.80851,0.80852,0.80839,0.8085
1782732540000,0.80849,0.80849,0.80843,0.80848
1782732600000,0.80849,0.80856,0.80844,0.80856
1782732660000,0.80855,0.80857,0.80822,0.80836
1782732720000,0.80836,0.80848,0.80836,0.80847
1782732780000,0.80848,0.80848,0.8084,0.80841
1782732840000,0.8084,0.8084,0.80823,0.80823
1782732900000,0.80821,0.80829,0.80818,0.80829
1782732960000,0.80829,0.8083,0.80826,0.8083
1782733020000,0.80829,0.80846,0.80827,0.80844
1782733080000,0.80844,0.80855,0.80844,0.80854
1782733140000,0.80855,0.8086,0.80855,0.80859
1782733200000,0.80858,0.80865,0.80858,0.80865
1782733260000,0.80864,0.80865,0.80849,0.80854
1782733320000,0.80853,0.80864,0.80853,0.80863
1782733380000,0.80862,0.80874,0.8086,0.80872
1782733440000,0.80874,0.80886,0.80873,0.80883
1782733500000,0.8088,0.80886,0.80877,0.80886
1782733560000,0.80887,0.80887,0.80877,0.8088
1782733620000,0.8088,0.80881,0.80877,0.80877
1782733680000,0.80877,0.80877,0.80869,0.80874
1782733740000,0.80873,0.80876,0.80868,0.80875
1782733800000,0.80875,0.80875,0.80849,0.80849
1782733860000,0.80847,0.80855,0.80843,0.80844
1782733920000,0.80845,0.80851,0.80845,0.80845
1782733980000,0.80847,0.80848,0.8084,0.80842
1782734040000,0.80843,0.80844,0.80838,0.80838
1782734100000,0.80839,0.8084,0.80809,0.80812
1782734160000,0.80814,0.80816,0.80796,0.80801
1782734220000,0.80802,0.8081,0.80795,0.80809
1782734280000,0.80809,0.80814,0.80807,0.80808
1782734340000,0.8081,0.80816,0.8081,0.80816
1782734400000,0.80817,0.80822,0.80816,0.80818
1782734460000,0.80817,0.8082,0.80815,0.80818
1782734520000,0.8082,0.80822,0.80815,0.80818
1782734580000,0.80818,0.80827,0.80817,0.80821
1782734640000,0.80822,0.80838,0.80821,0.80837
1782734700000,0.80837,0.80842,0.80832,0.80842
1782734760000,0.80841,0.80849,0.80837,0.80842
1782734820000,0.80842,0.80844,0.80837,0.80837
1782734880000,0.80837,0.80845,0.80835,0.80845
1782734940000,0.80845,0.80849,0.80841,0.80849
1782735000000,0.8085,0.80858,0.80844,0.80846
1782735060000,0.80846,0.80852,0.80841,0.80849
1782735120000,0.80849,0.80856,0.8084,0.8084
1782735180000,0.80841,0.80845,0.80839,0.80841
1782735240000,0.80842,0.80844,0.80837,0.80844
1782735300000,0.80842,0.80844,0.80836,0.80842
1782735360000,0.8084,0.80843,0.80837,0.80843
1782735420000,0.80846,0.80849,0.80843,0.80848
1782735480000,0.80849,0.80851,0.80837,0.80847
1782735540000,0.80846,0.80858,0.80846,0.80856
1782735600000,0.80858,0.8086,0.8085,0.80859
1782735660000,0.80859,0.80861,0.8085,0.80854
1782735720000,0.80857,0.80863,0.80854,0.80854
1782735780000,0.80854,0.80878,0.80854,0.80876
1782735840000,0.80875,0.80875,0.80859,0.80861
1782735900000,0.80862,0.80871,0.80862,0.80865
1782735960000,0.80866,0.80887,0.80866,0.80877
1782736020000,0.80875,0.80881,0.8087,0.80872
1782736080000,0.80871,0.80877,0.80868,0.80868
1782736140000,0.8087,0.80877,0.80869,0.80876
1782736200000,0.80875,0.80876,0.80866,0.80866
1782736260000,0.80867,0.8087,0.80859,0.80859
1782736320000,0.80858,0.80864,0.80857,0.80864
1782736380000,0.80863,0.80864,0.80856,0.80856
1782736440000,0.80856,0.80865,0.80847,0.80862
1782736500000,0.80862,0.80862,0.80854,0.80858
1782736560000,0.8086,0.80861,0.80847,0.80849
1782736620000,0.80848,0.8085,0.8084,0.80847
1782736680000,0.80848,0.80865,0.80847,0.80859
1782736740000,0.80858,0.8087,0.80857,0.80868
1782736800000,0.8087,0.80874,0.80867,0.80874
1782736860000,0.80875,0.80892,0.80874,0.80891
1782736920000,0.80891,0.80891,0.80874,0.80876
1782736980000,0.80876,0.80879,0.80873,0.80876
1782737040000,0.80876,0.80877,0.80871,0.80876
1782737100000,0.80876,0.80882,0.80875,0.80877
1782737160000,0.80874,0.80893,0.80872,0.80884
1782737220000,0.80882,0.80888,0.80881,0.80888
1782737280000,0.80887,0.80892,0.80887,0.80889
1782737340000,0.80891,0.80894,0.8089,0.80891
1782737400000,0.80892,0.80893,0.80883,0.80883
1782737460000,0.80884,0.80888,0.80881,0.80885
1782737520000,0.80886,0.80887,0.80878,0.8088
1782737580000,0.80881,0.80885,0.80873,0.80878
1782737640000,0.80878,0.80892,0.80878,0.80886
1782737700000,0.80884,0.80893,0.80884,0.80892
1782737760000,0.80892,0.80897,0.80891,0.80894
1782737820000,0.80896,0.80897,0.80884,0.8089
1782737880000,0.80889,0.8089,0.8088,0.80881
1782737940000,0.8088,0.8088,0.80872,0.80876
1782738000000,0.80876,0.80876,0.80865,0.80875
1782738060000,0.80875,0.80877,0.80865,0.80877
1782738120000,0.80876,0.80881,0.80876,0.80878
1782738180000,0.80876,0.80876,0.80861,0.80863
1782738240000,0.80865,0.80868,0.80861,0.80863
1782738300000,0.80863,0.80866,0.80858,0.8086
1782738360000,0.8086,0.80867,0.80853,0.80864
1782738420000,0.80863,0.80871,0.80862,0.80866
1782738480000,0.80866,0.80872,0.80862,0.80862
1782738540000,0.80862,0.80869,0.80862,0.80869
1782738600000,0.80869,0.80871,0.80861,0.80863
1782738660000,0.80862,0.8087,0.8086,0.8087
1782738720000,0.80872,0.80876,0.80866,0.80869
1782738780000,0.80869,0.80871,0.80865,0.80867
1782738840000,0.80866,0.80871,0.80865,0.80868
1782738900000,0.80871,0.80875,0.80871,0.80875
1782738960000,0.80872,0.80888,0.80872,0.80888
1782739020000,0.80888,0.80893,0.8088,0.80892
1782739080000,0.80892,0.80892,0.80885,0.80885
1782739140000,0.80884,0.80887,0.80864,0.80864
1782739200000,0.80865,0.80876,0.80865,0.8087
1782739260000,0.8087,0.8088,0.8087,0.80879
1782739320000,0.80878,0.8088,0.80866,0.80872
1782739380000,0.80872,0.80872,0.80862,0.80862
1782739440000,0.80862,0.80867,0.80855,0.80857
1782739500000,0.80856,0.8086,0.80854,0.80858
1782739560000,0.80857,0.80857,0.80844,0.80844
1782739620000,0.80845,0.80848,0.80838,0.80843
1782739680000,0.80843,0.80844,0.80836,0.80837
1782739740000,0.80838,0.8084,0.80831,0.80832
1782739800000,0.80833,0.80833,0.80817,0.80821
1782739860000,0.80823,0.80833,0.80823,0.80832
1782739920000,0.80833,0.8084,0.80832,0.80838
1782739980000,0.80837,0.80839,0.80824,0.80824
1782740040000,0.80824,0.80824,0.80808,0.80816
1782740100000,0.80818,0.80835,0.80817,0.80833
1782740160000,0.80833,0.8084,0.80831,0.8084
1782740220000,0.8084,0.80853,0.8084,0.80853
1782740280000,0.80854,0.80854,0.80842,0.80849
1782740340000,0.80848,0.80858,0.80842,0.80857
1782740400000,0.80861,0.80872,0.80861,0.80864
1782740460000,0.80862,0.80864,0.8085,0.80854
1782740520000,0.80853,0.80857,0.80845,0.8085
1782740580000,0.80851,0.80856,0.80843,0.80847
1782740640000,0.80846,0.80847,0.80837,0.80845
1782740700000,0.80845,0.8085,0.80839,0.80839
1782740760000,0.80839,0.80846,0.80832,0.80839
1782740820000,0.80839,0.80848,0.80839,0.80843
1782740880000,0.80845,0.80847,0.80838,0.80839
1782740940000,0.80841,0.80841,0.80823,0.80826
1782741000000,0.80827,0.80836,0.80826,0.80832
1782741060000,0.80831,0.80835,0.8083,0.80835
1782741120000,0.80835,0.80838,0.80831,0.80838
1782741180000,0.80838,0.80842,0.80836,0.80838
1782741240000,0.80839,0.80843,0.80827,0.80831
1782741300000,0.8083,0.80837,0.80825,0.8083
1782741360000,0.80831,0.80831,0.80807,0.80808
1782741420000,0.80807,0.80816,0.80796,0.80816
1782741480000,0.80816,0.80816,0.80806,0.80809
1782741540000,0.80809,0.8082,0.80808,0.80818
1782741600000,0.80817,0.80822,0.80795,0.80799
1782741660000,0.80802,0.80831,0.80798,0.80828
1782741720000,0.80826,0.80828,0.80808,0.80828
1782741780000,0.80826,0.80846,0.80823,0.80843
1782741840000,0.80843,0.80855,0.80842,0.80843
1782741900000,0.80842,0.80844,0.80838,0.80841
1782741960000,0.8084,0.80845,0.80829,0.8083
1782742020000,0.80829,0.80838,0.80821,0.80837
1782742080000,0.80838,0.80838,0.80826,0.80826
1782742140000,0.80826,0.80836,0.80823,0.80832
1782742200000,0.80829,0.80832,0.80815,0.80818
1782742260000,0.8082,0.80828,0.80813,0.80826
1782742320000,0.80827,0.80853,0.80826,0.8085
1782742380000,0.8085,0.80861,0.8083,0.80835
1782742440000,0.80837,0.80862,0.80834,0.80861
1782742500000,0.80861,0.80893,0.80858,0.80892
1782742560000,0.80892,0.80893,0.80818,0.80835
1782742620000,0.80836,0.8085,0.80831,0.80835
1782742680000,0.80835,0.80853,0.80829,0.80844
1782742740000,0.80845,0.80848,0.80821,0.80823
1782742800000,0.80822,0.80841,0.80821,0.80826
1782742860000,0.80827,0.80833,0.80806,0.8081
1782742920000,0.80813,0.80813,0.80798,0.80808
1782742980000,0.80809,0.80816,0.80799,0.80816
1782743040000,0.80816,0.80821,0.80799,0.80802
1782743100000,0.80802,0.80805,0.80767,0.80791
1782743160000,0.80792,0.80797,0.80772,0.80791
1782743220000,0.80794,0.80816,0.80791,0.80815
1782743280000,0.80813,0.80818,0.80812,0.80816
1782743340000,0.80817,0.80824,0.80809,0.80822
1782743400000,0.80822,0.80824,0.80801,0.80805
1782743460000,0.80806,0.80822,0.808,0.80821
1782743520000,0.80819,0.80826,0.80812,0.80815
1782743580000,0.80816,0.80822,0.80807,0.8081
1782743640000,0.80811,0.8082,0.80807,0.8082
1782743700000,0.80818,0.8082,0.80815,0.80816
1782743760000,0.80817,0.80821,0.80797,0.80804
1782743820000,0.80805,0.80808,0.8079,0.80808
1782743880000,0.80807,0.80808,0.80791,0.80796
1782743940000,0.80797,0.80809,0.80795,0.80808
1782744000000,0.80808,0.80817,0.80805,0.80805
1782744060000,0.80806,0.80806,0.80788,0.80789
1782744120000,0.80789,0.80802,0.80781,0.80799
1782744180000,0.80799,0.80818,0.80796,0.80818
1782744240000,0.8082,0.80848,0.8082,0.80848
1782744300000,0.80848,0.80868,0.80846,0.80867
1782744360000,0.80865,0.80867,0.80844,0.80844
1782744420000,0.80845,0.80852,0.80845,0.80851
1782744480000,0.8085,0.80865,0.80845,0.80862
1782744540000,0.80862,0.8087,0.80858,0.80864
1782744600000,0.80863,0.8087,0.80851,0.80856
1782744660000,0.80856,0.80863,0.80846,0.80859
1782744720000,0.80859,0.80859,0.80843,0.80853
1782744780000,0.80852,0.80853,0.80829,0.80837
1782744840000,0.80839,0.80839,0.80821,0.80824
1782744900000,0.80823,0.80839,0.80823,0.80837
1782744960000,0.80836,0.80853,0.80832,0.80853
1782745020000,0.80853,0.80853,0.80836,0.8085
1782745080000,0.80851,0.80851,0.80837,0.80845
1782745140000,0.80844,0.80851,0.80839,0.80849
1782745200000,0.80848,0.80857,0.80848,0.80854
1782745260000,0.80855,0.80855,0.80841,0.80849
1782745320000,0.80848,0.80857,0.80845,0.80853
1782745380000,0.80854,0.80871,0.80853,0.80871
1782745440000,0.80872,0.80877,0.80867,0.80874
1782745500000,0.80874,0.80875,0.80866,0.80868
1782745560000,0.80867,0.80871,0.8086,0.8086
1782745620000,0.80861,0.80871,0.80861,0.80866
1782745680000,0.80868,0.80874,0.80857,0.80862
1782745740000,0.80862,0.80872,0.80861,0.80866
1782745800000,0.80865,0.80865,0.80855,0.80861
1782745860000,0.80863,0.80867,0.80859,0.80865
1782745920000,0.80866,0.8087,0.80859,0.80862
1782745980000,0.80861,0.80868,0.80855,0.80863
1782746040000,0.80865,0.80865,0.80857,0.80861
1782746100000,0.8086,0.8086,0.80839,0.80843
1782746160000,0.80843,0.80844,0.80834,0.80836
1782746220000,0.80834,0.80845,0.80832,0.80845
1782746280000,0.80844,0.80849,0.80841,0.80841
1782746340000,0.80842,0.80849,0.80836,0.80848
1782746400000,0.80849,0.80849,0.80844,0.80844
1782746460000,0.80847,0.8085,0.80837,0.80846
1782746520000,0.80846,0.80849,0.80838,0.80839
1782746580000,0.80839,0.80839,0.80834,0.80836
1782746640000,0.80835,0.80843,0.80835,0.80837
1782746700000,0.80838,0.80839,0.80828,0.80829
1782746760000,0.8083,0.80831,0.80818,0.8082
1782746820000,0.80824,0.80827,0.80817,0.80827
1782746880000,0.80827,0.80831,0.80824,0.80829
1782746940000,0.80829,0.80835,0.80827,0.80829
1782747000000,0.80828,0.80835,0.80823,0.80827
1782747060000,0.80827,0.8083,0.80822,0.80827
1782747120000,0.80827,0.80832,0.8082,0.80822
1782747180000,0.80822,0.80823,0.80818,0.80821
1782747240000,0.80821,0.80825,0.80812,0.80822
1782747300000,0.80823,0.80842,0.80821,0.80842
1782747360000,0.80839,0.80852,0.80839,0.80845
1782747420000,0.80845,0.80853,0.80843,0.8085
1782747480000,0.80852,0.80852,0.80837,0.80842
1782747540000,0.80842,0.80845,0.80838,0.80844
1782747600000,0.80844,0.80848,0.80841,0.80845
1782747660000,0.80846,0.80848,0.80836,0.80838
1782747720000,0.80836,0.80842,0.80828,0.80834
1782747780000,0.80835,0.80844,0.80834,0.80839
1782747840000,0.80837,0.80838,0.80828,0.80828
1782747900000,0.80829,0.80831,0.80817,0.80822
1782747960000,0.80824,0.80825,0.80814,0.80816
1782748020000,0.80816,0.80816,0.80802,0.80807
1782748080000,0.80807,0.8082,0.80804,0.8082
1782748140000,0.80818,0.8082,0.80805,0.80806
1782748200000,0.80806,0.80813,0.80803,0.80806
1782748260000,0.80805,0.80814,0.80804,0.8081
1782748320000,0.8081,0.8081,0.8079,0.80798
1782748380000,0.80798,0.8081,0.80793,0.80809
1782748440000,0.80809,0.80811,0.80806,0.80811
1782748500000,0.80813,0.80826,0.80812,0.80817
1782748560000,0.80818,0.8082,0.80813,0.80817
1782748620000,0.80817,0.80825,0.80814,0.80814
1782748680000,0.80814,0.80819,0.80812,0.80816
1782748740000,0.80814,0.80817,0.80809,0.80811
1782748800000,0.80811,0.80812,0.80804,0.80807
1782748860000,0.80807,0.80812,0.808,0.80803
1782748920000,0.80801,0.80806,0.80781,0.80782
1782748980000,0.80782,0.8079,0.80782,0.80789
1782749040000,0.8079,0.80792,0.80782,0.8079
1782749100000,0.80792,0.80795,0.80782,0.80785
1782749160000,0.80784,0.80784,0.80779,0.80781
1782749220000,0.8078,0.80783,0.80777,0.80782
1782749280000,0.80782,0.80785,0.80775,0.80776
1782749340000,0.80776,0.80782,0.80776,0.80776
1782749400000,0.80777,0.8078,0.80776,0.80779
1782749460000,0.80779,0.80788,0.80779,0.80787
1782749520000,0.80786,0.80787,0.80781,0.80787
1782749580000,0.80787,0.80791,0.80786,0.80791
1782749640000,0.80795,0.80808,0.80792,0.80808
1782749700000,0.80807,0.80807,0.80796,0.80798
1782749760000,0.80798,0.80798,0.80791,0.80792
1782749820000,0.80794,0.80794,0.80786,0.80791
1782749880000,0.80791,0.80791,0.80785,0.80789
1782749940000,0.80789,0.80789,0.80783,0.80783
1782750000000,0.80787,0.80792,0.80786,0.80792
1782750060000,0.80794,0.80806,0.80794,0.80804
1782750120000,0.80808,0.8081,0.80802,0.80806
1782750180000,0.80806,0.80806,0.80799,0.80799
1782750240000,0.80799,0.80801,0.80798,0.80799
1782750300000,0.80798,0.80805,0.80797,0.80802
1782750360000,0.80803,0.80806,0.80799,0.808
1782750420000,0.80799,0.80799,0.80797,0.80797
1782750480000,0.80798,0.80801,0.80796,0.80801
1782750540000,0.808,0.80801,0.80798,0.808
1782750600000,0.80799,0.80799,0.80792,0.80796
1782750660000,0.80797,0.80797,0.80785,0.80787
1782750720000,0.80788,0.80792,0.80786,0.8079
1782750780000,0.8079,0.80792,0.80786,0.80792
1782750840000,0.80791,0.80791,0.80787,0.80791
1782750900000,0.80791,0.80791,0.80783,0.80783
1782750960000,0.80783,0.80786,0.80778,0.80786
1782751020000,0.80787,0.80787,0.80784,0.80784
1782751080000,0.80783,0.80786,0.80782,0.80782
1782751140000,0.80784,0.80786,0.80777,0.80781
1782751200000,0.80782,0.80782,0.80779,0.80782
1782751260000,0.80781,0.80783,0.8078,0.80781
1782751320000,0.8078,0.8078,0.80773,0.80774
1782751380000,0.80774,0.80779,0.80774,0.80776
1782751440000,0.80775,0.80775,0.80764,0.80771
1782751500000,0.80771,0.80773,0.8077,0.8077
1782751560000,0.80768,0.8077,0.80767,0.80767
1782751620000,0.80767,0.80769,0.80764,0.80766
1782751680000,0.80766,0.8077,0.8076,0.80762
1782751740000,0.80762,0.80762,0.80748,0.80749
1782751800000,0.8075,0.80756,0.80747,0.80754
1782751860000,0.80755,0.80755,0.80747,0.80752
1782751920000,0.80753,0.80754,0.8075,0.8075
1782751980000,0.80749,0.80751,0.80746,0.80748
1782752040000,0.80747,0.80753,0.80747,0.80748
1782752100000,0.8075,0.80754,0.80749,0.80754
1782752160000,0.80754,0.8076,0.8075,0.8076
1782752220000,0.80759,0.80767,0.80759,0.80767
1782752280000,0.80768,0.80783,0.80768,0.80774
1782752340000,0.80775,0.80778,0.80769,0.80769
1782752400000,0.80769,0.80774,0.80767,0.80769
1782752460000,0.80769,0.8077,0.80761,0.80766
1782752520000,0.80767,0.80768,0.80762,0.80764
1782752580000,0.80764,0.8077,0.80759,0.80763
1782752640000,0.80763,0.80763,0.8076,0.80761
1782752700000,0.8076,0.80767,0.8076,0.80762
1782752760000,0.80761,0.80762,0.8076,0.80761
1782752820000,0.80762,0.80765,0.80762,0.80763
1782752880000,0.80762,0.80767,0.80762,0.80766
1782752940000,0.80766,0.80767,0.80764,0.80767
1782753000000,0.80765,0.80772,0.80765,0.80772
1782753060000,0.80772,0.80772,0.80767,0.80767
1782753120000,0.80766,0.80767,0.8076,0.80762
1782753180000,0.80762,0.80762,0.80756,0.80756
1782753240000,0.80757,0.80761,0.80756,0.80757
1782753300000,0.80757,0.80762,0.80757,0.80761
1782753360000,0.80761,0.8077,0.80761,0.8077
1782753420000,0.80771,0.80775,0.80766,0.8077
1782753480000,0.80771,0.80781,0.80769,0.80781
1782753540000,0.80782,0.80783,0.80778,0.80782
1782753600000,0.80781,0.80792,0.8078,0.80789
1782753660000,0.8079,0.80796,0.80787,0.80796
1782753720000,0.80796,0.80799,0.80787,0.80793
1782753780000,0.80794,0.80796,0.80792,0.80792
1782753840000,0.80793,0.80796,0.8079,0.80796
1782753900000,0.80796,0.80796,0.80792,0.80793
1782753960000,0.80791,0.80795,0.80785,0.80785
1782754020000,0.80788,0.80789,0.80786,0.80788
1782754080000,0.8079,0.80795,0.80789,0.80789
1782754140000,0.80788,0.80792,0.80788,0.80791
1782754200000,0.8079,0.80796,0.8079,0.80796
1782754260000,0.80793,0.80797,0.80793,0.80793
1782754320000,0.80793,0.80794,0.8079,0.8079
1782754380000,0.8079,0.8079,0.80787,0.80788
1782754440000,0.80789,0.80789,0.80784,0.80785
1782754500000,0.80784,0.80784,0.8077,0.80771
1782754560000,0.80771,0.80771,0.80766,0.80768
1782754620000,0.8077,0.8077,0.80765,0.80765
1782754680000,0.80765,0.80777,0.80765,0.8077
1782754740000,0.80771,0.80777,0.80769,0.80774
1782754800000,0.80774,0.80783,0.80774,0.80775
1782754860000,0.80775,0.80778,0.80771,0.80773
1782754920000,0.80772,0.80776,0.80769,0.80775
1782754980000,0.80775,0.80779,0.80775,0.80778
1782755040000,0.80778,0.80778,0.80774,0.80775
1782755100000,0.80779,0.80784,0.80775,0.80784
1782755160000,0.80783,0.80784,0.80779,0.80779
1782755220000,0.80778,0.8078,0.80775,0.80775
1782755280000,0.80774,0.80774,0.80772,0.80772
1782755340000,0.80772,0.80773,0.80769,0.80769
1782755400000,0.80769,0.80769,0.8076,0.80764
1782755460000,0.80762,0.80762,0.80756,0.80756
1782755520000,0.80756,0.8076,0.80754,0.80755
1782755580000,0.80754,0.80755,0.80743,0.80743
1782755640000,0.80744,0.80744,0.80735,0.80741
1782755700000,0.80744,0.80747,0.80743,0.80746
1782755760000,0.80745,0.80751,0.80745,0.80748
1782755820000,0.80747,0.80747,0.80729,0.80732
1782755880000,0.80735,0.80745,0.80735,0.80742
1782755940000,0.80741,0.80745,0.80739,0.80743
1782756000000,0.80742,0.80751,0.80734,0.80739
1782756060000,0.8074,0.80746,0.80739,0.80743
1782756120000,0.80743,0.80744,0.80739,0.80743
1782756180000,0.80743,0.80748,0.80743,0.80748
1782756240000,0.80749,0.80751,0.80734,0.80738
1782756300000,0.80737,0.80748,0.80737,0.80747
1782756360000,0.80748,0.80748,0.80744,0.80744
1782756420000,0.80745,0.80748,0.80742,0.80744
1782756480000,0.80742,0.80748,0.8074,0.8074
1782756540000,0.8074,0.8074,0.80736,0.80738
1782756600000,0.80738,0.80738,0.80727,0.80728
1782756660000,0.80727,0.8073,0.80725,0.80727
1782756720000,0.80728,0.8073,0.80728,0.80728
1782756780000,0.80728,0.80729,0.80724,0.80727
1782756840000,0.80727,0.80728,0.80723,0.80723
1782756900000,0.80723,0.80726,0.80723,0.80725
1782756960000,0.80726,0.80734,0.80726,0.80734
1782757020000,0.80735,0.80735,0.80732,0.80735
1782757080000,0.80735,0.80735,0.80727,0.80729
1782757140000,0.8073,0.80731,0.80729,0.8073
1782757200000,0.80731,0.80731,0.80729,0.8073
1782757260000,0.8073,0.80737,0.80728,0.80737
1782757320000,0.80735,0.80736,0.8073,0.80731
1782757380000,0.80731,0.80731,0.80729,0.80729
1782757440000,0.80727,0.80731,0.80727,0.80727
1782757500000,0.80729,0.80734,0.80729,0.80733
1782757560000,0.80732,0.80734,0.80728,0.80734
1782757620000,0.80734,0.80737,0.80734,0.80736
1782757680000,0.80737,0.80737,0.80734,0.80736
1782757740000,0.80736,0.8074,0.80735,0.80735
1782757800000,0.80735,0.80735,0.80729,0.80731
1782757860000,0.80733,0.80738,0.80733,0.80738
1782757920000,0.80741,0.80742,0.80737,0.80738
1782757980000,0.80737,0.80741,0.80735,0.8074
1782758040000,0.80742,0.80743,0.80739,0.80739
1782758100000,0.80739,0.80741,0.80733,0.80735
1782758160000,0.80735,0.80736,0.80731,0.80731
1782758220000,0.80734,0.80737,0.80732,0.80737
1782758280000,0.80737,0.8074,0.80735,0.80739
1782758340000,0.80739,0.80739,0.80732,0.80736
1782758400000,0.80735,0.80735,0.80731,0.80733
1782758460000,0.80734,0.80737,0.80733,0.80736
1782758520000,0.80736,0.80738,0.80735,0.80738
1782758580000,0.80739,0.8074,0.80732,0.80732
1782758640000,0.80734,0.80736,0.80728,0.80731
1782758700000,0.80732,0.80736,0.80729,0.80736
1782758760000,0.80734,0.80735,0.80731,0.80735
1782758820000,0.80735,0.80736,0.80732,0.80734
1782758880000,0.80733,0.80734,0.80724,0.80731
1782758940000,0.80732,0.80733,0.80728,0.80728
1782759000000,0.80729,0.80731,0.80728,0.80731
1782759060000,0.80732,0.80733,0.80726,0.80726
1782759120000,0.80726,0.80726,0.80719,0.8072
1782759180000,0.80721,0.80721,0.80715,0.8072
1782759240000,0.8072,0.80723,0.80719,0.80721
1782759300000,0.80725,0.80753,0.80725,0.80753
1782759360000,0.80753,0.80757,0.8075,0.80757
1782759420000,0.80757,0.80757,0.80746,0.80748
1782759480000,0.80749,0.8075,0.80745,0.80747
1782759540000,0.80747,0.8075,0.80742,0.80743
1782759600000,0.80745,0.80748,0.80734,0.80737
1782759660000,0.80736,0.80741,0.80736,0.80739
1782759720000,0.80738,0.80738,0.80734,0.80737
1782759780000,0.80737,0.80741,0.80734,0.80735
1782759840000,0.80736,0.80743,0.80733,0.80743
1782759900000,0.80744,0.80746,0.80742,0.80746
1782759960000,0.80745,0.80748,0.80744,0.80748
1782760020000,0.80751,0.80755,0.8075,0.80755
1782760080000,0.80755,0.80755,0.80748,0.8075
1782760140000,0.80749,0.8075,0.80744,0.80745
1782760200000,0.80747,0.80763,0.80744,0.80763
1782760260000,0.80763,0.80766,0.80761,0.80761
1782760320000,0.80761,0.80767,0.80761,0.80765
1782760380000,0.80765,0.80769,0.80763,0.80765
1782760440000,0.80766,0.80766,0.80757,0.80758
1782760500000,0.80758,0.80758,0.80747,0.80748
1782760560000,0.80748,0.80748,0.80745,0.80745
1782760620000,0.80746,0.80749,0.80744,0.80747
1782760680000,0.80749,0.80749,0.80742,0.80742
1782760740000,0.80742,0.80749,0.80742,0.80749
1782760800000,0.80748,0.80748,0.80746,0.80746
1782760860000,0.80746,0.80746,0.80742,0.80744
1782760920000,0.80745,0.80747,0.80741,0.80741
1782760980000,0.80743,0.80744,0.80741,0.80742
1782761040000,0.80743,0.80745,0.80742,0.80745
1782761100000,0.80745,0.80745,0.80737,0.80739
1782761160000,0.80738,0.80739,0.80731,0.80731
1782761220000,0.8073,0.80731,0.80727,0.80729
1782761280000,0.80728,0.8073,0.80725,0.80727
1782761340000,0.80726,0.80726,0.80723,0.80725
1782761400000,0.80724,0.80724,0.80716,0.8072
1782761460000,0.80721,0.80726,0.80721,0.80725
1782761520000,0.80725,0.8073,0.80725,0.80729
1782761580000,0.80729,0.80732,0.80726,0.80729
1782761640000,0.80729,0.80736,0.80728,0.80736
1782761700000,0.80736,0.80738,0.80735,0.80735
1782761760000,0.80734,0.80734,0.80729,0.8073
1782761820000,0.8073,0.80733,0.8073,0.80732
1782761880000,0.80732,0.80732,0.8073,0.8073
1782761940000,0.8073,0.8073,0.80726,0.80728
1782762000000,0.80728,0.80732,0.80728,0.80732
1782762060000,0.80731,0.80733,0.80725,0.80725
1782762120000,0.80726,0.8073,0.80724,0.8073
1782762180000,0.80729,0.8073,0.80727,0.80727
1782762240000,0.80728,0.8073,0.80727,0.8073
1782762300000,0.80731,0.80735,0.80731,0.80734
1782762360000,0.80735,0.80735,0.80732,0.80733
1782762420000,0.80733,0.80733,0.80731,0.80731
1782762480000,0.80736,0.80736,0.80731,0.80732
1782762540000,0.80733,0.80734,0.80731,0.80731
1782762600000,0.80731,0.80731,0.80726,0.80727
1782762660000,0.80727,0.80728,0.80724,0.80727
1782762720000,0.80726,0.8073,0.80725,0.80728
1782762780000,0.80727,0.8073,0.80727,0.80729
1782762840000,0.80729,0.80735,0.80726,0.80735
1782762900000,0.80736,0.80737,0.80727,0.8073
1782762960000,0.80731,0.80731,0.80727,0.80729
1782763020000,0.80729,0.8074,0.80729,0.80738
1782763080000,0.80737,0.80737,0.80728,0.80731
1782763140000,0.80732,0.80732,0.80726,0.80728
1782763200000,0.80727,0.80737,0.80726,0.80736
1782763260000,0.80735,0.80738,0.80734,0.80735
1782763320000,0.80735,0.80736,0.80729,0.80729
1782763380000,0.80728,0.80729,0.80726,0.80728
1782763440000,0.80729,0.80732,0.80728,0.80728
1782763500000,0.80729,0.80735,0.80728,0.80735
1782763560000,0.80735,0.80735,0.8073,0.8073
1782763620000,0.8073,0.8073,0.80726,0.80728
1782763680000,0.80728,0.80728,0.80727,0.80727
1782763740000,0.80726,0.80727,0.80719,0.80721
1782763800000,0.8072,0.80723,0.80717,0.80718
1782763860000,0.80719,0.80721,0.80713,0.80721
1782763920000,0.80722,0.80726,0.80721,0.80725
1782763980000,0.80725,0.80725,0.80721,0.80723
1782764040000,0.80722,0.80724,0.80722,0.80723
1782764100000,0.80723,0.80723,0.80721,0.80722
1782764160000,0.80722,0.80722,0.80721,0.80722
1782764220000,0.80723,0.80725,0.80722,0.80725
1782764280000,0.80725,0.80727,0.80724,0.80727
1782764340000,0.80728,0.80728,0.80727,0.80728
1782764400000,0.80728,0.80728,0.80727,0.80728
1782764460000,0.80728,0.80728,0.80728,0.80728
1782764520000,0.80728,0.80728,0.80728,0.80728
1782764580000,0.80728,0.80728,0.80728,0.80728
1782764640000,0.80728,0.80728,0.80726,0.80726
1782764700000,0.80724,0.80725,0.80724,0.80724
1782764760000,0.80724,0.80726,0.80724,0.80726
1782764820000,0.80725,0.80725,0.80725,0.80725
1782764880000,0.80725,0.80725,0.80725,0.80725
1782764940000,0.80727,0.80729,0.80724,0.80726
1782765000000,0.80727,0.8073,0.80727,0.8073
1782765060000,0.80732,0.80734,0.80732,0.80733
1782765120000,0.80733,0.80735,0.80733,0.80735
1782765180000,0.80736,0.80737,0.80736,0.80737
1782765240000,0.80738,0.8074,0.80738,0.8074
1782765300000,0.80738,0.80747,0.80738,0.80746
1782765360000,0.80747,0.80755,0.80747,0.80755
1782765420000,0.80754,0.80754,0.80752,0.80752
1782765480000,0.80752,0.80752,0.80751,0.80751
1782765540000,0.80752,0.80753,0.8075,0.8075
1782765600000,0.80753,0.80754,0.80751,0.80754
1782765660000,0.80754,0.80754,0.80754,0.80754
1782765720000,0.80753,0.80753,0.80751,0.80751
1782765780000,0.80752,0.80752,0.80752,0.80752
1782765840000,0.80752,0.80752,0.80748,0.80748
1782765900000,0.80748,0.80748,0.80744,0.80748
1782765960000,0.80749,0.80752,0.80748,0.80752
1782766020000,0.80752,0.80752,0.80752,0.80752
1782766080000,0.80753,0.80757,0.80752,0.80756
1782766140000,0.80757,0.80758,0.80754,0.80755
1782766200000,0.80756,0.80756,0.80751,0.80751
1782766260000,0.80751,0.80753,0.8075,0.80753
1782766320000,0.80753,0.80753,0.80751,0.80752
1782766380000,0.80752,0.80752,0.80752,0.80752
1782766440000,0.80752,0.80752,0.80751,0.80752
1782766500000,0.80748,0.80754,0.80748,0.80752
1782766560000,0.80752,0.80753,0.80752,0.80753
1782766620000,0.80754,0.80754,0.80751,0.80751
1782766680000,0.8075,0.80754,0.80744,0.80749
1782766740000,0.80749,0.80759,0.80749,0.80756
1782766800000,0.80726,0.80726,0.80718,0.80718
1782766860000,0.80718,0.80718,0.80718,0.80718
1782766920000,0.80718,0.80718,0.80718,0.80718
1782766980000,0.80718,0.80718,0.80718,0.80718
1782767040000,0.80726,0.80726,0.80726,0.80726
1782767100000,0.80725,0.8073,0.80705,0.8073
1782767160000,0.80729,0.80729,0.80729,0.80729
1782767220000,0.80706,0.80707,0.80706,0.80707
1782767280000,0.80728,0.80728,0.80722,0.80722
1782767340000,0.80699,0.80712,0.80699,0.80707
1782767400000,0.80707,0.80718,0.80707,0.80718
1782767460000,0.80718,0.80718,0.80714,0.80714
1782767520000,0.80723,0.80723,0.80715,0.80722
1782767580000,0.80723,0.80724,0.80723,0.80724
1782767640000,0.80724,0.80724,0.80723,0.80723
1782767700000,0.80727,0.80744,0.80723,0.80732
1782767760000,0.80738,0.80748,0.80738,0.80748
1782767820000,0.80748,0.80748,0.80748,0.80748
1782767880000,0.80748,0.80748,0.80716,0.80716
1782767940000,0.80746,0.80748,0.80746,0.80748
1782768000000,0.80748,0.80748,0.80746,0.80746
1782768060000,0.80748,0.80748,0.80748,0.80748
1782768120000,0.80748,0.80748,0.80745,0.80748
1782768180000,0.80748,0.80748,0.80748,0.80748
1782768240000,0.80748,0.80748,0.80748,0.80748
1782768300000,0.80748,0.80748,0.80748,0.80748
1782768360000,0.80745,0.80745,0.80736,0.80738
1782768420000,0.80725,0.80735,0.80725,0.80735
1782768480000,0.80735,0.80735,0.80735,0.80735
1782768540000,0.80732,0.80735,0.80717,0.80717
1782768600000,0.80726,0.80726,0.80716,0.80716
1782768660000,0.80717,0.80717,0.80717,0.80717
1782768720000,0.80717,0.80717,0.80717,0.80717
1782768780000,0.80717,0.80717,0.80717,0.80717
1782768840000,0.80717,0.80717,0.80717,0.80717
1782768900000,0.80716,0.80716,0.80716,0.80716
1782768960000,0.80716,0.80717,0.80716,0.80717
1782769020000,0.80717,0.80717,0.80717,0.80717
1782769080000,0.80717,0.80745,0.80716,0.80717
1782769140000,0.80717,0.80717,0.80716,0.80717
1782769200000,0.80717,0.80717,0.80716,0.80717
1782769260000,0.80717,0.8072,0.80716,0.8072
1782769320000,0.8072,0.8072,0.8072,0.8072
1782769380000,0.8072,0.8072,0.80718,0.8072
1782769440000,0.8072,0.8072,0.80716,0.80716
1782769500000,0.80737,0.8076,0.80737,0.80737
1782769560000,0.80737,0.80737,0.80736,0.80737
1782769620000,0.80736,0.80737,0.80736,0.80737
1782769680000,0.80737,0.80737,0.80736,0.80737
1782769740000,0.80737,0.80737,0.80717,0.80717
1782769800000,0.80716,0.80737,0.80716,0.80736
1782769860000,0.80737,0.80737,0.80736,0.80737
1782769920000,0.80737,0.80737,0.80736,0.80737
1782769980000,0.80737,0.80737,0.80736,0.80737
1782770040000,0.80737,0.80738,0.80722,0.80724
1782770100000,0.80723,0.80733,0.80716,0.80724
1782770160000,0.80724,0.80725,0.80722,0.80725
1782770220000,0.80724,0.80726,0.80723,0.80726
1782770280000,0.80713,0.80713,0.80713,0.80713
1782770340000,0.80723,0.80751,0.80723,0.80746
1782770400000,0.80741,0.80741,0.8071,0.8072
1782770460000,0.80721,0.80725,0.80721,0.80725
1782770520000,0.80725,0.80734,0.80725,0.80732
1782770580000,0.80732,0.80734,0.80731,0.80732
1782770640000,0.80733,0.80733,0.80733,0.80733
1782770700000,0.80734,0.80736,0.80734,0.80736
1782770760000,0.80737,0.80738,0.80737,0.80738
1782770820000,0.80739,0.80739,0.80736,0.80738
1782770880000,0.80739,0.80739,0.80738,0.80738
1782770940000,0.80738,0.80739,0.80738,0.80738
1782771000000,0.80743,0.80749,0.80733,0.80733
1782771060000,0.80735,0.80739,0.80734,0.80739
1782771120000,0.8074,0.8074,0.80736,0.80738
1782771180000,0.80737,0.80737,0.80735,0.80735
1782771240000,0.80736,0.8074,0.80736,0.8074
1782771300000,0.8074,0.8074,0.80736,0.80737
1782771360000,0.80735,0.80736,0.80735,0.80736
1782771420000,0.80735,0.80737,0.80735,0.80736
1782771480000,0.80736,0.80738,0.80734,0.80734
1782771540000,0.80734,0.80734,0.80732,0.80734
1782771600000,0.80732,0.80735,0.80731,0.80733
1782771660000,0.80733,0.80733,0.80733,0.80733
1782771720000,0.80733,0.80749,0.80733,0.80748
1782771780000,0.80748,0.80748,0.80748,0.80748
1782771840000,0.80748,0.80748,0.80747,0.80747
1782771900000,0.80748,0.80748,0.80746,0.80747
1782771960000,0.80746,0.80746,0.80739,0.80741
1782772020000,0.80741,0.80741,0.80738,0.80738
1782772080000,0.80738,0.80738,0.80736,0.80736
1782772140000,0.80736,0.80736,0.80736,0.80736
1782772200000,0.80737,0.80738,0.80731,0.80731
1782772260000,0.80731,0.80736,0.8073,0.80736
1782772320000,0.80736,0.80742,0.80736,0.80739
1782772380000,0.80739,0.80742,0.80737,0.8074
1782772440000,0.8074,0.80742,0.8074,0.80741
1782772500000,0.80742,0.80742,0.8074,0.80742
1782772560000,0.80744,0.80748,0.80744,0.80747
1782772620000,0.80747,0.80747,0.80747,0.80747
1782772680000,0.80746,0.80748,0.80746,0.80747
1782772740000,0.80749,0.80749,0.80748,0.80748
1782772800000,0.80749,0.80749,0.80747,0.80747
1782772860000,0.80748,0.80748,0.80744,0.80746
1782772920000,0.80745,0.80746,0.80745,0.80746
1782772980000,0.80745,0.80745,0.80745,0.80745
1782773040000,0.80746,0.80746,0.80744,0.80745
1782773100000,0.80745,0.80747,0.80745,0.80745
1782773160000,0.80746,0.80746,0.80745,0.80745
1782773220000,0.80745,0.80745,0.80744,0.80744
1782773280000,0.80743,0.80744,0.80743,0.80744
1782773340000,0.80743,0.80743,0.80742,0.80742
1782773400000,0.80741,0.80741,0.80741,0.80741
1782773460000,0.80741,0.80741,0.80741,0.80741
1782773520000,0.80741,0.80741,0.80737,0.80737
1782773580000,0.80737,0.8074,0.80737,0.80739
1782773640000,0.80738,0.80739,0.80736,0.80736
1782773700000,0.80736,0.80737,0.80736,0.80737
1782773760000,0.80737,0.80737,0.80732,0.80733
1782773820000,0.80732,0.80732,0.8073,0.80731
1782773880000,0.80731,0.80738,0.8073,0.80737
1782773940000,0.80737,0.80737,0.80735,0.80735
1782774000000,0.80736,0.80736,0.80732,0.80734
1782774060000,0.80734,0.80735,0.80729,0.80733
1782774120000,0.80732,0.80736,0.80731,0.80734
1782774180000,0.80733,0.80733,0.80733,0.80733
1782774240000,0.80733,0.80734,0.80731,0.80734
1782774300000,0.80733,0.80735,0.80733,0.80735
1782774360000,0.80735,0.80737,0.80733,0.80733
1782774420000,0.80732,0.80732,0.80732,0.80732
1782774480000,0.80732,0.80732,0.80732,0.80732
1782774540000,0.80732,0.80732,0.80732,0.80732
1782774600000,0.80733,0.80736,0.80732,0.80736
1782774660000,0.80735,0.80737,0.80735,0.80737
1782774720000,0.80736,0.80736,0.80732,0.80732
1782774780000,0.80734,0.80734,0.80734,0.80734
1782774840000,0.80732,0.80732,0.80732,0.80732
1782774900000,0.80734,0.80734,0.80733,0.80733
1782774960000,0.80737,0.80738,0.80736,0.80737
1782775020000,0.80736,0.80737,0.80736,0.80737
1782775080000,0.80736,0.80737,0.80736,0.80737
1782775140000,0.80738,0.80741,0.80738,0.8074
1782775200000,0.80737,0.80738,0.80737,0.80738
1782775260000,0.8074,0.8074,0.80736,0.80737
1782775320000,0.80736,0.80737,0.80736,0.80737
1782775380000,0.80737,0.80737,0.80737,0.80737
1782775440000,0.80738,0.80739,0.80738,0.80739
1782775500000,0.80738,0.80739,0.80738,0.80739
1782775560000,0.80739,0.8074,0.80739,0.8074
1782775620000,0.80741,0.80743,0.8074,0.80741
1782775680000,0.80742,0.80746,0.80742,0.80746
1782775740000,0.80746,0.80746,0.80746,0.80746
1782775800000,0.80745,0.80745,0.80745,0.80745
1782775860000,0.80744,0.80745,0.80743,0.80743
1782775920000,0.80743,0.80743,0.80738,0.8074
1782775980000,0.80742,0.80742,0.80742,0.80742
1782776040000,0.80742,0.80745,0.80742,0.80743
1782776100000,0.80744,0.80748,0.80744,0.80747
1782776160000,0.80748,0.80749,0.80748,0.80749
1782776220000,0.8075,0.8075,0.80748,0.80748
1782776280000,0.80748,0.80752,0.80747,0.80752
1782776340000,0.80752,0.80752,0.80752,0.80752
1782776400000,0.80752,0.80752,0.80749,0.80749
1782776460000,0.8075,0.80752,0.8075,0.80752
1782776520000,0.80752,0.80752,0.80752,0.80752
1782776580000,0.80751,0.80752,0.80748,0.80748
1782776640000,0.8075,0.80751,0.80749,0.80749
1782776700000,0.8075,0.80762,0.8075,0.80758
1782776760000,0.80759,0.80763,0.80759,0.80763
1782776820000,0.80762,0.80763,0.80762,0.80762
1782776880000,0.80761,0.80761,0.80761,0.80761
1782776940000,0.80762,0.80762,0.80758,0.80758
1782777000000,0.80756,0.80756,0.80753,0.80753
1782777060000,0.80753,0.80755,0.80753,0.80755
1782777120000,0.80757,0.80757,0.80756,0.80757
1782777180000,0.80756,0.80757,0.80756,0.80757
1782777240000,0.80758,0.80758,0.80758,0.80758
1782777300000,0.8076,0.80762,0.80759,0.8076
1782777360000,0.8076,0.80763,0.8076,0.80763
1782777420000,0.80764,0.80773,0.80763,0.80772
1782777480000,0.80773,0.80777,0.80773,0.80775
1782777540000,0.80776,0.80778,0.80775,0.80777
1782777600000,0.80778,0.80794,0.80778,0.80788
1782777660000,0.80787,0.80787,0.8077,0.80775
1782777720000,0.80774,0.80774,0.8076,0.80764
1782777780000,0.80765,0.80775,0.80765,0.80773
1782777840000,0.80774,0.80774,0.80764,0.80765
1782777900000,0.80768,0.80773,0.80768,0.8077
1782777960000,0.80771,0.8078,0.80764,0.8078
1782778020000,0.80779,0.80786,0.80775,0.80783
1782778080000,0.80785,0.80787,0.80783,0.80784
1782778140000,0.80785,0.80791,0.80783,0.80791
1782778200000,0.8079,0.80791,0.80779,0.80779
1782778260000,0.8078,0.80781,0.80775,0.80776
1782778320000,0.80777,0.80782,0.80777,0.80781
1782778380000,0.80781,0.80785,0.8078,0.80781
1782778440000,0.8078,0.80787,0.8078,0.80787
1782778500000,0.80789,0.80789,0.80785,0.80786
1782778560000,0.80786,0.80789,0.80782,0.80788
1782778620000,0.80787,0.80792,0.80786,0.80792
1782778680000,0.80792,0.80798,0.80792,0.80795
1782778740000,0.80794,0.80794,0.8079,0.80792
1782778800000,0.80792,0.80792,0.80789,0.80791
1782778860000,0.80791,0.80795,0.80788,0.8079
1782778920000,0.80789,0.80792,0.80787,0.8079
1782778980000,0.8079,0.80792,0.8079,0.80792
1782779040000,0.80792,0.80792,0.8079,0.80791
1782779100000,0.8079,0.8079,0.8079,0.8079
1782779160000,0.80789,0.80792,0.80787,0.80789
1782779220000,0.80788,0.80792,0.80788,0.8079
1782779280000,0.8079,0.80794,0.80789,0.80794
1782779340000,0.80792,0.80798,0.8079,0.80793
1782779400000,0.80795,0.80796,0.80785,0.80786
1782779460000,0.80785,0.80788,0.80784,0.80785
1782779520000,0.80786,0.80791,0.80786,0.8079
1782779580000,0.8079,0.8079,0.80787,0.80788
1782779640000,0.80789,0.8079,0.80784,0.80785
1782779700000,0.80785,0.80787,0.80772,0.80773
1782779760000,0.80772,0.80773,0.80765,0.80766
1782779820000,0.80767,0.80771,0.80767,0.80771
1782779880000,0.8077,0.80778,0.8077,0.80777
1782779940000,0.80778,0.80782,0.80777,0.80781
1782780000000,0.80781,0.80785,0.80778,0.80784
1782780060000,0.80782,0.80786,0.8078,0.80784
1782780120000,0.80785,0.8079,0.80785,0.80789
1782780180000,0.80788,0.8079,0.80787,0.80789
1782780240000,0.8079,0.80794,0.80789,0.80791
1782780300000,0.8079,0.80791,0.80786,0.80787
1782780360000,0.80788,0.8079,0.80788,0.80789
1782780420000,0.8079,0.80792,0.80789,0.8079
1782780480000,0.80791,0.80792,0.80789,0.80792
1782780540000,0.80793,0.80796,0.8079,0.8079
1782780600000,0.80789,0.8079,0.80785,0.80786
1782780660000,0.80785,0.80785,0.8078,0.8078
1782780720000,0.80782,0.80814,0.80782,0.80814
1782780780000,0.80815,0.80821,0.80808,0.8082
1782780840000,0.80821,0.80828,0.80816,0.80819
1782780900000,0.80817,0.80825,0.80806,0.80807
1782780960000,0.80803,0.80807,0.80798,0.80804
1782781020000,0.80806,0.80806,0.80769,0.80777
1782781080000,0.80777,0.80787,0.80777,0.80782
1782781140000,0.80782,0.80787,0.80779,0.80785
1782781200000,0.80783,0.80793,0.80776,0.80788
1782781260000,0.80787,0.80796,0.80786,0.80791
1782781320000,0.80792,0.80794,0.80786,0.80786
1782781380000,0.80785,0.80798,0.80783,0.80794
1782781440000,0.80794,0.80804,0.80792,0.80803
1782781500000,0.80805,0.80814,0.80803,0.80814
1782781560000,0.80814,0.80821,0.80809,0.80813
1782781620000,0.80814,0.80833,0.8081,0.80833
1782781680000,0.80834,0.80839,0.80827,0.80832
1782781740000,0.80832,0.80837,0.80829,0.8083
1782781800000,0.8083,0.80848,0.80829,0.80846
1782781860000,0.80846,0.80852,0.80846,0.80851
1782781920000,0.80851,0.80861,0.80851,0.80857
1782781980000,0.80857,0.80862,0.80855,0.80857
1782782040000,0.80857,0.80866,0.80854,0.80864
1782782100000,0.80864,0.80867,0.80847,0.80848
1782782160000,0.80848,0.80851,0.8083,0.80839
1782782220000,0.80837,0.80839,0.80829,0.80829
1782782280000,0.8083,0.80837,0.80826,0.80835
1782782340000,0.80834,0.80838,0.80831,0.80835
1782782400000,0.80832,0.80835,0.80826,0.80828
1782782460000,0.80828,0.8083,0.80822,0.80822
1782782520000,0.80823,0.80828,0.80817,0.80819
1782782580000,0.80818,0.80821,0.80816,0.80816
1782782640000,0.80816,0.80818,0.80808,0.80808
1782782700000,0.80809,0.8081,0.80802,0.8081
1782782760000,0.80809,0.80818,0.80808,0.8081
1782782820000,0.8081,0.8081,0.80801,0.80803
1782782880000,0.80803,0.80803,0.80796,0.80797
1782782940000,0.80797,0.808,0.80796,0.80797
1782783000000,0.80799,0.80807,0.80797,0.80797
1782783060000,0.80798,0.80798,0.80789,0.80792
1782783120000,0.80791,0.80792,0.80787,0.8079
1782783180000,0.80792,0.80794,0.80788,0.80791
1782783240000,0.80791,0.80791,0.80785,0.80788
1782783300000,0.80788,0.80791,0.80785,0.80787
1782783360000,0.80788,0.80803,0.80788,0.80799
1782783420000,0.80799,0.80806,0.80799,0.80804
1782783480000,0.80804,0.80817,0.80804,0.80816
1782783540000,0.80816,0.80816,0.80811,0.80814
1782783600000,0.80814,0.80841,0.80814,0.8084
1782783660000,0.80839,0.80844,0.80837,0.80843
1782783720000,0.80842,0.80848,0.80842,0.80845
1782783780000,0.80845,0.80865,0.80845,0.80857
1782783840000,0.80855,0.80865,0.80855,0.80863
1782783900000,0.80864,0.80868,0.80858,0.8086
1782783960000,0.80858,0.80861,0.80854,0.8086
1782784020000,0.8086,0.80865,0.80859,0.80862
1782784080000,0.80862,0.80865,0.80855,0.80856
1782784140000,0.80856,0.80865,0.80855,0.80865
1782784200000,0.80865,0.80866,0.80857,0.80858
1782784260000,0.80858,0.8086,0.80855,0.80855
1782784320000,0.80854,0.80865,0.8085,0.80865
1782784380000,0.80865,0.80865,0.80864,0.80865
1782784440000,0.80865,0.80878,0.80865,0.80878
1782784500000,0.80878,0.80878,0.80872,0.80874
1782784560000,0.80874,0.80874,0.80867,0.80868
1782784620000,0.80868,0.80876,0.80868,0.80872
1782784680000,0.80874,0.80879,0.80873,0.80876
1782784740000,0.80876,0.80888,0.80875,0.80875
1782784800000,0.80875,0.80881,0.80867,0.80867
1782784860000,0.80868,0.80868,0.80856,0.80859
1782784920000,0.80861,0.80864,0.80859,0.80862
1782784980000,0.80861,0.80863,0.80856,0.80858
1782785040000,0.80857,0.80858,0.80854,0.80856
1782785100000,0.80856,0.80874,0.80856,0.80874
1782785160000,0.80875,0.80878,0.80869,0.80877
1782785220000,0.80877,0.80878,0.80873,0.80875
1782785280000,0.80874,0.80874,0.8087,0.8087
1782785340000,0.80872,0.8088,0.80872,0.80877
1782785400000,0.80878,0.8088,0.80877,0.80879
1782785460000,0.8088,0.8088,0.80876,0.80876
1782785520000,0.80877,0.80878,0.80869,0.80872
1782785580000,0.80872,0.80877,0.8087,0.80876
1782785640000,0.80877,0.80877,0.80873,0.80875
1782785700000,0.80875,0.80883,0.80875,0.80881
1782785760000,0.8088,0.8088,0.80878,0.80878
1782785820000,0.8088,0.80882,0.80871,0.8088
1782785880000,0.8088,0.8088,0.80875,0.80878
1782785940000,0.80878,0.80879,0.80876,0.80879
1782786000000,0.80879,0.80879,0.80871,0.80871
1782786060000,0.80871,0.80872,0.80869,0.80871
1782786120000,0.80871,0.80871,0.80862,0.80863
1782786180000,0.80863,0.80865,0.8086,0.80864
1782786240000,0.80863,0.80868,0.80863,0.80868
1782786300000,0.80868,0.80872,0.80865,0.8087
1782786360000,0.80872,0.80879,0.8087,0.80878
1782786420000,0.80879,0.80883,0.80878,0.80883
1782786480000,0.80882,0.80883,0.80879,0.8088
1782786540000,0.80881,0.80883,0.8088,0.80882
1782786600000,0.80883,0.80884,0.8088,0.80881
1782786660000,0.80881,0.80881,0.80873,0.8088
1782786720000,0.8088,0.8088,0.80876,0.80878
1782786780000,0.80877,0.80885,0.80877,0.80883
1782786840000,0.80882,0.80882,0.80873,0.80873
1782786900000,0.80873,0.80873,0.8087,0.80871
1782786960000,0.80871,0.80871,0.80865,0.80869
1782787020000,0.80868,0.8087,0.80863,0.80864
1782787080000,0.80865,0.80865,0.80857,0.80859
1782787140000,0.80858,0.80859,0.80857,0.80858
1782787200000,0.80858,0.80859,0.80858,0.80859
1782787260000,0.80858,0.80862,0.80858,0.80862
1782787320000,0.80862,0.80869,0.80862,0.80869
1782787380000,0.80871,0.80874,0.8087,0.80871
1782787440000,0.80871,0.80873,0.80869,0.8087
1782787500000,0.80869,0.80872,0.80868,0.80872
1782787560000,0.80872,0.80875,0.8087,0.80875
1782787620000,0.80876,0.80881,0.80875,0.80881
1782787680000,0.80881,0.80881,0.80878,0.80879
1782787740000,0.8088,0.8088,0.80879,0.8088
1782787800000,0.8088,0.80882,0.80876,0.80877
1782787860000,0.80877,0.80878,0.80871,0.80872
1782787920000,0.80874,0.80884,0.80874,0.80884
1782787980000,0.80883,0.80887,0.80883,0.80887
1782788040000,0.80886,0.80896,0.80885,0.80893
1782788100000,0.80892,0.80894,0.80887,0.8089
1782788160000,0.80891,0.80894,0.8089,0.80894
1782788220000,0.80894,0.80894,0.80883,0.80884
1782788280000,0.80884,0.80884,0.80879,0.8088
1782788340000,0.80881,0.80884,0.80876,0.80876
1782788400000,0.80875,0.80875,0.80865,0.8087
1782788460000,0.80868,0.80868,0.80865,0.80865
1782788520000,0.80865,0.80867,0.80862,0.80862
1782788580000,0.80862,0.80866,0.80861,0.80863
1782788640000,0.80863,0.80865,0.80863,0.80865
1782788700000,0.80868,0.8087,0.80866,0.80866
1782788760000,0.80866,0.80868,0.80865,0.80866
1782788820000,0.80867,0.80874,0.80867,0.8087
1782788880000,0.80871,0.80876,0.8087,0.80873
1782788940000,0.80874,0.80883,0.80874,0.80882
1782789000000,0.80883,0.80885,0.8088,0.80885
1782789060000,0.80884,0.80885,0.8088,0.80882
1782789120000,0.80882,0.80882,0.80878,0.80878
1782789180000,0.80879,0.80884,0.80878,0.80884
1782789240000,0.80884,0.80885,0.80882,0.80884
1782789300000,0.80885,0.80888,0.80884,0.80887
1782789360000,0.80886,0.80887,0.8088,0.80881
1782789420000,0.8088,0.80881,0.80878,0.80878
1782789480000,0.80878,0.80885,0.80877,0.80883
1782789540000,0.80883,0.80893,0.80883,0.80889
1782789600000,0.80886,0.80893,0.80886,0.80887
1782789660000,0.80888,0.80889,0.80887,0.80889
1782789720000,0.8089,0.80891,0.80889,0.80889
1782789780000,0.8089,0.80892,0.80887,0.80891
1782789840000,0.80893,0.80894,0.80889,0.80891
1782789900000,0.80892,0.80896,0.80891,0.80895
1782789960000,0.80892,0.809,0.80888,0.80893
1782790020000,0.80894,0.80895,0.80877,0.80882
1782790080000,0.80882,0.80896,0.80882,0.80896
1782790140000,0.80896,0.80903,0.80894,0.80903
1782790200000,0.80902,0.80907,0.809,0.80907
1782790260000,0.80907,0.80907,0.80898,0.80903
1782790320000,0.80902,0.80903,0.80899,0.80903
1782790380000,0.80903,0.80906,0.80902,0.80905
1782790440000,0.80906,0.80907,0.80905,0.80906
1782790500000,0.80905,0.80906,0.80898,0.809
1782790560000,0.80902,0.80902,0.80899,0.809
1782790620000,0.809,0.80906,0.809,0.80906
1782790680000,0.80906,0.80916,0.80906,0.80915
1782790740000,0.80915,0.80915,0.80911,0.80914
1782790800000,0.80915,0.8092,0.80915,0.80919
1782790860000,0.80918,0.80918,0.80912,0.80916
1782790920000,0.80916,0.80918,0.80913,0.80917
1782790980000,0.80917,0.8092,0.80917,0.8092
1782791040000,0.80919,0.80921,0.80919,0.8092
1782791100000,0.80919,0.8092,0.80915,0.80917
1782791160000,0.80917,0.80917,0.80915,0.80915
1782791220000,0.80916,0.80917,0.80915,0.80916
1782791280000,0.80916,0.80916,0.80916,0.80916
1782791340000,0.80916,0.80916,0.80914,0.80914
1782791400000,0.80912,0.80913,0.80908,0.8091
1782791460000,0.80909,0.80909,0.80905,0.80906
1782791520000,0.80906,0.80906,0.80903,0.80905
1782791580000,0.80908,0.80909,0.80907,0.80907
1782791640000,0.80907,0.80912,0.80902,0.80911
1782791700000,0.80913,0.8092,0.80913,0.80917
1782791760000,0.80915,0.80916,0.80908,0.80909
1782791820000,0.8091,0.8091,0.80907,0.80908
1782791880000,0.80907,0.8091,0.80907,0.8091
1782791940000,0.8091,0.80911,0.80909,0.8091
1782792000000,0.8091,0.80918,0.8091,0.80917
1782792060000,0.80917,0.80917,0.80909,0.80911
1782792120000,0.80911,0.80917,0.80909,0.80916
1782792180000,0.80915,0.80915,0.80909,0.80911
1782792240000,0.80911,0.80911,0.80909,0.8091
1782792300000,0.80911,0.80911,0.80908,0.80908
1782792360000,0.80908,0.8091,0.80905,0.80908
1782792420000,0.80909,0.80912,0.80907,0.80912
1782792480000,0.80913,0.80913,0.80911,0.80913
1782792540000,0.80913,0.80914,0.80913,0.80914
1782792600000,0.80914,0.80917,0.80914,0.80915
1782792660000,0.80915,0.80915,0.80912,0.80915
1782792720000,0.80914,0.80914,0.80914,0.80914
1782792780000,0.80912,0.80915,0.80912,0.80915
1782792840000,0.80914,0.80915,0.8091,0.8091
1782792900000,0.8091,0.8091,0.80907,0.80907
1782792960000,0.80907,0.80914,0.80907,0.80913
1782793020000,0.80913,0.80913,0.80907,0.80907
1782793080000,0.80907,0.80913,0.80907,0.80913
1782793140000,0.80915,0.80916,0.80914,0.80916
1782793200000,0.80916,0.80918,0.80914,0.80917
1782793260000,0.80917,0.80917,0.80911,0.80912
1782793320000,0.80912,0.80918,0.80912,0.80917
1782793380000,0.80919,0.80925,0.80917,0.80922
1782793440000,0.80923,0.80924,0.8092,0.80923
1782793500000,0.80924,0.80933,0.80924,0.80931
1782793560000,0.8093,0.8093,0.80925,0.80926
1782793620000,0.80927,0.8093,0.80925,0.80928
1782793680000,0.80927,0.80931,0.80927,0.80931
1782793740000,0.80931,0.80933,0.80925,0.80933
1782793800000,0.80933,0.80934,0.80932,0.80934
1782793860000,0.80933,0.80934,0.80931,0.80932
1782793920000,0.80932,0.80932,0.80927,0.80927
1782793980000,0.80928,0.80928,0.80927,0.80928
1782794040000,0.80928,0.80928,0.80924,0.80925
1782794100000,0.80924,0.80926,0.80916,0.80925
1782794160000,0.80926,0.80926,0.80925,0.80925
1782794220000,0.80925,0.80925,0.80922,0.80924
1782794280000,0.80923,0.80924,0.80915,0.80916
1782794340000,0.80915,0.8092,0.80915,0.80919
1782794400000,0.80919,0.8092,0.80916,0.80919
1782794460000,0.80919,0.80919,0.80916,0.80917
1782794520000,0.80921,0.80925,0.8092,0.80923
1782794580000,0.80924,0.80925,0.80922,0.80925
1782794640000,0.80925,0.80928,0.80925,0.80926
1782794700000,0.80927,0.80937,0.80925,0.80937
1782794760000,0.80935,0.8094,0.80934,0.80938
1782794820000,0.80938,0.80939,0.80929,0.80931
1782794880000,0.80931,0.80931,0.80927,0.80929
1782794940000,0.80928,0.8093,0.80928,0.80929
1782795000000,0.80929,0.80934,0.80924,0.80925
1782795060000,0.80925,0.80925,0.80912,0.80915
1782795120000,0.80914,0.80918,0.80914,0.80915
1782795180000,0.80916,0.80917,0.80914,0.80916
1782795240000,0.80917,0.8092,0.80915,0.8092
1782795300000,0.80922,0.8094,0.80918,0.80935
1782795360000,0.80934,0.8094,0.80927,0.80935
1782795420000,0.80936,0.80952,0.80933,0.80946
1782795480000,0.80949,0.80961,0.80949,0.8096
1782795540000,0.80959,0.80967,0.80955,0.80964
1782795600000,0.80965,0.80978,0.80959,0.80969
1782795660000,0.80969,0.80971,0.80958,0.80971
1782795720000,0.80971,0.8098,0.80967,0.80974
1782795780000,0.80973,0.80982,0.80967,0.80978
1782795840000,0.80978,0.80981,0.80967,0.80974
1782795900000,0.80973,0.80982,0.80972,0.80977
1782795960000,0.80975,0.80975,0.80968,0.80968
1782796020000,0.80969,0.80969,0.80962,0.80963
1782796080000,0.80962,0.80962,0.80955,0.80957
1782796140000,0.80959,0.80962,0.80956,0.80959
1782796200000,0.80958,0.80959,0.80953,0.80953
1782796260000,0.80952,0.8096,0.8095,0.80959
1782796320000,0.80958,0.80958,0.8095,0.80951
1782796380000,0.8095,0.80953,0.80948,0.80952
1782796440000,0.8095,0.80957,0.80949,0.80952
1782796500000,0.80951,0.80953,0.80946,0.80948
1782796560000,0.80947,0.80948,0.80944,0.80945
1782796620000,0.80946,0.80948,0.80946,0.80947
1782796680000,0.80946,0.80948,0.80936,0.80937
1782796740000,0.80938,0.80946,0.80938,0.80941
1782796800000,0.80944,0.80948,0.80942,0.80944
1782796860000,0.80944,0.80945,0.80942,0.80945
1782796920000,0.80943,0.80943,0.80938,0.80939
1782796980000,0.8094,0.80947,0.80937,0.80946
1782797040000,0.80946,0.80946,0.80938,0.80939
1782797100000,0.80939,0.80947,0.80936,0.80947
1782797160000,0.80945,0.8095,0.80943,0.8095
1782797220000,0.80951,0.80955,0.8095,0.8095
1782797280000,0.8095,0.80954,0.80948,0.80953
1782797340000,0.80952,0.80955,0.80951,0.80951
1782797400000,0.80952,0.80955,0.80948,0.80953
1782797460000,0.80952,0.80953,0.80947,0.80947
1782797520000,0.80948,0.80953,0.80948,0.80952
1782797580000,0.80953,0.80955,0.80951,0.80955
1782797640000,0.80955,0.80955,0.80951,0.80952
1782797700000,0.80953,0.80953,0.80951,0.80952
1782797760000,0.80953,0.80958,0.80951,0.80951
1782797820000,0.80951,0.80953,0.8095,0.80952
1782797880000,0.8095,0.8095,0.80945,0.80945
1782797940000,0.80948,0.80951,0.80947,0.8095
1782798000000,0.80951,0.80951,0.80948,0.80948
1782798060000,0.80948,0.8095,0.80941,0.80949
1782798120000,0.8095,0.80953,0.8095,0.80952
1782798180000,0.8095,0.80954,0.80949,0.80952
1782798240000,0.80953,0.80959,0.80952,0.80958
1782798300000,0.80958,0.80968,0.80958,0.80965
1782798360000,0.80966,0.80978,0.80966,0.80973
1782798420000,0.80974,0.80976,0.80973,0.80973
1782798480000,0.80974,0.80976,0.80967,0.8097
1782798540000,0.80967,0.80973,0.80966,0.80967
1782798600000,0.80968,0.80969,0.80966,0.80966
1782798660000,0.80966,0.80967,0.8096,0.8096
1782798720000,0.80959,0.8096,0.80943,0.8095
1782798780000,0.80949,0.80959,0.80948,0.80958
1782798840000,0.80957,0.80965,0.80957,0.80965
1782798900000,0.80967,0.8099,0.80967,0.80986
1782798960000,0.80986,0.81005,0.80983,0.81004
1782799020000,0.81004,0.81007,0.80995,0.80998
1782799080000,0.80998,0.81007,0.80994,0.81004
1782799140000,0.81003,0.81008,0.80993,0.80994
1782799200000,0.80996,0.81008,0.8099,0.81006
1782799260000,0.81004,0.81008,0.80996,0.80998
1782799320000,0.80997,0.80997,0.80982,0.80982
1782799380000,0.80984,0.80987,0.80969,0.80987
1782799440000,0.80986,0.80989,0.80978,0.80982
1782799500000,0.80983,0.80988,0.8098,0.80984
1782799560000,0.80983,0.80985,0.80971,0.80984
1782799620000,0.80983,0.81,0.8098,0.80992
1782799680000,0.80991,0.80994,0.80988,0.80988
1782799740000,0.80988,0.80989,0.80981,0.80983
1782799800000,0.80984,0.80987,0.8098,0.80981
1782799860000,0.8098,0.80987,0.80973,0.80986
1782799920000,0.80987,0.80988,0.80969,0.80973
1782799980000,0.80972,0.80974,0.80965,0.80974
1782800040000,0.80973,0.80979,0.80972,0.80978
1782800100000,0.80979,0.80979,0.80965,0.80975
1782800160000,0.80977,0.80977,0.80969,0.80969
1782800220000,0.80968,0.80969,0.80965,0.80969
1782800280000,0.80968,0.8097,0.80962,0.80963
1782800340000,0.80962,0.80964,0.8096,0.8096
1782800400000,0.80958,0.80959,0.80952,0.80957
1782800460000,0.80957,0.80957,0.80937,0.80937
1782800520000,0.80938,0.80938,0.80922,0.80933
1782800580000,0.80933,0.80938,0.80918,0.8092
1782800640000,0.8092,0.80928,0.80908,0.80928
1782800700000,0.80929,0.8093,0.80921,0.80922
1782800760000,0.80921,0.80923,0.80912,0.80916
1782800820000,0.80916,0.80922,0.80915,0.80918
1782800880000,0.80917,0.80918,0.80909,0.80909
1782800940000,0.8091,0.80919,0.80904,0.80917
1782801000000,0.80918,0.80922,0.80913,0.80917
1782801060000,0.80918,0.80936,0.80911,0.80936
1782801120000,0.80937,0.80942,0.80917,0.8092
1782801180000,0.8092,0.80931,0.8092,0.80931
1782801240000,0.8093,0.80931,0.80911,0.80914
1782801300000,0.80913,0.80929,0.8091,0.80914
1782801360000,0.80913,0.80922,0.80913,0.80918
1782801420000,0.80918,0.80928,0.80918,0.80925
1782801480000,0.80924,0.80936,0.80921,0.80934
1782801540000,0.80934,0.80935,0.80926,0.80927
1782801600000,0.80928,0.80928,0.80907,0.80916
1782801660000,0.80917,0.80919,0.80914,0.80916
1782801720000,0.80917,0.80926,0.80917,0.80917
1782801780000,0.80918,0.80921,0.80916,0.8092
1782801840000,0.80922,0.8093,0.8092,0.80926
1782801900000,0.80928,0.80948,0.80928,0.80943
1782801960000,0.80943,0.80944,0.80918,0.80918
1782802020000,0.80919,0.80922,0.80914,0.80916
1782802080000,0.80915,0.80921,0.80915,0.80918
1782802140000,0.80919,0.80931,0.80919,0.80919
1782802200000,0.80919,0.80924,0.8091,0.80912
1782802260000,0.80913,0.80916,0.80907,0.80909
1782802320000,0.80909,0.80924,0.80905,0.80921
1782802380000,0.80922,0.80925,0.80911,0.80912
1782802440000,0.80911,0.80911,0.80892,0.80893
1782802500000,0.80893,0.80893,0.80883,0.80884
1782802560000,0.80884,0.80887,0.80872,0.80877
1782802620000,0.80876,0.80876,0.80867,0.80872
1782802680000,0.80871,0.80871,0.80858,0.80858
1782802740000,0.80857,0.80863,0.80854,0.8086
1782802800000,0.80859,0.80874,0.80853,0.80873
1782802860000,0.80872,0.80877,0.80845,0.80854
1782802920000,0.80853,0.8086,0.80846,0.80853
1782802980000,0.80855,0.80855,0.80842,0.80846
1782803040000,0.80847,0.80866,0.80847,0.80857
1782803100000,0.80857,0.8086,0.80849,0.80852
1782803160000,0.80852,0.80858,0.80843,0.80856
1782803220000,0.80857,0.8086,0.80849,0.80849
1782803280000,0.80849,0.80849,0.80838,0.80848
1782803340000,0.80848,0.80856,0.80845,0.80853
1782803400000,0.80856,0.80858,0.80852,0.80853
1782803460000,0.80855,0.80857,0.80841,0.80846
1782803520000,0.80845,0.80857,0.8084,0.80855
1782803580000,0.80856,0.80859,0.80837,0.8084
1782803640000,0.8084,0.8085,0.80835,0.80845
1782803700000,0.80846,0.80852,0.80845,0.80847
1782803760000,0.80847,0.8085,0.80842,0.80848
1782803820000,0.80849,0.80849,0.80842,0.80846
1782803880000,0.80847,0.80849,0.80842,0.80848
1782803940000,0.80847,0.80854,0.80845,0.80848
1782804000000,0.80849,0.80849,0.80834,0.80835
1782804060000,0.80835,0.80845,0.8083,0.80844
1782804120000,0.80843,0.80844,0.80837,0.80844
1782804180000,0.80844,0.80851,0.80843,0.80847
1782804240000,0.80847,0.80848,0.80839,0.80842
1782804300000,0.80841,0.80843,0.80828,0.80828
1782804360000,0.80828,0.80838,0.80828,0.80838
1782804420000,0.8084,0.80849,0.80839,0.80846
1782804480000,0.80845,0.80851,0.80842,0.80845
1782804540000,0.80844,0.80856,0.80844,0.80851
1782804600000,0.80851,0.80854,0.80839,0.80844
1782804660000,0.80847,0.80854,0.80843,0.80853
1782804720000,0.80853,0.80856,0.80839,0.80841
1782804780000,0.8084,0.80844,0.8083,0.80834
1782804840000,0.80835,0.80837,0.80831,0.80837
1782804900000,0.80837,0.80844,0.80836,0.80844
1782804960000,0.80844,0.80846,0.80841,0.80842
1782805020000,0.80841,0.80851,0.80839,0.80847
1782805080000,0.80849,0.80852,0.80839,0.80852
1782805140000,0.80849,0.80855,0.80847,0.80853
1782805200000,0.80853,0.80868,0.80852,0.80868
1782805260000,0.80868,0.80886,0.80868,0.80886
1782805320000,0.80887,0.8089,0.80876,0.80879
1782805380000,0.80878,0.80879,0.8087,0.80878
1782805440000,0.80878,0.80878,0.80869,0.80873
1782805500000,0.80873,0.8089,0.80866,0.80889
1782805560000,0.80889,0.8089,0.80878,0.80878
1782805620000,0.80878,0.80895,0.80874,0.80895
1782805680000,0.80895,0.80908,0.8089,0.80907
1782805740000,0.80906,0.80912,0.80903,0.8091
1782805800000,0.80911,0.80927,0.80911,0.80924
1782805860000,0.80925,0.80926,0.80918,0.80925
1782805920000,0.80927,0.80935,0.80921,0.80924
1782805980000,0.80926,0.80936,0.80926,0.80936
1782806040000,0.80937,0.8094,0.8092,0.80922
1782806100000,0.80924,0.80936,0.80923,0.80935
1782806160000,0.80936,0.8094,0.80931,0.80937
1782806220000,0.80936,0.8094,0.80926,0.8093
1782806280000,0.80929,0.80929,0.80923,0.80923
1782806340000,0.80922,0.80934,0.80921,0.80932
1782806400000,0.80933,0.80944,0.80921,0.80932
1782806460000,0.80936,0.80954,0.80935,0.80953
1782806520000,0.80953,0.80968,0.80943,0.80965
1782806580000,0.80968,0.80968,0.80948,0.80954
1782806640000,0.80956,0.80958,0.80941,0.8095
1782806700000,0.80951,0.80952,0.80919,0.80925
1782806760000,0.80924,0.80931,0.80924,0.80926
1782806820000,0.80929,0.80953,0.80929,0.80953
1782806880000,0.80951,0.80973,0.80948,0.80966
1782806940000,0.80967,0.80997,0.80967,0.80982
1782807000000,0.80981,0.80982,0.80963,0.80964
1782807060000,0.80965,0.80971,0.8096,0.80971
1782807120000,0.80972,0.80972,0.80949,0.8095
1782807180000,0.8095,0.8095,0.80937,0.80943
1782807240000,0.80942,0.80963,0.80942,0.80963
1782807300000,0.80964,0.80967,0.80948,0.8095
1782807360000,0.80951,0.80951,0.8093,0.80934
1782807420000,0.80935,0.80957,0.80935,0.8095
1782807480000,0.80949,0.80955,0.80947,0.80955
1782807540000,0.80954,0.80955,0.80948,0.80949
1782807600000,0.80948,0.80955,0.8094,0.80942
1782807660000,0.80944,0.80946,0.80938,0.80938
1782807720000,0.80938,0.8094,0.80926,0.80932
1782807780000,0.80933,0.80936,0.80927,0.80929
1782807840000,0.80928,0.80934,0.80928,0.80933
1782807900000,0.80932,0.80941,0.80928,0.80928
1782807960000,0.80927,0.8093,0.80921,0.8093
1782808020000,0.80932,0.80934,0.80924,0.80925
1782808080000,0.80925,0.80932,0.80925,0.80929
1782808140000,0.80929,0.80932,0.80925,0.80927
1782808200000,0.80927,0.8093,0.80923,0.80925
1782808260000,0.80925,0.80935,0.80924,0.80934
1782808320000,0.80934,0.80942,0.80933,0.80942
1782808380000,0.80943,0.80945,0.8094,0.80941
1782808440000,0.8094,0.80947,0.80938,0.80941
1782808500000,0.80942,0.80944,0.80941,0.80943
1782808560000,0.80942,0.80955,0.80932,0.80955
1782808620000,0.80956,0.80971,0.80955,0.80971
1782808680000,0.80972,0.80973,0.80962,0.80969
1782808740000,0.80969,0.80979,0.8096,0.80964
1782808800000,0.80965,0.80975,0.80964,0.80973
1782808860000,0.80973,0.80974,0.80953,0.80956
1782808920000,0.80957,0.80968,0.80957,0.80962
1782808980000,0.80959,0.80964,0.80955,0.80958
1782809040000,0.80958,0.80962,0.80956,0.80957
1782809100000,0.80957,0.80971,0.80954,0.80971
1782809160000,0.80973,0.80979,0.80966,0.80966
1782809220000,0.80967,0.80982,0.80967,0.80979
1782809280000,0.8098,0.80988,0.80979,0.80981
1782809340000,0.80981,0.80981,0.80963,0.80965
1782809400000,0.80963,0.80966,0.80958,0.80964
1782809460000,0.80965,0.80975,0.80965,0.80972
1782809520000,0.80972,0.80976,0.80955,0.80958
1782809580000,0.80958,0.8097,0.80956,0.8096
1782809640000,0.8096,0.80961,0.80952,0.80952
1782809700000,0.80952,0.80957,0.8095,0.80951
1782809760000,0.80953,0.80954,0.80939,0.80943
1782809820000,0.8094,0.80955,0.80938,0.80954
1782809880000,0.80953,0.80953,0.80943,0.80949
1782809940000,0.80949,0.80949,0.8094,0.8094
1782810000000,0.80938,0.80957,0.80938,0.80955
1782810060000,0.80955,0.80967,0.80944,0.80962
1782810120000,0.80961,0.8098,0.8096,0.80968
1782810180000,0.80971,0.80972,0.80951,0.80952
1782810240000,0.80952,0.8096,0.80949,0.80957
1782810300000,0.80958,0.80969,0.80955,0.80969
1782810360000,0.80967,0.80974,0.80954,0.80955
1782810420000,0.80954,0.80958,0.80933,0.80935
1782810480000,0.80936,0.80938,0.80929,0.8093
1782810540000,0.8093,0.80938,0.80919,0.80937
1782810600000,0.80936,0.8094,0.80931,0.80939
1782810660000,0.8094,0.8094,0.80922,0.80925
1782810720000,0.80925,0.80934,0.80925,0.80928
1782810780000,0.80927,0.80945,0.80927,0.80945
1782810840000,0.80943,0.80944,0.80938,0.80944
1782810900000,0.80945,0.8095,0.80936,0.80939
1782810960000,0.8094,0.80953,0.80938,0.80951
1782811020000,0.80952,0.80952,0.80942,0.80946
1782811080000,0.80947,0.80956,0.80947,0.80954
1782811140000,0.80955,0.80963,0.80953,0.80963
1782811200000,0.80961,0.80969,0.80954,0.80965
1782811260000,0.80966,0.80969,0.8096,0.8096
1782811320000,0.8096,0.8098,0.80959,0.80979
1782811380000,0.8098,0.80982,0.80975,0.8098
1782811440000,0.80979,0.80994,0.8097,0.80994
1782811500000,0.80994,0.80996,0.80986,0.80994
1782811560000,0.80993,0.80994,0.80957,0.80958
1782811620000,0.80961,0.80971,0.8096,0.80971
1782811680000,0.80969,0.80979,0.80969,0.80977
1782811740000,0.80977,0.80986,0.80976,0.80982
1782811800000,0.80981,0.80994,0.80979,0.8099
1782811860000,0.80991,0.80991,0.80978,0.80986
1782811920000,0.80986,0.80988,0.8098,0.80981
1782811980000,0.80981,0.80992,0.80981,0.80991
1782812040000,0.8099,0.81002,0.80988,0.81002
1782812100000,0.81002,0.81011,0.81002,0.8101
1782812160000,0.81009,0.81009,0.80986,0.80988
1782812220000,0.80987,0.80995,0.80984,0.80995
1782812280000,0.80993,0.80993,0.80972,0.8098
1782812340000,0.80981,0.80985,0.80978,0.80978
1782812400000,0.8098,0.80992,0.80978,0.80986
1782812460000,0.80985,0.80985,0.80965,0.80965
1782812520000,0.80966,0.80966,0.80959,0.80961
1782812580000,0.80963,0.80974,0.80963,0.80972
1782812640000,0.80973,0.80983,0.80972,0.80977
1782812700000,0.80977,0.80977,0.80967,0.80967
1782812760000,0.80968,0.80968,0.80963,0.80966
1782812820000,0.80967,0.80971,0.80962,0.80965
1782812880000,0.80964,0.80969,0.80958,0.8096
1782812940000,0.8096,0.80966,0.80959,0.80964
1782813000000,0.80964,0.80972,0.8096,0.80964
1782813060000,0.80964,0.80973,0.80957,0.8097
1782813120000,0.80969,0.80977,0.80967,0.80969
1782813180000,0.80967,0.8097,0.80956,0.80956
1782813240000,0.80956,0.80957,0.80942,0.80947
1782813300000,0.80946,0.80965,0.80946,0.80961
1782813360000,0.80961,0.80962,0.80948,0.80948
1782813420000,0.80947,0.80958,0.80947,0.80954
1782813480000,0.80954,0.80957,0.80951,0.80952
1782813540000,0.80951,0.80955,0.80947,0.80952
1782813600000,0.8095,0.80956,0.8095,0.80956
1782813660000,0.80956,0.80959,0.80951,0.80959
1782813720000,0.80959,0.80965,0.80958,0.80961
1782813780000,0.80961,0.8097,0.80959,0.80967
1782813840000,0.80965,0.80967,0.80958,0.80958
1782813900000,0.80958,0.80958,0.80953,0.80953
1782813960000,0.80955,0.80967,0.80952,0.80966
1782814020000,0.80966,0.80967,0.80964,0.80966
1782814080000,0.80968,0.8097,0.80956,0.80962
1782814140000,0.80962,0.80962,0.80944,0.80945
1782814200000,0.80946,0.80955,0.80946,0.80954
1782814260000,0.80952,0.80953,0.80944,0.80945
1782814320000,0.80945,0.80963,0.80943,0.80958
1782814380000,0.80959,0.80959,0.80952,0.80953
1782814440000,0.80954,0.80955,0.80944,0.80945
1782814500000,0.80947,0.80947,0.80937,0.80937
1782814560000,0.80937,0.80938,0.80932,0.80932
1782814620000,0.80932,0.80938,0.80928,0.80934
1782814680000,0.80935,0.80936,0.8092,0.80922
1782814740000,0.80923,0.80933,0.80922,0.80933
1782814800000,0.80936,0.80938,0.80925,0.80936
1782814860000,0.80932,0.80934,0.80931,0.80933
1782814920000,0.80934,0.80934,0.80922,0.80925
1782814980000,0.80926,0.80936,0.80926,0.80936
1782815040000,0.80937,0.80944,0.80937,0.80941
1782815100000,0.8094,0.8094,0.80928,0.80928
1782815160000,0.80928,0.80932,0.80927,0.80932
1782815220000,0.80934,0.80939,0.80932,0.80936
1782815280000,0.80935,0.80936,0.80922,0.80924
1782815340000,0.80925,0.80934,0.80923,0.80933
1782815400000,0.80932,0.80947,0.80932,0.80944
1782815460000,0.80945,0.80953,0.80942,0.80951
1782815520000,0.8095,0.80951,0.80945,0.80946
1782815580000,0.80945,0.80948,0.80938,0.80939
1782815640000,0.80939,0.8094,0.80929,0.80933
1782815700000,0.80935,0.80937,0.80929,0.80932
1782815760000,0.80931,0.80932,0.80909,0.80909
1782815820000,0.80911,0.80913,0.80906,0.80913
1782815880000,0.80913,0.80917,0.80909,0.80909
1782815940000,0.80908,0.80912,0.80899,0.80912
1782816000000,0.80912,0.80922,0.80911,0.8092
1782816060000,0.80921,0.80929,0.8092,0.80926
1782816120000,0.80925,0.80926,0.8092,0.80923
1782816180000,0.80922,0.80922,0.80901,0.80901
1782816240000,0.809,0.80907,0.80894,0.80907
1782816300000,0.80908,0.80919,0.80908,0.80912
1782816360000,0.80912,0.80921,0.80912,0.8092
1782816420000,0.80919,0.8092,0.80912,0.80912
1782816480000,0.8091,0.80916,0.8091,0.8091
1782816540000,0.80911,0.80916,0.80909,0.80912
1782816600000,0.80911,0.80912,0.8091,0.80911
1782816660000,0.80911,0.80915,0.80905,0.80905
1782816720000,0.80906,0.80908,0.80902,0.80904
1782816780000,0.80903,0.80903,0.80899,0.80901
1782816840000,0.80899,0.80899,0.80891,0.80897
1782816900000,0.809,0.80906,0.809,0.809
1782816960000,0.80899,0.80899,0.80894,0.80896
1782817020000,0.80896,0.80897,0.80889,0.80889
1782817080000,0.80889,0.80889,0.80879,0.80879
1782817140000,0.80879,0.8088,0.80871,0.80874
1782817200000,0.80873,0.80879,0.80866,0.80873
1782817260000,0.80873,0.80873,0.80861,0.80871
1782817320000,0.80872,0.80875,0.80869,0.80873
1782817380000,0.80873,0.80875,0.80866,0.8087
1782817440000,0.80874,0.80877,0.80873,0.80874
1782817500000,0.80875,0.80877,0.80871,0.80872
1782817560000,0.80871,0.80889,0.80869,0.80888
1782817620000,0.80889,0.80889,0.80883,0.80885
1782817680000,0.80886,0.80889,0.80884,0.80884
1782817740000,0.80883,0.80892,0.80883,0.80891
1782817800000,0.80892,0.80898,0.80883,0.80888
1782817860000,0.80888,0.80893,0.80882,0.80893
1782817920000,0.80894,0.80897,0.80889,0.80889
1782817980000,0.80889,0.80901,0.80889,0.80901
1782818040000,0.80901,0.80902,0.80891,0.80891
1782818100000,0.80892,0.80894,0.8089,0.8089
1782818160000,0.80891,0.80904,0.80891,0.80901
1782818220000,0.80903,0.80911,0.80903,0.80909
1782818280000,0.80909,0.80916,0.80907,0.80915
1782818340000,0.80914,0.80914,0.80862,0.80887
1782818400000,0.80888,0.80892,0.80884,0.80885
1782818460000,0.80884,0.80911,0.80846,0.80893
1782818520000,0.80892,0.80899,0.80889,0.80899
1782818580000,0.80898,0.80909,0.80898,0.80905
1782818640000,0.80906,0.80925,0.80905,0.80906
1782818700000,0.80907,0.80915,0.80907,0.80915
1782818760000,0.80915,0.80924,0.80915,0.80924
1782818820000,0.80924,0.80924,0.80914,0.80914
1782818880000,0.80915,0.80917,0.80904,0.80911
1782818940000,0.8091,0.80922,0.80909,0.80919
1782819000000,0.8092,0.80927,0.80918,0.80926
1782819060000,0.80926,0.80932,0.80923,0.80929
1782819120000,0.8093,0.8095,0.80926,0.80948
1782819180000,0.80948,0.8095,0.80943,0.80947
1782819240000,0.80946,0.80948,0.80936,0.80937
1782819300000,0.80935,0.80942,0.8093,0.80941
1782819360000,0.80943,0.80961,0.80943,0.80947
1782819420000,0.80947,0.80957,0.80946,0.80957
1782819480000,0.80957,0.80967,0.80957,0.80965
1782819540000,0.80965,0.80975,0.80964,0.8097
1782819600000,0.80969,0.80974,0.80956,0.80956
1782819660000,0.80957,0.80957,0.80943,0.80943
1782819720000,0.80943,0.80944,0.80933,0.80938
1782819780000,0.80937,0.80939,0.80914,0.80932
1782819840000,0.80933,0.80935,0.80921,0.80925
1782819900000,0.80926,0.80934,0.80925,0.80932
1782819960000,0.8093,0.80931,0.80924,0.80927
1782820020000,0.80927,0.80939,0.80927,0.80933
1782820080000,0.80932,0.80939,0.80932,0.80937
1782820140000,0.80939,0.80942,0.80923,0.80923
1782820200000,0.80924,0.80938,0.80923,0.80936
1782820260000,0.80937,0.80939,0.80929,0.80933
1782820320000,0.80932,0.80935,0.80928,0.80934
1782820380000,0.80935,0.80935,0.80927,0.80928
1782820440000,0.80928,0.80944,0.80928,0.8094
1782820500000,0.80942,0.80949,0.80933,0.80948
1782820560000,0.80946,0.80947,0.80941,0.80942
1782820620000,0.80942,0.80943,0.80936,0.80938
1782820680000,0.80938,0.80947,0.80938,0.80947
1782820740000,0.80947,0.8095,0.80944,0.80948
1782820800000,0.80947,0.80947,0.80936,0.80945
1782820860000,0.80944,0.80959,0.80942,0.80957
1782820920000,0.80957,0.80964,0.80954,0.80959
1782820980000,0.80958,0.80974,0.80958,0.80974
1782821040000,0.80974,0.80974,0.80954,0.80954
1782821100000,0.80954,0.80961,0.80954,0.80957
1782821160000,0.80957,0.80961,0.80946,0.80952
1782821220000,0.8095,0.80951,0.80941,0.80941
1782821280000,0.80942,0.80951,0.80942,0.80942
1782821340000,0.80941,0.80955,0.80933,0.80955
1782821400000,0.80954,0.80957,0.80943,0.80947
1782821460000,0.80947,0.8096,0.80944,0.80956
1782821520000,0.80955,0.80955,0.80944,0.80948
1782821580000,0.80946,0.80949,0.80934,0.80934
1782821640000,0.80934,0.80935,0.80927,0.80931
1782821700000,0.80928,0.80937,0.80928,0.80937
1782821760000,0.80937,0.80941,0.80931,0.80933
1782821820000,0.80933,0.8094,0.80925,0.80925
1782821880000,0.80925,0.80938,0.80925,0.80938
1782821940000,0.80937,0.80937,0.80928,0.80929
1782822000000,0.80929,0.80934,0.80926,0.80933
1782822060000,0.80933,0.80936,0.8093,0.80931
1782822120000,0.80933,0.80946,0.80932,0.80943
1782822180000,0.80942,0.80961,0.80939,0.80961
1782822240000,0.80961,0.80961,0.80953,0.80955
1782822300000,0.80954,0.80965,0.80954,0.80958
1782822360000,0.80958,0.80958,0.80945,0.8095
1782822420000,0.80952,0.80955,0.8095,0.80951
1782822480000,0.80952,0.80952,0.80944,0.80945
1782822540000,0.80944,0.80944,0.80937,0.80944
1782822600000,0.80943,0.8095,0.80936,0.80949
1782822660000,0.80951,0.80959,0.80919,0.80921
1782822720000,0.80921,0.80939,0.80905,0.80931
1782822780000,0.80931,0.80941,0.80924,0.80939
1782822840000,0.80939,0.80942,0.80912,0.80912
1782822900000,0.80911,0.80914,0.809,0.8091
1782822960000,0.80909,0.80919,0.809,0.80915
1782823020000,0.80917,0.80921,0.80912,0.80915
1782823080000,0.80915,0.80918,0.80908,0.80913
1782823140000,0.80913,0.80922,0.80913,0.8092
1782823200000,0.80921,0.80927,0.80912,0.80912
1782823260000,0.80914,0.80916,0.80911,0.80912
1782823320000,0.8091,0.8091,0.80895,0.80901
1782823380000,0.809,0.80901,0.8089,0.8089
1782823440000,0.80889,0.80893,0.80883,0.80891
1782823500000,0.8089,0.80911,0.8089,0.80909
1782823560000,0.80913,0.80919,0.80909,0.80919
1782823620000,0.80917,0.80919,0.80914,0.80919
1782823680000,0.80921,0.80925,0.8091,0.80911
1782823740000,0.80912,0.80913,0.80905,0.8091
1782823800000,0.80909,0.8091,0.80889,0.80899
1782823860000,0.80899,0.809,0.80888,0.8089
1782823920000,0.80889,0.80889,0.80877,0.8088
1782823980000,0.80881,0.80881,0.80865,0.80865
1782824040000,0.80864,0.80871,0.80857,0.80864
1782824100000,0.80866,0.80875,0.80866,0.80873
1782824160000,0.80872,0.80888,0.80871,0.80887
1782824220000,0.80888,0.80896,0.80885,0.80894
1782824280000,0.80894,0.80915,0.80894,0.80915
1782824340000,0.80915,0.80921,0.80913,0.80916
1782824400000,0.80916,0.80922,0.8091,0.80913
1782824460000,0.80916,0.80927,0.80916,0.80922
1782824520000,0.80921,0.80929,0.80915,0.80922
1782824580000,0.80921,0.80929,0.80916,0.80918
1782824640000,0.80917,0.80932,0.80912,0.80932
1782824700000,0.80933,0.80941,0.80931,0.80932
1782824760000,0.80932,0.80933,0.8092,0.80921
1782824820000,0.80919,0.80919,0.80905,0.80906
1782824880000,0.80903,0.8091,0.80901,0.80907
1782824940000,0.80906,0.80907,0.80897,0.80899
1782825000000,0.809,0.809,0.80889,0.80891
1782825060000,0.80893,0.80895,0.80886,0.80888
1782825120000,0.80888,0.80898,0.80888,0.80896
1782825180000,0.80896,0.80903,0.80894,0.80896
1782825240000,0.80895,0.80902,0.80891,0.80899
1782825300000,0.80901,0.80901,0.80887,0.80887
1782825360000,0.80886,0.80887,0.80873,0.80879
1782825420000,0.8088,0.8088,0.80867,0.80867
1782825480000,0.80866,0.80867,0.80851,0.80856
1782825540000,0.8086,0.80864,0.80852,0.80853
1782825600000,0.80852,0.80854,0.80842,0.80851
1782825660000,0.80853,0.80871,0.80851,0.80871
1782825720000,0.80869,0.80879,0.80869,0.80879
1782825780000,0.8088,0.80899,0.8088,0.80899
1782825840000,0.80899,0.80901,0.80888,0.80895
1782825900000,0.80895,0.80906,0.80893,0.80906
1782825960000,0.80906,0.80906,0.80883,0.80884
1782826020000,0.80884,0.80887,0.80882,0.80883
1782826080000,0.80881,0.80892,0.8088,0.80891
1782826140000,0.80892,0.80892,0.80883,0.80883
1782826200000,0.80883,0.80887,0.80867,0.80878
1782826260000,0.80878,0.80885,0.80871,0.80882
1782826320000,0.80882,0.80884,0.80875,0.8088
1782826380000,0.80881,0.80905,0.8088,0.80902
1782826440000,0.80902,0.80903,0.80896,0.80899
1782826500000,0.80899,0.80902,0.80874,0.80877
1782826560000,0.80876,0.80894,0.80876,0.80891
1782826620000,0.80889,0.809,0.80886,0.80893
1782826680000,0.80893,0.80898,0.8089,0.80894
1782826740000,0.80892,0.80894,0.80887,0.80887
1782826800000,0.80887,0.80891,0.80882,0.80882
1782826860000,0.80881,0.80888,0.80876,0.80882
1782826920000,0.80882,0.8089,0.80882,0.80884
1782826980000,0.80884,0.80887,0.80874,0.80874
1782827040000,0.80874,0.80877,0.80863,0.80864
1782827100000,0.80866,0.80887,0.80863,0.80884
1782827160000,0.80884,0.80891,0.80872,0.80873
1782827220000,0.80873,0.80875,0.80867,0.80871
1782827280000,0.80873,0.80873,0.80864,0.80871
1782827340000,0.80871,0.80878,0.80868,0.80878
1782827400000,0.80878,0.8088,0.80868,0.80875
1782827460000,0.80875,0.80879,0.80866,0.80873
1782827520000,0.80873,0.80874,0.80866,0.80872
1782827580000,0.80873,0.80893,0.8087,0.8088
1782827640000,0.8088,0.80887,0.80876,0.80884
1782827700000,0.80885,0.80896,0.80885,0.80893
1782827760000,0.80893,0.80894,0.80887,0.80894
1782827820000,0.80893,0.80905,0.80891,0.80893
1782827880000,0.80896,0.80898,0.80886,0.80886
1782827940000,0.80887,0.8089,0.8088,0.80884
1782828000000,0.80885,0.80936,0.80881,0.80931
1782828060000,0.80933,0.80945,0.80927,0.8094
1782828120000,0.8094,0.80958,0.80932,0.80958
1782828180000,0.80957,0.80962,0.80925,0.80935
1782828240000,0.80935,0.80935,0.8092,0.80922
1782828300000,0.80923,0.80923,0.80889,0.80903
1782828360000,0.80903,0.80918,0.80898,0.80908
1782828420000,0.80909,0.80916,0.80903,0.80915
1782828480000,0.80916,0.80921,0.80912,0.80912
1782828540000,0.80911,0.80911,0.80886,0.80887
1782828600000,0.80889,0.80889,0.80851,0.80866
1782828660000,0.80867,0.80893,0.80866,0.80888
1782828720000,0.8089,0.80902,0.80888,0.80893
1782828780000,0.80893,0.80899,0.80881,0.80887
1782828840000,0.80887,0.80896,0.80874,0.80876
1782828900000,0.80877,0.80877,0.80825,0.80847
1782828960000,0.80848,0.80856,0.80838,0.80853
1782829020000,0.80852,0.80873,0.80849,0.80873
1782829080000,0.80873,0.80884,0.80873,0.80881
1782829140000,0.80881,0.80895,0.80875,0.80875
1782829200000,0.80876,0.80879,0.80861,0.80861
1782829260000,0.80861,0.80863,0.80848,0.80849
1782829320000,0.80851,0.80861,0.80836,0.80856
1782829380000,0.80856,0.80858,0.80839,0.80842
1782829440000,0.80843,0.8086,0.80836,0.80856
1782829500000,0.80854,0.8087,0.80851,0.80866
1782829560000,0.80866,0.80866,0.80847,0.80853
1782829620000,0.80852,0.80859,0.80837,0.8084
1782829680000,0.8084,0.80855,0.8084,0.80855
1782829740000,0.80855,0.8086,0.80852,0.80855
1782829800000,0.80854,0.80858,0.80835,0.8084
1782829860000,0.8084,0.80846,0.80815,0.8082
1782829920000,0.80819,0.80836,0.80814,0.80835
1782829980000,0.80833,0.80836,0.80815,0.80818
1782830040000,0.80816,0.80836,0.80815,0.80831
1782830100000,0.80832,0.80833,0.80816,0.80816
1782830160000,0.80817,0.80825,0.80814,0.80817
1782830220000,0.80816,0.8083,0.80815,0.80822
1782830280000,0.80822,0.80831,0.80819,0.80831
1782830340000,0.80829,0.80847,0.80829,0.80833
1782830400000,0.80833,0.80833,0.80816,0.80825
1782830460000,0.80825,0.80828,0.80815,0.80821
1782830520000,0.80819,0.80828,0.80816,0.80816
1782830580000,0.80816,0.80817,0.80762,0.80764
1782830640000,0.80767,0.80767,0.80751,0.80753
1782830700000,0.80754,0.80769,0.80745,0.80763
1782830760000,0.80763,0.80771,0.80746,0.80754
1782830820000,0.80754,0.80764,0.80729,0.80731
1782830880000,0.80732,0.80756,0.80725,0.80752
1782830940000,0.80752,0.80752,0.80742,0.80743
1782831000000,0.80742,0.80742,0.80698,0.80705
1782831060000,0.80704,0.8071,0.80661,0.80673
1782831120000,0.80674,0.80684,0.80628,0.80628
1782831180000,0.8063,0.80683,0.80628,0.80673
1782831240000,0.80674,0.80674,0.80648,0.80657
1782831300000,0.80658,0.80704,0.8065,0.80701
1782831360000,0.80701,0.80714,0.80677,0.8069
1782831420000,0.80689,0.80715,0.80634,0.8064
1782831480000,0.80643,0.80666,0.80643,0.80653
1782831540000,0.80655,0.80669,0.80648,0.80665
1782831600000,0.80667,0.80686,0.80666,0.80678
1782831660000,0.80679,0.80679,0.80637,0.80659
1782831720000,0.80659,0.80688,0.80648,0.80687
1782831780000,0.80685,0.80722,0.80684,0.8072
1782831840000,0.8072,0.80734,0.80719,0.80725
1782831900000,0.80724,0.80726,0.80709,0.80714
1782831960000,0.80714,0.80718,0.80706,0.80713
1782832020000,0.80713,0.80721,0.80708,0.80718
1782832080000,0.80719,0.80719,0.80699,0.80713
1782832140000,0.80712,0.80728,0.80708,0.80715
1782832200000,0.80717,0.80726,0.80715,0.80726
1782832260000,0.80726,0.80727,0.8071,0.80716
1782832320000,0.80716,0.80737,0.80706,0.80733
1782832380000,0.80734,0.80734,0.80721,0.80721
1782832440000,0.80721,0.80749,0.80716,0.80747
1782832500000,0.80748,0.80764,0.80748,0.80755
1782832560000,0.80756,0.80766,0.80755,0.80758
1782832620000,0.80757,0.80769,0.80751,0.80767
1782832680000,0.80768,0.80783,0.80768,0.80783
1782832740000,0.80784,0.8079,0.80777,0.80778
1782832800000,0.80776,0.80788,0.80776,0.80784
1782832860000,0.80784,0.80792,0.80783,0.80787
1782832920000,0.80787,0.80795,0.80783,0.80795
1782832980000,0.80794,0.80795,0.80784,0.80788
1782833040000,0.80788,0.80788,0.80779,0.80783
1782833100000,0.80782,0.80792,0.80782,0.80789
1782833160000,0.80789,0.80793,0.80776,0.80777
1782833220000,0.80778,0.80785,0.80776,0.80784
1782833280000,0.80785,0.80792,0.80783,0.8079
1782833340000,0.80791,0.808,0.80791,0.80796
1782833400000,0.80795,0.80798,0.80788,0.80792
1782833460000,0.80793,0.80796,0.80781,0.80785
1782833520000,0.80783,0.8079,0.8078,0.80781
1782833580000,0.80782,0.80787,0.80776,0.80786
1782833640000,0.80786,0.80796,0.80784,0.80796
1782833700000,0.80798,0.80805,0.80798,0.80803
1782833760000,0.80804,0.80812,0.80801,0.8081
1782833820000,0.80809,0.80824,0.80809,0.80813
1782833880000,0.80813,0.80819,0.808,0.80801
1782833940000,0.80799,0.80815,0.80799,0.80814
1782834000000,0.80811,0.80816,0.80809,0.80812
1782834060000,0.80812,0.80817,0.80809,0.80816
1782834120000,0.80817,0.80818,0.80811,0.80811
1782834180000,0.80812,0.80813,0.80795,0.80809
1782834240000,0.80809,0.80818,0.80807,0.80818
1782834300000,0.80818,0.80818,0.80801,0.80801
1782834360000,0.80802,0.80814,0.80802,0.80809
1782834420000,0.8081,0.80816,0.80808,0.80814
1782834480000,0.80813,0.80815,0.80806,0.80807
1782834540000,0.80804,0.80807,0.808,0.808
1782834600000,0.808,0.80808,0.80799,0.80803
1782834660000,0.80802,0.80807,0.808,0.80801
1782834720000,0.80799,0.80815,0.80797,0.80811
1782834780000,0.80812,0.80816,0.80809,0.80812
1782834840000,0.80815,0.80819,0.8081,0.80812
1782834900000,0.80812,0.80815,0.80805,0.80807
1782834960000,0.80809,0.80809,0.80804,0.80807
1782835020000,0.80808,0.80826,0.80808,0.80825
1782835080000,0.80825,0.8083,0.80822,0.80825
1782835140000,0.80825,0.80828,0.8082,0.8082
1782835200000,0.80821,0.80841,0.8082,0.80839
1782835260000,0.80839,0.80842,0.80825,0.80827
1782835320000,0.80828,0.80843,0.80828,0.80834
1782835380000,0.80836,0.80856,0.80836,0.80856
1782835440000,0.80858,0.80864,0.80855,0.80862
1782835500000,0.80861,0.80866,0.80856,0.80856
1782835560000,0.80857,0.80857,0.80847,0.80849
1782835620000,0.80849,0.80849,0.80836,0.80847
1782835680000,0.80848,0.8085,0.80845,0.8085
1782835740000,0.80849,0.8085,0.80838,0.80838
1782835800000,0.80836,0.80847,0.80834,0.80843
1782835860000,0.80844,0.80847,0.80842,0.80846
1782835920000,0.80847,0.80849,0.80838,0.80848
1782835980000,0.80848,0.80848,0.80842,0.80843
1782836040000,0.80842,0.80842,0.8084,0.80842
1782836100000,0.80841,0.80863,0.80841,0.80862
1782836160000,0.80862,0.80862,0.80855,0.80859
1782836220000,0.80858,0.80869,0.80858,0.80868
1782836280000,0.80868,0.80868,0.80863,0.80865
1782836340000,0.80866,0.80867,0.80858,0.80858
1782836400000,0.80859,0.80859,0.80853,0.80859
1782836460000,0.8086,0.8086,0.8084,0.80841
1782836520000,0.80843,0.80846,0.80842,0.80843
1782836580000,0.80843,0.80846,0.80843,0.80845
1782836640000,0.80844,0.80852,0.80839,0.80852
1782836700000,0.80853,0.80859,0.80851,0.80858
1782836760000,0.80857,0.80857,0.80849,0.80854
1782836820000,0.80853,0.80861,0.80853,0.80857
1782836880000,0.80858,0.80859,0.80847,0.80847
1782836940000,0.80848,0.8085,0.80843,0.80844
1782837000000,0.80843,0.80847,0.80838,0.8084
1782837060000,0.80839,0.80841,0.80837,0.8084
1782837120000,0.80841,0.8085,0.8084,0.80849
1782837180000,0.80848,0.80856,0.80846,0.80849
1782837240000,0.80848,0.80857,0.80848,0.80855
1782837300000,0.80855,0.80856,0.8084,0.80842
1782837360000,0.80841,0.8085,0.80841,0.80847
1782837420000,0.80847,0.8085,0.8084,0.8084
1782837480000,0.80841,0.80843,0.8083,0.80832
1782837540000,0.80833,0.8084,0.80833,0.80836
1782837600000,0.80836,0.80836,0.80829,0.80834
1782837660000,0.80836,0.80839,0.80833,0.80838
1782837720000,0.80839,0.80839,0.80827,0.80831
1782837780000,0.8083,0.80847,0.8083,0.80847
1782837840000,0.80848,0.80857,0.80848,0.80853
1782837900000,0.80854,0.80856,0.80846,0.80853
1782837960000,0.80853,0.80853,0.80842,0.80845
1782838020000,0.80846,0.80849,0.80845,0.80846
1782838080000,0.80845,0.80845,0.80838,0.80844
1782838140000,0.80842,0.80843,0.8084,0.80842
1782838200000,0.80842,0.80842,0.80834,0.8084
1782838260000,0.80842,0.80855,0.80839,0.80854
1782838320000,0.80853,0.80858,0.80853,0.80858
1782838380000,0.80859,0.80867,0.80857,0.80867
1782838440000,0.80868,0.80877,0.80866,0.80875
1782838500000,0.80877,0.80877,0.8087,0.80872
1782838560000,0.80874,0.80876,0.8086,0.80862
1782838620000,0.80864,0.80874,0.80864,0.80871
1782838680000,0.80871,0.80871,0.80864,0.8087
1782838740000,0.80871,0.80871,0.80863,0.80864
1782838800000,0.80862,0.80864,0.80851,0.80853
1782838860000,0.80854,0.80859,0.8085,0.80858
1782838920000,0.80857,0.80857,0.80852,0.80854
1782838980000,0.80854,0.80854,0.80835,0.80836
1782839040000,0.80836,0.80836,0.80825,0.8083
1782839100000,0.80831,0.80835,0.8083,0.80833
1782839160000,0.80838,0.80847,0.80838,0.80845
1782839220000,0.80846,0.80846,0.8084,0.80843
1782839280000,0.80843,0.80848,0.80843,0.80846
1782839340000,0.80846,0.80856,0.80846,0.80855
1782839400000,0.80858,0.80863,0.80854,0.80855
1782839460000,0.80856,0.80862,0.80855,0.80859
1782839520000,0.80859,0.8086,0.80856,0.80856
1782839580000,0.80854,0.8086,0.80853,0.80856
1782839640000,0.80857,0.80867,0.80857,0.80866
1782839700000,0.80867,0.80867,0.80859,0.80867
1782839760000,0.80865,0.80868,0.80858,0.80859
1782839820000,0.80859,0.80859,0.80851,0.80856
1782839880000,0.80855,0.80857,0.80848,0.80852
1782839940000,0.80853,0.80854,0.80848,0.80848
1782840000000,0.80849,0.80854,0.80847,0.80852
1782840060000,0.80854,0.80855,0.80846,0.80848
1782840120000,0.80848,0.80851,0.80847,0.8085
1782840180000,0.80849,0.80852,0.80846,0.80848
1782840240000,0.80847,0.80849,0.80844,0.80844
1782840300000,0.80844,0.80846,0.80842,0.80843
1782840360000,0.80842,0.80842,0.80824,0.80824
1782840420000,0.80826,0.80837,0.80826,0.80837
1782840480000,0.80836,0.80838,0.80827,0.80827
1782840540000,0.80827,0.80832,0.80827,0.8083
1782840600000,0.8083,0.80831,0.80823,0.80823
1782840660000,0.80824,0.80824,0.80818,0.80821
1782840720000,0.80822,0.80823,0.80818,0.80821
1782840780000,0.80822,0.80822,0.8081,0.8081
1782840840000,0.80811,0.80821,0.80811,0.80821
1782840900000,0.8082,0.8082,0.80815,0.80817
1782840960000,0.80819,0.80822,0.80818,0.80822
1782841020000,0.80821,0.8083,0.8082,0.8083
1782841080000,0.80829,0.8083,0.80826,0.80829
1782841140000,0.80829,0.80831,0.80825,0.80829
1782841200000,0.8083,0.80831,0.80829,0.8083
1782841260000,0.80831,0.80832,0.80829,0.80829
1782841320000,0.8083,0.8083,0.80818,0.80819
1782841380000,0.8082,0.80822,0.80818,0.80819
1782841440000,0.8082,0.8082,0.80815,0.80817
1782841500000,0.80818,0.8082,0.80817,0.8082
1782841560000,0.80819,0.80819,0.80808,0.8081
1782841620000,0.80808,0.80808,0.80801,0.80806
1782841680000,0.80809,0.8081,0.80799,0.80799
1782841740000,0.80801,0.80801,0.80791,0.80793
1782841800000,0.80792,0.80793,0.80789,0.80791
1782841860000,0.80791,0.80793,0.80789,0.8079
1782841920000,0.80789,0.80796,0.80789,0.80792
1782841980000,0.80791,0.80799,0.80791,0.80798
1782842040000,0.808,0.80801,0.808,0.808
1782842100000,0.80801,0.80808,0.80801,0.80808
1782842160000,0.80808,0.8081,0.80805,0.80808
1782842220000,0.80806,0.8081,0.80804,0.8081
1782842280000,0.80809,0.80811,0.80806,0.80809
1782842340000,0.8081,0.80811,0.80806,0.80806
1782842400000,0.80806,0.80806,0.80801,0.80805
1782842460000,0.80803,0.80803,0.80792,0.80796
1782842520000,0.80795,0.808,0.80795,0.80797
1782842580000,0.80796,0.80805,0.80792,0.80804
1782842640000,0.80804,0.80804,0.80787,0.80787
1782842700000,0.80787,0.80787,0.80766,0.80768
1782842760000,0.80768,0.80771,0.80761,0.80761
1782842820000,0.80762,0.80769,0.80762,0.80766
1782842880000,0.80766,0.8078,0.80766,0.80779
1782842940000,0.80777,0.80778,0.8077,0.80771
1782843000000,0.80773,0.80778,0.80771,0.80773
1782843060000,0.80774,0.80779,0.80771,0.80777
1782843120000,0.80778,0.80778,0.80767,0.80767
1782843180000,0.80768,0.80769,0.80755,0.80758
1782843240000,0.80758,0.80767,0.80756,0.80766
1782843300000,0.80767,0.80781,0.80767,0.80778
1782843360000,0.80778,0.80785,0.80777,0.80785
1782843420000,0.80786,0.80787,0.80783,0.80785
1782843480000,0.80784,0.80785,0.80776,0.80776
1782843540000,0.80775,0.80777,0.80774,0.80775
1782843600000,0.80774,0.80774,0.80771,0.80772
1782843660000,0.80771,0.80771,0.80768,0.80769
1782843720000,0.80768,0.80776,0.80763,0.80776
1782843780000,0.80776,0.80777,0.80772,0.80777
1782843840000,0.80778,0.80778,0.80772,0.80776
1782843900000,0.80775,0.80776,0.80773,0.80775
1782843960000,0.80775,0.80778,0.80773,0.80774
1782844020000,0.80774,0.80777,0.80774,0.80777
1782844080000,0.80778,0.80781,0.80776,0.80778
1782844140000,0.80777,0.80777,0.80772,0.80777
1782844200000,0.80777,0.80784,0.80776,0.80784
1782844260000,0.80784,0.80784,0.80773,0.80773
1782844320000,0.80774,0.80785,0.80774,0.80785
1782844380000,0.80785,0.80794,0.80784,0.80786
1782844440000,0.80786,0.80787,0.80783,0.80784
1782844500000,0.80786,0.80787,0.80775,0.80775
1782844560000,0.80777,0.80787,0.80775,0.80787
1782844620000,0.80787,0.80798,0.80786,0.80795
1782844680000,0.80796,0.80797,0.80795,0.80796
1782844740000,0.80798,0.80801,0.80797,0.80798
1782844800000,0.80798,0.80802,0.80798,0.80802
1782844860000,0.80803,0.80817,0.80803,0.80814
1782844920000,0.80813,0.80814,0.8081,0.8081
1782844980000,0.80811,0.80817,0.80809,0.80813
1782845040000,0.80813,0.80817,0.80809,0.80809
1782845100000,0.80812,0.80813,0.80798,0.80799
1782845160000,0.80798,0.80805,0.80798,0.80802
1782845220000,0.80803,0.80805,0.808,0.80801
1782845280000,0.808,0.808,0.80787,0.80788
1782845340000,0.80788,0.80791,0.80781,0.80781
1782845400000,0.80783,0.80785,0.80779,0.80781
1782845460000,0.8078,0.8078,0.80771,0.80771
1782845520000,0.8077,0.80779,0.80768,0.80778
1782845580000,0.80777,0.80782,0.80777,0.80782
1782845640000,0.80782,0.80785,0.8078,0.80785
1782845700000,0.80786,0.80814,0.80786,0.80814
1782845760000,0.80814,0.80819,0.8081,0.80816
1782845820000,0.80818,0.80818,0.80807,0.80808
1782845880000,0.80807,0.80807,0.808,0.80801
1782845940000,0.808,0.80824,0.808,0.80819
1782846000000,0.80818,0.80825,0.80807,0.80817
1782846060000,0.80817,0.80817,0.80809,0.80815
1782846120000,0.80817,0.80817,0.80804,0.80808
1782846180000,0.80808,0.80811,0.80806,0.8081
1782846240000,0.80811,0.80811,0.80807,0.80808
1782846300000,0.80806,0.8081,0.80805,0.8081
1782846360000,0.80812,0.8082,0.80812,0.80819
1782846420000,0.80819,0.80822,0.80815,0.80821
1782846480000,0.80822,0.80824,0.8082,0.80822
1782846540000,0.80822,0.80826,0.80821,0.80823
1782846600000,0.80822,0.80822,0.80816,0.80816
1782846660000,0.80816,0.80816,0.80811,0.80811
1782846720000,0.80811,0.80812,0.80809,0.80812
1782846780000,0.80812,0.80817,0.80812,0.80816
1782846840000,0.80815,0.80819,0.80815,0.80818
1782846900000,0.80819,0.80819,0.80806,0.80808
1782846960000,0.80809,0.80823,0.80809,0.80821
1782847020000,0.80821,0.80821,0.80815,0.8082
1782847080000,0.80819,0.80819,0.80811,0.80812
1782847140000,0.80813,0.80817,0.80813,0.80817
1782847200000,0.80815,0.8082,0.80814,0.8082
1782847260000,0.80819,0.80829,0.80819,0.80829
1782847320000,0.80831,0.80832,0.8083,0.8083
1782847380000,0.80831,0.80839,0.80831,0.80839
1782847440000,0.80839,0.80845,0.80836,0.80842
1782847500000,0.80843,0.80848,0.80843,0.80847
1782847560000,0.8085,0.80853,0.80848,0.80853
1782847620000,0.80852,0.80852,0.8084,0.80841
1782847680000,0.80841,0.80853,0.8084,0.80853
1782847740000,0.80854,0.80859,0.80851,0.80859
1782847800000,0.8086,0.80863,0.80844,0.80845
1782847860000,0.80845,0.80851,0.80842,0.80847
1782847920000,0.80846,0.80846,0.80832,0.80832
1782847980000,0.80831,0.80844,0.8083,0.80844
1782848040000,0.80843,0.80844,0.80837,0.80837
1782848100000,0.80836,0.80837,0.80835,0.80835
1782848160000,0.80835,0.80837,0.80833,0.80834
1782848220000,0.80834,0.80835,0.80831,0.80832
1782848280000,0.80833,0.80837,0.80832,0.80836
1782848340000,0.80834,0.80835,0.80828,0.80832
1782848400000,0.80835,0.80842,0.80834,0.80841
1782848460000,0.80842,0.80847,0.80841,0.80844
1782848520000,0.80843,0.80843,0.80835,0.80835
1782848580000,0.80836,0.80841,0.80835,0.80836
1782848640000,0.80839,0.80849,0.80832,0.80846
1782848700000,0.80848,0.80848,0.80842,0.80845
1782848760000,0.80847,0.80847,0.80843,0.80846
1782848820000,0.80845,0.80849,0.80844,0.80849
1782848880000,0.80849,0.80849,0.80845,0.80845
1782848940000,0.80845,0.80852,0.80845,0.80849
1782849000000,0.8085,0.80865,0.80849,0.80862
1782849060000,0.80861,0.80863,0.80856,0.80861
1782849120000,0.80862,0.80862,0.80856,0.80857
1782849180000,0.80857,0.80857,0.80852,0.80853
1782849240000,0.80857,0.80857,0.80849,0.80852
1782849300000,0.80849,0.80849,0.80833,0.80833
1782849360000,0.80838,0.80843,0.8083,0.8083
1782849420000,0.80831,0.80832,0.80804,0.80807
1782849480000,0.80808,0.8081,0.8079,0.8079
1782849540000,0.80791,0.80801,0.8079,0.80792
1782849600000,0.80792,0.80796,0.80785,0.80794
1782849660000,0.80792,0.80802,0.80788,0.8079
1782849720000,0.8079,0.80801,0.80788,0.80792
1782849780000,0.80793,0.808,0.80789,0.80789
1782849840000,0.80788,0.8079,0.80788,0.80789
1782849900000,0.8079,0.80793,0.80787,0.8079
1782849960000,0.8079,0.80797,0.8079,0.80794
1782850020000,0.80795,0.808,0.80795,0.808
1782850080000,0.808,0.80803,0.808,0.808
1782850140000,0.80801,0.80813,0.80801,0.80809
1782850200000,0.80811,0.80811,0.80806,0.80806
1782850260000,0.80807,0.80807,0.80803,0.80803
1782850320000,0.80804,0.80805,0.80802,0.80802
1782850380000,0.80804,0.80805,0.80801,0.80803
1782850440000,0.80804,0.80804,0.80802,0.80803
1782850500000,0.80801,0.80812,0.808,0.80811
1782850560000,0.80811,0.80811,0.80805,0.80805
1782850620000,0.80804,0.80804,0.80801,0.80803
1782850680000,0.80805,0.80805,0.80797,0.80797
1782850740000,0.80798,0.80798,0.80792,0.80792
1782850800000,0.80793,0.80797,0.80793,0.80797
1782850860000,0.80796,0.80796,0.80793,0.80793
1782850920000,0.80794,0.80795,0.80792,0.80794
1782850980000,0.80795,0.80795,0.8079,0.80792
1782851040000,0.80792,0.80797,0.80792,0.80797
1782851100000,0.80799,0.80804,0.80799,0.80804
1782851160000,0.80804,0.80805,0.80803,0.80803
1782851220000,0.80803,0.80803,0.80803,0.80803
1782851280000,0.80802,0.80806,0.80802,0.80806
1782851340000,0.80806,0.80806,0.80796,0.80802
1782851400000,0.80803,0.80803,0.80801,0.80802
1782851460000,0.80803,0.80804,0.80801,0.80802
1782851520000,0.80802,0.80812,0.80802,0.8081
1782851580000,0.80809,0.80811,0.80809,0.80811
1782851640000,0.8081,0.8081,0.80807,0.80807
1782851700000,0.80808,0.80809,0.80807,0.80809
1782851760000,0.80811,0.80814,0.80809,0.80809
1782851820000,0.80809,0.8081,0.80809,0.80809
1782851880000,0.8081,0.80811,0.80809,0.8081
1782851940000,0.8081,0.80814,0.8081,0.80812
1782852000000,0.80811,0.80812,0.80807,0.80811
1782852060000,0.80811,0.80811,0.80806,0.80806
1782852120000,0.80806,0.80807,0.80805,0.80805
1782852180000,0.80805,0.80806,0.80804,0.80806
1782852240000,0.80807,0.80807,0.80804,0.80804
1782852300000,0.80805,0.80808,0.80805,0.80807
1782852360000,0.80809,0.8081,0.80808,0.8081
1782852420000,0.8081,0.80812,0.80809,0.8081
1782852480000,0.80809,0.80812,0.80809,0.80811
1782852540000,0.80812,0.80812,0.80805,0.80809
1782852600000,0.80807,0.80807,0.80801,0.80807
1782852660000,0.80807,0.80807,0.80803,0.80805
1782852720000,0.80806,0.8081,0.80806,0.8081
1782852780000,0.80809,0.80812,0.80809,0.8081
1782852840000,0.80813,0.80818,0.80813,0.80818
1782852900000,0.80817,0.80823,0.80817,0.80821
1782852960000,0.80821,0.80834,0.80819,0.80834
1782853020000,0.80834,0.80836,0.80831,0.80831
1782853080000,0.80831,0.80834,0.80828,0.80829
1782853140000,0.8083,0.80833,0.80806,0.80807
1782853200000,0.80806,0.80806,0.80797,0.80797
1782853260000,0.80797,0.80797,0.80797,0.80797
1782853320000,0.80797,0.80797,0.80797,0.80797
1782853380000,0.80797,0.80797,0.80797,0.80797
1782853440000,0.8075,0.8075,0.80709,0.80709
1782853500000,0.80717,0.80792,0.80717,0.80792
1782853560000,0.80792,0.80811,0.80747,0.80811
1782853620000,0.80754,0.80754,0.80754,0.80754
1782853680000,0.80754,0.80754,0.80754,0.80754
1782853740000,0.80804,0.80804,0.80804,0.80804
1782853800000,0.80804,0.80804,0.80772,0.80773
1782853860000,0.80765,0.80797,0.80765,0.80797
1782853920000,0.80779,0.8078,0.80779,0.8078
1782853980000,0.80801,0.80801,0.8078,0.80801
1782854040000,0.8078,0.8078,0.8078,0.8078
1782854100000,0.8078,0.80782,0.80779,0.80782
1782854160000,0.80776,0.80797,0.80776,0.80779
1782854220000,0.80797,0.80817,0.80796,0.80796
1782854280000,0.80776,0.80776,0.80776,0.80776
1782854340000,0.80775,0.80787,0.80775,0.80785
1782854400000,0.80786,0.80786,0.80775,0.80775
1782854460000,0.80793,0.80801,0.80784,0.80796
1782854520000,0.80777,0.80777,0.80777,0.80777
1782854580000,0.80796,0.80796,0.80796,0.80796
1782854640000,0.80796,0.80796,0.8078,0.80782
1782854700000,0.8078,0.80791,0.8078,0.8079
1782854760000,0.80786,0.808,0.80785,0.808
1782854820000,0.80799,0.80799,0.80799,0.80799
1782854880000,0.80799,0.80799,0.80799,0.80799
1782854940000,0.80798,0.80798,0.80798,0.80798
1782855000000,0.80786,0.80786,0.80786,0.80786
1782855060000,0.80786,0.80807,0.80786,0.80803
1782855120000,0.80803,0.80803,0.80796,0.80797
1782855180000,0.80797,0.80797,0.80796,0.80797
1782855240000,0.80796,0.80798,0.8079,0.8079
1782855300000,0.80789,0.80789,0.80789,0.80789
1782855360000,0.80789,0.80789,0.80787,0.80788
1782855420000,0.80788,0.80807,0.80774,0.80774
1782855480000,0.80786,0.80788,0.80786,0.80788
1782855540000,0.80785,0.80785,0.80785,0.80785
1782855600000,0.80772,0.8078,0.80771,0.8078
1782855660000,0.80779,0.80781,0.80779,0.80781
1782855720000,0.80781,0.80781,0.80781,0.80781
1782855780000,0.80781,0.80781,0.80781,0.80781
1782855840000,0.80781,0.80781,0.8078,0.80781
1782855900000,0.8079,0.8082,0.80781,0.80781
1782855960000,0.80782,0.80789,0.8078,0.80781
1782856020000,0.80781,0.80803,0.8078,0.80788
1782856080000,0.80798,0.80825,0.80791,0.80822
1782856140000,0.80823,0.80824,0.80816,0.80819
1782856200000,0.80822,0.80825,0.80805,0.80823
1782856260000,0.80818,0.80828,0.80777,0.80827
1782856320000,0.80826,0.8083,0.80779,0.80784
1782856380000,0.8081,0.80827,0.80773,0.80773
1782856440000,0.80774,0.80785,0.80773,0.80774
1782856500000,0.80776,0.80778,0.80775,0.80776
1782856560000,0.80776,0.80776,0.80775,0.80776
1782856620000,0.80776,0.80787,0.80774,0.80775
1782856680000,0.80775,0.80777,0.80774,0.80776
1782856740000,0.80776,0.8078,0.80775,0.8078
1782856800000,0.8078,0.80821,0.80778,0.80819
1782856860000,0.80819,0.80821,0.80818,0.80821
1782856920000,0.80821,0.80821,0.80817,0.80818
1782856980000,0.80818,0.80823,0.80818,0.80821
1782857040000,0.80822,0.80823,0.80822,0.80823
1782857100000,0.80821,0.80825,0.80818,0.80822
1782857160000,0.80821,0.80822,0.8082,0.80821
1782857220000,0.80822,0.80822,0.80822,0.80822
1782857280000,0.80822,0.80822,0.8082,0.80822
1782857340000,0.80821,0.80821,0.80812,0.80813
1782857400000,0.80812,0.80816,0.80812,0.80815
1782857460000,0.80816,0.80816,0.80815,0.80815
1782857520000,0.80815,0.80816,0.80815,0.80816
1782857580000,0.80816,0.80816,0.80814,0.80815
1782857640000,0.80815,0.80822,0.80815,0.80819
1782857700000,0.80817,0.8082,0.80817,0.80817
1782857760000,0.80817,0.80819,0.80814,0.80818
1782857820000,0.80819,0.80819,0.80815,0.80815
1782857880000,0.80815,0.80817,0.80814,0.80816
1782857940000,0.80817,0.80817,0.80814,0.80814
1782858000000,0.80814,0.80817,0.80814,0.80814
1782858060000,0.80815,0.80819,0.80814,0.80817
1782858120000,0.80815,0.8082,0.80815,0.80818
1782858180000,0.80818,0.8082,0.80818,0.80819
1782858240000,0.8082,0.80822,0.80818,0.80821
1782858300000,0.80821,0.80821,0.80821,0.80821
1782858360000,0.80819,0.80822,0.80818,0.80818
1782858420000,0.80818,0.80819,0.80818,0.80819
1782858480000,0.8082,0.8082,0.80819,0.8082
1782858540000,0.80821,0.80821,0.80821,0.80821
1782858600000,0.80822,0.80828,0.80822,0.80826
1782858660000,0.80826,0.80827,0.80823,0.80823
1782858720000,0.80824,0.80824,0.80823,0.80823
1782858780000,0.80823,0.80823,0.80819,0.80819
1782858840000,0.80819,0.80822,0.80818,0.8082
1782858900000,0.8082,0.80824,0.80819,0.80824
1782858960000,0.80825,0.80825,0.80824,0.80824
1782859020000,0.80824,0.80824,0.80824,0.80824
1782859080000,0.80824,0.80825,0.80824,0.80824
1782859140000,0.80824,0.80824,0.80824,0.80824
1782859200000,0.80823,0.80826,0.80823,0.80824
1782859260000,0.80825,0.80825,0.80824,0.80825
1782859320000,0.80825,0.80827,0.80825,0.80826
1782859380000,0.80825,0.80825,0.80825,0.80825
1782859440000,0.80827,0.80827,0.80824,0.80825
1782859500000,0.80824,0.80831,0.80823,0.80827
1782859560000,0.80828,0.80828,0.80823,0.80825
1782859620000,0.80825,0.80825,0.80825,0.80825
1782859680000,0.80827,0.80832,0.80827,0.80832
1782859740000,0.80832,0.80835,0.80832,0.80834
1782859800000,0.80835,0.80835,0.80834,0.80835
1782859860000,0.80837,0.80837,0.80832,0.80833
1782859920000,0.80835,0.80835,0.80834,0.80835
1782859980000,0.80834,0.80841,0.80834,0.80837
1782860040000,0.80838,0.80838,0.80836,0.80837
1782860100000,0.80836,0.80836,0.80835,0.80835
1782860160000,0.80836,0.80836,0.80833,0.80834
1782860220000,0.80834,0.80834,0.80834,0.80834
1782860280000,0.80834,0.80834,0.80832,0.80832
1782860340000,0.80833,0.80834,0.80831,0.80831
1782860400000,0.80831,0.80835,0.80821,0.80834
1782860460000,0.80835,0.80836,0.80834,0.80834
1782860520000,0.80836,0.80838,0.80836,0.80836
1782860580000,0.80835,0.80835,0.80827,0.80827
1782860640000,0.80829,0.80831,0.80829,0.80831
1782860700000,0.8083,0.8083,0.80827,0.80827
1782860760000,0.80826,0.80826,0.80824,0.80825
1782860820000,0.80825,0.80826,0.80817,0.80819
1782860880000,0.80819,0.80821,0.80818,0.80821
1782860940000,0.80821,0.80822,0.80818,0.80818
1782861000000,0.80817,0.80818,0.80817,0.80818
1782861060000,0.80819,0.80823,0.80819,0.80821
1782861120000,0.80822,0.80824,0.8082,0.8082
1782861180000,0.80822,0.80823,0.80821,0.80823
1782861240000,0.80824,0.80825,0.80823,0.80823
1782861300000,0.80824,0.80825,0.80821,0.80821
1782861360000,0.80822,0.80823,0.80822,0.80823
1782861420000,0.80823,0.80823,0.8082,0.80821
1782861480000,0.80822,0.80822,0.8082,0.8082
1782861540000,0.80821,0.80824,0.80821,0.80824
1782861600000,0.80825,0.80825,0.80824,0.80824
1782861660000,0.80824,0.80824,0.80819,0.80822
1782861720000,0.80823,0.80826,0.80823,0.80823
1782861780000,0.80824,0.80825,0.80824,0.80825
1782861840000,0.80827,0.80827,0.80826,0.80826
1782861900000,0.80826,0.80828,0.80826,0.80828
1782861960000,0.80829,0.80838,0.80829,0.80836
1782862020000,0.80838,0.80839,0.80837,0.80839
1782862080000,0.80838,0.80841,0.80838,0.80841
1782862140000,0.80841,0.80847,0.80841,0.80847
1782862200000,0.80845,0.80846,0.80843,0.80844
1782862260000,0.80843,0.80843,0.80843,0.80843
1782862320000,0.80844,0.80844,0.8084,0.80841
1782862380000,0.80841,0.80841,0.80832,0.80832
1782862440000,0.80831,0.80831,0.80825,0.80827
1782862500000,0.80826,0.80829,0.80826,0.80827
1782862560000,0.80829,0.80833,0.80829,0.80833
1782862620000,0.80834,0.80835,0.80834,0.80835
1782862680000,0.80836,0.80838,0.80834,0.80838
1782862740000,0.8084,0.8084,0.80838,0.80838
1782862800000,0.80839,0.80842,0.80839,0.80841
1782862860000,0.8084,0.80843,0.8084,0.80843
1782862920000,0.80842,0.80842,0.80841,0.80841
1782862980000,0.8084,0.80842,0.80838,0.8084
1782863040000,0.80842,0.80849,0.80842,0.80849
1782863100000,0.80851,0.80853,0.80851,0.80853
1782863160000,0.80853,0.80858,0.80853,0.80855
1782863220000,0.80856,0.80856,0.80852,0.80852
1782863280000,0.80855,0.80859,0.80855,0.80859
1782863340000,0.80859,0.80863,0.80859,0.80863
1782863400000,0.80863,0.80863,0.8086,0.80863
1782863460000,0.80863,0.80863,0.80861,0.80863
1782863520000,0.80865,0.80868,0.80865,0.80868
1782863580000,0.80868,0.80868,0.80866,0.80868
1782863640000,0.80868,0.80868,0.80867,0.80867
1782863700000,0.80867,0.80868,0.80865,0.80868
1782863760000,0.80871,0.80873,0.80869,0.80873
1782863820000,0.80874,0.80875,0.80874,0.80875
1782863880000,0.80874,0.80875,0.80868,0.80868
1782863940000,0.80869,0.80874,0.80869,0.80871
1782864000000,0.80872,0.80882,0.80869,0.80877
1782864060000,0.80878,0.80878,0.80867,0.80869
1782864120000,0.80868,0.80873,0.80867,0.80868
1782864180000,0.80868,0.80869,0.80863,0.80863
1782864240000,0.80864,0.80867,0.80864,0.80867
1782864300000,0.80867,0.80869,0.80865,0.80867
1782864360000,0.80866,0.80867,0.80866,0.80866
1782864420000,0.80867,0.80873,0.80867,0.80873
1782864480000,0.80873,0.80875,0.80871,0.80873
1782864540000,0.80873,0.80873,0.80871,0.80872
1782864600000,0.80871,0.80876,0.8087,0.80875
1782864660000,0.80875,0.80876,0.80871,0.80872
1782864720000,0.80872,0.80874,0.8087,0.8087
1782864780000,0.80871,0.80874,0.80871,0.80872
1782864840000,0.80873,0.80875,0.80871,0.80872
1782864900000,0.80872,0.80891,0.80872,0.80891
1782864960000,0.80892,0.80894,0.80887,0.8089
1782865020000,0.8089,0.8089,0.80882,0.80886
1782865080000,0.80885,0.8089,0.80884,0.80885
1782865140000,0.80885,0.80891,0.80884,0.8089
1782865200000,0.8089,0.8089,0.80881,0.80881
1782865260000,0.80881,0.80882,0.80875,0.80879
1782865320000,0.80881,0.80885,0.80878,0.80881
1782865380000,0.80881,0.80881,0.80875,0.80875
1782865440000,0.80875,0.80875,0.80866,0.80867
1782865500000,0.80866,0.80866,0.80858,0.8086
1782865560000,0.8086,0.80869,0.8086,0.80868
1782865620000,0.80868,0.80871,0.80863,0.80864
1782865680000,0.80864,0.80865,0.80861,0.80862
1782865740000,0.80862,0.80864,0.8086,0.80864
1782865800000,0.80865,0.80874,0.80865,0.80873
1782865860000,0.80873,0.80873,0.80866,0.80868
1782865920000,0.80868,0.8087,0.80862,0.80866
1782865980000,0.80866,0.80872,0.80866,0.8087
1782866040000,0.8087,0.80872,0.80869,0.80871
1782866100000,0.80871,0.80882,0.8087,0.80881
1782866160000,0.80881,0.80881,0.80876,0.8088
1782866220000,0.8088,0.80886,0.8088,0.8088
1782866280000,0.80881,0.80881,0.80871,0.80871
1782866340000,0.80872,0.80872,0.80866,0.80872
1782866400000,0.80871,0.80873,0.8087,0.80873
1782866460000,0.80877,0.80891,0.80876,0.8089
1782866520000,0.8089,0.80893,0.8089,0.80891
1782866580000,0.80893,0.80898,0.80892,0.80898
1782866640000,0.80896,0.80899,0.80894,0.80897
1782866700000,0.80897,0.80897,0.80895,0.80896
1782866760000,0.80895,0.80897,0.80889,0.8089
1782866820000,0.80891,0.80896,0.80889,0.80892
1782866880000,0.80892,0.80897,0.80892,0.80896
1782866940000,0.80897,0.80901,0.80897,0.809
1782867000000,0.809,0.80905,0.80896,0.80901
1782867060000,0.80902,0.80902,0.80893,0.80898
1782867120000,0.809,0.809,0.80895,0.80895
1782867180000,0.80896,0.80898,0.80888,0.80898
1782867240000,0.80898,0.80898,0.80888,0.80891
1782867300000,0.80891,0.80891,0.80885,0.80887
1782867360000,0.80886,0.80887,0.80881,0.80881
1782867420000,0.80881,0.8089,0.8088,0.80889
1782867480000,0.80889,0.80889,0.8088,0.80885
1782867540000,0.80884,0.80889,0.80881,0.80889
1782867600000,0.80891,0.80895,0.80889,0.80893
1782867660000,0.80894,0.80896,0.80888,0.80888
1782867720000,0.8089,0.80901,0.80889,0.80897
1782867780000,0.80896,0.80898,0.80893,0.80896
1782867840000,0.80897,0.80899,0.80894,0.80898
1782867900000,0.80899,0.80905,0.80899,0.80903
1782867960000,0.80902,0.80917,0.80902,0.80914
1782868020000,0.80914,0.80914,0.80909,0.80909
1782868080000,0.8091,0.80912,0.80905,0.8091
1782868140000,0.8091,0.80917,0.80905,0.80917
1782868200000,0.80919,0.80919,0.80913,0.80913
1782868260000,0.80912,0.80914,0.80909,0.80913
1782868320000,0.80914,0.80927,0.80912,0.80925
1782868380000,0.80927,0.80933,0.80927,0.80928
1782868440000,0.80928,0.8093,0.80927,0.80927
1782868500000,0.80927,0.80928,0.80911,0.80915
1782868560000,0.80916,0.80932,0.80916,0.80928
1782868620000,0.80927,0.80933,0.80924,0.8093
1782868680000,0.80929,0.80929,0.80922,0.80922
1782868740000,0.80921,0.80921,0.8091,0.80915
1782868800000,0.80915,0.80921,0.80911,0.80916
1782868860000,0.80917,0.80917,0.80911,0.80913
1782868920000,0.80913,0.80917,0.80911,0.80914
1782868980000,0.80913,0.80915,0.80906,0.8091
1782869040000,0.8091,0.80916,0.80909,0.80916
1782869100000,0.80917,0.8092,0.80914,0.8092
1782869160000,0.8092,0.80924,0.80911,0.80914
1782869220000,0.80915,0.80917,0.80913,0.80917
1782869280000,0.80917,0.80917,0.80914,0.80914
1782869340000,0.80916,0.80917,0.80914,0.80915
1782869400000,0.80915,0.80918,0.80913,0.80918
1782869460000,0.80918,0.8092,0.80914,0.8092
1782869520000,0.80919,0.80919,0.80915,0.80917
1782869580000,0.80917,0.80924,0.80917,0.80922
1782869640000,0.80921,0.80922,0.8092,0.8092
1782869700000,0.80918,0.80922,0.80918,0.8092
1782869760000,0.8092,0.8092,0.80916,0.80919
1782869820000,0.8092,0.80926,0.8092,0.80922
1782869880000,0.80923,0.80923,0.80913,0.80916
1782869940000,0.80916,0.80917,0.80913,0.80916
1782870000000,0.80917,0.80921,0.80916,0.80916
1782870060000,0.80916,0.80916,0.80914,0.80914
1782870120000,0.80913,0.80916,0.80911,0.80915
1782870180000,0.80914,0.80914,0.80913,0.80914
1782870240000,0.80912,0.80914,0.80912,0.80913
1782870300000,0.80914,0.80914,0.80911,0.80912
1782870360000,0.80911,0.80913,0.80906,0.80909
1782870420000,0.80909,0.80917,0.80908,0.80917
1782870480000,0.80917,0.80937,0.80916,0.80929
1782870540000,0.80929,0.80929,0.80921,0.80924
1782870600000,0.80924,0.80924,0.80918,0.80922
1782870660000,0.80922,0.80928,0.80922,0.80928
1782870720000,0.80929,0.80936,0.80929,0.80936
1782870780000,0.80935,0.80939,0.8093,0.80931
1782870840000,0.80931,0.80937,0.80931,0.80933
1782870900000,0.80935,0.80936,0.8092,0.80925
1782870960000,0.80923,0.80924,0.80916,0.80919
1782871020000,0.80919,0.80921,0.80916,0.80919
1782871080000,0.80919,0.8092,0.80917,0.80919
1782871140000,0.80919,0.8092,0.80917,0.80917
1782871200000,0.80915,0.80916,0.80912,0.80914
1782871260000,0.80915,0.8092,0.80914,0.80918
1782871320000,0.80918,0.80918,0.80908,0.80909
1782871380000,0.80909,0.8091,0.80907,0.8091
1782871440000,0.80909,0.80918,0.80909,0.80918
1782871500000,0.80918,0.8093,0.80915,0.8093
1782871560000,0.8093,0.8093,0.8092,0.8092
1782871620000,0.80918,0.80919,0.80913,0.80917
1782871680000,0.80917,0.8092,0.80916,0.8092
1782871740000,0.8092,0.80922,0.80916,0.80921
1782871800000,0.8092,0.80922,0.80918,0.80918
1782871860000,0.80918,0.80925,0.80917,0.80922
1782871920000,0.80923,0.80925,0.80922,0.80922
1782871980000,0.80921,0.80923,0.80918,0.80919
1782872040000,0.80921,0.80921,0.80902,0.80902
1782872100000,0.80901,0.80903,0.80893,0.80901
1782872160000,0.80901,0.80903,0.809,0.80901
1782872220000,0.80901,0.80902,0.80895,0.80896
1782872280000,0.80896,0.809,0.80894,0.80895
1782872340000,0.80895,0.80901,0.80895,0.80899
1782872400000,0.80899,0.80902,0.80896,0.80898
1782872460000,0.80898,0.809,0.80894,0.80899
1782872520000,0.809,0.80902,0.80899,0.80899
1782872580000,0.80899,0.80901,0.80898,0.80901
1782872640000,0.809,0.80901,0.80898,0.80901
1782872700000,0.80902,0.80916,0.80901,0.80916
1782872760000,0.80916,0.80916,0.80909,0.80911
1782872820000,0.80912,0.80914,0.80912,0.80913
1782872880000,0.80914,0.80914,0.8091,0.80913
1782872940000,0.80912,0.80923,0.80911,0.80921
1782873000000,0.80922,0.80922,0.80912,0.80913
1782873060000,0.80912,0.80915,0.80909,0.80914
1782873120000,0.80914,0.80918,0.80914,0.80918
1782873180000,0.80918,0.80923,0.80917,0.80921
1782873240000,0.80921,0.80931,0.80918,0.80929
1782873300000,0.80928,0.80929,0.80921,0.80922
1782873360000,0.8092,0.80921,0.80915,0.80916
1782873420000,0.80916,0.80918,0.80915,0.80917
1782873480000,0.80918,0.80918,0.80913,0.80915
1782873540000,0.80913,0.80913,0.80911,0.80913
1782873600000,0.80916,0.8092,0.80916,0.80918
1782873660000,0.80917,0.80918,0.80914,0.80917
1782873720000,0.80917,0.80917,0.8091,0.80912
1782873780000,0.80911,0.80912,0.80906,0.80906
1782873840000,0.80907,0.80915,0.80907,0.80914
1782873900000,0.80912,0.80912,0.80905,0.80907
1782873960000,0.80908,0.80911,0.80907,0.8091
1782874020000,0.80909,0.8091,0.80904,0.80907
1782874080000,0.80909,0.80912,0.80906,0.80912
1782874140000,0.80912,0.80918,0.80911,0.80917
1782874200000,0.80919,0.8092,0.80909,0.80909
1782874260000,0.80908,0.80909,0.80906,0.80906
1782874320000,0.80907,0.80915,0.80906,0.80913
1782874380000,0.80914,0.80915,0.80912,0.80914
1782874440000,0.80914,0.80919,0.80913,0.80916
1782874500000,0.80917,0.80917,0.80914,0.80915
1782874560000,0.80915,0.80919,0.80915,0.80919
1782874620000,0.80919,0.80927,0.80919,0.80927
1782874680000,0.80926,0.80931,0.80926,0.80926
1782874740000,0.80926,0.80926,0.80922,0.80923
1782874800000,0.80923,0.80925,0.8092,0.80922
1782874860000,0.80921,0.80922,0.80914,0.80922
1782874920000,0.80922,0.80924,0.80921,0.80921
1782874980000,0.8092,0.80921,0.80913,0.80915
1782875040000,0.80914,0.80916,0.80914,0.80915
1782875100000,0.80915,0.80916,0.8091,0.80912
1782875160000,0.80911,0.80911,0.80908,0.80908
1782875220000,0.80908,0.80908,0.80903,0.80906
1782875280000,0.80906,0.80906,0.80903,0.80904
1782875340000,0.80904,0.80906,0.80904,0.80906
1782875400000,0.80906,0.80909,0.80905,0.80906
1782875460000,0.80904,0.80904,0.80899,0.80902
1782875520000,0.809,0.80903,0.809,0.80903
1782875580000,0.80903,0.80906,0.80903,0.80906
1782875640000,0.80905,0.80911,0.80904,0.80911
1782875700000,0.80911,0.80914,0.80911,0.80914
1782875760000,0.80914,0.80916,0.80908,0.80912
1782875820000,0.80911,0.80915,0.80911,0.80915
1782875880000,0.80917,0.80922,0.80915,0.80916
1782875940000,0.80915,0.80916,0.80914,0.80916
1782876000000,0.80917,0.80918,0.80914,0.80914
1782876060000,0.80913,0.80917,0.80911,0.80917
1782876120000,0.80916,0.80918,0.80916,0.80917
1782876180000,0.80919,0.80922,0.80919,0.80921
1782876240000,0.80921,0.80921,0.8092,0.8092
1782876300000,0.80921,0.80927,0.8092,0.80923
1782876360000,0.80922,0.80931,0.80922,0.80927
1782876420000,0.80927,0.80938,0.80927,0.80937
1782876480000,0.80937,0.80939,0.80934,0.80939
1782876540000,0.8094,0.80942,0.80936,0.80936
1782876600000,0.80936,0.80936,0.80931,0.80934
1782876660000,0.80936,0.80942,0.80935,0.80939
1782876720000,0.80939,0.80942,0.80936,0.80938
1782876780000,0.80939,0.80945,0.80939,0.80944
1782876840000,0.80945,0.80957,0.80945,0.80956
1782876900000,0.80956,0.80956,0.80945,0.80946
1782876960000,0.80944,0.80946,0.80942,0.80945
1782877020000,0.80946,0.80948,0.80941,0.80944
1782877080000,0.80943,0.80944,0.80942,0.80943
1782877140000,0.80943,0.80943,0.80941,0.80941
1782877200000,0.80942,0.80944,0.80942,0.80944
1782877260000,0.80943,0.80943,0.80931,0.80936
1782877320000,0.80939,0.80953,0.80939,0.80951
1782877380000,0.80952,0.80957,0.80951,0.80955
1782877440000,0.80955,0.80958,0.80954,0.80958
1782877500000,0.80958,0.80958,0.80947,0.8095
1782877560000,0.80949,0.80951,0.80949,0.8095
1782877620000,0.80951,0.80951,0.80951,0.80951
1782877680000,0.80951,0.80952,0.8095,0.80952
1782877740000,0.8095,0.80951,0.8095,0.80951
1782877800000,0.80951,0.80951,0.80945,0.80945
1782877860000,0.80947,0.80949,0.80945,0.80946
1782877920000,0.80946,0.8095,0.80946,0.8095
1782877980000,0.8095,0.80951,0.80949,0.8095
1782878040000,0.80951,0.80952,0.80951,0.80952
1782878100000,0.80954,0.80956,0.80951,0.80951
1782878160000,0.80951,0.80951,0.80941,0.80943
1782878220000,0.80941,0.80943,0.8094,0.8094
1782878280000,0.80941,0.80942,0.8094,0.8094
1782878340000,0.80941,0.80942,0.80937,0.80938
1782878400000,0.80937,0.80943,0.80937,0.80941
1782878460000,0.8094,0.80941,0.80937,0.8094
1782878520000,0.8094,0.80947,0.8094,0.80947
1782878580000,0.80949,0.80949,0.80948,0.80949
1782878640000,0.80949,0.80949,0.80944,0.80945
1782878700000,0.80945,0.80948,0.80945,0.80947
1782878760000,0.80947,0.80953,0.80946,0.80952
1782878820000,0.80954,0.80955,0.80951,0.80951
1782878880000,0.80953,0.80953,0.80949,0.80952
1782878940000,0.80952,0.80955,0.80951,0.80951
1782879000000,0.80951,0.80956,0.80951,0.80956
1782879060000,0.80955,0.80955,0.80951,0.80953
1782879120000,0.80953,0.80953,0.80953,0.80953
1782879180000,0.80952,0.80952,0.8094,0.80942
1782879240000,0.80942,0.80942,0.80935,0.80935
1782879300000,0.80935,0.80939,0.80935,0.80938
1782879360000,0.80936,0.80941,0.80936,0.8094
1782879420000,0.80941,0.80945,0.80939,0.80939
1782879480000,0.80939,0.80941,0.80938,0.8094
1782879540000,0.80941,0.80941,0.8094,0.80941
1782879600000,0.80942,0.80943,0.8094,0.8094
1782879660000,0.8094,0.80947,0.8094,0.80944
1782879720000,0.80942,0.80942,0.80937,0.80938
1782879780000,0.80938,0.80938,0.80937,0.80938
1782879840000,0.8094,0.80942,0.8094,0.8094
1782879900000,0.8094,0.80946,0.8094,0.80945
1782879960000,0.80944,0.80944,0.80937,0.80937
1782880020000,0.80938,0.80938,0.80933,0.80933
1782880080000,0.80934,0.80936,0.80933,0.80936
1782880140000,0.80936,0.80937,0.80935,0.80936
1782880200000,0.80936,0.80936,0.80905,0.80914
1782880260000,0.80914,0.80914,0.80898,0.80914
1782880320000,0.80913,0.80914,0.80908,0.80911
1782880380000,0.80912,0.80919,0.80909,0.80919
1782880440000,0.80916,0.80917,0.80914,0.80916
1782880500000,0.80917,0.80917,0.80907,0.80909
1782880560000,0.8091,0.80913,0.80905,0.80909
1782880620000,0.80909,0.80909,0.80898,0.80905
1782880680000,0.80905,0.80911,0.80905,0.80909
1782880740000,0.8091,0.80912,0.80906,0.80906
1782880800000,0.80906,0.80909,0.80902,0.80902
1782880860000,0.80902,0.80908,0.80898,0.80908
1782880920000,0.80908,0.80909,0.80905,0.80905
1782880980000,0.80905,0.80907,0.80901,0.80903
1782881040000,0.80904,0.80911,0.80904,0.80909
1782881100000,0.80909,0.80909,0.80903,0.80903
1782881160000,0.80904,0.80904,0.80896,0.80898
1782881220000,0.80898,0.80898,0.80893,0.80895
1782881280000,0.80896,0.80902,0.80892,0.80902
1782881340000,0.80901,0.80904,0.80901,0.80903
1782881400000,0.80903,0.80903,0.809,0.80902
1782881460000,0.80901,0.80901,0.80897,0.80899
1782881520000,0.809,0.80901,0.80899,0.80899
1782881580000,0.80898,0.809,0.8089,0.80892
1782881640000,0.80893,0.80897,0.80893,0.80896
1782881700000,0.80898,0.80899,0.80897,0.80898
1782881760000,0.80898,0.80898,0.80898,0.80898
1782881820000,0.80897,0.80899,0.80897,0.80899
1782881880000,0.80901,0.80903,0.809,0.80901
1782881940000,0.80902,0.80908,0.80902,0.80905
1782882000000,0.80904,0.80905,0.80901,0.80901
1782882060000,0.80899,0.80903,0.80891,0.80903
1782882120000,0.80905,0.80912,0.80905,0.80911
1782882180000,0.80912,0.80912,0.80904,0.80904
1782882240000,0.80905,0.80907,0.80902,0.80907
1782882300000,0.80906,0.80906,0.80903,0.80904
1782882360000,0.80904,0.80905,0.80893,0.80898
1782882420000,0.80902,0.80903,0.80898,0.80903
1782882480000,0.80902,0.80903,0.809,0.809
1782882540000,0.809,0.809,0.80894,0.80898
1782882600000,0.80899,0.80902,0.80899,0.80901
1782882660000,0.80901,0.80903,0.80896,0.80896
1782882720000,0.80898,0.80903,0.80897,0.80899
1782882780000,0.80899,0.80901,0.80899,0.809
1782882840000,0.80899,0.80902,0.80899,0.80901
1782882900000,0.80901,0.8091,0.809,0.80909
1782882960000,0.80909,0.80909,0.80901,0.80902
1782883020000,0.80902,0.80902,0.80899,0.809
1782883080000,0.80898,0.809,0.80896,0.80896
1782883140000,0.80895,0.80895,0.80892,0.80895
1782883200000,0.80895,0.80895,0.8089,0.80894
1782883260000,0.80894,0.80896,0.80893,0.80896
1782883320000,0.80897,0.80898,0.80896,0.80898
1782883380000,0.80897,0.80897,0.80891,0.80894
1782883440000,0.80894,0.80896,0.80894,0.80896
1782883500000,0.80897,0.809,0.80895,0.80895
1782883560000,0.80895,0.80895,0.80895,0.80895
1782883620000,0.80895,0.80895,0.80889,0.8089
1782883680000,0.8089,0.80891,0.80889,0.80889
1782883740000,0.8089,0.80895,0.8089,0.80893
1782883800000,0.80894,0.80894,0.80888,0.80892
1782883860000,0.80894,0.80894,0.8089,0.80891
1782883920000,0.80892,0.80894,0.80889,0.80894
1782883980000,0.80894,0.80896,0.80891,0.80891
1782884040000,0.80892,0.80901,0.80891,0.809
1782884100000,0.80901,0.80903,0.809,0.80902
1782884160000,0.809,0.80901,0.80895,0.80896
1782884220000,0.80895,0.809,0.80895,0.80898
1782884280000,0.80899,0.80901,0.80895,0.80896
1782884340000,0.80896,0.80896,0.80891,0.80894
1782884400000,0.80895,0.80896,0.80893,0.80894
1782884460000,0.80894,0.80894,0.80891,0.80893
1782884520000,0.80894,0.80894,0.80888,0.80891
1782884580000,0.80892,0.80893,0.80889,0.80891
1782884640000,0.80891,0.80893,0.80888,0.80891
1782884700000,0.80894,0.80896,0.80891,0.80891
1782884760000,0.80891,0.80894,0.80889,0.80894
1782884820000,0.80894,0.80902,0.80894,0.80901
1782884880000,0.80901,0.80906,0.80901,0.80906
1782884940000,0.80908,0.8091,0.80906,0.80909
1782885000000,0.8091,0.8091,0.80906,0.80907
1782885060000,0.80905,0.80906,0.80901,0.80902
1782885120000,0.80902,0.80907,0.80901,0.80902
1782885180000,0.80902,0.80906,0.80901,0.80906
1782885240000,0.80909,0.80926,0.80907,0.80925
1782885300000,0.80925,0.8093,0.80919,0.80923
1782885360000,0.80922,0.80925,0.80914,0.80915
1782885420000,0.80916,0.80916,0.80911,0.80911
1782885480000,0.80909,0.80919,0.80909,0.80917
1782885540000,0.80916,0.80919,0.80916,0.80918
1782885600000,0.80918,0.80924,0.80903,0.80904
1782885660000,0.80906,0.80913,0.80906,0.80907
1782885720000,0.80909,0.80914,0.80907,0.80907
1782885780000,0.80906,0.80909,0.809,0.80903
1782885840000,0.80902,0.80907,0.80895,0.80906
1782885900000,0.80907,0.80916,0.80907,0.80911
1782885960000,0.8091,0.80916,0.80905,0.80916
1782886020000,0.80915,0.80917,0.80912,0.80912
1782886080000,0.80913,0.80919,0.80912,0.80914
1782886140000,0.80914,0.80926,0.80913,0.80923
1782886200000,0.80925,0.80931,0.80922,0.80927
1782886260000,0.80928,0.80929,0.80927,0.80928
1782886320000,0.80928,0.80931,0.80927,0.80928
1782886380000,0.80934,0.80947,0.80934,0.80946
1782886440000,0.80945,0.80949,0.80945,0.80946
1782886500000,0.80946,0.80949,0.80934,0.80934
1782886560000,0.80932,0.80932,0.80923,0.80924
1782886620000,0.80924,0.80934,0.80923,0.8093
1782886680000,0.80929,0.80935,0.80925,0.80935
1782886740000,0.80934,0.80936,0.80927,0.80929
1782886800000,0.80927,0.80933,0.80924,0.80931
1782886860000,0.80931,0.8094,0.8093,0.80933
1782886920000,0.80931,0.80931,0.80922,0.80923
1782886980000,0.80923,0.80932,0.80923,0.80927
1782887040000,0.80927,0.80928,0.80926,0.80927
1782887100000,0.80926,0.80932,0.80925,0.8093
1782887160000,0.80931,0.80934,0.80928,0.80928
1782887220000,0.80928,0.80933,0.80928,0.80931
1782887280000,0.80931,0.80933,0.80926,0.80929
1782887340000,0.80931,0.80933,0.80927,0.80929
1782887400000,0.80929,0.80931,0.80922,0.80931
1782887460000,0.80929,0.8093,0.80925,0.8093
1782887520000,0.8093,0.80939,0.8093,0.80937
1782887580000,0.80937,0.80937,0.80926,0.80934
1782887640000,0.80934,0.80934,0.8093,0.80932
1782887700000,0.80935,0.80939,0.80934,0.80936
1782887760000,0.80935,0.80943,0.80934,0.80941
1782887820000,0.80941,0.80941,0.80937,0.80938
1782887880000,0.80938,0.80938,0.80929,0.80931
1782887940000,0.80931,0.80944,0.80929,0.80943
1782888000000,0.80944,0.80945,0.80936,0.80943
1782888060000,0.80943,0.80945,0.8094,0.80942
1782888120000,0.80942,0.80953,0.8094,0.80953
1782888180000,0.80954,0.80957,0.80947,0.80947
1782888240000,0.80947,0.80948,0.80936,0.80937
1782888300000,0.80939,0.80951,0.80937,0.80948
1782888360000,0.80947,0.80947,0.80934,0.80935
1782888420000,0.80935,0.80942,0.8093,0.8094
1782888480000,0.80941,0.80942,0.80933,0.80937
1782888540000,0.80938,0.80943,0.80938,0.8094
1782888600000,0.80937,0.80938,0.80933,0.80937
1782888660000,0.80937,0.80938,0.80936,0.80937
1782888720000,0.80936,0.80938,0.80932,0.80933
1782888780000,0.80933,0.80938,0.80931,0.80938
1782888840000,0.80937,0.80942,0.80936,0.80936
1782888900000,0.80936,0.80937,0.8093,0.80935
1782888960000,0.80933,0.80949,0.80932,0.80949
1782889020000,0.80951,0.80952,0.80942,0.80942
1782889080000,0.80942,0.80944,0.80938,0.80941
1782889140000,0.80943,0.80946,0.80942,0.80944
1782889200000,0.80947,0.80964,0.80929,0.80964
1782889260000,0.80962,0.80972,0.80958,0.80972
1782889320000,0.80972,0.80981,0.80959,0.80963
1782889380000,0.80965,0.80965,0.80951,0.80954
1782889440000,0.80955,0.80958,0.80937,0.8094
1782889500000,0.80939,0.80948,0.80939,0.80947
1782889560000,0.80948,0.80966,0.80948,0.80966
1782889620000,0.80969,0.80971,0.8096,0.8096
1782889680000,0.80961,0.80971,0.80958,0.8097
1782889740000,0.80971,0.80973,0.80964,0.80971
1782889800000,0.80972,0.80981,0.80964,0.80965
1782889860000,0.80966,0.80972,0.80961,0.80972
1782889920000,0.80971,0.80979,0.80971,0.80974
1782889980000,0.80975,0.80982,0.80972,0.8098
1782890040000,0.80979,0.80985,0.80979,0.80985
1782890100000,0.80982,0.80983,0.8098,0.80983
1782890160000,0.80983,0.80988,0.80978,0.80988
1782890220000,0.80987,0.80994,0.80982,0.80994
1782890280000,0.80994,0.80998,0.80983,0.80983
1782890340000,0.80983,0.80989,0.80983,0.80988
1782890400000,0.80989,0.80996,0.80989,0.80993
1782890460000,0.80991,0.80992,0.8098,0.80982
1782890520000,0.80985,0.80985,0.80978,0.80982
1782890580000,0.80983,0.80992,0.80983,0.80986
1782890640000,0.80986,0.80986,0.80979,0.80985
1782890700000,0.80986,0.80987,0.80981,0.80985
1782890760000,0.80985,0.80987,0.80981,0.80987
1782890820000,0.80986,0.80992,0.80983,0.8099
1782890880000,0.80991,0.81017,0.8099,0.81014
1782890940000,0.81014,0.81019,0.81008,0.81017
1782891000000,0.81019,0.81021,0.81001,0.81002
1782891060000,0.81,0.81009,0.81,0.81009
1782891120000,0.81007,0.81007,0.80997,0.81
1782891180000,0.81,0.81002,0.80963,0.80965
1782891240000,0.80964,0.80967,0.80955,0.80956
1782891300000,0.80956,0.80964,0.80952,0.80963
1782891360000,0.8096,0.8096,0.80953,0.80956
1782891420000,0.80956,0.80963,0.80956,0.8096
1782891480000,0.80959,0.80977,0.80959,0.80977
1782891540000,0.80975,0.80975,0.80965,0.80968
1782891600000,0.80967,0.80974,0.80966,0.80969
1782891660000,0.80966,0.80966,0.80962,0.80963
1782891720000,0.80964,0.80976,0.80962,0.80976
1782891780000,0.80977,0.80979,0.80973,0.80974
1782891840000,0.80976,0.80977,0.8097,0.80977
1782891900000,0.80977,0.80981,0.80971,0.80974
1782891960000,0.80974,0.80981,0.80972,0.80979
1782892020000,0.80977,0.80981,0.80975,0.80981
1782892080000,0.8098,0.80992,0.8098,0.80988
1782892140000,0.8099,0.80993,0.8098,0.80981
1782892200000,0.8098,0.80981,0.80967,0.80967
1782892260000,0.80966,0.80981,0.80961,0.8098
1782892320000,0.80981,0.80981,0.80977,0.8098
1782892380000,0.8098,0.80986,0.80979,0.80982
1782892440000,0.80983,0.80985,0.80968,0.80973
1782892500000,0.80973,0.80974,0.80958,0.80961
1782892560000,0.8096,0.80961,0.80954,0.80955
1782892620000,0.80955,0.80955,0.80938,0.80944
1782892680000,0.80945,0.80956,0.80944,0.80956
1782892740000,0.80958,0.80958,0.80952,0.80954
1782892800000,0.80955,0.80972,0.80955,0.80963
1782892860000,0.80963,0.80978,0.80963,0.80978
1782892920000,0.80978,0.80978,0.80972,0.80975
1782892980000,0.80975,0.80984,0.80975,0.80984
1782893040000,0.80985,0.80991,0.80981,0.80991
1782893100000,0.80993,0.80996,0.80983,0.80984
1782893160000,0.80981,0.80985,0.8098,0.80982
1782893220000,0.80982,0.80992,0.80982,0.8099
1782893280000,0.80988,0.80988,0.80975,0.80978
1782893340000,0.80978,0.80982,0.80978,0.80979
1782893400000,0.80979,0.80987,0.80977,0.80985
1782893460000,0.80986,0.80989,0.80983,0.80989
1782893520000,0.80989,0.80998,0.80989,0.80994
1782893580000,0.80994,0.80998,0.80991,0.80998
1782893640000,0.80998,0.81006,0.80998,0.81004
1782893700000,0.81005,0.81005,0.8098,0.8098
1782893760000,0.80979,0.8098,0.80971,0.80974
1782893820000,0.80975,0.80976,0.80972,0.80976
1782893880000,0.80975,0.80982,0.80975,0.8098
1782893940000,0.8098,0.8098,0.80971,0.80971
1782894000000,0.80971,0.80983,0.80971,0.80979
1782894060000,0.8098,0.80986,0.80978,0.80985
1782894120000,0.80986,0.81007,0.80986,0.81004
1782894180000,0.81006,0.81009,0.81005,0.81006
1782894240000,0.81009,0.81009,0.80997,0.81005
1782894300000,0.81004,0.81004,0.80986,0.80991
1782894360000,0.8099,0.80998,0.80988,0.80998
1782894420000,0.80999,0.81001,0.80991,0.80992
1782894480000,0.80993,0.81004,0.80993,0.81004
1782894540000,0.81002,0.81003,0.80995,0.80997
1782894600000,0.80998,0.81007,0.80998,0.81005
1782894660000,0.81007,0.81012,0.81007,0.81007
1782894720000,0.81007,0.81007,0.80996,0.80999
1782894780000,0.80999,0.81,0.80995,0.80999
1782894840000,0.80997,0.80997,0.80991,0.80992
1782894900000,0.80991,0.81,0.80991,0.80992
1782894960000,0.80993,0.80993,0.80985,0.80991
1782895020000,0.8099,0.8099,0.80975,0.80984
1782895080000,0.80985,0.80991,0.80982,0.80982
1782895140000,0.80982,0.80986,0.8098,0.80985
1782895200000,0.80985,0.80985,0.80975,0.80976
1782895260000,0.80975,0.80978,0.80971,0.80978
1782895320000,0.8098,0.80981,0.80969,0.80969
1782895380000,0.80969,0.80971,0.80966,0.80967
1782895440000,0.80967,0.80975,0.80966,0.80972
1782895500000,0.80972,0.80982,0.8097,0.8097
1782895560000,0.8097,0.80983,0.8097,0.8098
1782895620000,0.8098,0.80982,0.80976,0.80976
1782895680000,0.80978,0.80985,0.80978,0.80981
1782895740000,0.8098,0.80984,0.8098,0.8098
1782895800000,0.80981,0.80984,0.80976,0.80977
1782895860000,0.80976,0.80977,0.80963,0.80966
1782895920000,0.80965,0.80965,0.80953,0.80959
1782895980000,0.80959,0.80963,0.80955,0.80959
1782896040000,0.80958,0.8096,0.80957,0.80959
1782896100000,0.80958,0.80958,0.80941,0.80947
1782896160000,0.80948,0.80952,0.80947,0.80947
1782896220000,0.80947,0.80968,0.80944,0.80968
1782896280000,0.80968,0.80982,0.80968,0.80982
1782896340000,0.80982,0.80982,0.80973,0.80974
1782896400000,0.80975,0.80991,0.80975,0.80988
1782896460000,0.80987,0.80987,0.80969,0.80973
1782896520000,0.80972,0.80974,0.80966,0.80966
1782896580000,0.80968,0.80968,0.80953,0.80956
1782896640000,0.80958,0.80962,0.80954,0.80954
1782896700000,0.80954,0.8097,0.80954,0.8097
1782896760000,0.8097,0.80978,0.80963,0.80968
1782896820000,0.80968,0.80976,0.80968,0.80976
1782896880000,0.80976,0.8098,0.80973,0.80974
1782896940000,0.80974,0.80993,0.80972,0.80989
1782897000000,0.80986,0.80987,0.80971,0.80971
1782897060000,0.8097,0.80977,0.80966,0.80967
1782897120000,0.8097,0.80975,0.80968,0.80975
1782897180000,0.80974,0.80975,0.80961,0.80963
1782897240000,0.80963,0.80963,0.80959,0.80963
1782897300000,0.80962,0.80974,0.80962,0.80973
1782897360000,0.80973,0.80981,0.80971,0.80981
1782897420000,0.8098,0.80985,0.80975,0.80985
1782897480000,0.80987,0.80992,0.80983,0.80992
1782897540000,0.80991,0.81001,0.80989,0.81001
1782897600000,0.81001,0.81001,0.80995,0.80999
1782897660000,0.81001,0.81001,0.8099,0.8099
1782897720000,0.8099,0.80997,0.80989,0.80997
1782897780000,0.80997,0.80998,0.80988,0.80989
1782897840000,0.80989,0.8099,0.80985,0.80986
1782897900000,0.80986,0.80992,0.80985,0.80991
1782897960000,0.80991,0.80997,0.80988,0.80996
1782898020000,0.80996,0.80997,0.80991,0.80995
1782898080000,0.80995,0.81001,0.80992,0.81
1782898140000,0.80999,0.81001,0.80987,0.80988
1782898200000,0.80991,0.81008,0.8099,0.81007
1782898260000,0.81007,0.81014,0.81003,0.81012
1782898320000,0.81014,0.81014,0.81005,0.81011
1782898380000,0.81012,0.81016,0.8101,0.81011
1782898440000,0.81011,0.81011,0.81007,0.81011
1782898500000,0.81011,0.81011,0.81006,0.81006
1782898560000,0.81006,0.81007,0.80999,0.81004
1782898620000,0.81004,0.81004,0.80995,0.80998
1782898680000,0.81,0.81003,0.80998,0.81001
1782898740000,0.81001,0.81013,0.81001,0.81013
1782898800000,0.81013,0.81026,0.81013,0.81026
1782898860000,0.81026,0.81026,0.81016,0.81018
1782898920000,0.81019,0.81021,0.81014,0.81014
1782898980000,0.81013,0.81013,0.81,0.81001
1782899040000,0.81001,0.81007,0.81,0.81006
1782899100000,0.81005,0.81007,0.81002,0.81006
1782899160000,0.81006,0.81008,0.81003,0.81005
1782899220000,0.81006,0.8101,0.81,0.81
1782899280000,0.81,0.81007,0.80995,0.81007
1782899340000,0.81008,0.81018,0.81007,0.81014
1782899400000,0.81014,0.8103,0.81013,0.81029
1782899460000,0.81029,0.81044,0.81028,0.8104
1782899520000,0.81039,0.81046,0.81035,0.81036
1782899580000,0.81035,0.81035,0.81028,0.81032
1782899640000,0.81032,0.81032,0.81027,0.81032
1782899700000,0.81031,0.81037,0.8103,0.81032
1782899760000,0.8103,0.81034,0.8103,0.81034
1782899820000,0.81034,0.81035,0.81031,0.81033
1782899880000,0.81033,0.81042,0.81032,0.81042
1782899940000,0.81045,0.81045,0.81042,0.81043
1782900000000,0.81042,0.81044,0.81036,0.81044
1782900060000,0.81046,0.81046,0.81032,0.81034
1782900120000,0.81035,0.81038,0.81034,0.81038
1782900180000,0.81037,0.81038,0.81032,0.81034
1782900240000,0.81035,0.81042,0.81034,0.81042
1782900300000,0.81041,0.81043,0.81038,0.81038
1782900360000,0.81038,0.81038,0.81032,0.81035
1782900420000,0.81035,0.81037,0.81031,0.81034
1782900480000,0.81033,0.81036,0.81029,0.8103
1782900540000,0.81029,0.81034,0.81029,0.81033
1782900600000,0.81033,0.81034,0.81033,0.81034
1782900660000,0.8103,0.8104,0.8103,0.81035
1782900720000,0.81036,0.81036,0.81032,0.81034
1782900780000,0.81034,0.81036,0.81033,0.81036
1782900840000,0.81037,0.81045,0.81037,0.81039
1782900900000,0.81038,0.8104,0.81031,0.81039
1782900960000,0.81039,0.81039,0.81009,0.81009
1782901020000,0.81009,0.81016,0.81004,0.81005
1782901080000,0.81003,0.81012,0.81003,0.81008
1782901140000,0.81007,0.81009,0.81001,0.81005
1782901200000,0.81005,0.81007,0.80998,0.81001
1782901260000,0.80999,0.81007,0.80999,0.81007
1782901320000,0.81007,0.81012,0.81002,0.81003
1782901380000,0.81002,0.81006,0.81002,0.81006
1782901440000,0.81008,0.81017,0.81008,0.81017
1782901500000,0.81016,0.81018,0.81009,0.81009
1782901560000,0.8101,0.81011,0.81005,0.81009
1782901620000,0.81008,0.81016,0.81008,0.8101
1782901680000,0.81009,0.81009,0.80996,0.80997
1782901740000,0.80997,0.80997,0.8099,0.8099
1782901800000,0.80991,0.80991,0.80982,0.80982
1782901860000,0.80981,0.80981,0.80978,0.8098
1782901920000,0.80979,0.80986,0.80976,0.80978
1782901980000,0.80977,0.80983,0.80973,0.80973
1782902040000,0.80972,0.80975,0.8097,0.80971
1782902100000,0.80971,0.80978,0.80968,0.80977
1782902160000,0.80977,0.80977,0.80972,0.80974
1782902220000,0.80973,0.80978,0.80972,0.80978
1782902280000,0.80978,0.80978,0.80973,0.80974
1782902340000,0.80973,0.80977,0.80972,0.80972
1782902400000,0.80974,0.80978,0.80973,0.80975
1782902460000,0.80975,0.80977,0.80971,0.80974
1782902520000,0.80974,0.80977,0.80973,0.80976
1782902580000,0.80976,0.80989,0.80976,0.80989
1782902640000,0.80989,0.80989,0.80981,0.80984
1782902700000,0.80984,0.80985,0.80982,0.80984
1782902760000,0.80984,0.80984,0.80975,0.8098
1782902820000,0.8098,0.80982,0.80975,0.80975
1782902880000,0.80975,0.80975,0.80973,0.80975
1782902940000,0.80975,0.80975,0.80966,0.80968
1782903000000,0.80969,0.80971,0.80961,0.80961
1782903060000,0.8096,0.8096,0.80951,0.80952
1782903120000,0.80954,0.80961,0.80952,0.80956
1782903180000,0.80956,0.8097,0.80956,0.80968
1782903240000,0.80967,0.80968,0.80961,0.80961
1782903300000,0.80959,0.80965,0.80959,0.8096
1782903360000,0.8096,0.8096,0.8095,0.80955
1782903420000,0.80958,0.8096,0.80955,0.80956
1782903480000,0.80956,0.80958,0.80951,0.80957
1782903540000,0.80958,0.80967,0.80958,0.80964
1782903600000,0.80966,0.80968,0.8096,0.80965
1782903660000,0.80965,0.80973,0.80959,0.80973
1782903720000,0.80974,0.80974,0.80961,0.80962
1782903780000,0.8096,0.80978,0.8096,0.80978
1782903840000,0.80979,0.80997,0.80978,0.80988
1782903900000,0.80988,0.80988,0.80983,0.80984
1782903960000,0.80985,0.80985,0.80978,0.80982
1782904020000,0.80982,0.80987,0.80979,0.80979
1782904080000,0.80979,0.80981,0.80976,0.80981
1782904140000,0.8098,0.80982,0.80978,0.80979
1782904200000,0.80979,0.80983,0.80979,0.80983
1782904260000,0.80983,0.80988,0.80977,0.80988
1782904320000,0.80988,0.81003,0.80988,0.80997
1782904380000,0.80997,0.81001,0.8099,0.80992
1782904440000,0.80991,0.80996,0.80991,0.80993
1782904500000,0.80993,0.81002,0.80986,0.80986
1782904560000,0.80986,0.80999,0.80985,0.80999
1782904620000,0.81001,0.81012,0.80998,0.81008
1782904680000,0.81009,0.81014,0.81002,0.81005
1782904740000,0.81003,0.81006,0.81,0.81004
1782904800000,0.81005,0.81006,0.81003,0.81005
1782904860000,0.81007,0.81015,0.81006,0.81012
1782904920000,0.81011,0.81012,0.81006,0.81007
1782904980000,0.81007,0.81009,0.81005,0.81005
1782905040000,0.81006,0.81007,0.81002,0.81002
1782905100000,0.81002,0.81003,0.80998,0.80998
1782905160000,0.80998,0.81003,0.80996,0.81003
1782905220000,0.81003,0.81008,0.81003,0.81004
1782905280000,0.81005,0.81008,0.81002,0.81002
1782905340000,0.81002,0.81002,0.80998,0.81
1782905400000,0.80997,0.81001,0.80997,0.81001
1782905460000,0.81002,0.8102,0.81002,0.81009
1782905520000,0.81009,0.8101,0.81003,0.81006
1782905580000,0.81006,0.81017,0.81006,0.81017
1782905640000,0.81017,0.81021,0.81016,0.81018
1782905700000,0.81018,0.81022,0.81009,0.8101
1782905760000,0.81014,0.81022,0.81012,0.81022
1782905820000,0.81021,0.81024,0.81011,0.81021
1782905880000,0.81019,0.81027,0.81018,0.81027
1782905940000,0.81027,0.81035,0.81027,0.81032
1782906000000,0.81032,0.81037,0.81027,0.81036
1782906060000,0.81036,0.81036,0.8102,0.81031
1782906120000,0.81031,0.81034,0.81029,0.81034
1782906180000,0.81035,0.8104,0.81034,0.81034
1782906240000,0.81035,0.81037,0.81029,0.81032
1782906300000,0.81032,0.81044,0.81031,0.8104
1782906360000,0.8104,0.81042,0.81036,0.81041
1782906420000,0.81041,0.81042,0.81033,0.81036
1782906480000,0.81035,0.81046,0.81035,0.81045
1782906540000,0.81045,0.81063,0.81043,0.81062
1782906600000,0.81062,0.81064,0.81051,0.81053
1782906660000,0.81054,0.81056,0.81044,0.81055
1782906720000,0.81055,0.8106,0.81054,0.81058
1782906780000,0.81058,0.8106,0.81053,0.81053
1782906840000,0.81055,0.81063,0.8104,0.81063
1782906900000,0.81066,0.81069,0.81056,0.81066
1782906960000,0.81067,0.81076,0.81058,0.81076
1782907020000,0.81076,0.81088,0.81076,0.81078
1782907080000,0.81078,0.81085,0.81077,0.8108
1782907140000,0.8108,0.81088,0.81078,0.81084
1782907200000,0.81083,0.81085,0.81066,0.81069
1782907260000,0.81069,0.81082,0.81069,0.8108
1782907320000,0.81078,0.81086,0.81072,0.81073
1782907380000,0.81076,0.81085,0.81076,0.81082
1782907440000,0.81082,0.81086,0.81077,0.8108
1782907500000,0.8108,0.81096,0.8108,0.81093
1782907560000,0.81092,0.811,0.81082,0.811
1782907620000,0.811,0.811,0.81086,0.81088
1782907680000,0.81087,0.81093,0.81081,0.81093
1782907740000,0.81095,0.81118,0.81093,0.81117
1782907800000,0.81115,0.81125,0.81115,0.81115
1782907860000,0.81117,0.81127,0.81115,0.81117
1782907920000,0.81119,0.81122,0.81116,0.81119
1782907980000,0.8112,0.81121,0.81095,0.81095
1782908040000,0.81096,0.81102,0.8109,0.8109
1782908100000,0.81096,0.81096,0.81068,0.81079
1782908160000,0.81076,0.81079,0.81068,0.81072
1782908220000,0.81071,0.81074,0.81063,0.81069
1782908280000,0.81071,0.81071,0.81061,0.81062
1782908340000,0.81064,0.81068,0.81057,0.81058
1782908400000,0.81059,0.81067,0.81058,0.81067
1782908460000,0.81066,0.81083,0.81064,0.81083
1782908520000,0.81084,0.81092,0.81076,0.81088
1782908580000,0.81087,0.81087,0.81072,0.81078
1782908640000,0.81078,0.81081,0.81076,0.81081
1782908700000,0.81082,0.81083,0.81076,0.8108
1782908760000,0.81079,0.81079,0.81062,0.81063
1782908820000,0.81063,0.81078,0.81054,0.81077
1782908880000,0.81076,0.81081,0.81068,0.8108
1782908940000,0.81081,0.81091,0.8108,0.81091
1782909000000,0.81089,0.81091,0.81078,0.81088
1782909060000,0.81088,0.81096,0.81078,0.81096
1782909120000,0.81094,0.81102,0.81088,0.81102
1782909180000,0.81101,0.81124,0.811,0.81112
1782909240000,0.8111,0.81124,0.8111,0.81123
1782909300000,0.81121,0.8114,0.81121,0.81137
1782909360000,0.81138,0.81146,0.81137,0.81145
1782909420000,0.81145,0.81154,0.81135,0.81152
1782909480000,0.81151,0.81158,0.81146,0.81152
1782909540000,0.81154,0.81172,0.81153,0.81166
1782909600000,0.81166,0.81174,0.81162,0.81167
1782909660000,0.81168,0.81174,0.81147,0.8115
1782909720000,0.8115,0.81158,0.81136,0.81158
1782909780000,0.81157,0.81161,0.81142,0.81148
1782909840000,0.81148,0.81155,0.8114,0.81141
1782909900000,0.81141,0.81148,0.81139,0.81144
1782909960000,0.81144,0.8116,0.81144,0.81158
1782910020000,0.81159,0.8117,0.81157,0.8117
1782910080000,0.81169,0.81169,0.81152,0.81152
1782910140000,0.81151,0.81155,0.81137,0.81141
1782910200000,0.8114,0.81144,0.81134,0.81144
1782910260000,0.81144,0.81151,0.81137,0.81139
1782910320000,0.8114,0.8114,0.81132,0.81139
1782910380000,0.81139,0.81153,0.81137,0.81152
1782910440000,0.81152,0.81152,0.81137,0.81137
1782910500000,0.81137,0.81152,0.81135,0.8114
1782910560000,0.81139,0.81145,0.81137,0.81142
1782910620000,0.81145,0.81155,0.81139,0.81148
1782910680000,0.81148,0.81155,0.81146,0.81148
1782910740000,0.81149,0.81152,0.81147,0.81149
1782910800000,0.81149,0.81153,0.81119,0.81122
1782910860000,0.81122,0.81127,0.81121,0.81123
1782910920000,0.81123,0.81133,0.81123,0.8113
1782910980000,0.81131,0.81131,0.81122,0.81126
1782911040000,0.81125,0.81127,0.81115,0.81126
1782911100000,0.81126,0.81137,0.81126,0.8113
1782911160000,0.81132,0.8114,0.81123,0.81127
1782911220000,0.81128,0.81143,0.81128,0.81135
1782911280000,0.81136,0.81156,0.81135,0.81154
1782911340000,0.81156,0.81156,0.81131,0.81136
1782911400000,0.81137,0.81196,0.81137,0.8119
1782911460000,0.81193,0.81197,0.81165,0.81178
1782911520000,0.81182,0.81198,0.81177,0.81189
1782911580000,0.81188,0.81196,0.81187,0.81191
1782911640000,0.81189,0.81199,0.81189,0.81193
1782911700000,0.81193,0.81194,0.81182,0.81188
1782911760000,0.81188,0.81193,0.81179,0.81186
1782911820000,0.81186,0.81187,0.81126,0.81136
1782911880000,0.81137,0.8115,0.81133,0.8114
1782911940000,0.81139,0.8116,0.81139,0.81154
1782912000000,0.81152,0.81154,0.81108,0.81113
1782912060000,0.81114,0.81141,0.81113,0.81119
1782912120000,0.81119,0.81119,0.8108,0.81088
1782912180000,0.81086,0.81099,0.81081,0.81094
1782912240000,0.81093,0.81094,0.81054,0.81065
1782912300000,0.81066,0.81082,0.81062,0.8108
1782912360000,0.81081,0.81092,0.81065,0.81065
1782912420000,0.81065,0.81065,0.81042,0.81044
1782912480000,0.81044,0.81044,0.81023,0.81036
1782912540000,0.81037,0.8109,0.81015,0.81023
1782912600000,0.81024,0.81054,0.80991,0.81034
1782912660000,0.81033,0.81035,0.80982,0.81013
1782912720000,0.81014,0.81034,0.81009,0.81015
1782912780000,0.81014,0.81032,0.81008,0.81025
1782912840000,0.81027,0.81034,0.8102,0.8102
1782912900000,0.81019,0.81028,0.81004,0.81024
1782912960000,0.81023,0.81024,0.8099,0.80994
1782913020000,0.80992,0.81033,0.80984,0.8102
1782913080000,0.81019,0.81021,0.80968,0.80968
1782913140000,0.80967,0.81006,0.80967,0.81005
1782913200000,0.81007,0.81008,0.80972,0.80981
1782913260000,0.80981,0.80994,0.80943,0.80952
1782913320000,0.80953,0.80962,0.80937,0.80949
1782913380000,0.80948,0.80948,0.80927,0.80929
1782913440000,0.8093,0.8094,0.80904,0.80907
1782913500000,0.80907,0.80908,0.80853,0.80863
1782913560000,0.80865,0.80877,0.80854,0.80861
1782913620000,0.80861,0.80895,0.80857,0.80889
1782913680000,0.80888,0.80892,0.80859,0.80871
1782913740000,0.80869,0.80875,0.80859,0.80874
1782913800000,0.80877,0.80891,0.80868,0.80876
1782913860000,0.80876,0.809,0.80874,0.80897
1782913920000,0.80896,0.80904,0.80884,0.80903
1782913980000,0.809,0.80917,0.80898,0.80916
1782914040000,0.80916,0.80926,0.80915,0.80918
1782914100000,0.80918,0.80928,0.80914,0.8092
1782914160000,0.80921,0.80922,0.80907,0.80921
1782914220000,0.80921,0.80931,0.8092,0.80929
1782914280000,0.80928,0.80957,0.80928,0.80949
1782914340000,0.80949,0.80956,0.80917,0.80918
1782914400000,0.80915,0.80916,0.80878,0.80901
1782914460000,0.80902,0.80939,0.80899,0.80939
1782914520000,0.80937,0.80955,0.80936,0.80946
1782914580000,0.80947,0.8095,0.80926,0.80948
1782914640000,0.80947,0.80947,0.80919,0.80931
1782914700000,0.8093,0.80935,0.8092,0.80921
1782914760000,0.80919,0.80922,0.80871,0.80877
1782914820000,0.80875,0.80876,0.80854,0.80873
1782914880000,0.80872,0.80874,0.80846,0.80846
1782914940000,0.80845,0.80848,0.8082,0.80831
1782915000000,0.80832,0.80837,0.80801,0.80815
1782915060000,0.80816,0.80845,0.80815,0.8084
1782915120000,0.80839,0.8084,0.80823,0.80839
1782915180000,0.80839,0.80847,0.80833,0.80844
1782915240000,0.80847,0.80859,0.80829,0.80834
1782915300000,0.80834,0.80859,0.80834,0.80846
1782915360000,0.80848,0.80858,0.80843,0.80853
1782915420000,0.80853,0.80867,0.8085,0.80856
1782915480000,0.80857,0.80864,0.80843,0.80862
1782915540000,0.80862,0.80884,0.80858,0.8088
1782915600000,0.8088,0.80884,0.80839,0.80846
1782915660000,0.80849,0.80854,0.80837,0.80843
1782915720000,0.80844,0.80857,0.80843,0.80845
1782915780000,0.80846,0.8086,0.80845,0.80852
1782915840000,0.8085,0.80864,0.80833,0.8086
1782915900000,0.80859,0.8088,0.8085,0.80876
1782915960000,0.80876,0.80885,0.80875,0.8088
1782916020000,0.80879,0.80894,0.80879,0.80888
1782916080000,0.80889,0.80904,0.80887,0.80895
1782916140000,0.80894,0.80896,0.80885,0.80892
1782916200000,0.80894,0.80897,0.80887,0.8089
1782916260000,0.8089,0.8089,0.8087,0.80876
1782916320000,0.80876,0.80879,0.8087,0.80879
1782916380000,0.80877,0.80878,0.80838,0.8085
1782916440000,0.80851,0.80851,0.80797,0.80797
1782916500000,0.80798,0.80819,0.80798,0.80809
1782916560000,0.80808,0.80814,0.80798,0.80814
1782916620000,0.80814,0.80819,0.80803,0.80811
1782916680000,0.80815,0.8085,0.80815,0.80845
1782916740000,0.80844,0.80848,0.80831,0.80842
1782916800000,0.80842,0.80842,0.80821,0.80826
1782916860000,0.80825,0.80827,0.80809,0.80824
1782916920000,0.80825,0.80825,0.80805,0.80813
1782916980000,0.80815,0.80829,0.80809,0.80829
1782917040000,0.80831,0.80854,0.80826,0.80845
1782917100000,0.80844,0.80856,0.80826,0.80856
1782917160000,0.80857,0.80862,0.80847,0.80852
1782917220000,0.80851,0.80859,0.80841,0.80856
1782917280000,0.80857,0.80882,0.80856,0.80875
1782917340000,0.80878,0.80884,0.80868,0.80878
1782917400000,0.80876,0.80903,0.80874,0.80892
1782917460000,0.80892,0.80892,0.80873,0.80878
1782917520000,0.80876,0.8088,0.80867,0.80869
1782917580000,0.80869,0.8088,0.80852,0.8086
1782917640000,0.8086,0.80888,0.80849,0.80888
1782917700000,0.80889,0.80906,0.80857,0.80865
1782917760000,0.80865,0.80874,0.80853,0.80857
1782917820000,0.80856,0.80874,0.80832,0.80834
1782917880000,0.80834,0.80839,0.80824,0.80833
1782917940000,0.80833,0.80837,0.80827,0.80827
1782918000000,0.80828,0.80828,0.80811,0.80824
1782918060000,0.80824,0.80851,0.80819,0.80837
1782918120000,0.80835,0.80847,0.80815,0.80837
1782918180000,0.80841,0.8086,0.80838,0.8085
1782918240000,0.80851,0.80864,0.80842,0.80862
1782918300000,0.80861,0.80864,0.80843,0.80843
1782918360000,0.80843,0.80852,0.80832,0.80837
1782918420000,0.80837,0.80872,0.80822,0.80865
1782918480000,0.80866,0.80881,0.80863,0.80878
1782918540000,0.80878,0.80882,0.80873,0.80874
1782918600000,0.80873,0.80875,0.80857,0.80859
1782918660000,0.80858,0.80862,0.80853,0.80854
1782918720000,0.80852,0.80865,0.80852,0.80855
1782918780000,0.80855,0.80874,0.80854,0.80873
1782918840000,0.80871,0.80874,0.8086,0.80861
1782918900000,0.8086,0.80867,0.80858,0.80867
1782918960000,0.80867,0.8087,0.80855,0.80857
1782919020000,0.80857,0.80857,0.80845,0.80849
1782919080000,0.80851,0.80865,0.80848,0.80851
1782919140000,0.80852,0.80865,0.80851,0.80862
1782919200000,0.80863,0.8087,0.80854,0.80859
1782919260000,0.80858,0.80858,0.80836,0.80854
1782919320000,0.80854,0.80858,0.80833,0.80852
1782919380000,0.80851,0.80861,0.80837,0.8086
1782919440000,0.80859,0.80863,0.80843,0.80843
1782919500000,0.80845,0.8085,0.80837,0.80844
1782919560000,0.80844,0.80846,0.80821,0.80827
1782919620000,0.80824,0.80839,0.80824,0.80832
1782919680000,0.80832,0.80838,0.80826,0.80826
1782919740000,0.80826,0.80826,0.80809,0.8081
1782919800000,0.8081,0.80832,0.8081,0.80828
1782919860000,0.80828,0.80828,0.8081,0.80814
1782919920000,0.80814,0.80824,0.80807,0.80818
1782919980000,0.80818,0.80861,0.80818,0.80859
1782920040000,0.80858,0.80877,0.80857,0.80877
1782920100000,0.80879,0.80886,0.80871,0.80875
1782920160000,0.80875,0.80888,0.80866,0.80883
1782920220000,0.80883,0.80884,0.80873,0.80873
1782920280000,0.80875,0.80876,0.80865,0.80872
1782920340000,0.80872,0.8088,0.8087,0.80873
1782920400000,0.80872,0.80883,0.8087,0.80878
1782920460000,0.80879,0.80905,0.80878,0.80904
1782920520000,0.80904,0.80904,0.80895,0.80898
1782920580000,0.80898,0.80898,0.80892,0.80898
1782920640000,0.80898,0.80907,0.80895,0.80899
1782920700000,0.80898,0.80901,0.80885,0.80891
1782920760000,0.80891,0.80899,0.80879,0.80899
1782920820000,0.809,0.80902,0.80894,0.80898
1782920880000,0.80898,0.809,0.80893,0.80894
1782920940000,0.80895,0.80895,0.8087,0.80871
1782921000000,0.80872,0.80873,0.80865,0.80869
1782921060000,0.80868,0.80869,0.80858,0.80862
1782921120000,0.8086,0.80864,0.80847,0.80848
1782921180000,0.8085,0.80857,0.80843,0.80854
1782921240000,0.80853,0.80859,0.80851,0.80858
1782921300000,0.80858,0.80865,0.80854,0.80857
1782921360000,0.80859,0.8086,0.80845,0.80846
1782921420000,0.80847,0.80863,0.80847,0.80851
1782921480000,0.80851,0.80858,0.80847,0.80857
1782921540000,0.80854,0.80859,0.80846,0.80851
1782921600000,0.80851,0.80855,0.8083,0.80836
1782921660000,0.80835,0.80836,0.80814,0.80818
1782921720000,0.8082,0.8082,0.80804,0.80811
1782921780000,0.80812,0.80817,0.80797,0.80799
1782921840000,0.80797,0.80812,0.80795,0.80799
1782921900000,0.808,0.80804,0.80784,0.80796
1782921960000,0.80797,0.80797,0.80777,0.8078
1782922020000,0.80779,0.80796,0.80778,0.80795
1782922080000,0.80794,0.808,0.80793,0.808
1782922140000,0.80801,0.80802,0.80792,0.80798
1782922200000,0.80797,0.80807,0.80792,0.80806
1782922260000,0.80808,0.80808,0.80786,0.80789
1782922320000,0.80788,0.80789,0.80783,0.80788
1782922380000,0.8079,0.808,0.8079,0.80797
1782922440000,0.80798,0.80813,0.80798,0.80809
1782922500000,0.8081,0.80821,0.80807,0.80817
1782922560000,0.80816,0.80822,0.80814,0.80815
1782922620000,0.80815,0.80822,0.80809,0.80822
1782922680000,0.80824,0.80838,0.80823,0.80838
1782922740000,0.80838,0.80839,0.80829,0.80831
1782922800000,0.80831,0.80836,0.80816,0.80822
1782922860000,0.80819,0.80827,0.80816,0.80824
1782922920000,0.80825,0.80832,0.80822,0.80826
1782922980000,0.80828,0.80832,0.80817,0.80827
1782923040000,0.80827,0.80834,0.80821,0.80824
1782923100000,0.80826,0.80826,0.80801,0.80801
1782923160000,0.80802,0.80811,0.808,0.80806
1782923220000,0.80805,0.80806,0.80799,0.808
1782923280000,0.80799,0.80804,0.8079,0.80802
1782923340000,0.80801,0.80823,0.80801,0.80823
1782923400000,0.80823,0.80833,0.80819,0.80831
1782923460000,0.80832,0.80837,0.80828,0.80831
1782923520000,0.8083,0.80847,0.8083,0.80842
1782923580000,0.80843,0.80845,0.80836,0.80836
1782923640000,0.80838,0.80843,0.80837,0.80843
1782923700000,0.80845,0.80855,0.80845,0.80854
1782923760000,0.80854,0.80856,0.80847,0.80856
1782923820000,0.80855,0.80858,0.80851,0.80857
1782923880000,0.80856,0.80856,0.80851,0.80856
1782923940000,0.80855,0.80868,0.80855,0.80866
1782924000000,0.80866,0.80869,0.80855,0.80858
1782924060000,0.80857,0.80867,0.80857,0.80864
1782924120000,0.80865,0.80865,0.80849,0.80854
1782924180000,0.80853,0.80865,0.80851,0.80865
1782924240000,0.80865,0.80865,0.80856,0.80856
1782924300000,0.80856,0.8086,0.80852,0.80857
1782924360000,0.80856,0.80856,0.80841,0.80841
1782924420000,0.80841,0.80845,0.80835,0.8084
1782924480000,0.80841,0.80848,0.8084,0.80847
1782924540000,0.80847,0.8085,0.80843,0.80844
1782924600000,0.80843,0.8086,0.80843,0.80855
1782924660000,0.80856,0.80856,0.80846,0.80848
1782924720000,0.80848,0.8086,0.80848,0.80858
1782924780000,0.80857,0.80866,0.80855,0.80866
1782924840000,0.80867,0.80867,0.80858,0.8086
1782924900000,0.80861,0.80866,0.80857,0.80866
1782924960000,0.80866,0.80873,0.80866,0.80872
1782925020000,0.8087,0.80872,0.80856,0.80857
1782925080000,0.80856,0.80862,0.80853,0.80861
1782925140000,0.80862,0.80872,0.8086,0.80872
1782925200000,0.80873,0.80873,0.80852,0.80852
1782925260000,0.80852,0.80854,0.80846,0.80846
1782925320000,0.80846,0.80853,0.80839,0.80853
1782925380000,0.80851,0.80867,0.80851,0.80866
1782925440000,0.80866,0.80869,0.80859,0.80863
1782925500000,0.80863,0.80866,0.80857,0.80861
1782925560000,0.80861,0.80865,0.80857,0.80861
1782925620000,0.80864,0.80866,0.80858,0.80859
1782925680000,0.80858,0.80866,0.80856,0.80862
1782925740000,0.80864,0.80866,0.80859,0.80863
1782925800000,0.80863,0.80881,0.80862,0.80873
1782925860000,0.80871,0.80876,0.80867,0.8087
1782925920000,0.8087,0.80874,0.80865,0.80866
1782925980000,0.80867,0.8088,0.80865,0.80877
1782926040000,0.80875,0.80881,0.80874,0.80881
1782926100000,0.8088,0.8089,0.80875,0.80879
1782926160000,0.8088,0.8088,0.80864,0.80864
1782926220000,0.80864,0.80871,0.80863,0.80866
1782926280000,0.80868,0.80875,0.80865,0.80873
1782926340000,0.80876,0.80879,0.80864,0.80867
1782926400000,0.80867,0.80868,0.80863,0.80863
1782926460000,0.80863,0.80871,0.80861,0.80871
1782926520000,0.80872,0.80875,0.8087,0.80875
1782926580000,0.80872,0.80873,0.80872,0.80873
1782926640000,0.80872,0.80872,0.80862,0.80868
1782926700000,0.80867,0.80872,0.80866,0.80866
1782926760000,0.80864,0.80865,0.80856,0.8086
1782926820000,0.80861,0.80861,0.80859,0.80859
1782926880000,0.80859,0.80862,0.80856,0.80861
1782926940000,0.80862,0.80863,0.80858,0.80863
1782927000000,0.8086,0.8086,0.80852,0.80855
1782927060000,0.80855,0.80861,0.80854,0.8086
1782927120000,0.80858,0.80865,0.80854,0.80858
1782927180000,0.80858,0.80859,0.80855,0.80857
1782927240000,0.80859,0.80866,0.80857,0.80865
1782927300000,0.80866,0.80872,0.80866,0.80871
1782927360000,0.80872,0.80872,0.80864,0.80864
1782927420000,0.80865,0.8087,0.80857,0.80868
1782927480000,0.80868,0.80878,0.80867,0.80877
1782927540000,0.8088,0.8089,0.80878,0.80886
1782927600000,0.80885,0.80887,0.80883,0.80885
1782927660000,0.80884,0.80884,0.80874,0.80884
1782927720000,0.80884,0.80886,0.8088,0.80886
1782927780000,0.80888,0.80892,0.80886,0.80892
1782927840000,0.80892,0.80902,0.80892,0.80902
1782927900000,0.80902,0.80903,0.80893,0.80894
1782927960000,0.80895,0.80895,0.80881,0.80882
1782928020000,0.80882,0.80882,0.80874,0.80877
1782928080000,0.80876,0.80881,0.80873,0.80873
1782928140000,0.80874,0.80882,0.80874,0.80877
1782928200000,0.80876,0.80881,0.80875,0.80878
1782928260000,0.80879,0.8088,0.80873,0.80879
1782928320000,0.80878,0.8088,0.80876,0.80879
1782928380000,0.80879,0.80882,0.80876,0.80876
1782928440000,0.80875,0.8088,0.80874,0.80876
1782928500000,0.80877,0.80879,0.80871,0.80875
1782928560000,0.80877,0.80878,0.80867,0.80868
1782928620000,0.80869,0.8088,0.80868,0.80877
1782928680000,0.80879,0.80881,0.80876,0.80881
1782928740000,0.80879,0.80879,0.80874,0.80876
1782928800000,0.80875,0.80877,0.80871,0.80877
1782928860000,0.80875,0.80878,0.80871,0.80874
1782928920000,0.80875,0.80882,0.80873,0.80876
1782928980000,0.80875,0.80881,0.8087,0.80881
1782929040000,0.80883,0.80886,0.8088,0.80882
1782929100000,0.80884,0.8089,0.80884,0.80885
1782929160000,0.80885,0.80888,0.80878,0.80878
1782929220000,0.80881,0.80886,0.80881,0.80886
1782929280000,0.80887,0.80894,0.80887,0.80894
1782929340000,0.80895,0.809,0.80892,0.809
1782929400000,0.80897,0.809,0.80896,0.80898
1782929460000,0.80897,0.80904,0.80897,0.80902
1782929520000,0.80901,0.80908,0.80901,0.80906
1782929580000,0.80906,0.80908,0.80903,0.80905
1782929640000,0.80903,0.80905,0.80902,0.80903
1782929700000,0.80905,0.80915,0.80905,0.80915
1782929760000,0.80915,0.80917,0.80914,0.80917
1782929820000,0.80916,0.80922,0.80916,0.80922
1782929880000,0.80921,0.80926,0.80919,0.80925
1782929940000,0.80928,0.80939,0.80928,0.80931
1782930000000,0.80931,0.80932,0.80927,0.80927
1782930060000,0.80927,0.8093,0.80926,0.80929
1782930120000,0.80929,0.80929,0.80923,0.80928
1782930180000,0.80929,0.80945,0.80929,0.80945
1782930240000,0.80943,0.80943,0.80932,0.80933
1782930300000,0.80934,0.8094,0.80931,0.80937
1782930360000,0.80937,0.80942,0.80936,0.80942
1782930420000,0.80941,0.80941,0.80934,0.80935
1782930480000,0.80936,0.80939,0.80932,0.80932
1782930540000,0.80933,0.80933,0.80925,0.80925
1782930600000,0.80927,0.80935,0.80925,0.80933
1782930660000,0.80931,0.80931,0.80923,0.80926
1782930720000,0.80925,0.80928,0.80924,0.80926
1782930780000,0.80925,0.80925,0.80914,0.80915
1782930840000,0.80914,0.8092,0.80912,0.80919
1782930900000,0.80921,0.80921,0.80916,0.80918
1782930960000,0.80923,0.80929,0.80921,0.80922
1782931020000,0.80924,0.80924,0.80917,0.80919
1782931080000,0.80919,0.80922,0.80917,0.80921
1782931140000,0.80922,0.80924,0.8092,0.80923
1782931200000,0.80923,0.80928,0.80922,0.80923
1782931260000,0.80923,0.80923,0.80914,0.80922
1782931320000,0.80922,0.8093,0.8092,0.80926
1782931380000,0.80928,0.80929,0.80923,0.80926
1782931440000,0.80926,0.80926,0.80916,0.80916
1782931500000,0.80916,0.80921,0.80915,0.80919
1782931560000,0.8092,0.80922,0.80917,0.80922
1782931620000,0.80922,0.80922,0.80916,0.8092
1782931680000,0.80921,0.80922,0.8092,0.8092
1782931740000,0.8092,0.80923,0.8092,0.80923
1782931800000,0.80925,0.80928,0.80923,0.80928
1782931860000,0.80929,0.80929,0.8092,0.80926
1782931920000,0.80926,0.80927,0.80922,0.80923
1782931980000,0.80923,0.80925,0.80922,0.80924
1782932040000,0.80925,0.80926,0.80924,0.80925
1782932100000,0.80925,0.80926,0.80921,0.80923
1782932160000,0.80922,0.80927,0.8092,0.8092
1782932220000,0.80917,0.80919,0.80913,0.80913
1782932280000,0.80913,0.80915,0.80909,0.80911
1782932340000,0.80912,0.80918,0.80912,0.80912
1782932400000,0.80912,0.80915,0.80903,0.80915
1782932460000,0.80916,0.8092,0.80914,0.80915
1782932520000,0.80914,0.80914,0.80899,0.80901
1782932580000,0.80901,0.8091,0.80901,0.80909
1782932640000,0.8091,0.80913,0.80907,0.80909
1782932700000,0.8091,0.80913,0.80905,0.80905
1782932760000,0.80905,0.8091,0.80905,0.80908
1782932820000,0.80908,0.80911,0.80908,0.8091
1782932880000,0.80909,0.80909,0.80906,0.80906
1782932940000,0.80905,0.80908,0.80901,0.80903
1782933000000,0.80903,0.80904,0.80899,0.80902
1782933060000,0.80903,0.80914,0.80903,0.80913
1782933120000,0.80913,0.80915,0.8091,0.80911
1782933180000,0.8091,0.80914,0.80908,0.80913
1782933240000,0.80914,0.80918,0.80912,0.80917
1782933300000,0.80918,0.80918,0.80915,0.80916
1782933360000,0.80916,0.80918,0.80915,0.80916
1782933420000,0.80917,0.80929,0.80917,0.80929
1782933480000,0.80929,0.80929,0.80926,0.80928
1782933540000,0.80929,0.80929,0.80926,0.80927
1782933600000,0.80926,0.80931,0.80926,0.8093
1782933660000,0.8093,0.80931,0.80928,0.80928
1782933720000,0.80929,0.80931,0.80925,0.80925
1782933780000,0.80925,0.80935,0.80925,0.80934
1782933840000,0.80931,0.80933,0.80931,0.80933
1782933900000,0.80934,0.80935,0.80931,0.80931
1782933960000,0.80931,0.80933,0.8093,0.80932
1782934020000,0.80932,0.80933,0.80929,0.80931
1782934080000,0.80929,0.80929,0.80926,0.80927
1782934140000,0.80926,0.80926,0.80919,0.80921
1782934200000,0.80921,0.80922,0.80919,0.80922
1782934260000,0.80922,0.80925,0.80917,0.80922
1782934320000,0.80923,0.80924,0.80916,0.80916
1782934380000,0.80915,0.80916,0.80912,0.80913
1782934440000,0.80914,0.80919,0.80913,0.80916
1782934500000,0.80915,0.80917,0.80914,0.80915
1782934560000,0.80915,0.80917,0.80912,0.80912
1782934620000,0.80912,0.80912,0.80909,0.8091
1782934680000,0.8091,0.80916,0.80908,0.80915
1782934740000,0.80914,0.80914,0.80913,0.80914
1782934800000,0.80913,0.80918,0.80913,0.80916
1782934860000,0.80918,0.80918,0.80913,0.80915
1782934920000,0.80916,0.8092,0.80916,0.80918
1782934980000,0.80919,0.8092,0.80916,0.80916
1782935040000,0.80916,0.80917,0.80914,0.80914
1782935100000,0.80913,0.8092,0.8091,0.80916
1782935160000,0.80915,0.80915,0.80914,0.80914
1782935220000,0.80914,0.80915,0.80908,0.80909
1782935280000,0.8091,0.80912,0.80908,0.80912
1782935340000,0.80912,0.80914,0.80908,0.80908
1782935400000,0.80907,0.80926,0.80907,0.80926
1782935460000,0.80925,0.80926,0.80919,0.80926
1782935520000,0.80927,0.80936,0.80927,0.80933
1782935580000,0.80932,0.80935,0.80929,0.80931
1782935640000,0.80931,0.80935,0.8093,0.80932
1782935700000,0.80934,0.80936,0.80933,0.80935
1782935760000,0.80936,0.80938,0.80933,0.80936
1782935820000,0.80938,0.8094,0.80926,0.80926
1782935880000,0.80925,0.8093,0.80924,0.80929
1782935940000,0.80928,0.8093,0.80926,0.8093
1782936000000,0.80932,0.80933,0.80925,0.80925
1782936060000,0.80926,0.80935,0.80926,0.80934
1782936120000,0.80935,0.80935,0.8093,0.80934
1782936180000,0.80933,0.80933,0.80925,0.80926
1782936240000,0.80925,0.80928,0.80921,0.80924
1782936300000,0.80926,0.8093,0.80924,0.80928
1782936360000,0.80927,0.80929,0.80926,0.80929
1782936420000,0.80929,0.80929,0.80929,0.80929
1782936480000,0.80929,0.80936,0.80929,0.80933
1782936540000,0.80934,0.80935,0.80928,0.80935
1782936600000,0.80935,0.80936,0.80935,0.80935
1782936660000,0.80936,0.80939,0.80936,0.80938
1782936720000,0.80938,0.80941,0.80938,0.80941
1782936780000,0.80941,0.80942,0.80939,0.80942
1782936840000,0.80941,0.80942,0.8094,0.80941
1782936900000,0.80941,0.80941,0.80937,0.80939
1782936960000,0.80939,0.80941,0.80938,0.8094
1782937020000,0.80941,0.80942,0.80941,0.80941
1782937080000,0.8094,0.80945,0.8094,0.80945
1782937140000,0.80945,0.80946,0.80944,0.80946
1782937200000,0.80945,0.80949,0.80944,0.80947
1782937260000,0.80946,0.80947,0.80945,0.80946
1782937320000,0.80947,0.80948,0.80945,0.80946
1782937380000,0.80946,0.80946,0.80942,0.80943
1782937440000,0.80944,0.80944,0.80942,0.80943
1782937500000,0.80943,0.80948,0.80943,0.80944
1782937560000,0.80945,0.80946,0.80943,0.80943
1782937620000,0.80944,0.80944,0.80944,0.80944
1782937680000,0.80943,0.80944,0.80943,0.80944
1782937740000,0.80946,0.80949,0.80945,0.80945
1782937800000,0.80945,0.80945,0.80944,0.80944
1782937860000,0.80945,0.80945,0.80943,0.80944
1782937920000,0.80942,0.80944,0.8094,0.80942
1782937980000,0.80944,0.80944,0.80942,0.80944
1782938040000,0.80943,0.80945,0.80943,0.80945
1782938100000,0.80943,0.80944,0.80943,0.80944
1782938160000,0.80944,0.80949,0.80944,0.80945
1782938220000,0.80946,0.80946,0.80945,0.80945
1782938280000,0.80945,0.80946,0.80941,0.80941
1782938340000,0.80941,0.80941,0.80941,0.80941
1782938400000,0.80944,0.80945,0.80944,0.80945
1782938460000,0.80949,0.80959,0.80946,0.80959
1782938520000,0.80959,0.80959,0.80956,0.80956
1782938580000,0.80957,0.80959,0.80957,0.80959
1782938640000,0.8096,0.80968,0.80958,0.80966
1782938700000,0.80967,0.80971,0.80966,0.8097
1782938760000,0.80972,0.80977,0.8097,0.8097
1782938820000,0.80972,0.80972,0.80965,0.80965
1782938880000,0.80965,0.8097,0.80965,0.80967
1782938940000,0.80966,0.80972,0.80957,0.80957
1782939000000,0.80957,0.80957,0.8095,0.8095
1782939060000,0.8095,0.8095,0.80946,0.80948
1782939120000,0.80947,0.80949,0.80946,0.80949
1782939180000,0.80952,0.80954,0.8095,0.80952
1782939240000,0.80951,0.80954,0.80951,0.80953
1782939300000,0.8095,0.8096,0.8095,0.80953
1782939360000,0.8095,0.80954,0.80948,0.80949
1782939420000,0.80949,0.80952,0.80945,0.80945
1782939480000,0.80945,0.80948,0.80942,0.80947
1782939540000,0.80947,0.8095,0.80924,0.80924
1782939600000,0.80879,0.80879,0.80879,0.80879
1782939660000,0.80879,0.80879,0.80879,0.80879
1782939720000,0.80879,0.80879,0.80879,0.80879
1782939780000,0.80879,0.80879,0.80879,0.80879
1782939840000,0.80879,0.80879,0.80879,0.80879
1782939900000,0.80903,0.80911,0.80879,0.80911
1782939960000,0.80895,0.80935,0.80891,0.80928
1782940020000,0.80914,0.80935,0.80904,0.80919
1782940080000,0.80928,0.80935,0.80908,0.80914
1782940140000,0.80909,0.80935,0.80904,0.80928
1782940200000,0.80928,0.80942,0.80884,0.80898
1782940260000,0.80911,0.80914,0.80883,0.80913
1782940320000,0.80895,0.80935,0.80889,0.80914
1782940380000,0.80912,0.80942,0.80901,0.80942
1782940440000,0.80923,0.80949,0.80916,0.80944
1782940500000,0.8094,0.80949,0.8089,0.80898
1782940560000,0.80896,0.80896,0.80896,0.80896
1782940620000,0.80889,0.80907,0.80889,0.80907
1782940680000,0.80908,0.80908,0.80886,0.80908
1782940740000,0.80908,0.80908,0.80885,0.80885
1782940800000,0.80909,0.80909,0.80898,0.80909
1782940860000,0.80909,0.80909,0.80898,0.80909
1782940920000,0.80889,0.80889,0.80889,0.80889
1782940980000,0.80909,0.80909,0.80909,0.80909
1782941040000,0.80889,0.80909,0.80889,0.80909
1782941100000,0.80905,0.80906,0.80889,0.80889
1782941160000,0.80892,0.80892,0.80892,0.80892
1782941220000,0.80899,0.80899,0.80899,0.80899
1782941280000,0.80897,0.80897,0.8089,0.8089
1782941340000,0.80887,0.80887,0.80887,0.80887
1782941400000,0.80887,0.80887,0.80887,0.80887
1782941460000,0.80887,0.80887,0.80887,0.80887
1782941520000,0.80887,0.80887,0.80887,0.80887
1782941580000,0.80886,0.80886,0.80886,0.80886
1782941640000,0.80886,0.80889,0.80886,0.80889
1782941700000,0.80889,0.80889,0.80889,0.80889
1782941760000,0.80888,0.80888,0.80888,0.80888
1782941820000,0.80888,0.80888,0.80888,0.80888
1782941880000,0.8089,0.8089,0.80889,0.80889
1782941940000,0.80889,0.80889,0.80889,0.80889
1782942000000,0.80889,0.80889,0.80889,0.80889
1782942060000,0.80889,0.80889,0.80889,0.80889
1782942120000,0.80889,0.80889,0.80889,0.80889
1782942180000,0.80888,0.80888,0.80888,0.80888
1782942240000,0.80888,0.80888,0.80888,0.80888
1782942300000,0.80888,0.80943,0.80887,0.80923
1782942360000,0.80924,0.80931,0.80921,0.80922
1782942420000,0.80927,0.80931,0.80921,0.80922
1782942480000,0.80921,0.80927,0.80917,0.80917
1782942540000,0.80917,0.80917,0.80917,0.80917
1782942600000,0.80919,0.80926,0.80919,0.80921
1782942660000,0.80921,0.80921,0.80917,0.8092
1782942720000,0.80917,0.80917,0.80917,0.80917
1782942780000,0.80917,0.80918,0.80917,0.80917
1782942840000,0.80918,0.80919,0.80917,0.80918
1782942900000,0.80918,0.80918,0.80885,0.80885
1782942960000,0.80885,0.80917,0.80885,0.8089
1782943020000,0.8089,0.8089,0.8089,0.8089
1782943080000,0.80917,0.80929,0.80893,0.80893
1782943140000,0.80892,0.80901,0.80892,0.80892
1782943200000,0.80893,0.80921,0.80892,0.80921
1782943260000,0.80922,0.80926,0.80919,0.80926
1782943320000,0.80927,0.80949,0.80926,0.80945
1782943380000,0.80947,0.8095,0.80947,0.8095
1782943440000,0.8095,0.8095,0.8095,0.8095
1782943500000,0.8095,0.8095,0.80947,0.80947
1782943560000,0.80948,0.80948,0.80947,0.80948
1782943620000,0.80946,0.80946,0.80946,0.80946
1782943680000,0.80943,0.80943,0.80937,0.80938
1782943740000,0.80937,0.80937,0.80934,0.80934
1782943800000,0.80935,0.80936,0.80934,0.80936
1782943860000,0.80937,0.80938,0.80936,0.80938
1782943920000,0.80938,0.80938,0.80938,0.80938
1782943980000,0.80939,0.80939,0.80937,0.80937
1782944040000,0.80937,0.80937,0.80937,0.80937
1782944100000,0.80937,0.80937,0.80936,0.80937
1782944160000,0.80938,0.80939,0.80938,0.80939
1782944220000,0.80939,0.80939,0.80939,0.80939
1782944280000,0.80937,0.80937,0.80937,0.80937
1782944340000,0.80936,0.80936,0.80936,0.80936
1782944400000,0.80933,0.80933,0.80931,0.80931
1782944460000,0.80931,0.80931,0.80931,0.80931
1782944520000,0.80931,0.80931,0.80931,0.80931
1782944580000,0.80932,0.80932,0.80932,0.80932
1782944640000,0.80929,0.8093,0.80929,0.80929
1782944700000,0.80931,0.80931,0.80929,0.80929
1782944760000,0.80929,0.80929,0.80929,0.80929
1782944820000,0.80931,0.80931,0.80929,0.80929
1782944880000,0.8093,0.8093,0.80929,0.80929
1782944940000,0.80929,0.80929,0.80929,0.80929
1782945000000,0.80929,0.80931,0.80929,0.80929
1782945060000,0.8093,0.80934,0.8093,0.80931
1782945120000,0.80931,0.80931,0.80926,0.80927
1782945180000,0.80928,0.80928,0.80926,0.80926
1782945240000,0.80926,0.80926,0.80926,0.80926
1782945300000,0.80926,0.80926,0.80926,0.80926
1782945360000,0.80926,0.80926,0.80926,0.80926
1782945420000,0.80926,0.80929,0.80926,0.80929
1782945480000,0.80929,0.80932,0.80929,0.8093
1782945540000,0.8093,0.8093,0.80929,0.80929
1782945600000,0.80929,0.80929,0.80929,0.80929
1782945660000,0.80929,0.80929,0.80928,0.80928
1782945720000,0.80929,0.80929,0.80929,0.80929
1782945780000,0.80928,0.80929,0.80928,0.80929
1782945840000,0.80928,0.80929,0.80928,0.80929
1782945900000,0.80929,0.80929,0.80929,0.80929
1782945960000,0.80928,0.80928,0.80923,0.80923
1782946020000,0.80922,0.80922,0.80922,0.80922
1782946080000,0.80921,0.80921,0.80921,0.80921
1782946140000,0.80921,0.80921,0.80921,0.80921
1782946200000,0.80921,0.80924,0.80921,0.80924
1782946260000,0.80923,0.80923,0.80922,0.80922
1782946320000,0.80922,0.80922,0.80922,0.80922
1782946380000,0.80922,0.80929,0.80922,0.80926
1782946440000,0.80926,0.80926,0.80926,0.80926
1782946500000,0.80926,0.80926,0.80926,0.80926
1782946560000,0.80926,0.80926,0.80926,0.80926
1782946620000,0.80926,0.80926,0.80926,0.80926
1782946680000,0.80923,0.80923,0.8092,0.80921
1782946740000,0.80921,0.80921,0.80921,0.80921
1782946800000,0.80923,0.80925,0.80923,0.80925
1782946860000,0.80924,0.80924,0.80922,0.80923
1782946920000,0.80924,0.80924,0.80924,0.80924
1782946980000,0.8092,0.80921,0.8092,0.80921
1782947040000,0.80923,0.80924,0.80923,0.80924
1782947100000,0.80924,0.80924,0.80924,0.80924
1782947160000,0.80926,0.80926,0.80923,0.80923
1782947220000,0.80923,0.80926,0.80923,0.80926
1782947280000,0.80926,0.80926,0.80926,0.80926
1782947340000,0.80934,0.80943,0.80934,0.80941
1782947400000,0.80941,0.80941,0.80934,0.80937
1782947460000,0.80936,0.80936,0.80935,0.80936
1782947520000,0.80934,0.80934,0.80933,0.80934
1782947580000,0.80934,0.80934,0.80934,0.80934
1782947640000,0.80934,0.80934,0.80933,0.80934
1782947700000,0.80934,0.80936,0.80933,0.80935
1782947760000,0.80934,0.80935,0.80934,0.80935
1782947820000,0.80936,0.80936,0.80935,0.80936
1782947880000,0.80934,0.80934,0.80932,0.80933
1782947940000,0.80932,0.80932,0.80928,0.80928
1782948000000,0.80928,0.80928,0.80928,0.80928
1782948060000,0.80927,0.80927,0.80925,0.80925
1782948120000,0.80926,0.80926,0.80926,0.80926
1782948180000,0.80924,0.80924,0.80923,0.80923
1782948240000,0.80922,0.80925,0.80919,0.80925
1782948300000,0.80925,0.80925,0.80923,0.80923
1782948360000,0.80924,0.80924,0.80923,0.80923
1782948420000,0.80924,0.80924,0.80924,0.80924
1782948480000,0.80926,0.80926,0.80926,0.80926
1782948540000,0.80926,0.80926,0.80925,0.80925
1782948600000,0.80925,0.80926,0.80924,0.80926
1782948660000,0.80926,0.80926,0.80926,0.80926
1782948720000,0.80927,0.80927,0.80926,0.80926
1782948780000,0.80926,0.80926,0.80925,0.80925
1782948840000,0.80926,0.80926,0.80925,0.80925
1782948900000,0.80925,0.80926,0.80925,0.80926
1782948960000,0.80926,0.80926,0.80926,0.80926
1782949020000,0.80926,0.80926,0.80926,0.80926
1782949080000,0.80926,0.80926,0.80926,0.80926
1782949140000,0.80926,0.80927,0.80926,0.80927
1782949200000,0.80926,0.80926,0.80926,0.80926
1782949260000,0.80926,0.80926,0.80926,0.80926
1782949320000,0.80926,0.80926,0.80925,0.80925
1782949380000,0.80926,0.80928,0.80924,0.80928
1782949440000,0.80925,0.80925,0.80923,0.80923
1782949500000,0.80925,0.80925,0.80921,0.80923
1782949560000,0.80923,0.80927,0.80923,0.80926
1782949620000,0.80925,0.80925,0.8092,0.80921
1782949680000,0.8092,0.80922,0.80918,0.80918
1782949740000,0.80919,0.8092,0.80919,0.8092
1782949800000,0.80919,0.80919,0.80916,0.80916
1782949860000,0.80917,0.80917,0.80917,0.80917
1782949920000,0.80918,0.80922,0.80918,0.80922
1782949980000,0.80922,0.80922,0.80917,0.80921
1782950040000,0.80922,0.80922,0.80919,0.80919
1782950100000,0.8092,0.80922,0.80912,0.80912
1782950160000,0.80912,0.80914,0.80912,0.80914
1782950220000,0.80914,0.80916,0.80914,0.80916
1782950280000,0.80916,0.80916,0.80916,0.80916
1782950340000,0.80917,0.80919,0.80915,0.80919
1782950400000,0.80919,0.80934,0.80919,0.80931
1782950460000,0.80931,0.80931,0.80918,0.80918
1782950520000,0.80918,0.80923,0.80905,0.80907
1782950580000,0.80907,0.80912,0.80905,0.80909
1782950640000,0.80909,0.80909,0.80905,0.80905
1782950700000,0.80907,0.80908,0.80899,0.80899
1782950760000,0.80899,0.80902,0.80898,0.80899
1782950820000,0.80898,0.80898,0.80882,0.80882
1782950880000,0.80882,0.80886,0.80875,0.80885
1782950940000,0.80886,0.80889,0.80881,0.80887
1782951000000,0.80887,0.80894,0.80886,0.80894
1782951060000,0.80893,0.80899,0.80893,0.80895
1782951120000,0.80896,0.80898,0.80891,0.80896
1782951180000,0.80895,0.80904,0.80895,0.80904
1782951240000,0.80904,0.80904,0.809,0.80904
1782951300000,0.80904,0.80922,0.80904,0.80921
1782951360000,0.80923,0.80924,0.80922,0.80922
1782951420000,0.80922,0.80928,0.80921,0.80925
1782951480000,0.80924,0.80925,0.80921,0.80925
1782951540000,0.80928,0.80943,0.80928,0.80943
1782951600000,0.80943,0.80943,0.80931,0.80932
1782951660000,0.80932,0.80935,0.8093,0.8093
1782951720000,0.80932,0.80932,0.80926,0.80926
1782951780000,0.80927,0.80932,0.80925,0.80932
1782951840000,0.80932,0.80932,0.80928,0.80931
1782951900000,0.80932,0.80938,0.80932,0.80938
1782951960000,0.80942,0.80952,0.80942,0.80948
1782952020000,0.80948,0.80953,0.80946,0.80949
1782952080000,0.80949,0.80953,0.80948,0.80953
1782952140000,0.80953,0.80955,0.80953,0.80953
1782952200000,0.80951,0.80961,0.80951,0.80959
1782952260000,0.80959,0.80962,0.80957,0.80961
1782952320000,0.80962,0.80966,0.8096,0.8096
1782952380000,0.8096,0.80961,0.80957,0.80959
1782952440000,0.80958,0.8096,0.80955,0.80958
1782952500000,0.80958,0.80958,0.80953,0.80953
1782952560000,0.80953,0.80957,0.80949,0.80957
1782952620000,0.80959,0.80961,0.80953,0.80953
1782952680000,0.80952,0.80954,0.80947,0.80947
1782952740000,0.80948,0.8095,0.80948,0.80949
1782952800000,0.8095,0.80952,0.80948,0.80952
1782952860000,0.80952,0.80952,0.80939,0.80942
1782952920000,0.80941,0.80945,0.80932,0.80943
1782952980000,0.80944,0.80945,0.8094,0.80943
1782953040000,0.80942,0.80943,0.80939,0.80939
1782953100000,0.8094,0.80942,0.80927,0.80929
1782953160000,0.80928,0.8093,0.80922,0.80926
1782953220000,0.80926,0.80926,0.80918,0.8092
1782953280000,0.80922,0.80924,0.8092,0.80922
1782953340000,0.8092,0.8092,0.80914,0.80914
1782953400000,0.80915,0.80926,0.80915,0.80926
1782953460000,0.80928,0.8093,0.80924,0.80929
1782953520000,0.80932,0.80938,0.80922,0.80925
1782953580000,0.80927,0.8093,0.80923,0.80924
1782953640000,0.80924,0.80933,0.8092,0.8092
1782953700000,0.8092,0.80941,0.8092,0.80931
1782953760000,0.80932,0.80939,0.80931,0.80937
1782953820000,0.80937,0.80942,0.80936,0.80936
1782953880000,0.80934,0.80936,0.80932,0.80936
1782953940000,0.80937,0.80938,0.80932,0.80934
1782954000000,0.80934,0.80938,0.80922,0.80923
1782954060000,0.80924,0.80933,0.80923,0.80924
1782954120000,0.80925,0.80927,0.80918,0.80923
1782954180000,0.80924,0.80927,0.8092,0.80922
1782954240000,0.80923,0.80924,0.80922,0.80923
1782954300000,0.80923,0.80926,0.8092,0.80925
1782954360000,0.80924,0.80926,0.80919,0.8092
1782954420000,0.80921,0.80926,0.80918,0.80918
1782954480000,0.8092,0.80921,0.80911,0.80912
1782954540000,0.80912,0.80912,0.80907,0.80911
1782954600000,0.80913,0.80913,0.80907,0.8091
1782954660000,0.8091,0.80914,0.8091,0.80914
1782954720000,0.80914,0.80921,0.80913,0.80921
1782954780000,0.8092,0.80927,0.8092,0.80927
1782954840000,0.80925,0.80931,0.8091,0.8091
1782954900000,0.80908,0.80924,0.80908,0.80923
1782954960000,0.80922,0.80922,0.80916,0.80919
1782955020000,0.8092,0.80929,0.80919,0.80927
1782955080000,0.80926,0.80926,0.80919,0.8092
1782955140000,0.80921,0.80922,0.80918,0.80921
1782955200000,0.80922,0.80929,0.80922,0.80929
1782955260000,0.80928,0.80929,0.80919,0.8092
1782955320000,0.80921,0.80928,0.80918,0.80923
1782955380000,0.80922,0.80922,0.8092,0.80921
1782955440000,0.80923,0.80923,0.80919,0.80923
1782955500000,0.80922,0.80924,0.8092,0.8092
1782955560000,0.80924,0.80931,0.80924,0.80927
1782955620000,0.80927,0.80929,0.80925,0.80929
1782955680000,0.8093,0.80931,0.80927,0.80928
1782955740000,0.80929,0.80931,0.8092,0.8092
1782955800000,0.80921,0.80926,0.8092,0.80922
1782955860000,0.80922,0.80925,0.80921,0.80922
1782955920000,0.80922,0.80937,0.80922,0.80933
1782955980000,0.80933,0.80938,0.8093,0.80938
1782956040000,0.80936,0.80937,0.80929,0.8093
1782956100000,0.80931,0.80934,0.8093,0.80931
1782956160000,0.80931,0.80931,0.80924,0.80924
1782956220000,0.80924,0.80924,0.80913,0.80914
1782956280000,0.80914,0.80916,0.80905,0.80906
1782956340000,0.80909,0.80909,0.809,0.809
1782956400000,0.809,0.809,0.80894,0.80895
1782956460000,0.80896,0.80902,0.80894,0.80899
1782956520000,0.80899,0.80902,0.80897,0.80898
1782956580000,0.80898,0.80898,0.80889,0.80889
1782956640000,0.80887,0.80903,0.80887,0.80902
1782956700000,0.80901,0.80906,0.80897,0.80897
1782956760000,0.80896,0.80896,0.80883,0.80885
1782956820000,0.80883,0.80884,0.80879,0.80882
1782956880000,0.80883,0.80883,0.80865,0.80865
1782956940000,0.80866,0.8087,0.80866,0.80867
1782957000000,0.80869,0.80873,0.80864,0.80866
1782957060000,0.80866,0.80874,0.80866,0.80874
1782957120000,0.80877,0.8089,0.80875,0.80885
1782957180000,0.80885,0.80885,0.80879,0.8088
1782957240000,0.80879,0.80882,0.80879,0.80882
1782957300000,0.80884,0.8089,0.80884,0.80889
1782957360000,0.80889,0.8089,0.80885,0.8089
1782957420000,0.8089,0.80902,0.8089,0.809
1782957480000,0.80901,0.80905,0.80896,0.80904
1782957540000,0.80904,0.80908,0.80901,0.80901
1782957600000,0.80902,0.80904,0.80885,0.80886
1782957660000,0.80886,0.80894,0.80885,0.80889
1782957720000,0.80889,0.80891,0.80886,0.80889
1782957780000,0.80886,0.80888,0.8088,0.80888
1782957840000,0.80887,0.8089,0.80883,0.80884
1782957900000,0.80885,0.80886,0.80879,0.80883
1782957960000,0.80882,0.80882,0.80877,0.80878
1782958020000,0.80877,0.80877,0.80876,0.80877
1782958080000,0.80879,0.80879,0.80875,0.80877
1782958140000,0.80879,0.80881,0.80876,0.8088
1782958200000,0.8088,0.80881,0.80876,0.80877
1782958260000,0.80877,0.80885,0.80876,0.80881
1782958320000,0.80881,0.80882,0.80873,0.80873
1782958380000,0.80874,0.80874,0.80868,0.80869
1782958440000,0.80868,0.80868,0.80857,0.80857
1782958500000,0.80857,0.80861,0.8085,0.80851
1782958560000,0.80851,0.80853,0.8084,0.80847
1782958620000,0.80847,0.80848,0.80843,0.80844
1782958680000,0.80844,0.80845,0.80843,0.80843
1782958740000,0.80843,0.80845,0.80842,0.80843
1782958800000,0.80844,0.80852,0.80844,0.80851
1782958860000,0.80851,0.80856,0.80851,0.80856
1782958920000,0.80856,0.80862,0.80855,0.8086
1782958980000,0.80863,0.80868,0.80863,0.80868
1782959040000,0.80867,0.8087,0.80866,0.8087
1782959100000,0.8087,0.8087,0.80869,0.8087
1782959160000,0.80869,0.80872,0.80867,0.80867
1782959220000,0.80868,0.8087,0.80866,0.80869
1782959280000,0.80869,0.80876,0.80869,0.80871
1782959340000,0.80871,0.80872,0.80865,0.80868
1782959400000,0.80867,0.80868,0.80867,0.80867
1782959460000,0.80869,0.80871,0.80867,0.80868
1782959520000,0.80867,0.80867,0.80862,0.80862
1782959580000,0.8086,0.80862,0.80857,0.80862
1782959640000,0.80863,0.80863,0.80861,0.80861
1782959700000,0.80862,0.80865,0.80861,0.80864
1782959760000,0.80863,0.80864,0.80863,0.80864
1782959820000,0.80866,0.80868,0.80865,0.80865
1782959880000,0.80865,0.8087,0.80865,0.8087
1782959940000,0.80869,0.8087,0.80866,0.8087
1782960000000,0.80869,0.80874,0.80869,0.80872
1782960060000,0.80873,0.80876,0.8087,0.80875
1782960120000,0.80875,0.80875,0.80874,0.80875
1782960180000,0.80873,0.80873,0.80867,0.80867
1782960240000,0.80868,0.80873,0.80868,0.80872
1782960300000,0.80871,0.80872,0.80869,0.80871
1782960360000,0.8087,0.80871,0.80866,0.80871
1782960420000,0.80871,0.80875,0.8087,0.80873
1782960480000,0.80874,0.8088,0.80873,0.8088
1782960540000,0.8088,0.80883,0.80878,0.80878
1782960600000,0.80878,0.80878,0.80877,0.80878
1782960660000,0.80876,0.80876,0.8087,0.80871
1782960720000,0.80872,0.80878,0.80872,0.80878
1782960780000,0.8088,0.80888,0.8088,0.80884
1782960840000,0.80881,0.80883,0.80876,0.80876
1782960900000,0.80878,0.80885,0.80878,0.80884
1782960960000,0.80885,0.80894,0.80885,0.80891
1782961020000,0.8089,0.80891,0.80888,0.80888
1782961080000,0.80885,0.80887,0.80884,0.80885
1782961140000,0.80886,0.80891,0.80886,0.8089
1782961200000,0.80889,0.80891,0.80882,0.80883
1782961260000,0.80882,0.80884,0.80881,0.80884
1782961320000,0.80886,0.80899,0.80886,0.80897
1782961380000,0.80897,0.80897,0.80894,0.80896
1782961440000,0.80895,0.80898,0.80893,0.80896
1782961500000,0.80896,0.80903,0.80895,0.80897
1782961560000,0.80896,0.80899,0.80895,0.80897
1782961620000,0.80898,0.80898,0.80894,0.80894
1782961680000,0.80895,0.809,0.80895,0.80899
1782961740000,0.80899,0.80912,0.80899,0.80911
1782961800000,0.8091,0.80914,0.80909,0.80909
1782961860000,0.80909,0.80921,0.80909,0.80915
1782961920000,0.80913,0.80915,0.8091,0.80915
1782961980000,0.80914,0.80919,0.80913,0.80918
1782962040000,0.80917,0.80917,0.80908,0.80912
1782962100000,0.8091,0.8091,0.80901,0.80903
1782962160000,0.80904,0.80908,0.80902,0.80906
1782962220000,0.80906,0.80915,0.80901,0.80914
1782962280000,0.80914,0.80918,0.80914,0.80917
1782962340000,0.80916,0.80918,0.80915,0.80918
1782962400000,0.80918,0.80924,0.80918,0.8092
1782962460000,0.8092,0.8092,0.80917,0.80918
1782962520000,0.80918,0.8092,0.80915,0.80916
1782962580000,0.80917,0.8092,0.80917,0.80919
1782962640000,0.80919,0.80921,0.80916,0.80916
1782962700000,0.80914,0.80914,0.80911,0.80911
1782962760000,0.8091,0.80917,0.8091,0.80916
1782962820000,0.80916,0.80916,0.80909,0.80914
1782962880000,0.80914,0.80914,0.80903,0.80904
1782962940000,0.80904,0.80906,0.80903,0.80905
1782963000000,0.80904,0.80905,0.80898,0.80898
1782963060000,0.80899,0.80899,0.8089,0.80891
1782963120000,0.80893,0.809,0.8089,0.80897
1782963180000,0.80897,0.80897,0.80896,0.80897
1782963240000,0.80896,0.809,0.80896,0.80899
1782963300000,0.80902,0.80906,0.80902,0.80905
1782963360000,0.80907,0.80908,0.80905,0.80907
1782963420000,0.80905,0.80908,0.80904,0.80908
1782963480000,0.80907,0.80907,0.809,0.80902
1782963540000,0.80901,0.80904,0.80901,0.80903
1782963600000,0.80905,0.80905,0.80895,0.80896
1782963660000,0.80894,0.809,0.80892,0.80899
1782963720000,0.80897,0.80898,0.80894,0.80894
1782963780000,0.80893,0.80897,0.80893,0.80896
1782963840000,0.80898,0.809,0.80897,0.80899
1782963900000,0.80901,0.80901,0.80898,0.80898
1782963960000,0.80898,0.80904,0.80898,0.80901
1782964020000,0.80903,0.80907,0.809,0.80903
1782964080000,0.80904,0.80904,0.80902,0.80902
1782964140000,0.80903,0.80903,0.80896,0.80896
1782964200000,0.80894,0.80897,0.80893,0.80896
1782964260000,0.80895,0.80898,0.80893,0.80898
1782964320000,0.80899,0.80901,0.80898,0.80898
1782964380000,0.80898,0.809,0.80896,0.80899
1782964440000,0.80901,0.80905,0.80901,0.80902
1782964500000,0.80903,0.80903,0.80895,0.80895
1782964560000,0.80896,0.80896,0.80878,0.80883
1782964620000,0.80883,0.8089,0.80882,0.80883
1782964680000,0.80884,0.80885,0.80881,0.80884
1782964740000,0.80883,0.80883,0.80878,0.80879
1782964800000,0.80877,0.80878,0.80869,0.80869
1782964860000,0.80867,0.80868,0.80853,0.80854
1782964920000,0.80855,0.80855,0.80839,0.80849
1782964980000,0.80847,0.80859,0.80845,0.80859
1782965040000,0.80857,0.80871,0.80856,0.80869
1782965100000,0.80868,0.80868,0.80864,0.80866
1782965160000,0.80866,0.80866,0.8086,0.80861
1782965220000,0.80862,0.80866,0.80855,0.80864
1782965280000,0.80862,0.80862,0.80855,0.80856
1782965340000,0.80856,0.80856,0.80849,0.80852
1782965400000,0.80852,0.80858,0.80849,0.80855
1782965460000,0.80857,0.80864,0.80855,0.80864
1782965520000,0.80864,0.80869,0.80862,0.80862
1782965580000,0.80863,0.80863,0.80862,0.80863
1782965640000,0.80863,0.80865,0.80863,0.80864
1782965700000,0.80865,0.8087,0.80865,0.80869
1782965760000,0.80872,0.80872,0.80865,0.80869
1782965820000,0.80871,0.80871,0.80869,0.80869
1782965880000,0.80871,0.80871,0.80871,0.80871
1782965940000,0.80873,0.80874,0.80869,0.80871
1782966000000,0.8087,0.80873,0.80865,0.80871
1782966060000,0.80873,0.80874,0.8087,0.80871
1782966120000,0.8087,0.80877,0.8087,0.80874
1782966180000,0.80874,0.80882,0.80873,0.8088
1782966240000,0.80879,0.80879,0.80872,0.80872
1782966300000,0.80871,0.80871,0.80865,0.80867
1782966360000,0.80866,0.80873,0.80865,0.8087
1782966420000,0.8087,0.80874,0.8087,0.80871
1782966480000,0.80869,0.80871,0.80868,0.8087
1782966540000,0.80869,0.80876,0.80869,0.80875
1782966600000,0.80873,0.80884,0.80871,0.80871
1782966660000,0.80874,0.80874,0.80872,0.80872
1782966720000,0.8087,0.80872,0.80866,0.80867
1782966780000,0.80866,0.80866,0.80862,0.80865
1782966840000,0.80865,0.80867,0.80865,0.80867
1782966900000,0.80869,0.80876,0.80868,0.80876
1782966960000,0.80875,0.80875,0.80869,0.8087
1782967020000,0.80871,0.80872,0.80869,0.80872
1782967080000,0.80871,0.80875,0.80871,0.80873
1782967140000,0.80872,0.80876,0.8087,0.8087
1782967200000,0.80871,0.80874,0.8087,0.80872
1782967260000,0.80873,0.80876,0.80871,0.80875
1782967320000,0.80875,0.80875,0.80875,0.80875
1782967380000,0.80876,0.80877,0.80874,0.80875
1782967440000,0.80874,0.80874,0.80866,0.80871
1782967500000,0.8087,0.80874,0.8087,0.80873
1782967560000,0.80873,0.80873,0.8087,0.8087
1782967620000,0.80871,0.80875,0.80867,0.80875
1782967680000,0.80875,0.80877,0.80873,0.80875
1782967740000,0.80876,0.80876,0.80873,0.80873
1782967800000,0.80873,0.80873,0.80856,0.8086
1782967860000,0.80859,0.80863,0.80853,0.80857
1782967920000,0.80859,0.80859,0.80855,0.80856
1782967980000,0.80854,0.80857,0.80854,0.80856
1782968040000,0.80856,0.80866,0.80852,0.80863
1782968100000,0.80862,0.80867,0.80862,0.80866
1782968160000,0.80865,0.80868,0.80865,0.80866
1782968220000,0.80865,0.80866,0.80859,0.80861
1782968280000,0.8086,0.80869,0.8086,0.80866
1782968340000,0.80865,0.80866,0.80862,0.80865
1782968400000,0.80866,0.80867,0.8086,0.80861
1782968460000,0.80861,0.80866,0.8086,0.80862
1782968520000,0.80866,0.80866,0.80863,0.80865
1782968580000,0.80868,0.8087,0.80866,0.80868
1782968640000,0.80868,0.80869,0.80855,0.80859
1782968700000,0.80859,0.80864,0.80857,0.80862
1782968760000,0.80863,0.8087,0.80859,0.80865
1782968820000,0.80866,0.80868,0.80851,0.80851
1782968880000,0.80852,0.80855,0.80847,0.80852
1782968940000,0.80851,0.80858,0.8085,0.80857
1782969000000,0.80857,0.80864,0.80855,0.80864
1782969060000,0.80861,0.80864,0.80855,0.80856
1782969120000,0.80855,0.80858,0.80854,0.80856
1782969180000,0.80858,0.80863,0.80856,0.80861
1782969240000,0.80862,0.80864,0.80861,0.80863
1782969300000,0.80865,0.80868,0.80865,0.80866
1782969360000,0.80867,0.80869,0.80866,0.80866
1782969420000,0.80865,0.80869,0.80863,0.80866
1782969480000,0.80865,0.80866,0.80863,0.80863
1782969540000,0.80864,0.80869,0.80863,0.80866
1782969600000,0.80869,0.80873,0.80868,0.8087
1782969660000,0.80869,0.8087,0.80865,0.80866
1782969720000,0.80865,0.8087,0.80865,0.8087
1782969780000,0.8087,0.8087,0.80869,0.80869
1782969840000,0.80868,0.80868,0.80861,0.80862
1782969900000,0.80865,0.80869,0.80863,0.80868
1782969960000,0.80869,0.8087,0.80869,0.8087
1782970020000,0.80872,0.80873,0.80862,0.80864
1782970080000,0.80865,0.80867,0.80861,0.80867
1782970140000,0.80867,0.80869,0.80865,0.80865
1782970200000,0.80867,0.80872,0.80866,0.80869
1782970260000,0.80868,0.80874,0.80868,0.80872
1782970320000,0.80872,0.80875,0.8087,0.80875
1782970380000,0.80876,0.80889,0.80876,0.80881
1782970440000,0.80881,0.80881,0.80875,0.80879
1782970500000,0.8088,0.8088,0.80875,0.80877
1782970560000,0.80877,0.8088,0.80876,0.80878
1782970620000,0.80877,0.8088,0.80871,0.80874
1782970680000,0.80874,0.80876,0.80872,0.80876
1782970740000,0.80875,0.8088,0.80875,0.8088
1782970800000,0.8088,0.8088,0.80868,0.80869
1782970860000,0.80869,0.80872,0.80864,0.80864
1782970920000,0.80863,0.80867,0.80862,0.80867
1782970980000,0.80869,0.8087,0.80869,0.80869
1782971040000,0.80869,0.80873,0.80869,0.80872
1782971100000,0.80872,0.80874,0.80867,0.80867
1782971160000,0.80867,0.80869,0.80862,0.80862
1782971220000,0.80862,0.80865,0.8086,0.80863
1782971280000,0.80864,0.80866,0.80863,0.80865
1782971340000,0.80866,0.80876,0.80866,0.80876
1782971400000,0.80876,0.80876,0.80863,0.80868
1782971460000,0.8087,0.80873,0.8087,0.80872
1782971520000,0.80874,0.80877,0.80871,0.80873
1782971580000,0.80873,0.80877,0.80873,0.80877
1782971640000,0.80877,0.8088,0.80873,0.8088
1782971700000,0.80886,0.80886,0.80874,0.80875
1782971760000,0.80877,0.80878,0.80873,0.80875
1782971820000,0.80874,0.80875,0.80866,0.80868
1782971880000,0.80869,0.80869,0.80865,0.80868
1782971940000,0.80868,0.80869,0.80866,0.80868
1782972000000,0.80866,0.80866,0.80839,0.80842
1782972060000,0.80842,0.80849,0.80837,0.80839
1782972120000,0.80839,0.80844,0.80831,0.80836
1782972180000,0.80836,0.80841,0.80824,0.80826
1782972240000,0.80826,0.80837,0.80826,0.80828
1782972300000,0.80827,0.80832,0.80825,0.80831
1782972360000,0.80831,0.80835,0.8083,0.8083
1782972420000,0.80831,0.80834,0.80821,0.80823
1782972480000,0.80824,0.80824,0.80801,0.8081
1782972540000,0.8081,0.80833,0.80807,0.80833
1782972600000,0.80832,0.80832,0.8082,0.80824
1782972660000,0.80822,0.8083,0.80822,0.80826
1782972720000,0.80825,0.8083,0.80822,0.80826
1782972780000,0.80826,0.80827,0.80815,0.80816
1782972840000,0.80815,0.80837,0.80813,0.80837
1782972900000,0.80837,0.80842,0.80835,0.80842
1782972960000,0.80842,0.80847,0.80839,0.80844
1782973020000,0.80843,0.80844,0.80839,0.80842
1782973080000,0.80842,0.80843,0.80835,0.80843
1782973140000,0.80844,0.8085,0.80841,0.80841
1782973200000,0.80841,0.80841,0.80835,0.8084
1782973260000,0.8084,0.8085,0.80839,0.80848
1782973320000,0.80847,0.80847,0.80829,0.80831
1782973380000,0.80831,0.80834,0.8083,0.80833
1782973440000,0.80831,0.8084,0.80831,0.80839
1782973500000,0.80842,0.80847,0.80835,0.80836
1782973560000,0.80836,0.80842,0.80834,0.80841
1782973620000,0.8084,0.8084,0.80837,0.8084
1782973680000,0.80841,0.80852,0.80841,0.80851
1782973740000,0.8085,0.80856,0.80848,0.8085
1782973800000,0.80849,0.80861,0.80846,0.80846
1782973860000,0.80848,0.80862,0.80843,0.80862
1782973920000,0.80862,0.80862,0.80852,0.80855
1782973980000,0.80856,0.80856,0.80848,0.80851
1782974040000,0.80851,0.80852,0.80848,0.80849
1782974100000,0.80848,0.80859,0.80847,0.80858
1782974160000,0.80857,0.80859,0.8085,0.8085
1782974220000,0.80849,0.80851,0.80845,0.80848
1782974280000,0.80849,0.80856,0.80849,0.8085
1782974340000,0.80851,0.80852,0.8085,0.80852
1782974400000,0.80853,0.80858,0.80849,0.80851
1782974460000,0.80851,0.80854,0.80847,0.80854
1782974520000,0.80854,0.80856,0.80851,0.80855
1782974580000,0.80855,0.80858,0.80852,0.80854
1782974640000,0.80853,0.80853,0.80845,0.80846
1782974700000,0.80845,0.80847,0.80837,0.80847
1782974760000,0.80847,0.80847,0.80826,0.80831
1782974820000,0.80833,0.80835,0.8082,0.80828
1782974880000,0.80829,0.80829,0.80807,0.8081
1782974940000,0.8081,0.80811,0.80774,0.80782
1782975000000,0.8078,0.80783,0.80738,0.80773
1782975060000,0.80771,0.80784,0.80763,0.80778
1782975120000,0.80778,0.8079,0.80771,0.80782
1782975180000,0.80784,0.80798,0.80781,0.80795
1782975240000,0.80794,0.80796,0.80786,0.80796
1782975300000,0.80796,0.80799,0.80775,0.80781
1782975360000,0.80782,0.80787,0.80773,0.80781
1782975420000,0.80781,0.80795,0.80772,0.80792
1782975480000,0.80793,0.80799,0.8079,0.80791
1782975540000,0.8079,0.80798,0.80788,0.80798
1782975600000,0.80804,0.80823,0.808,0.80819
1782975660000,0.80821,0.80821,0.80804,0.80812
1782975720000,0.80815,0.80823,0.80806,0.8081
1782975780000,0.80812,0.80818,0.80804,0.80806
1782975840000,0.80808,0.80809,0.80801,0.80804
1782975900000,0.80804,0.80822,0.80801,0.80822
1782975960000,0.80821,0.80827,0.80816,0.80822
1782976020000,0.80819,0.80826,0.80812,0.80815
1782976080000,0.80816,0.80817,0.80806,0.80808
1782976140000,0.80809,0.8081,0.80786,0.80788
1782976200000,0.80789,0.8081,0.80787,0.80804
1782976260000,0.80803,0.80804,0.80779,0.80785
1782976320000,0.80785,0.80794,0.80782,0.80792
1782976380000,0.80794,0.80806,0.8079,0.80804
1782976440000,0.80806,0.80806,0.80792,0.80797
1782976500000,0.80798,0.80798,0.80786,0.80796
1782976560000,0.80796,0.80806,0.80793,0.80793
1782976620000,0.80794,0.80798,0.80788,0.80795
1782976680000,0.80796,0.80803,0.80796,0.80799
1782976740000,0.80799,0.80808,0.80793,0.80793
1782976800000,0.80794,0.80801,0.80794,0.80796
1782976860000,0.80797,0.80798,0.80789,0.80793
1782976920000,0.80793,0.80794,0.80775,0.8078
1782976980000,0.8078,0.80788,0.8077,0.80775
1782977040000,0.80774,0.80782,0.80772,0.80777
1782977100000,0.80777,0.80791,0.80777,0.80784
1782977160000,0.80785,0.80787,0.80772,0.80776
1782977220000,0.80776,0.80777,0.80753,0.80772
1782977280000,0.80773,0.80779,0.80765,0.80766
1782977340000,0.80766,0.80769,0.80749,0.80753
1782977400000,0.80752,0.80773,0.80748,0.80769
1782977460000,0.80769,0.80779,0.80766,0.80777
1782977520000,0.80777,0.80784,0.80776,0.80777
1782977580000,0.80776,0.8078,0.80771,0.80776
1782977640000,0.80776,0.80779,0.80769,0.80776
1782977700000,0.80775,0.80785,0.80766,0.80785
1782977760000,0.80785,0.80788,0.80777,0.80778
1782977820000,0.80776,0.80776,0.80758,0.80758
1782977880000,0.80759,0.80766,0.80748,0.8075
1782977940000,0.80749,0.8075,0.80733,0.80734
1782978000000,0.80735,0.80738,0.8072,0.80723
1782978060000,0.80723,0.80726,0.80715,0.80719
1782978120000,0.80716,0.80718,0.80702,0.80709
1782978180000,0.80707,0.80716,0.80701,0.80714
1782978240000,0.80715,0.80717,0.80707,0.80709
1782978300000,0.80708,0.80733,0.80707,0.80727
1782978360000,0.80728,0.80742,0.80728,0.8074
1782978420000,0.8074,0.80741,0.80729,0.80736
1782978480000,0.80736,0.80736,0.8072,0.80724
1782978540000,0.80726,0.80727,0.80717,0.80717
1782978600000,0.80715,0.80719,0.80706,0.80717
1782978660000,0.80719,0.80725,0.80709,0.80709
1782978720000,0.80709,0.80709,0.80679,0.80687
1782978780000,0.80688,0.80699,0.80684,0.80691
1782978840000,0.8069,0.80694,0.80675,0.80676
1782978900000,0.80676,0.80688,0.80674,0.80684
1782978960000,0.80681,0.80687,0.80675,0.80675
1782979020000,0.80675,0.80676,0.80658,0.80666
1782979080000,0.80666,0.8067,0.80656,0.80668
1782979140000,0.80667,0.8067,0.80662,0.80666
1782979200000,0.80667,0.8067,0.80645,0.80649
1782979260000,0.80648,0.80649,0.80627,0.80628
1782979320000,0.8063,0.80646,0.80628,0.80631
1782979380000,0.80632,0.80632,0.80581,0.80587
1782979440000,0.80588,0.80592,0.80576,0.80585
1782979500000,0.80584,0.80584,0.80549,0.80549
1782979560000,0.80549,0.80557,0.80536,0.80546
1782979620000,0.80546,0.80559,0.80537,0.80548
1782979680000,0.80548,0.80556,0.80529,0.80553
1782979740000,0.80554,0.80563,0.80532,0.8054
1782979800000,0.80539,0.80543,0.8053,0.80533
1782979860000,0.80533,0.80538,0.80519,0.80522
1782979920000,0.8052,0.80529,0.80513,0.80528
1782979980000,0.80528,0.80528,0.8051,0.80523
1782980040000,0.80522,0.80526,0.8051,0.8051
1782980100000,0.80512,0.80522,0.80504,0.80505
1782980160000,0.80506,0.8052,0.80505,0.80506
1782980220000,0.80508,0.80522,0.80507,0.80512
1782980280000,0.80513,0.80519,0.80503,0.80506
1782980340000,0.80508,0.8051,0.80496,0.80496
1782980400000,0.80495,0.80495,0.80465,0.80477
1782980460000,0.80478,0.80478,0.8045,0.8045
1782980520000,0.80449,0.80458,0.80445,0.80449
1782980580000,0.80448,0.80498,0.80448,0.80495
1782980640000,0.80495,0.80515,0.80488,0.80511
1782980700000,0.80512,0.80521,0.80504,0.80516
1782980760000,0.80515,0.80524,0.80507,0.80522
1782980820000,0.80523,0.80527,0.8049,0.80497
1782980880000,0.80496,0.80519,0.80494,0.80515
1782980940000,0.80517,0.80522,0.80505,0.80505
1782981000000,0.80507,0.80517,0.80495,0.80499
1782981060000,0.80498,0.80504,0.80489,0.80501
1782981120000,0.80502,0.80514,0.80491,0.80505
1782981180000,0.80507,0.80525,0.80483,0.80525
1782981240000,0.80523,0.80532,0.80495,0.80495
1782981300000,0.80495,0.80501,0.80486,0.80486
1782981360000,0.80486,0.80494,0.80466,0.8048
1782981420000,0.80482,0.80511,0.80482,0.80495
1782981480000,0.80495,0.80505,0.80489,0.80497
1782981540000,0.80497,0.805,0.8048,0.80481
1782981600000,0.80482,0.80503,0.80476,0.80497
1782981660000,0.80498,0.80502,0.80487,0.80499
1782981720000,0.80497,0.80497,0.80484,0.8049
1782981780000,0.80491,0.80498,0.80483,0.80495
1782981840000,0.80496,0.80507,0.8049,0.80507
1782981900000,0.80508,0.80517,0.80497,0.80506
1782981960000,0.80505,0.8051,0.80494,0.80494
1782982020000,0.80492,0.80495,0.80472,0.80473
1782982080000,0.80474,0.80478,0.8045,0.80459
1782982140000,0.80459,0.8046,0.80446,0.80455
1782982200000,0.80457,0.80467,0.80452,0.80465
1782982260000,0.80466,0.80477,0.80464,0.80472
1782982320000,0.80474,0.80486,0.80468,0.80477
1782982380000,0.80477,0.80481,0.80452,0.80455
1782982440000,0.80456,0.80475,0.80456,0.80475
1782982500000,0.80476,0.80484,0.80471,0.80475
1782982560000,0.80474,0.80475,0.80466,0.80472
1782982620000,0.80473,0.80473,0.80447,0.80455
1782982680000,0.80454,0.80457,0.80437,0.80437
1782982740000,0.80436,0.80437,0.80409,0.80417
1782982800000,0.80418,0.80427,0.80411,0.80418
1782982860000,0.80417,0.8042,0.80405,0.80409
1782982920000,0.80409,0.80435,0.80395,0.80418
1782982980000,0.80418,0.80435,0.80415,0.80435
1782983040000,0.80436,0.8046,0.80436,0.8046
1782983100000,0.8046,0.8046,0.80448,0.8045
1782983160000,0.8045,0.80467,0.8044,0.80442
1782983220000,0.80442,0.80463,0.80439,0.80458
1782983280000,0.80458,0.80487,0.80453,0.80487
1782983340000,0.80487,0.80502,0.80486,0.80494
1782983400000,0.80494,0.80495,0.80487,0.80489
1782983460000,0.80488,0.80502,0.8048,0.805
1782983520000,0.805,0.80518,0.80497,0.80514
1782983580000,0.80514,0.80514,0.80498,0.80505
1782983640000,0.80507,0.80516,0.80507,0.80508
1782983700000,0.80508,0.80513,0.80505,0.80505
1782983760000,0.80507,0.80515,0.80497,0.805
1782983820000,0.805,0.805,0.80479,0.80491
1782983880000,0.80491,0.80498,0.8049,0.80493
1782983940000,0.80493,0.80501,0.80492,0.805
1782984000000,0.805,0.80508,0.80494,0.80508
1782984060000,0.80508,0.80509,0.80489,0.8049
1782984120000,0.8049,0.80506,0.8049,0.80503
1782984180000,0.80503,0.80512,0.80503,0.80505
1782984240000,0.80503,0.80504,0.8049,0.805
1782984300000,0.80502,0.80526,0.80501,0.80518
1782984360000,0.80518,0.80522,0.80514,0.80516
1782984420000,0.80517,0.80531,0.80516,0.80531
1782984480000,0.80531,0.80533,0.80523,0.80533
1782984540000,0.80533,0.80533,0.80522,0.80527
1782984600000,0.80527,0.80528,0.80518,0.80527
1782984660000,0.80528,0.80533,0.80528,0.80533
1782984720000,0.80533,0.80546,0.80533,0.80536
1782984780000,0.80536,0.8054,0.80526,0.80527
1782984840000,0.80527,0.80533,0.80513,0.80513
1782984900000,0.80514,0.80514,0.80501,0.80506
1782984960000,0.80506,0.80513,0.80499,0.80504
1782985020000,0.80503,0.80512,0.80503,0.80505
1782985080000,0.80505,0.80505,0.80489,0.8049
1782985140000,0.8049,0.80507,0.80489,0.80507
1782985200000,0.80507,0.80512,0.80503,0.80505
1782985260000,0.80503,0.80509,0.8049,0.80491
1782985320000,0.8049,0.80498,0.80485,0.80491
1782985380000,0.80492,0.80507,0.80485,0.80506
1782985440000,0.80507,0.80507,0.80489,0.80492
1782985500000,0.80491,0.80515,0.8049,0.80512
1782985560000,0.80517,0.80519,0.80508,0.8051
1782985620000,0.8051,0.8051,0.80489,0.80489
1782985680000,0.80489,0.80491,0.8047,0.80483
1782985740000,0.80484,0.80489,0.80482,0.80483
1782985800000,0.8048,0.80485,0.80478,0.80481
1782985860000,0.80479,0.80485,0.80472,0.80485
1782985920000,0.80483,0.80486,0.80481,0.80485
1782985980000,0.80487,0.80494,0.80485,0.80491
1782986040000,0.8049,0.80506,0.80488,0.80505
1782986100000,0.80507,0.80511,0.80502,0.80503
1782986160000,0.80502,0.80502,0.80491,0.80491
1782986220000,0.80493,0.80505,0.80484,0.80505
1782986280000,0.80507,0.8051,0.80498,0.80506
1782986340000,0.80505,0.80522,0.80505,0.8052
1782986400000,0.80521,0.80526,0.80513,0.80517
1782986460000,0.80517,0.80528,0.80517,0.80528
1782986520000,0.80528,0.80537,0.80517,0.80519
1782986580000,0.80519,0.80522,0.80514,0.80516
1782986640000,0.80517,0.80532,0.80514,0.80527
1782986700000,0.80527,0.80536,0.80524,0.80525
1782986760000,0.80524,0.80529,0.80523,0.80526
1782986820000,0.80526,0.8053,0.80523,0.80528
1782986880000,0.80528,0.80535,0.80521,0.80525
1782986940000,0.80524,0.8053,0.80522,0.80525
1782987000000,0.80523,0.80523,0.80518,0.80521
1782987060000,0.80519,0.8052,0.80512,0.80515
1782987120000,0.80515,0.80521,0.80511,0.80518
1782987180000,0.80518,0.80519,0.80512,0.80514
1782987240000,0.80515,0.80528,0.80514,0.80527
1782987300000,0.80526,0.80537,0.80518,0.80535
1782987360000,0.80534,0.8054,0.80533,0.8054
1782987420000,0.80539,0.80551,0.80539,0.80548
1782987480000,0.80548,0.80558,0.80545,0.80556
1782987540000,0.80555,0.8056,0.80546,0.80549
1782987600000,0.80549,0.80568,0.80547,0.80566
1782987660000,0.80565,0.8057,0.80564,0.80568
1782987720000,0.80567,0.80581,0.80567,0.80577
1782987780000,0.80577,0.80589,0.80568,0.80589
1782987840000,0.80588,0.80589,0.80582,0.80588
1782987900000,0.80586,0.80591,0.80582,0.80582
1782987960000,0.80577,0.8059,0.80577,0.8059
1782988020000,0.8059,0.80596,0.80581,0.80586
1782988080000,0.80585,0.80591,0.80577,0.8058
1782988140000,0.8058,0.80586,0.80568,0.80571
1782988200000,0.80571,0.80586,0.80571,0.8058
1782988260000,0.80581,0.80593,0.80581,0.80593
1782988320000,0.80594,0.80595,0.80588,0.80592
1782988380000,0.80591,0.80601,0.80589,0.80599
1782988440000,0.80599,0.80606,0.80594,0.80594
1782988500000,0.80595,0.80596,0.80585,0.80585
1782988560000,0.80586,0.80596,0.80585,0.80595
1782988620000,0.80595,0.80597,0.80593,0.80595
1782988680000,0.80596,0.80609,0.80596,0.80606
1782988740000,0.80605,0.80605,0.80595,0.80597
1782988800000,0.80596,0.80597,0.80593,0.80594
1782988860000,0.80594,0.80596,0.80588,0.80593
1782988920000,0.80593,0.80596,0.80589,0.80593
1782988980000,0.80594,0.80611,0.80594,0.8061
1782989040000,0.80609,0.80609,0.80596,0.80597
1782989100000,0.80598,0.80598,0.80579,0.80586
1782989160000,0.80586,0.80588,0.8058,0.80581
1782989220000,0.80582,0.80586,0.8058,0.8058
1782989280000,0.8058,0.80604,0.8058,0.80597
1782989340000,0.80596,0.80602,0.80596,0.80601
1782989400000,0.80601,0.80603,0.80595,0.806
1782989460000,0.80601,0.80602,0.80586,0.80586
1782989520000,0.80586,0.80592,0.80586,0.80592
1782989580000,0.80594,0.80597,0.80592,0.80592
1782989640000,0.80593,0.80593,0.80577,0.80578
1782989700000,0.80579,0.80587,0.80575,0.80586
1782989760000,0.80585,0.80591,0.80585,0.8059
1782989820000,0.80588,0.80591,0.80575,0.80575
1782989880000,0.80574,0.80575,0.80568,0.80569
1782989940000,0.80568,0.8057,0.80555,0.80561
1782990000000,0.80561,0.80574,0.8056,0.8057
1782990060000,0.80571,0.80583,0.80568,0.80583
1782990120000,0.80583,0.80584,0.80574,0.80577
1782990180000,0.8058,0.80584,0.80578,0.80584
1782990240000,0.80585,0.8059,0.80583,0.80588
1782990300000,0.8059,0.80599,0.80588,0.80599
1782990360000,0.80601,0.80603,0.80591,0.80598
1782990420000,0.80597,0.80608,0.80596,0.80608
1782990480000,0.80609,0.80615,0.80608,0.80611
1782990540000,0.80609,0.80609,0.80599,0.806
1782990600000,0.80601,0.80601,0.80582,0.80591
1782990660000,0.80592,0.80595,0.80586,0.80588
1782990720000,0.80589,0.80589,0.8058,0.80582
1782990780000,0.80582,0.80598,0.80582,0.80598
1782990840000,0.80598,0.80606,0.80597,0.80603
1782990900000,0.80602,0.80603,0.80594,0.80596
1782990960000,0.80598,0.80608,0.80598,0.80605
1782991020000,0.80605,0.80609,0.80604,0.80607
1782991080000,0.80607,0.80607,0.80587,0.80592
1782991140000,0.80592,0.80592,0.80573,0.80576
1782991200000,0.80575,0.80585,0.80575,0.80582
1782991260000,0.80581,0.80584,0.80572,0.80573
1782991320000,0.80576,0.8058,0.80574,0.80575
1782991380000,0.80575,0.80576,0.80568,0.80574
1782991440000,0.80574,0.80577,0.80572,0.80573
1782991500000,0.80574,0.80574,0.80564,0.80569
1782991560000,0.8057,0.80577,0.80565,0.80571
1782991620000,0.80571,0.80571,0.80565,0.80566
1782991680000,0.80565,0.80579,0.80565,0.80576
1782991740000,0.80576,0.80576,0.80566,0.80575
1782991800000,0.80576,0.80576,0.80565,0.80566
1782991860000,0.80565,0.80574,0.80565,0.80574
1782991920000,0.80575,0.80587,0.80575,0.80577
1782991980000,0.80577,0.80577,0.80564,0.80571
1782992040000,0.8057,0.80598,0.8057,0.80594
1782992100000,0.80595,0.80597,0.8059,0.80591
1782992160000,0.80593,0.80601,0.80589,0.8059
1782992220000,0.8059,0.80595,0.8059,0.80593
1782992280000,0.80593,0.80603,0.80591,0.80602
1782992340000,0.80603,0.80603,0.80592,0.80601
1782992400000,0.80601,0.80607,0.80597,0.80607
1782992460000,0.80607,0.80609,0.80604,0.80606
1782992520000,0.80606,0.80626,0.80606,0.80626
1782992580000,0.80626,0.80628,0.80622,0.80626
1782992640000,0.80627,0.80638,0.80627,0.80636
1782992700000,0.80636,0.8064,0.8063,0.80639
1782992760000,0.80639,0.80644,0.80639,0.80643
1782992820000,0.80642,0.80644,0.80642,0.80644
1782992880000,0.80645,0.80648,0.80639,0.80644
1782992940000,0.80645,0.80648,0.80641,0.80641
1782993000000,0.80642,0.80657,0.80639,0.80655
1782993060000,0.80657,0.80667,0.80656,0.80658
1782993120000,0.80657,0.80669,0.80657,0.80665
1782993180000,0.80666,0.80672,0.80665,0.80671
1782993240000,0.80671,0.80671,0.80654,0.80663
1782993300000,0.80663,0.80664,0.80655,0.8066
1782993360000,0.80659,0.80665,0.80657,0.80665
1782993420000,0.80665,0.80675,0.80664,0.80672
1782993480000,0.80672,0.80673,0.80645,0.80645
1782993540000,0.80645,0.80649,0.80645,0.80648
1782993600000,0.80649,0.80657,0.80648,0.80651
1782993660000,0.80652,0.8066,0.8065,0.80658
1782993720000,0.80659,0.80674,0.80654,0.80672
1782993780000,0.80673,0.80693,0.80671,0.80684
1782993840000,0.80683,0.80686,0.80669,0.8067
1782993900000,0.80669,0.8067,0.80657,0.80669
1782993960000,0.80669,0.80671,0.80661,0.80664
1782994020000,0.80664,0.80689,0.80662,0.80685
1782994080000,0.80684,0.80699,0.80683,0.80695
1782994140000,0.80696,0.80706,0.80696,0.80706
1782994200000,0.80706,0.80709,0.80699,0.80701
1782994260000,0.80702,0.80709,0.80696,0.80699
1782994320000,0.807,0.80703,0.80685,0.80687
1782994380000,0.80686,0.80703,0.80686,0.80703
1782994440000,0.80703,0.80704,0.80695,0.80698
1782994500000,0.80697,0.80712,0.80695,0.80698
1782994560000,0.80698,0.80716,0.80698,0.80711
1782994620000,0.8071,0.8073,0.8071,0.8072
1782994680000,0.80719,0.80722,0.80717,0.80719
1782994740000,0.80719,0.80728,0.80718,0.80726
1782994800000,0.80727,0.80732,0.80717,0.80722
1782994860000,0.80722,0.80734,0.80722,0.80734
1782994920000,0.80734,0.80738,0.80723,0.80723
1782994980000,0.80721,0.80731,0.80717,0.80718
1782995040000,0.80719,0.80729,0.80718,0.80719
1782995100000,0.80719,0.80719,0.80694,0.80709
1782995160000,0.8071,0.8071,0.80705,0.80707
1782995220000,0.80708,0.80709,0.80704,0.80704
1782995280000,0.80703,0.80706,0.80699,0.807
1782995340000,0.807,0.80704,0.80688,0.80698
1782995400000,0.80701,0.80718,0.80355,0.80369
1782995460000,0.80368,0.80453,0.80361,0.80444
1782995520000,0.80443,0.80443,0.80357,0.80393
1782995580000,0.80391,0.80425,0.80323,0.80346
1782995640000,0.80346,0.8035,0.80271,0.80286
1782995700000,0.80288,0.80303,0.80258,0.80274
1782995760000,0.80273,0.80274,0.80216,0.80259
1782995820000,0.80262,0.80262,0.80209,0.80219
1782995880000,0.8022,0.8027,0.80207,0.80208
1782995940000,0.80206,0.8021,0.80157,0.80157
1782996000000,0.80157,0.80176,0.80099,0.80099
1782996060000,0.80099,0.8019,0.80094,0.80187
1782996120000,0.80187,0.80194,0.80131,0.80147
1782996180000,0.80146,0.80173,0.80118,0.80124
1782996240000,0.80125,0.80149,0.80102,0.80103
1782996300000,0.80103,0.80154,0.80098,0.8014
1782996360000,0.80142,0.80163,0.80133,0.80156
1782996420000,0.80156,0.80218,0.80152,0.80218
1782996480000,0.80218,0.80222,0.80164,0.80178
1782996540000,0.80177,0.8022,0.80168,0.80198
1782996600000,0.80205,0.80222,0.80189,0.80199
1782996660000,0.802,0.80255,0.80194,0.80255
1782996720000,0.80255,0.80256,0.80189,0.80213
1782996780000,0.80214,0.80253,0.80214,0.80244
1782996840000,0.80244,0.80273,0.80237,0.80263
1782996900000,0.80263,0.80286,0.80255,0.80276
1782996960000,0.80276,0.80296,0.80253,0.80292
1782997020000,0.80293,0.80307,0.80281,0.80294
1782997080000,0.80292,0.80323,0.80292,0.80323
1782997140000,0.80323,0.80323,0.80298,0.80309
1782997200000,0.8031,0.80325,0.8028,0.80324
1782997260000,0.80323,0.80353,0.80321,0.80325
1782997320000,0.80327,0.80329,0.80295,0.80307
1782997380000,0.80308,0.80315,0.80284,0.80296
1782997440000,0.80297,0.80305,0.80275,0.80275
1782997500000,0.80277,0.80321,0.80273,0.80309
1782997560000,0.80306,0.80341,0.803,0.80333
1782997620000,0.80335,0.80347,0.80322,0.80338
1782997680000,0.80338,0.80347,0.80328,0.80337
1782997740000,0.80334,0.80353,0.80328,0.80351
1782997800000,0.80349,0.80349,0.80334,0.80335
1782997860000,0.80334,0.80338,0.80268,0.80276
1782997920000,0.80275,0.80298,0.80269,0.80269
1782997980000,0.80271,0.80282,0.80254,0.80275
1782998040000,0.80275,0.80308,0.80272,0.80301
1782998100000,0.80303,0.8034,0.80302,0.8033
1782998160000,0.8033,0.80337,0.80318,0.80323
1782998220000,0.80323,0.80336,0.80319,0.80328
1782998280000,0.80329,0.8033,0.80298,0.80298
1782998340000,0.80296,0.80311,0.80288,0.80298
1782998400000,0.80299,0.80355,0.80299,0.80353
1782998460000,0.80352,0.8036,0.80319,0.80327
1782998520000,0.80327,0.80356,0.80327,0.80351
1782998580000,0.80352,0.8036,0.80339,0.80355
1782998640000,0.80356,0.8037,0.80349,0.80359
1782998700000,0.80359,0.80384,0.80359,0.80362
1782998760000,0.80363,0.80365,0.80338,0.80338
1782998820000,0.80339,0.80341,0.80314,0.80317
1782998880000,0.80319,0.80335,0.80314,0.80325
1782998940000,0.80326,0.80363,0.80324,0.80355
1782999000000,0.80356,0.8036,0.80316,0.80327
1782999060000,0.80328,0.80339,0.80317,0.80326
1782999120000,0.80326,0.80328,0.80291,0.80291
1782999180000,0.80292,0.80303,0.80263,0.80263
1782999240000,0.80261,0.80296,0.80261,0.80286
1782999300000,0.80286,0.80287,0.80264,0.80269
1782999360000,0.8027,0.80303,0.80266,0.80283
1782999420000,0.80282,0.80293,0.80278,0.80283
1782999480000,0.80285,0.80307,0.80285,0.803
1782999540000,0.803,0.80324,0.80292,0.80296
1782999600000,0.80295,0.80321,0.80292,0.80317
1782999660000,0.80317,0.80354,0.80317,0.80348
1782999720000,0.80351,0.80351,0.80323,0.80331
1782999780000,0.80332,0.80339,0.80292,0.80301
1782999840000,0.80302,0.80315,0.80302,0.80312
1782999900000,0.80313,0.80321,0.80291,0.80291
1782999960000,0.80291,0.80299,0.80286,0.80289
1783000020000,0.8029,0.80303,0.80272,0.80279
1783000080000,0.80279,0.80279,0.80258,0.8026
1783000140000,0.80261,0.80282,0.80256,0.80281
1783000200000,0.8028,0.8028,0.80256,0.8026
1783000260000,0.80259,0.80267,0.80252,0.80256
1783000320000,0.80255,0.80266,0.80244,0.80264
1783000380000,0.80262,0.80293,0.80246,0.80288
1783000440000,0.80289,0.80297,0.80278,0.80291
1783000500000,0.80288,0.80291,0.80276,0.8028
1783000560000,0.80279,0.80279,0.80246,0.80254
1783000620000,0.80254,0.80272,0.80243,0.80272
1783000680000,0.80271,0.80281,0.80267,0.80274
1783000740000,0.80274,0.80275,0.8024,0.80244
1783000800000,0.80243,0.80283,0.80243,0.80266
1783000860000,0.80263,0.8027,0.80251,0.80269
1783000920000,0.80268,0.80308,0.80262,0.80275
1783000980000,0.80273,0.80298,0.80267,0.80295
1783001040000,0.80297,0.80297,0.80281,0.80283
1783001100000,0.80283,0.8029,0.80256,0.80256
1783001160000,0.80257,0.8026,0.80226,0.80233
1783001220000,0.80235,0.80269,0.80234,0.80258
1783001280000,0.80256,0.80256,0.80214,0.80218
1783001340000,0.80221,0.80234,0.80215,0.80234
1783001400000,0.80234,0.80268,0.80219,0.80252
1783001460000,0.80252,0.80252,0.80235,0.80237
1783001520000,0.80238,0.80242,0.80218,0.80222
1783001580000,0.80221,0.80228,0.80202,0.80202
1783001640000,0.80201,0.80229,0.80201,0.80216
1783001700000,0.80217,0.80231,0.80197,0.80229
1783001760000,0.80228,0.80228,0.80209,0.80211
1783001820000,0.80214,0.80226,0.80195,0.80197
1783001880000,0.80193,0.80202,0.80176,0.80179
1783001940000,0.80179,0.80207,0.80179,0.802
1783002000000,0.80201,0.80243,0.80197,0.80239
1783002060000,0.80238,0.80242,0.80216,0.80216
1783002120000,0.80217,0.80235,0.80211,0.80211
1783002180000,0.80211,0.80232,0.80207,0.80226
1783002240000,0.80225,0.80227,0.80206,0.80224
1783002300000,0.80223,0.80241,0.80218,0.80238
1783002360000,0.80239,0.80253,0.80232,0.80252
1783002420000,0.80251,0.80275,0.80251,0.80272
1783002480000,0.80272,0.80273,0.80253,0.80254
1783002540000,0.80255,0.80278,0.80255,0.80272
1783002600000,0.80271,0.80279,0.80262,0.80266
1783002660000,0.80267,0.80267,0.80243,0.80248
1783002720000,0.80249,0.80266,0.80249,0.80264
1783002780000,0.80266,0.80281,0.80263,0.80274
1783002840000,0.80273,0.80282,0.80261,0.80278
1783002900000,0.80278,0.80305,0.80278,0.803
1783002960000,0.80299,0.80314,0.80269,0.80272
1783003020000,0.80272,0.80277,0.8025,0.80257
1783003080000,0.80257,0.80276,0.80257,0.80275
1783003140000,0.80275,0.80285,0.80265,0.80283
1783003200000,0.80281,0.80302,0.80275,0.80291
1783003260000,0.80291,0.8031,0.8028,0.80304
1783003320000,0.80303,0.80311,0.803,0.8031
1783003380000,0.8031,0.80318,0.80306,0.80314
1783003440000,0.80316,0.80322,0.80298,0.80298
1783003500000,0.80298,0.80306,0.80294,0.80305
1783003560000,0.80305,0.8031,0.80299,0.803
1783003620000,0.80298,0.80314,0.80294,0.80311
1783003680000,0.80312,0.80313,0.80286,0.80288
1783003740000,0.80286,0.80291,0.80261,0.80268
1783003800000,0.80266,0.80268,0.80252,0.80255
1783003860000,0.80256,0.80256,0.80242,0.80245
1783003920000,0.80246,0.80259,0.80246,0.80253
1783003980000,0.80253,0.80271,0.80246,0.80256
1783004040000,0.80259,0.80269,0.80257,0.80265
1783004100000,0.80266,0.80266,0.80233,0.80236
1783004160000,0.80235,0.80246,0.8023,0.80243
1783004220000,0.80243,0.80262,0.80238,0.80238
1783004280000,0.80238,0.8024,0.80223,0.80224
1783004340000,0.80226,0.80238,0.80225,0.80231
1783004400000,0.8023,0.80265,0.80228,0.80253
1783004460000,0.80253,0.80256,0.80243,0.80248
1783004520000,0.80248,0.80253,0.80207,0.80209
1783004580000,0.8021,0.80224,0.80204,0.80218
1783004640000,0.80218,0.80232,0.80213,0.8022
1783004700000,0.80219,0.80235,0.80218,0.80222
1783004760000,0.80226,0.80231,0.80197,0.80207
1783004820000,0.80207,0.80229,0.80207,0.80219
1783004880000,0.80218,0.80221,0.80208,0.80221
1783004940000,0.80221,0.80226,0.802,0.80201
1783005000000,0.802,0.80213,0.80199,0.80206
1783005060000,0.80209,0.80213,0.80197,0.80201
1783005120000,0.80202,0.80206,0.80195,0.802
1783005180000,0.80199,0.80202,0.80193,0.80201
1783005240000,0.80201,0.80217,0.80199,0.80217
1783005300000,0.80216,0.80235,0.80214,0.8023
1783005360000,0.8023,0.80246,0.80226,0.80241
1783005420000,0.80241,0.80241,0.80231,0.80231
1783005480000,0.8023,0.80237,0.80222,0.80227
1783005540000,0.80228,0.80236,0.80221,0.80233
1783005600000,0.80231,0.80234,0.80225,0.80229
1783005660000,0.80229,0.80233,0.80212,0.80217
1783005720000,0.80218,0.80234,0.80208,0.80209
1783005780000,0.80212,0.80215,0.80194,0.80211
1783005840000,0.80212,0.80221,0.80209,0.80215
1783005900000,0.80212,0.80218,0.80208,0.80214
1783005960000,0.80214,0.80214,0.80201,0.80207
1783006020000,0.80205,0.8022,0.802,0.80218
1783006080000,0.80218,0.80242,0.80217,0.80226
1783006140000,0.80224,0.80242,0.80223,0.80241
1783006200000,0.80241,0.80241,0.80215,0.80216
1783006260000,0.80216,0.80217,0.80176,0.80179
1783006320000,0.80179,0.80189,0.80174,0.80174
1783006380000,0.80173,0.80175,0.80162,0.80174
1783006440000,0.80173,0.80187,0.80171,0.80179
1783006500000,0.80178,0.8018,0.80162,0.80168
1783006560000,0.80168,0.80168,0.80161,0.80162
1783006620000,0.80162,0.80173,0.80155,0.80167
1783006680000,0.80167,0.80179,0.8016,0.80172
1783006740000,0.80172,0.80183,0.80169,0.80182
1783006800000,0.80182,0.802,0.80181,0.802
1783006860000,0.80197,0.80203,0.80179,0.80179
1783006920000,0.8018,0.80192,0.80178,0.80185
1783006980000,0.80184,0.80188,0.80179,0.80184
1783007040000,0.80183,0.80195,0.80179,0.80192
1783007100000,0.80195,0.802,0.80191,0.80193
1783007160000,0.80194,0.80212,0.80194,0.80204
1783007220000,0.80204,0.80216,0.80204,0.80205
1783007280000,0.80205,0.80215,0.80204,0.80207
1783007340000,0.80206,0.80227,0.80206,0.80226
1783007400000,0.80224,0.80239,0.80224,0.80232
1783007460000,0.80234,0.80243,0.80232,0.80239
1783007520000,0.80241,0.80243,0.80237,0.80239
1783007580000,0.80239,0.80242,0.80234,0.80235
1783007640000,0.80233,0.80233,0.80224,0.80224
1783007700000,0.80224,0.80224,0.80212,0.80215
1783007760000,0.80216,0.80221,0.80215,0.80218
1783007820000,0.80218,0.8022,0.80211,0.80215
1783007880000,0.80214,0.80223,0.80212,0.80213
1783007940000,0.80214,0.80223,0.80212,0.80218
1783008000000,0.80218,0.80231,0.80211,0.80224
1783008060000,0.80222,0.8023,0.80217,0.80226
1783008120000,0.80226,0.80247,0.80226,0.80245
1783008180000,0.80247,0.80248,0.8022,0.80228
1783008240000,0.80227,0.80229,0.80217,0.80217
1783008300000,0.80216,0.80238,0.80216,0.80238
1783008360000,0.80239,0.80245,0.80234,0.80234
1783008420000,0.80235,0.80238,0.80224,0.80235
1783008480000,0.80235,0.80237,0.80218,0.80224
1783008540000,0.80224,0.8023,0.80218,0.80222
1783008600000,0.80221,0.80226,0.80207,0.80208
1783008660000,0.80209,0.8022,0.80205,0.80219
1783008720000,0.80218,0.80232,0.8021,0.80228
1783008780000,0.80228,0.80228,0.80207,0.80211
1783008840000,0.80211,0.80215,0.80201,0.80207
1783008900000,0.80207,0.80233,0.80206,0.8023
1783008960000,0.80229,0.80234,0.80226,0.80234
1783009020000,0.80235,0.80248,0.80235,0.80246
1783009080000,0.80245,0.80257,0.80242,0.80248
1783009140000,0.80249,0.80252,0.80246,0.80251
1783009200000,0.8025,0.80256,0.80249,0.80254
1783009260000,0.80255,0.80259,0.8025,0.80258
1783009320000,0.80257,0.80264,0.80254,0.80258
1783009380000,0.80259,0.80269,0.80254,0.80269
1783009440000,0.80269,0.80269,0.80255,0.80258
1783009500000,0.80257,0.80263,0.80244,0.80244
1783009560000,0.80245,0.80258,0.80245,0.80257
1783009620000,0.80257,0.80277,0.80257,0.80277
1783009680000,0.80277,0.80277,0.80257,0.8026
1783009740000,0.80261,0.80275,0.80258,0.80275
1783009800000,0.80276,0.80287,0.80275,0.80285
1783009860000,0.80286,0.80286,0.80276,0.80283
1783009920000,0.80283,0.80283,0.80272,0.80278
1783009980000,0.80278,0.8028,0.80271,0.80275
1783010040000,0.80274,0.80278,0.80273,0.80278
1783010100000,0.8028,0.80286,0.80279,0.80284
1783010160000,0.80283,0.80283,0.80276,0.80277
1783010220000,0.80277,0.80285,0.80272,0.80281
1783010280000,0.80281,0.80284,0.80274,0.80274
1783010340000,0.80273,0.80277,0.80267,0.80275
1783010400000,0.80274,0.80284,0.80273,0.80274
1783010460000,0.80276,0.8028,0.80271,0.80274
1783010520000,0.80274,0.80277,0.80271,0.80273
1783010580000,0.80273,0.80277,0.80268,0.80277
1783010640000,0.80275,0.80275,0.80267,0.80271
1783010700000,0.80271,0.80271,0.80266,0.80268
1783010760000,0.80266,0.80267,0.80258,0.80262
1783010820000,0.8026,0.80263,0.80257,0.80258
1783010880000,0.80257,0.80267,0.80257,0.80262
1783010940000,0.80262,0.80263,0.80254,0.80263
1783011000000,0.80264,0.80278,0.80263,0.80275
1783011060000,0.80277,0.80277,0.80268,0.80271
1783011120000,0.80271,0.80271,0.8026,0.80267
1783011180000,0.80266,0.80278,0.80266,0.80278
1783011240000,0.80277,0.80281,0.80276,0.80279
1783011300000,0.80279,0.80282,0.80272,0.80275
1783011360000,0.80276,0.80278,0.80268,0.80274
1783011420000,0.80274,0.80274,0.80261,0.80267
1783011480000,0.80268,0.80282,0.80268,0.8028
1783011540000,0.80281,0.80294,0.80281,0.80289
1783011600000,0.80291,0.80312,0.80291,0.80305
1783011660000,0.80306,0.80312,0.80301,0.8031
1783011720000,0.80311,0.80313,0.80301,0.80313
1783011780000,0.80312,0.80316,0.80309,0.80312
1783011840000,0.8031,0.80317,0.8031,0.80315
1783011900000,0.80314,0.80321,0.80312,0.80312
1783011960000,0.80315,0.80315,0.80306,0.80308
1783012020000,0.8031,0.80319,0.80304,0.80319
1783012080000,0.8032,0.80339,0.80319,0.80332
1783012140000,0.80333,0.80333,0.80324,0.8033
1783012200000,0.8033,0.80331,0.80319,0.80322
1783012260000,0.8032,0.80325,0.80318,0.80319
1783012320000,0.8032,0.80333,0.80319,0.80333
1783012380000,0.80335,0.80336,0.80331,0.80335
1783012440000,0.80335,0.80339,0.80331,0.80339
1783012500000,0.8034,0.80352,0.80337,0.80352
1783012560000,0.80351,0.80352,0.80347,0.80352
1783012620000,0.80351,0.80359,0.80346,0.80357
1783012680000,0.80358,0.80361,0.80348,0.80349
1783012740000,0.80348,0.80364,0.80348,0.80357
1783012800000,0.80357,0.80358,0.80351,0.80358
1783012860000,0.80358,0.80359,0.80349,0.8035
1783012920000,0.80349,0.80351,0.80348,0.80351
1783012980000,0.80352,0.80362,0.80351,0.80362
1783013040000,0.80361,0.80363,0.80358,0.80359
1783013100000,0.8036,0.80373,0.8036,0.80366
1783013160000,0.80367,0.80371,0.80363,0.80371
1783013220000,0.80371,0.80374,0.80367,0.80373
1783013280000,0.80372,0.80379,0.80371,0.80379
1783013340000,0.80379,0.80383,0.80368,0.8037
1783013400000,0.80368,0.80368,0.8036,0.80362
1783013460000,0.80362,0.80374,0.8036,0.80374
1783013520000,0.80373,0.80376,0.80366,0.80368
1783013580000,0.80366,0.80366,0.80359,0.80365
1783013640000,0.80366,0.80373,0.80362,0.80371
1783013700000,0.80373,0.8038,0.80372,0.80378
1783013760000,0.80378,0.80386,0.80377,0.80383
1783013820000,0.80383,0.80386,0.8038,0.80385
1783013880000,0.80385,0.80393,0.80384,0.80393
1783013940000,0.80395,0.80397,0.80391,0.80395
1783014000000,0.80395,0.80397,0.80392,0.80396
1783014060000,0.80399,0.80401,0.80393,0.80393
1783014120000,0.80394,0.80394,0.80389,0.80393
1783014180000,0.80395,0.804,0.80392,0.80393
1783014240000,0.80394,0.80396,0.8039,0.80396
1783014300000,0.80397,0.80402,0.80383,0.80383
1783014360000,0.80384,0.80384,0.80369,0.80369
1783014420000,0.80368,0.80379,0.80368,0.80379
1783014480000,0.80379,0.80382,0.80366,0.80374
1783014540000,0.80374,0.8038,0.80372,0.80377
1783014600000,0.80378,0.80388,0.80378,0.80388
1783014660000,0.80388,0.80394,0.80383,0.80384
1783014720000,0.80385,0.80389,0.80383,0.80383
1783014780000,0.80382,0.80383,0.8037,0.80372
1783014840000,0.80373,0.80373,0.80366,0.8037
1783014900000,0.80371,0.80371,0.80364,0.8037
1783014960000,0.80373,0.80375,0.80369,0.8037
1783015020000,0.80372,0.80373,0.80369,0.80373
1783015080000,0.80374,0.80381,0.80369,0.80379
1783015140000,0.8038,0.8038,0.80373,0.80375
1783015200000,0.80374,0.80381,0.80371,0.80371
1783015260000,0.80371,0.80375,0.80362,0.80367
1783015320000,0.80366,0.80366,0.80359,0.80363
1783015380000,0.80364,0.80366,0.8036,0.80364
1783015440000,0.80365,0.8037,0.8036,0.80361
1783015500000,0.80362,0.80363,0.80351,0.80352
1783015560000,0.80351,0.80351,0.80336,0.80337
1783015620000,0.80343,0.80344,0.80338,0.80338
1783015680000,0.80339,0.8034,0.80335,0.8034
1783015740000,0.80338,0.80338,0.8033,0.8033
1783015800000,0.80331,0.80342,0.80329,0.80342
1783015860000,0.80342,0.80345,0.8034,0.80342
1783015920000,0.80343,0.80356,0.80343,0.80355
1783015980000,0.80355,0.80357,0.80346,0.80346
1783016040000,0.80346,0.80361,0.80346,0.80361
1783016100000,0.8036,0.80361,0.80357,0.8036
1783016160000,0.80359,0.80359,0.80352,0.80355
1783016220000,0.80356,0.80378,0.80356,0.80374
1783016280000,0.80377,0.80389,0.80374,0.80384
1783016340000,0.80382,0.80383,0.80377,0.8038
1783016400000,0.80381,0.80382,0.8037,0.80371
1783016460000,0.8037,0.8037,0.80363,0.80365
1783016520000,0.80364,0.80364,0.80358,0.80361
1783016580000,0.80362,0.80366,0.8036,0.80364
1783016640000,0.80365,0.80366,0.80359,0.80359
1783016700000,0.80359,0.8036,0.80347,0.80354
1783016760000,0.80353,0.80353,0.80345,0.80347
1783016820000,0.80347,0.8035,0.80344,0.80345
1783016880000,0.80346,0.8035,0.80344,0.80349
1783016940000,0.80348,0.80356,0.80348,0.80353
1783017000000,0.80353,0.80364,0.80351,0.80357
1783017060000,0.80358,0.8036,0.80355,0.80355
1783017120000,0.80356,0.80357,0.80336,0.80337
1783017180000,0.80336,0.80337,0.80326,0.80326
1783017240000,0.80326,0.80336,0.80326,0.80331
1783017300000,0.8033,0.80333,0.80327,0.80327
1783017360000,0.80326,0.80335,0.80326,0.80326
1783017420000,0.80326,0.8033,0.80323,0.80326
1783017480000,0.80327,0.80327,0.80323,0.80325
1783017540000,0.80325,0.80335,0.80324,0.80333
1783017600000,0.80333,0.80339,0.80332,0.80339
1783017660000,0.8034,0.8034,0.80333,0.8034
1783017720000,0.8034,0.80344,0.80335,0.8034
1783017780000,0.80342,0.80344,0.80335,0.80341
1783017840000,0.80342,0.80349,0.80342,0.80349
1783017900000,0.80349,0.80355,0.80348,0.8035
1783017960000,0.8035,0.80352,0.80349,0.8035
1783018020000,0.80349,0.80351,0.80345,0.8035
1783018080000,0.80351,0.80356,0.80351,0.80354
1783018140000,0.80354,0.80354,0.80344,0.80345
1783018200000,0.80346,0.80351,0.80344,0.80349
1783018260000,0.80349,0.80358,0.80349,0.80355
1783018320000,0.80356,0.80356,0.80348,0.80352
1783018380000,0.80351,0.80354,0.80344,0.80345
1783018440000,0.80345,0.80356,0.80344,0.80353
1783018500000,0.80354,0.8036,0.80353,0.8036
1783018560000,0.8036,0.8036,0.80355,0.80356
1783018620000,0.80357,0.80358,0.80347,0.80351
1783018680000,0.80353,0.80359,0.80352,0.80359
1783018740000,0.80358,0.8036,0.80349,0.80349
1783018800000,0.80351,0.80352,0.80343,0.80351
1783018860000,0.8035,0.80357,0.80348,0.80349
1783018920000,0.80349,0.80366,0.80349,0.80366
1783018980000,0.80365,0.80369,0.80362,0.80367
1783019040000,0.80366,0.80374,0.80359,0.80369
1783019100000,0.80367,0.80368,0.80364,0.80364
1783019160000,0.80363,0.80367,0.8036,0.80364
1783019220000,0.80364,0.80364,0.80355,0.80355
1783019280000,0.80354,0.80355,0.80347,0.80349
1783019340000,0.80349,0.80349,0.80345,0.80345
1783019400000,0.80345,0.80351,0.80344,0.80351
1783019460000,0.80354,0.80357,0.80353,0.80356
1783019520000,0.80355,0.80355,0.80347,0.80349
1783019580000,0.80349,0.8035,0.80346,0.80348
1783019640000,0.80346,0.8035,0.80345,0.80347
1783019700000,0.80347,0.80353,0.80346,0.80352
1783019760000,0.80352,0.80359,0.8035,0.80357
1783019820000,0.80356,0.8036,0.80356,0.80358
1783019880000,0.80358,0.80359,0.80356,0.80356
1783019940000,0.80358,0.80359,0.80356,0.80357
1783020000000,0.80356,0.80369,0.80356,0.80369
1783020060000,0.80368,0.80368,0.80365,0.80365
1783020120000,0.80365,0.80367,0.80361,0.80367
1783020180000,0.80367,0.80367,0.8036,0.8036
1783020240000,0.8036,0.8037,0.8036,0.80369
1783020300000,0.80367,0.80367,0.80364,0.80365
1783020360000,0.80367,0.80369,0.80363,0.80366
1783020420000,0.80365,0.80367,0.80363,0.80365
1783020480000,0.80365,0.80367,0.80363,0.80364
1783020540000,0.80365,0.80365,0.80362,0.80365
1783020600000,0.80364,0.80369,0.80363,0.80363
1783020660000,0.80364,0.80365,0.80358,0.80361
1783020720000,0.80359,0.80359,0.80352,0.80353
1783020780000,0.80349,0.80355,0.80348,0.80355
1783020840000,0.80354,0.8036,0.80351,0.8036
1783020900000,0.80361,0.80366,0.80361,0.80366
1783020960000,0.80367,0.80372,0.80366,0.8037
1783021020000,0.80368,0.80374,0.80367,0.8037
1783021080000,0.80369,0.80369,0.80365,0.80365
1783021140000,0.80366,0.80369,0.80366,0.80369
1783021200000,0.8037,0.80371,0.80363,0.80363
1783021260000,0.80363,0.80366,0.8036,0.80362
1783021320000,0.80362,0.80365,0.80361,0.80362
1783021380000,0.80364,0.80364,0.80363,0.80363
1783021440000,0.80363,0.80363,0.80359,0.80362
1783021500000,0.80361,0.80366,0.80359,0.80362
1783021560000,0.80363,0.80374,0.80363,0.80373
1783021620000,0.80374,0.80378,0.80371,0.80371
1783021680000,0.80371,0.80375,0.8037,0.80373
1783021740000,0.80373,0.80375,0.8037,0.80372
1783021800000,0.80371,0.80373,0.80365,0.80365
1783021860000,0.80364,0.80366,0.80364,0.80365
1783021920000,0.80365,0.80366,0.8036,0.80361
1783021980000,0.8036,0.80363,0.80355,0.80357
1783022040000,0.80357,0.80357,0.80349,0.80351
1783022100000,0.80351,0.80352,0.80341,0.80343
1783022160000,0.80343,0.80348,0.8034,0.80348
1783022220000,0.80345,0.80348,0.80344,0.80348
1783022280000,0.80348,0.80357,0.80348,0.80354
1783022340000,0.80354,0.80355,0.80351,0.80352
1783022400000,0.80352,0.8036,0.80349,0.80358
1783022460000,0.80358,0.80358,0.80349,0.80353
1783022520000,0.80352,0.80353,0.80351,0.80351
1783022580000,0.80351,0.80352,0.80342,0.80343
1783022640000,0.80344,0.80344,0.80335,0.80337
1783022700000,0.80335,0.80336,0.8033,0.80335
1783022760000,0.80334,0.80334,0.80331,0.80332
1783022820000,0.80332,0.80336,0.80332,0.80333
1783022880000,0.80332,0.80335,0.80331,0.80335
1783022940000,0.80335,0.80335,0.80333,0.80335
1783023000000,0.80335,0.80335,0.80334,0.80334
1783023060000,0.80336,0.80338,0.80331,0.80333
1783023120000,0.80333,0.80339,0.80333,0.80336
1783023180000,0.80336,0.80336,0.80336,0.80336
1783023240000,0.80336,0.80336,0.80334,0.80336
1783023300000,0.80334,0.80335,0.80334,0.80334
1783023360000,0.80335,0.80336,0.80334,0.80334
1783023420000,0.80333,0.80334,0.80331,0.80332
1783023480000,0.80331,0.80331,0.80324,0.80324
1783023540000,0.80324,0.80326,0.80323,0.80324
1783023600000,0.80324,0.80324,0.80319,0.80319
1783023660000,0.80316,0.80318,0.80316,0.80317
1783023720000,0.80319,0.8032,0.80316,0.80319
1783023780000,0.80319,0.80319,0.80319,0.80319
1783023840000,0.80317,0.80317,0.80313,0.80313
1783023900000,0.80311,0.80317,0.8031,0.80315
1783023960000,0.80316,0.80316,0.80312,0.80312
1783024020000,0.80311,0.80315,0.80311,0.80314
1783024080000,0.80315,0.80319,0.80315,0.80318
1783024140000,0.80319,0.80319,0.80317,0.80317
1783024200000,0.80319,0.80322,0.80319,0.80319
1783024260000,0.8032,0.8032,0.80316,0.80319
1783024320000,0.80318,0.8032,0.80318,0.80319
1783024380000,0.8032,0.8032,0.80319,0.8032
1783024440000,0.80319,0.80324,0.80318,0.80321
1783024500000,0.80322,0.80326,0.8032,0.80326
1783024560000,0.80327,0.80332,0.80327,0.80328
1783024620000,0.80329,0.80329,0.80327,0.80328
1783024680000,0.80329,0.8033,0.80327,0.8033
1783024740000,0.8033,0.80334,0.80329,0.80334
1783024800000,0.80333,0.80337,0.80333,0.80336
1783024860000,0.80337,0.80339,0.80336,0.80337
1783024920000,0.80337,0.80337,0.80337,0.80337
1783024980000,0.80338,0.80338,0.80337,0.80337
1783025040000,0.80335,0.80336,0.80334,0.80335
1783025100000,0.80334,0.80339,0.80334,0.80339
1783025160000,0.8034,0.8034,0.80335,0.80335
1783025220000,0.80336,0.80336,0.80331,0.80332
1783025280000,0.80332,0.80332,0.80331,0.80331
1783025340000,0.80331,0.80331,0.80329,0.80329
1783025400000,0.80331,0.80336,0.8032,0.80335
1783025460000,0.80336,0.80336,0.80336,0.80336
1783025520000,0.80335,0.80335,0.80335,0.80335
1783025580000,0.80334,0.80334,0.80334,0.80334
1783025640000,0.80333,0.80336,0.80333,0.80336
1783025700000,0.80335,0.80346,0.80335,0.80345
1783025760000,0.80346,0.80347,0.80344,0.80347
1783025820000,0.80347,0.80347,0.80342,0.80342
1783025880000,0.80344,0.80344,0.80339,0.80341
1783025940000,0.8034,0.80348,0.80326,0.80327
1783026000000,0.80312,0.80312,0.80312,0.80312
1783026060000,0.80312,0.80312,0.80312,0.80312
1783026120000,0.80312,0.80312,0.80312,0.80312
1783026180000,0.80312,0.80312,0.80312,0.80312
1783026240000,0.80272,0.80272,0.80232,0.80232
1783026300000,0.80232,0.80284,0.80232,0.80283
1783026360000,0.80284,0.80292,0.80243,0.80292
1783026420000,0.80243,0.80243,0.80243,0.80243
1783026480000,0.80248,0.80248,0.80248,0.80248
1783026540000,0.80289,0.80289,0.80289,0.80289
1783026600000,0.80248,0.80285,0.80248,0.80285
1783026660000,0.80256,0.80256,0.80239,0.80244
1783026720000,0.80253,0.80283,0.80253,0.80275
1783026780000,0.80272,0.80293,0.80268,0.80292
1783026840000,0.80284,0.80284,0.80284,0.80284
1783026900000,0.80292,0.80293,0.80292,0.80292
1783026960000,0.80293,0.80309,0.80291,0.80309
1783027020000,0.80303,0.80303,0.80292,0.80292
1783027080000,0.80292,0.80292,0.80292,0.80292
1783027140000,0.80292,0.80293,0.80292,0.80293
1783027200000,0.80292,0.80292,0.80292,0.80292
1783027260000,0.80293,0.80294,0.80293,0.80294
1783027320000,0.80295,0.80295,0.80294,0.80294
1783027380000,0.80294,0.80294,0.80294,0.80294
1783027440000,0.80294,0.80294,0.80275,0.80275
1783027500000,0.80276,0.80276,0.80275,0.80275
1783027560000,0.80275,0.80286,0.80274,0.80286
1783027620000,0.80284,0.80305,0.80284,0.80305
1783027680000,0.80292,0.80305,0.80277,0.8028
1783027740000,0.80279,0.8028,0.80271,0.80279
1783027800000,0.80267,0.80281,0.80267,0.80281
1783027860000,0.80281,0.80281,0.80281,0.80281
1783027920000,0.80279,0.80283,0.80279,0.80283
1783027980000,0.80282,0.80282,0.80281,0.80281
1783028040000,0.80283,0.80283,0.80283,0.80283
1783028100000,0.80282,0.80283,0.80282,0.80283
1783028160000,0.80282,0.80284,0.80282,0.80284
1783028220000,0.80284,0.80284,0.80284,0.80284
1783028280000,0.80284,0.80284,0.80284,0.80284
1783028340000,0.80285,0.80285,0.80285,0.80285
1783028400000,0.80289,0.80306,0.80289,0.80306
1783028460000,0.80309,0.80309,0.80302,0.80302
1783028520000,0.80302,0.80302,0.80302,0.80302
1783028580000,0.80302,0.80302,0.80302,0.80302
1783028640000,0.80302,0.80302,0.80302,0.80302
1783028700000,0.80311,0.80356,0.80311,0.80322
1783028760000,0.80321,0.80331,0.80318,0.8032
1783028820000,0.80319,0.8032,0.80317,0.80319
1783028880000,0.80318,0.80347,0.80318,0.80334
1783028940000,0.80332,0.80338,0.8032,0.80322
1783029000000,0.8032,0.80322,0.8031,0.80321
1783029060000,0.8032,0.80321,0.80307,0.80316
1783029120000,0.80314,0.80352,0.80314,0.80319
1783029180000,0.80318,0.80318,0.80315,0.80316
1783029240000,0.80315,0.80321,0.80314,0.80315
1783029300000,0.80322,0.80341,0.80321,0.80337
1783029360000,0.80339,0.80339,0.80321,0.80324
1783029420000,0.80331,0.80353,0.8032,0.80327
1783029480000,0.80328,0.80334,0.80325,0.8033
1783029540000,0.80329,0.80344,0.80318,0.80331
1783029600000,0.80328,0.80332,0.80298,0.80309
1783029660000,0.8031,0.80325,0.80309,0.8032
1783029720000,0.80319,0.80321,0.80319,0.8032
1783029780000,0.80319,0.80323,0.80316,0.80316
1783029840000,0.80316,0.8032,0.80316,0.8032
1783029900000,0.80318,0.80321,0.80318,0.80318
1783029960000,0.80318,0.80318,0.80318,0.80318
1783030020000,0.80318,0.80318,0.80318,0.80318
1783030080000,0.80319,0.80319,0.80318,0.80319
1783030140000,0.80319,0.80319,0.80319,0.80319
1783030200000,0.80318,0.80319,0.80318,0.80319
1783030260000,0.80317,0.80325,0.80317,0.80325
1783030320000,0.80326,0.80327,0.80326,0.80327
1783030380000,0.80325,0.80327,0.80324,0.80327
1783030440000,0.80327,0.80337,0.80327,0.80337
1783030500000,0.80336,0.80343,0.80336,0.80343
1783030560000,0.80342,0.80348,0.8034,0.80348
1783030620000,0.80349,0.80351,0.80348,0.80349
1783030680000,0.8035,0.80352,0.80349,0.80351
1783030740000,0.80351,0.80355,0.8035,0.8035
1783030800000,0.8035,0.80354,0.8035,0.80354
1783030860000,0.80355,0.80356,0.80355,0.80355
1783030920000,0.80355,0.80361,0.80354,0.80359
1783030980000,0.80357,0.80359,0.80352,0.80355
1783031040000,0.80356,0.8036,0.80355,0.80358
1783031100000,0.80358,0.80361,0.80355,0.80358
1783031160000,0.80359,0.80368,0.80359,0.80368
1783031220000,0.80364,0.80366,0.8036,0.80362
1783031280000,0.80364,0.80366,0.80363,0.80365
1783031340000,0.80365,0.80368,0.80362,0.80366
1783031400000,0.80365,0.80371,0.80363,0.80369
1783031460000,0.80368,0.80372,0.80366,0.80371
1783031520000,0.80371,0.80371,0.80367,0.80369
1783031580000,0.80367,0.80369,0.80364,0.80368
1783031640000,0.8037,0.80376,0.8037,0.80376
1783031700000,0.80375,0.80377,0.80371,0.80374
1783031760000,0.80373,0.80374,0.80371,0.80372
1783031820000,0.80372,0.8038,0.80372,0.80379
1783031880000,0.80379,0.80384,0.80373,0.80384
1783031940000,0.80385,0.80386,0.80383,0.80384
1783032000000,0.80387,0.80395,0.80385,0.80395
1783032060000,0.80395,0.80404,0.80395,0.80398
1783032120000,0.80399,0.80402,0.80398,0.804
1783032180000,0.80399,0.80401,0.8039,0.80391
1783032240000,0.80389,0.80389,0.80384,0.80386
1783032300000,0.80387,0.80394,0.80387,0.80394
1783032360000,0.80395,0.80399,0.80394,0.80396
1783032420000,0.80394,0.80395,0.80383,0.80384
1783032480000,0.80384,0.80387,0.80383,0.80387
1783032540000,0.80386,0.80387,0.80385,0.80387
1783032600000,0.80388,0.80397,0.80387,0.80397
1783032660000,0.80397,0.80401,0.80397,0.80399
1783032720000,0.80401,0.80402,0.80397,0.80398
1783032780000,0.80399,0.80401,0.80399,0.80401
1783032840000,0.80402,0.80402,0.80396,0.804
1783032900000,0.804,0.804,0.80397,0.80397
1783032960000,0.80398,0.80398,0.80396,0.80396
1783033020000,0.80398,0.80399,0.80395,0.80395
1783033080000,0.80393,0.80398,0.80393,0.80394
1783033140000,0.80393,0.80394,0.80378,0.80387
1783033200000,0.80387,0.80389,0.80384,0.80388
1783033260000,0.80389,0.80397,0.80388,0.80397
1783033320000,0.80397,0.80397,0.8039,0.80392
1783033380000,0.80393,0.80393,0.8039,0.80392
1783033440000,0.80392,0.80392,0.80385,0.8039
1783033500000,0.80389,0.80389,0.80385,0.80388
1783033560000,0.80386,0.80388,0.80383,0.80387
1783033620000,0.80388,0.8039,0.80387,0.8039
1783033680000,0.80391,0.80391,0.80385,0.80387
1783033740000,0.80387,0.80391,0.80386,0.80391
1783033800000,0.80391,0.80393,0.80388,0.80389
1783033860000,0.8039,0.80391,0.80386,0.80386
1783033920000,0.80385,0.80386,0.80379,0.80382
1783033980000,0.80381,0.80386,0.80379,0.80385
1783034040000,0.80387,0.8039,0.80386,0.80389
1783034100000,0.80389,0.8039,0.80388,0.80388
1783034160000,0.80388,0.80388,0.80381,0.80384
1783034220000,0.80384,0.80388,0.80383,0.80388
1783034280000,0.80388,0.80391,0.80388,0.80391
1783034340000,0.8039,0.8039,0.80386,0.80386
1783034400000,0.80385,0.80385,0.8038,0.80385
1783034460000,0.80386,0.80392,0.80386,0.80392
1783034520000,0.80393,0.80393,0.8039,0.8039
1783034580000,0.80389,0.80389,0.80382,0.80383
1783034640000,0.80384,0.80386,0.80381,0.80383
1783034700000,0.80384,0.80384,0.80374,0.80374
1783034760000,0.80374,0.80379,0.80374,0.80379
1783034820000,0.80378,0.80381,0.80378,0.80378
1783034880000,0.80377,0.80379,0.80377,0.80378
1783034940000,0.80378,0.8038,0.80377,0.80377
1783035000000,0.80385,0.80388,0.80385,0.80386
1783035060000,0.80387,0.80387,0.80383,0.80387
1783035120000,0.80388,0.80392,0.80388,0.80391
1783035180000,0.80392,0.80395,0.80391,0.80394
1783035240000,0.80397,0.80402,0.80397,0.80402
1783035300000,0.80402,0.80407,0.80402,0.80407
1783035360000,0.80407,0.80419,0.80407,0.80415
1783035420000,0.80416,0.80419,0.8041,0.8041
1783035480000,0.80411,0.8042,0.8041,0.80419
1783035540000,0.80419,0.80421,0.80417,0.80417
1783035600000,0.8042,0.8042,0.80414,0.80416
1783035660000,0.80416,0.80417,0.80415,0.80416
1783035720000,0.80415,0.80416,0.80406,0.80413
1783035780000,0.80414,0.80414,0.80398,0.80398
1783035840000,0.804,0.80402,0.80397,0.80398
1783035900000,0.80397,0.80398,0.80393,0.80396
1783035960000,0.80398,0.80407,0.80398,0.80404
1783036020000,0.80405,0.80408,0.80404,0.80406
1783036080000,0.80405,0.80411,0.80405,0.80411
1783036140000,0.80414,0.80414,0.80409,0.80412
1783036200000,0.80411,0.80414,0.80409,0.8041
1783036260000,0.80411,0.80418,0.8041,0.80417
1783036320000,0.80416,0.80426,0.80416,0.80426
1783036380000,0.80426,0.80432,0.80424,0.80426
1783036440000,0.80426,0.80429,0.80424,0.80425
1783036500000,0.80423,0.80433,0.80423,0.80431
1783036560000,0.80432,0.8044,0.80432,0.8044
1783036620000,0.80441,0.80444,0.80436,0.80439
1783036680000,0.8044,0.80442,0.80438,0.80438
1783036740000,0.80438,0.80442,0.80438,0.80439
1783036800000,0.8044,0.8044,0.80417,0.80425
1783036860000,0.80426,0.80437,0.80423,0.80434
1783036920000,0.80434,0.80436,0.80425,0.80427
1783036980000,0.80427,0.80435,0.80424,0.80433
1783037040000,0.80433,0.8044,0.80432,0.80439
1783037100000,0.80439,0.80447,0.80438,0.80443
1783037160000,0.80445,0.80457,0.80445,0.8045
1783037220000,0.8045,0.80462,0.8045,0.80457
1783037280000,0.80458,0.80462,0.80458,0.80461
1783037340000,0.8046,0.80465,0.80456,0.80459
1783037400000,0.8046,0.80466,0.80457,0.80461
1783037460000,0.80461,0.80462,0.80455,0.80457
1783037520000,0.80457,0.80457,0.8045,0.80451
1783037580000,0.80452,0.80452,0.80446,0.80446
1783037640000,0.80446,0.80465,0.80446,0.80458
1783037700000,0.80458,0.80458,0.80453,0.80456
1783037760000,0.80454,0.80466,0.80453,0.80464
1783037820000,0.80463,0.80463,0.8046,0.80463
1783037880000,0.80462,0.80462,0.80455,0.80456
1783037940000,0.80456,0.80457,0.80439,0.80439
1783038000000,0.80437,0.80443,0.80437,0.80442
1783038060000,0.80441,0.80452,0.80441,0.80451
1783038120000,0.80451,0.80458,0.8045,0.80456
1783038180000,0.80456,0.80456,0.80446,0.80449
1783038240000,0.80449,0.8045,0.80449,0.80449
1783038300000,0.80448,0.80451,0.80445,0.80446
1783038360000,0.80446,0.80446,0.80436,0.80441
1783038420000,0.8044,0.80446,0.80438,0.80444
1783038480000,0.80444,0.80447,0.80444,0.80446
1783038540000,0.80447,0.80451,0.8044,0.8045
1783038600000,0.80449,0.80457,0.80445,0.80455
1783038660000,0.80456,0.80457,0.80447,0.80451
1783038720000,0.80452,0.80457,0.80451,0.80456
1783038780000,0.80456,0.80461,0.80449,0.80449
1783038840000,0.80448,0.80455,0.80448,0.80455
1783038900000,0.80454,0.80461,0.8045,0.80455
1783038960000,0.80455,0.80457,0.80454,0.80454
1783039020000,0.80455,0.8046,0.80455,0.8046
1783039080000,0.80459,0.80461,0.80456,0.80457
1783039140000,0.80458,0.80461,0.80455,0.80456
1783039200000,0.80457,0.80459,0.80456,0.80456
1783039260000,0.80455,0.80461,0.80455,0.80461
1783039320000,0.80459,0.80461,0.80457,0.80457
1783039380000,0.80458,0.80463,0.80458,0.80461
1783039440000,0.80461,0.80461,0.80454,0.80456
1783039500000,0.80456,0.80458,0.80454,0.80456
1783039560000,0.80455,0.80457,0.80435,0.80437
1783039620000,0.80436,0.80438,0.80432,0.80434
1783039680000,0.80434,0.80435,0.80428,0.80429
1783039740000,0.8043,0.80432,0.80423,0.80432
1783039800000,0.80431,0.8044,0.80431,0.80435
1783039860000,0.80436,0.80438,0.80429,0.80434
1783039920000,0.80433,0.80438,0.80431,0.80436
1783039980000,0.80437,0.80437,0.80423,0.80428
1783040040000,0.80427,0.80427,0.80398,0.80398
1783040100000,0.80402,0.80414,0.80402,0.80412
1783040160000,0.8041,0.8041,0.80403,0.80405
1783040220000,0.80405,0.8041,0.80394,0.80396
1783040280000,0.80395,0.80397,0.80378,0.80379
1783040340000,0.80377,0.80379,0.80372,0.80377
1783040400000,0.80376,0.80378,0.80363,0.80374
1783040460000,0.80375,0.80378,0.80364,0.80364
1783040520000,0.80363,0.80371,0.80357,0.80366
1783040580000,0.80365,0.80371,0.80353,0.80353
1783040640000,0.80353,0.80358,0.80347,0.80353
1783040700000,0.80356,0.80366,0.80356,0.80363
1783040760000,0.80364,0.80374,0.80362,0.80365
1783040820000,0.80366,0.80379,0.80366,0.80369
1783040880000,0.80371,0.80371,0.80348,0.80348
1783040940000,0.80349,0.80356,0.80347,0.80356
1783041000000,0.80356,0.8036,0.80353,0.80353
1783041060000,0.80353,0.80353,0.80334,0.8034
1783041120000,0.80341,0.80349,0.80337,0.80337
1783041180000,0.80338,0.80338,0.80326,0.80333
1783041240000,0.80335,0.80338,0.80319,0.80319
1783041300000,0.80319,0.80324,0.80306,0.80308
1783041360000,0.8031,0.80318,0.80308,0.80316
1783041420000,0.80315,0.80316,0.80303,0.80304
1783041480000,0.80304,0.80304,0.80288,0.80288
1783041540000,0.80289,0.80294,0.80273,0.80274
1783041600000,0.80275,0.8028,0.80259,0.80262
1783041660000,0.80264,0.80282,0.80261,0.80271
1783041720000,0.8027,0.8027,0.80261,0.80262
1783041780000,0.80265,0.80275,0.80265,0.8027
1783041840000,0.80269,0.8027,0.80253,0.80259
1783041900000,0.80259,0.80277,0.80259,0.80277
1783041960000,0.80278,0.80291,0.80275,0.8029
1783042020000,0.80289,0.80298,0.80285,0.80294
1783042080000,0.80294,0.803,0.80291,0.80294
1783042140000,0.80294,0.80306,0.80294,0.80303
1783042200000,0.80302,0.80311,0.80296,0.80302
1783042260000,0.80301,0.80309,0.80296,0.80303
1783042320000,0.80302,0.80304,0.80293,0.80293
1783042380000,0.80293,0.80299,0.80287,0.80288
1783042440000,0.80288,0.8029,0.80276,0.80276
1783042500000,0.80275,0.80285,0.80269,0.80283
1783042560000,0.80282,0.80305,0.80282,0.80304
1783042620000,0.80305,0.80315,0.80304,0.8031
1783042680000,0.80311,0.80311,0.80304,0.80309
1783042740000,0.80309,0.8031,0.80305,0.8031
1783042800000,0.8031,0.80311,0.80304,0.80308
1783042860000,0.80309,0.80309,0.80298,0.80301
1783042920000,0.80302,0.80303,0.80299,0.80299
1783042980000,0.80301,0.80302,0.80296,0.80297
1783043040000,0.80298,0.80298,0.80285,0.80289
1783043100000,0.80289,0.80303,0.80288,0.80302
1783043160000,0.80304,0.80308,0.80302,0.80304
1783043220000,0.80304,0.80311,0.80304,0.8031
1783043280000,0.80316,0.8032,0.80314,0.80314
1783043340000,0.80313,0.80316,0.80308,0.80312
1783043400000,0.80312,0.80316,0.80309,0.80313
1783043460000,0.80315,0.80323,0.80315,0.80323
1783043520000,0.80323,0.80328,0.80322,0.80323
1783043580000,0.80323,0.80325,0.80319,0.80322
1783043640000,0.80321,0.80324,0.80316,0.80316
1783043700000,0.80315,0.80318,0.80312,0.80314
1783043760000,0.80314,0.80317,0.80311,0.80316
1783043820000,0.80316,0.80323,0.80316,0.80323
1783043880000,0.80324,0.80325,0.80318,0.80321
1783043940000,0.80321,0.80323,0.80319,0.80322
1783044000000,0.80323,0.80325,0.80315,0.80316
1783044060000,0.80316,0.80327,0.80316,0.80322
1783044120000,0.80323,0.80327,0.80322,0.80327
1783044180000,0.80326,0.80326,0.80304,0.80304
1783044240000,0.80304,0.80314,0.80304,0.80313
1783044300000,0.80314,0.80314,0.803,0.80312
1783044360000,0.80311,0.80311,0.80292,0.80292
1783044420000,0.80291,0.80291,0.80274,0.80274
1783044480000,0.80274,0.8028,0.80269,0.8028
1783044540000,0.80281,0.80283,0.80275,0.80278
1783044600000,0.80276,0.80281,0.80271,0.80278
1783044660000,0.80279,0.80279,0.80272,0.80273
1783044720000,0.80275,0.80279,0.80272,0.80279
1783044780000,0.80278,0.80286,0.80277,0.80281
1783044840000,0.8028,0.80281,0.80277,0.80277
1783044900000,0.80275,0.80278,0.80274,0.80274
1783044960000,0.80276,0.80277,0.80273,0.80275
1783045020000,0.80275,0.80275,0.80271,0.80273
1783045080000,0.80272,0.80272,0.80259,0.80261
1783045140000,0.80261,0.80273,0.8026,0.8027
1783045200000,0.80271,0.80271,0.80263,0.80266
1783045260000,0.80266,0.80269,0.80261,0.80265
1783045320000,0.80264,0.80265,0.80257,0.80258
1783045380000,0.80256,0.8026,0.80255,0.80256
1783045440000,0.80258,0.80261,0.80257,0.80261
1783045500000,0.80263,0.80268,0.80263,0.80268
1783045560000,0.80269,0.80273,0.80269,0.8027
1783045620000,0.80269,0.8027,0.80261,0.80264
1783045680000,0.80264,0.80264,0.80248,0.8025
1783045740000,0.80251,0.80256,0.80251,0.80255
1783045800000,0.80254,0.80258,0.80253,0.80254
1783045860000,0.80254,0.80254,0.80247,0.80248
1783045920000,0.8025,0.80264,0.80249,0.80264
1783045980000,0.80264,0.80273,0.80264,0.80266
1783046040000,0.80265,0.8027,0.80265,0.8027
1783046100000,0.8027,0.80273,0.80267,0.80271
1783046160000,0.80272,0.80273,0.80267,0.80268
1783046220000,0.80267,0.8027,0.80265,0.80265
1783046280000,0.80265,0.80265,0.80259,0.8026
1783046340000,0.80256,0.80256,0.80249,0.80251
1783046400000,0.80251,0.80256,0.80251,0.80256
1783046460000,0.80254,0.80254,0.80246,0.80248
1783046520000,0.80247,0.80255,0.80247,0.80255
1783046580000,0.80255,0.80271,0.80255,0.80269
1783046640000,0.80269,0.80269,0.80256,0.80261
1783046700000,0.8026,0.80261,0.80259,0.80261
1783046760000,0.80262,0.80273,0.80261,0.80271
1783046820000,0.80274,0.80275,0.8027,0.8027
1783046880000,0.80271,0.80278,0.80271,0.80276
1783046940000,0.80277,0.8028,0.80276,0.80278
1783047000000,0.80278,0.80279,0.80269,0.8027
1783047060000,0.8027,0.80271,0.80266,0.80267
1783047120000,0.80268,0.80268,0.80263,0.80263
1783047180000,0.80262,0.80264,0.8026,0.80262
1783047240000,0.80261,0.8027,0.80261,0.80268
1783047300000,0.80267,0.8028,0.80266,0.80279
1783047360000,0.8028,0.80287,0.8028,0.80286
1783047420000,0.80286,0.80289,0.80286,0.80289
1783047480000,0.80289,0.80294,0.80286,0.80293
1783047540000,0.80293,0.80294,0.80287,0.80288
1783047600000,0.80289,0.80295,0.80287,0.80291
1783047660000,0.80291,0.80291,0.80284,0.80284
1783047720000,0.80286,0.80288,0.80282,0.80286
1783047780000,0.80285,0.80294,0.80283,0.80294
1783047840000,0.80294,0.80294,0.80292,0.80292
1783047900000,0.80293,0.803,0.80293,0.80296
1783047960000,0.80296,0.80297,0.80293,0.80296
1783048020000,0.80298,0.80303,0.80298,0.80302
1783048080000,0.80301,0.80303,0.80301,0.80302
1783048140000,0.80303,0.80303,0.80301,0.80303
1783048200000,0.80303,0.80306,0.80302,0.80306
1783048260000,0.80305,0.80305,0.80302,0.80304
1783048320000,0.80304,0.80305,0.80303,0.80305
1783048380000,0.80305,0.80305,0.80301,0.80301
1783048440000,0.80301,0.80302,0.80282,0.80282
1783048500000,0.80283,0.80288,0.80281,0.80288
1783048560000,0.80288,0.8029,0.80287,0.8029
1783048620000,0.8029,0.80292,0.80289,0.8029
1783048680000,0.8029,0.80291,0.8029,0.80291
1783048740000,0.80289,0.80291,0.80289,0.80291
1783048800000,0.80292,0.80297,0.80292,0.80296
1783048860000,0.80294,0.80294,0.80284,0.80292
1783048920000,0.80293,0.80294,0.8029,0.80294
1783048980000,0.80295,0.80296,0.80295,0.80296
1783049040000,0.80296,0.80297,0.80295,0.80295
1783049100000,0.80295,0.80298,0.80294,0.80298
1783049160000,0.80298,0.80303,0.80296,0.80301
1783049220000,0.80301,0.80301,0.8029,0.80294
1783049280000,0.80293,0.80294,0.80291,0.80292
1783049340000,0.80291,0.80292,0.80288,0.80289
1783049400000,0.80289,0.80294,0.80289,0.80292
1783049460000,0.80293,0.80298,0.80292,0.80294
1783049520000,0.80294,0.80297,0.80294,0.80297
1783049580000,0.803,0.803,0.8029,0.80291
1783049640000,0.80291,0.80293,0.8029,0.80291
1783049700000,0.80291,0.80291,0.80283,0.80283
1783049760000,0.80283,0.80284,0.80278,0.80281
1783049820000,0.8028,0.80282,0.80277,0.80277
1783049880000,0.80277,0.80287,0.80277,0.80286
1783049940000,0.8029,0.8029,0.80286,0.8029
1783050000000,0.80289,0.80293,0.8028,0.8028
1783050060000,0.8028,0.80291,0.8028,0.80291
1783050120000,0.80289,0.8029,0.80286,0.80286
1783050180000,0.80285,0.80291,0.80285,0.80291
1783050240000,0.80291,0.80294,0.80291,0.80294
1783050300000,0.80293,0.80295,0.80292,0.80293
1783050360000,0.80293,0.80293,0.80289,0.80291
1783050420000,0.80292,0.80292,0.80291,0.80291
1783050480000,0.80292,0.80292,0.80287,0.80289
1783050540000,0.80289,0.80291,0.80284,0.80285
1783050600000,0.80283,0.80288,0.80283,0.80287
1783050660000,0.80284,0.80287,0.80273,0.80274
1783050720000,0.80274,0.80274,0.80273,0.80274
1783050780000,0.80276,0.8028,0.80276,0.8028
1783050840000,0.8028,0.80288,0.80279,0.80288
1783050900000,0.80288,0.80289,0.8028,0.8028
1783050960000,0.80281,0.80286,0.8028,0.80286
1783051020000,0.80286,0.80286,0.80285,0.80285
1783051080000,0.80284,0.80285,0.80276,0.80281
1783051140000,0.80283,0.80283,0.80279,0.80282
1783051200000,0.80281,0.80288,0.80279,0.80281
1783051260000,0.80282,0.80283,0.80281,0.80282
1783051320000,0.80283,0.80295,0.80283,0.8029
1783051380000,0.80291,0.80291,0.80289,0.80289
1783051440000,0.8029,0.80291,0.80287,0.8029
1783051500000,0.80291,0.80291,0.80284,0.80285
1783051560000,0.80285,0.80286,0.80281,0.80281
1783051620000,0.80281,0.80281,0.80279,0.80281
1783051680000,0.80281,0.80281,0.80281,0.80281
1783051740000,0.8028,0.80287,0.8028,0.80281
1783051800000,0.80281,0.80284,0.80281,0.80281
1783051860000,0.80282,0.80282,0.8028,0.80281
1783051920000,0.80281,0.80281,0.8028,0.8028
1783051980000,0.80279,0.80279,0.80278,0.80279
1783052040000,0.80278,0.80278,0.80264,0.80265
1783052100000,0.80265,0.80265,0.8026,0.80265
1783052160000,0.80264,0.80267,0.80264,0.80267
1783052220000,0.80268,0.80268,0.80264,0.80265
1783052280000,0.80265,0.8027,0.80265,0.80268
1783052340000,0.80268,0.80268,0.80263,0.80264
1783052400000,0.80264,0.80266,0.80263,0.80264
1783052460000,0.80264,0.80268,0.80264,0.80268
1783052520000,0.80268,0.8027,0.80267,0.80269
1783052580000,0.80268,0.8027,0.80268,0.8027
1783052640000,0.8027,0.80271,0.8027,0.80271
1783052700000,0.80271,0.80271,0.80269,0.8027
1783052760000,0.8027,0.8027,0.80263,0.80263
1783052820000,0.80262,0.80263,0.80261,0.80263
1783052880000,0.80263,0.80266,0.80261,0.80263
1783052940000,0.80265,0.80266,0.80265,0.80266
1783053000000,0.80264,0.80265,0.80263,0.80265
1783053060000,0.80267,0.80267,0.80267,0.80267
1783053120000,0.80269,0.80271,0.80267,0.80271
1783053180000,0.80271,0.80271,0.80269,0.8027
1783053240000,0.80269,0.80269,0.80265,0.80268
1783053300000,0.80268,0.80268,0.80262,0.80262
1783053360000,0.8026,0.80261,0.80254,0.80255
1783053420000,0.80255,0.80259,0.80254,0.80255
1783053480000,0.80255,0.80257,0.80253,0.80257
1783053540000,0.80257,0.80257,0.80257,0.80257
1783053600000,0.80255,0.80255,0.8025,0.80254
1783053660000,0.80254,0.80254,0.8025,0.80251
1783053720000,0.80251,0.80251,0.80248,0.80249
1783053780000,0.80245,0.80251,0.80244,0.8025
1783053840000,0.8025,0.80253,0.80248,0.80253
1783053900000,0.80254,0.80255,0.80248,0.80249
1783053960000,0.80251,0.80252,0.80247,0.80247
1783054020000,0.80248,0.80251,0.80248,0.80251
1783054080000,0.80253,0.80259,0.80253,0.80258
1783054140000,0.80259,0.80259,0.80249,0.8025
1783054200000,0.8025,0.80254,0.80245,0.80247
1783054260000,0.80248,0.8025,0.80248,0.80249
1783054320000,0.8025,0.8025,0.80247,0.80247
1783054380000,0.80247,0.80247,0.80245,0.80246
1783054440000,0.80246,0.80252,0.80245,0.80252
1783054500000,0.80252,0.80254,0.80249,0.80249
1783054560000,0.80249,0.80249,0.80247,0.80247
1783054620000,0.80249,0.80249,0.80247,0.80247
1783054680000,0.80247,0.80247,0.80244,0.80246
1783054740000,0.80246,0.80246,0.80239,0.80239
1783054800000,0.80238,0.80242,0.80229,0.80235
1783054860000,0.80235,0.80237,0.80234,0.80235
1783054920000,0.80234,0.80237,0.80234,0.80236
1783054980000,0.80235,0.80236,0.80221,0.80221
1783055040000,0.80222,0.80225,0.80218,0.80221
1783055100000,0.80222,0.80224,0.80215,0.80215
1783055160000,0.80216,0.80216,0.80203,0.80203
1783055220000,0.80202,0.80207,0.80193,0.80194
1783055280000,0.80194,0.80201,0.80191,0.80194
1783055340000,0.80194,0.80201,0.80185,0.80201
1783055400000,0.80204,0.80216,0.80204,0.80211
1783055460000,0.80212,0.80218,0.80209,0.8021
1783055520000,0.80209,0.80211,0.80204,0.80205
1783055580000,0.80205,0.80209,0.80202,0.80202
1783055640000,0.80201,0.80201,0.80197,0.80199
1783055700000,0.80199,0.80199,0.80188,0.8019
1783055760000,0.80189,0.80194,0.80184,0.80191
1783055820000,0.80191,0.80196,0.8019,0.80194
1783055880000,0.80193,0.80196,0.80192,0.80193
1783055940000,0.80194,0.80195,0.80193,0.80194
1783056000000,0.80195,0.80207,0.80195,0.80204
1783056060000,0.80204,0.80205,0.80195,0.80205
1783056120000,0.80205,0.8021,0.80205,0.80206
1783056180000,0.80205,0.80207,0.80204,0.80207
1783056240000,0.80207,0.8021,0.80201,0.80202
1783056300000,0.80202,0.80203,0.802,0.802
1783056360000,0.80202,0.80203,0.80197,0.80198
1783056420000,0.80199,0.80202,0.80196,0.80202
1783056480000,0.80203,0.80204,0.80197,0.80197
1783056540000,0.80196,0.80197,0.80195,0.80196
1783056600000,0.80196,0.80198,0.80188,0.80191
1783056660000,0.80191,0.80195,0.8019,0.80191
1783056720000,0.80191,0.80194,0.80188,0.80188
1783056780000,0.80188,0.80191,0.80187,0.80188
1783056840000,0.80188,0.80192,0.80186,0.80188
1783056900000,0.80189,0.80189,0.80182,0.80188
1783056960000,0.80189,0.8019,0.80188,0.80189
1783057020000,0.80189,0.80189,0.80179,0.80181
1783057080000,0.80181,0.80194,0.80181,0.80193
1783057140000,0.80193,0.80202,0.80191,0.802
1783057200000,0.80199,0.80203,0.80199,0.80201
1783057260000,0.80201,0.80205,0.80201,0.80203
1783057320000,0.80205,0.80207,0.80199,0.80199
1783057380000,0.80199,0.80205,0.80195,0.80203
1783057440000,0.80201,0.80202,0.80196,0.80196
1783057500000,0.80197,0.80202,0.80195,0.802
1783057560000,0.80199,0.80202,0.80199,0.802
1783057620000,0.80201,0.80201,0.80197,0.80199
1783057680000,0.80197,0.80205,0.80197,0.80204
1783057740000,0.80204,0.80204,0.80199,0.80201
1783057800000,0.802,0.802,0.80196,0.80199
1783057860000,0.80201,0.80207,0.80201,0.80201
1783057920000,0.802,0.80201,0.80194,0.80194
1783057980000,0.80193,0.80195,0.80189,0.8019
1783058040000,0.80191,0.80196,0.8019,0.80191
1783058100000,0.80194,0.80218,0.80194,0.80214
1783058160000,0.80212,0.80219,0.80212,0.80218
1783058220000,0.80217,0.80224,0.80216,0.8022
1783058280000,0.80221,0.8023,0.80221,0.80227
1783058340000,0.80226,0.80228,0.80217,0.80218
1783058400000,0.80219,0.80222,0.80212,0.80212
1783058460000,0.80212,0.80216,0.80209,0.80215
1783058520000,0.80216,0.8022,0.8021,0.80218
1783058580000,0.80218,0.8022,0.80202,0.80205
1783058640000,0.80207,0.80209,0.80203,0.80206
1783058700000,0.80208,0.80208,0.80189,0.80191
1783058760000,0.80193,0.80193,0.80174,0.80188
1783058820000,0.80189,0.80192,0.80182,0.80191
1783058880000,0.80192,0.80194,0.80186,0.80188
1783058940000,0.80187,0.80187,0.80179,0.80179
1783059000000,0.8018,0.80192,0.8018,0.80192
1783059060000,0.80193,0.80199,0.80188,0.80188
1783059120000,0.8019,0.80196,0.8019,0.80193
1783059180000,0.80194,0.80196,0.80181,0.80181
1783059240000,0.8018,0.80181,0.8017,0.80171
1783059300000,0.80172,0.80172,0.80156,0.80156
1783059360000,0.80158,0.80161,0.80154,0.80155
1783059420000,0.80154,0.80154,0.80146,0.80148
1783059480000,0.80152,0.80157,0.80148,0.80152
1783059540000,0.80151,0.80152,0.80146,0.80151
1783059600000,0.80151,0.80162,0.8015,0.80162
1783059660000,0.80164,0.80171,0.80164,0.8017
1783059720000,0.80171,0.80175,0.80167,0.80169
1783059780000,0.80169,0.80192,0.80169,0.8019
1783059840000,0.8019,0.80195,0.80186,0.80195
1783059900000,0.80195,0.80195,0.80187,0.80191
1783059960000,0.80191,0.80191,0.80181,0.80181
1783060020000,0.8018,0.8018,0.80168,0.80171
1783060080000,0.8017,0.80171,0.80166,0.8017
1783060140000,0.80169,0.80187,0.80169,0.80177
1783060200000,0.80179,0.80183,0.80167,0.80168
1783060260000,0.8017,0.80173,0.80165,0.80167
1783060320000,0.80169,0.80176,0.80163,0.80169
1783060380000,0.8017,0.80172,0.80145,0.80148
1783060440000,0.80149,0.80149,0.80111,0.80122
1783060500000,0.80123,0.80139,0.80123,0.80127
1783060560000,0.80127,0.80129,0.80118,0.80124
1783060620000,0.80124,0.80129,0.8012,0.80123
1783060680000,0.80123,0.80124,0.80105,0.80106
1783060740000,0.80108,0.80126,0.80107,0.80115
1783060800000,0.80115,0.80125,0.80113,0.80124
1783060860000,0.80123,0.80135,0.80115,0.80118
1783060920000,0.8012,0.80132,0.80119,0.80122
1783060980000,0.80122,0.80126,0.8012,0.80124
1783061040000,0.80124,0.80129,0.80114,0.80115
1783061100000,0.80115,0.8012,0.80113,0.80115
1783061160000,0.80114,0.80115,0.80103,0.80108
1783061220000,0.80107,0.80121,0.80107,0.80113
1783061280000,0.80113,0.80115,0.80102,0.80102
1783061340000,0.80103,0.80114,0.801,0.80111
1783061400000,0.8011,0.80121,0.8011,0.8012
1783061460000,0.8012,0.80127,0.80116,0.80121
1783061520000,0.80121,0.80128,0.80119,0.8012
1783061580000,0.8012,0.80132,0.80119,0.80132
1783061640000,0.80132,0.80136,0.8013,0.80132
1783061700000,0.80133,0.80143,0.80131,0.80139
1783061760000,0.80141,0.80156,0.80139,0.80156
1783061820000,0.80154,0.80165,0.80154,0.80165
1783061880000,0.80166,0.80166,0.80147,0.80153
1783061940000,0.80153,0.80162,0.80151,0.8016
1783062000000,0.80165,0.80181,0.80161,0.80181
1783062060000,0.80182,0.80182,0.80158,0.80158
1783062120000,0.80158,0.8017,0.80155,0.8017
1783062180000,0.8017,0.80173,0.80164,0.80164
1783062240000,0.80163,0.80172,0.80162,0.80168
1783062300000,0.80172,0.80174,0.80166,0.80166
1783062360000,0.80165,0.80171,0.80164,0.80168
1783062420000,0.80167,0.80174,0.80163,0.80173
1783062480000,0.80175,0.80175,0.80168,0.80172
1783062540000,0.80171,0.80173,0.80166,0.80167
1783062600000,0.80167,0.80167,0.80152,0.80156
1783062660000,0.80156,0.80161,0.80154,0.80157
1783062720000,0.80156,0.80159,0.80151,0.80153
1783062780000,0.80153,0.80158,0.80146,0.80146
1783062840000,0.80146,0.80151,0.80146,0.80149
1783062900000,0.8015,0.80154,0.80144,0.8015
1783062960000,0.80151,0.80153,0.80145,0.80149
1783063020000,0.80151,0.80161,0.80146,0.80157
1783063080000,0.80157,0.80159,0.80153,0.80159
1783063140000,0.8016,0.80162,0.80155,0.80161
1783063200000,0.80163,0.80163,0.80157,0.80162
1783063260000,0.80161,0.80165,0.80158,0.80161
1783063320000,0.80162,0.80176,0.80162,0.80175
1783063380000,0.80175,0.80181,0.80167,0.80169
1783063440000,0.80168,0.80168,0.80155,0.80157
1783063500000,0.80157,0.80163,0.80155,0.80157
1783063560000,0.80158,0.80162,0.80154,0.80156
1783063620000,0.80155,0.80156,0.80142,0.80146
1783063680000,0.80146,0.80153,0.8014,0.80144
1783063740000,0.80147,0.80155,0.80142,0.80149
1783063800000,0.8015,0.80156,0.80143,0.80156
1783063860000,0.80159,0.80193,0.80159,0.80186
1783063920000,0.80188,0.80197,0.80187,0.80197
1783063980000,0.80197,0.80203,0.80195,0.80202
1783064040000,0.802,0.80213,0.80199,0.80211
1783064100000,0.80212,0.80215,0.80201,0.80206
1783064160000,0.80205,0.80216,0.80205,0.80211
1783064220000,0.80211,0.80215,0.8021,0.8021
1783064280000,0.80211,0.80232,0.80211,0.80232
1783064340000,0.80231,0.80231,0.80222,0.80227
1783064400000,0.80226,0.80236,0.80223,0.80232
1783064460000,0.80232,0.80233,0.80222,0.80223
1783064520000,0.80225,0.80227,0.80214,0.80214
1783064580000,0.80214,0.80214,0.80197,0.802
1783064640000,0.80202,0.8021,0.80202,0.80205
1783064700000,0.80207,0.80219,0.80207,0.80218
1783064760000,0.80218,0.80222,0.80213,0.80214
1783064820000,0.80214,0.80217,0.80208,0.80208
1783064880000,0.80208,0.80208,0.80195,0.802
1783064940000,0.80202,0.80205,0.802,0.80203
1783065000000,0.80202,0.80205,0.8019,0.80191
1783065060000,0.80191,0.80195,0.80189,0.80194
1783065120000,0.80192,0.80195,0.80186,0.80195
1783065180000,0.80196,0.80199,0.80181,0.80182
1783065240000,0.80184,0.80185,0.80159,0.80162
1783065300000,0.80161,0.80169,0.80155,0.80161
1783065360000,0.80161,0.80164,0.80142,0.80152
1783065420000,0.80153,0.80168,0.80152,0.80165
1783065480000,0.80165,0.80181,0.80165,0.80181
1783065540000,0.8018,0.80187,0.80178,0.80186
1783065600000,0.80185,0.80196,0.80176,0.80196
1783065660000,0.80194,0.80206,0.80191,0.80203
1783065720000,0.80203,0.8021,0.80198,0.80198
1783065780000,0.80199,0.80209,0.80199,0.80209
1783065840000,0.80208,0.80218,0.80208,0.80209
1783065900000,0.80207,0.80208,0.80193,0.80201
1783065960000,0.802,0.80204,0.80198,0.80201
1783066020000,0.802,0.80205,0.80186,0.80195
1783066080000,0.80196,0.80203,0.80191,0.80198
1783066140000,0.80197,0.80197,0.80193,0.80193
1783066200000,0.80192,0.80199,0.80192,0.80198
1783066260000,0.80201,0.80208,0.80188,0.80188
1783066320000,0.80189,0.80194,0.80187,0.80191
1783066380000,0.80192,0.80199,0.8019,0.80191
1783066440000,0.80191,0.80198,0.8019,0.80197
1783066500000,0.80198,0.80201,0.80193,0.80201
1783066560000,0.80201,0.80217,0.80201,0.80216
1783066620000,0.80215,0.80215,0.80205,0.80207
1783066680000,0.80207,0.80207,0.80179,0.80179
1783066740000,0.80178,0.80193,0.80177,0.80192
1783066800000,0.80192,0.80204,0.80192,0.80201
1783066860000,0.802,0.80203,0.80197,0.80197
1783066920000,0.80195,0.80205,0.80192,0.80205
1783066980000,0.80205,0.80224,0.80203,0.80224
1783067040000,0.80223,0.80228,0.8022,0.80227
1783067100000,0.80227,0.80227,0.80217,0.80217
1783067160000,0.80217,0.80222,0.80216,0.80217
1783067220000,0.80216,0.80216,0.80208,0.80212
1783067280000,0.80212,0.80212,0.80198,0.80209
1783067340000,0.80208,0.80208,0.80205,0.80205
1783067400000,0.80207,0.80225,0.80207,0.80224
1783067460000,0.80225,0.80228,0.80221,0.80227
1783067520000,0.80227,0.80227,0.80202,0.80203
1783067580000,0.80202,0.80207,0.80196,0.80196
1783067640000,0.80195,0.80208,0.80193,0.80201
1783067700000,0.80202,0.8021,0.80201,0.80205
1783067760000,0.80204,0.80204,0.80192,0.80201
1783067820000,0.80201,0.80204,0.80199,0.80201
1783067880000,0.80204,0.8022,0.80204,0.80218
1783067940000,0.80219,0.80225,0.80217,0.80223
1783068000000,0.80225,0.80226,0.80218,0.80218
1783068060000,0.80217,0.80233,0.80216,0.80232
1783068120000,0.80231,0.80231,0.80225,0.80226
1783068180000,0.80226,0.80232,0.80226,0.80227
1783068240000,0.80227,0.80236,0.80225,0.80227
1783068300000,0.80225,0.8023,0.80225,0.80227
1783068360000,0.80227,0.80235,0.80227,0.80234
1783068420000,0.80234,0.80234,0.80223,0.80227
1783068480000,0.80227,0.80233,0.80225,0.80231
1783068540000,0.80231,0.80236,0.80229,0.80235
1783068600000,0.80233,0.80244,0.80231,0.80243
1783068660000,0.80244,0.80248,0.80242,0.80246
1783068720000,0.80247,0.80251,0.80243,0.80248
1783068780000,0.80247,0.8025,0.80243,0.80244
1783068840000,0.80246,0.80246,0.80242,0.80245
1783068900000,0.80244,0.80244,0.80228,0.80229
1783068960000,0.80229,0.80233,0.80229,0.8023
1783069020000,0.80232,0.80244,0.80232,0.80242
1783069080000,0.80242,0.80245,0.8024,0.80245
1783069140000,0.80244,0.8025,0.80244,0.8025
1783069200000,0.80251,0.80263,0.8025,0.80256
1783069260000,0.80256,0.8026,0.80255,0.80257
1783069320000,0.80257,0.80257,0.80251,0.80252
1783069380000,0.80252,0.80253,0.80247,0.8025
1783069440000,0.80249,0.80249,0.80237,0.80244
1783069500000,0.80244,0.80248,0.80239,0.80239
1783069560000,0.80239,0.80245,0.80236,0.80243
1783069620000,0.80245,0.80253,0.80245,0.80253
1783069680000,0.80252,0.80254,0.80244,0.80254
1783069740000,0.80253,0.80258,0.80251,0.80258
1783069800000,0.80257,0.80268,0.80257,0.80267
1783069860000,0.80266,0.80277,0.80265,0.80275
1783069920000,0.80274,0.80276,0.80267,0.80274
1783069980000,0.80275,0.80275,0.80264,0.80266
1783070040000,0.80266,0.8027,0.80262,0.80262
1783070100000,0.80263,0.80263,0.80253,0.80253
1783070160000,0.80254,0.80257,0.80249,0.80257
1783070220000,0.80257,0.80257,0.8025,0.80251
1783070280000,0.80251,0.80257,0.8025,0.80256
1783070340000,0.80255,0.80259,0.80248,0.80252
1783070400000,0.80252,0.80252,0.8024,0.80247
1783070460000,0.80248,0.8025,0.80247,0.80248
1783070520000,0.80249,0.80266,0.80249,0.80265
1783070580000,0.80265,0.80265,0.80262,0.80264
1783070640000,0.80264,0.80264,0.80259,0.80263
1783070700000,0.80264,0.80267,0.80261,0.80267
1783070760000,0.80267,0.80275,0.80263,0.80274
1783070820000,0.80275,0.80275,0.80269,0.8027
1783070880000,0.8027,0.80274,0.80267,0.80274
1783070940000,0.80275,0.80277,0.80273,0.80277
1783071000000,0.80276,0.80277,0.80271,0.80275
1783071060000,0.80275,0.80275,0.80272,0.80273
1783071120000,0.80274,0.80277,0.8027,0.80271
1783071180000,0.80269,0.80275,0.80268,0.80273
1783071240000,0.80274,0.80277,0.80271,0.80273
1783071300000,0.80274,0.80276,0.80268,0.80276
1783071360000,0.80277,0.80277,0.80273,0.80275
1783071420000,0.80275,0.80276,0.80271,0.80273
1783071480000,0.80275,0.8028,0.80272,0.80272
1783071540000,0.80273,0.8028,0.80273,0.80277
1783071600000,0.8028,0.8028,0.80277,0.80279
1783071660000,0.8028,0.80284,0.8028,0.80282
1783071720000,0.80282,0.80285,0.8028,0.80285
1783071780000,0.80285,0.80286,0.80279,0.80279
1783071840000,0.8028,0.80283,0.8028,0.80281
1783071900000,0.80283,0.80286,0.8028,0.80283
1783071960000,0.80285,0.80287,0.80283,0.80283
1783072020000,0.80285,0.80291,0.80283,0.80286
1783072080000,0.80286,0.80286,0.80283,0.80285
1783072140000,0.80286,0.80289,0.80283,0.80283
1783072200000,0.80284,0.80288,0.80281,0.80287
1783072260000,0.80287,0.80295,0.80287,0.80293
1783072320000,0.80292,0.803,0.80292,0.80299
1783072380000,0.80299,0.803,0.80295,0.80295
1783072440000,0.80296,0.803,0.80296,0.80297
1783072500000,0.80297,0.80307,0.80296,0.80305
1783072560000,0.80306,0.80321,0.80306,0.80321
1783072620000,0.80321,0.80322,0.80317,0.80321
1783072680000,0.80319,0.80322,0.80317,0.80322
1783072740000,0.80323,0.8033,0.80323,0.80326
1783072800000,0.80328,0.80329,0.80315,0.80322
1783072860000,0.80323,0.80324,0.80313,0.80315
1783072920000,0.80315,0.80317,0.80311,0.80314
1783072980000,0.80313,0.80315,0.80305,0.80309
1783073040000,0.80308,0.80316,0.80307,0.8031
1783073100000,0.80311,0.80315,0.80311,0.80313
1783073160000,0.80311,0.80315,0.80308,0.80313
1783073220000,0.80314,0.80317,0.80306,0.80306
1783073280000,0.80306,0.80306,0.80296,0.80296
1783073340000,0.80296,0.80299,0.80283,0.8029
1783073400000,0.8029,0.80291,0.80285,0.80287
1783073460000,0.80287,0.80289,0.80285,0.80285
1783073520000,0.80284,0.80292,0.80283,0.80291
1783073580000,0.8029,0.80292,0.80278,0.80292
1783073640000,0.80291,0.80292,0.80286,0.80287
1783073700000,0.80284,0.80295,0.80284,0.80294
1783073760000,0.80294,0.80294,0.80286,0.80291
1783073820000,0.80291,0.80293,0.80289,0.80291
1783073880000,0.8029,0.80294,0.80288,0.80289
1783073940000,0.80288,0.80291,0.80287,0.80288
1783074000000,0.80286,0.80286,0.8028,0.80281
1783074060000,0.80283,0.80287,0.80272,0.80274
1783074120000,0.80275,0.80275,0.80269,0.8027
1783074180000,0.8027,0.80281,0.8027,0.80281
1783074240000,0.80282,0.80289,0.80281,0.80289
1783074300000,0.80291,0.80294,0.80291,0.80293
1783074360000,0.80293,0.80297,0.80292,0.80296
1783074420000,0.80296,0.80296,0.80286,0.80288
1783074480000,0.80288,0.80291,0.80283,0.80289
1783074540000,0.80289,0.80292,0.80288,0.80291
1783074600000,0.8029,0.80297,0.80289,0.8029
1783074660000,0.8029,0.80294,0.80285,0.80286
1783074720000,0.80287,0.80288,0.80286,0.80287
1783074780000,0.80287,0.80288,0.80279,0.8028
1783074840000,0.80281,0.80281,0.80274,0.80274
1783074900000,0.80275,0.80277,0.80273,0.80274
1783074960000,0.80273,0.8028,0.80273,0.8028
1783075020000,0.80281,0.80285,0.8028,0.80282
1783075080000,0.80282,0.80283,0.8028,0.8028
1783075140000,0.80279,0.80282,0.80277,0.80281
1783075200000,0.80281,0.80282,0.8028,0.80281
1783075260000,0.80281,0.80291,0.80281,0.8029
1783075320000,0.80289,0.8029,0.80284,0.80284
1783075380000,0.80283,0.80283,0.8027,0.80273
1783075440000,0.80271,0.80281,0.80271,0.80281
1783075500000,0.80282,0.80284,0.80282,0.80283
1783075560000,0.80283,0.80283,0.80281,0.80282
1783075620000,0.80282,0.80283,0.80279,0.80279
1783075680000,0.80279,0.80281,0.80279,0.8028
1783075740000,0.80279,0.80281,0.80274,0.80275
1783075800000,0.80275,0.80277,0.80275,0.80277
1783075860000,0.80277,0.80277,0.8027,0.8027
1783075920000,0.80269,0.80274,0.80266,0.80274
1783075980000,0.80273,0.80274,0.80272,0.80272
1783076040000,0.80273,0.80273,0.80267,0.80268
1783076100000,0.80268,0.80268,0.80265,0.80265
1783076160000,0.80265,0.80286,0.80265,0.80281
1783076220000,0.80281,0.80296,0.8028,0.80295
1783076280000,0.80295,0.80303,0.80295,0.80301
1783076340000,0.80301,0.80311,0.80301,0.8031
1783076400000,0.80312,0.80318,0.80312,0.80314
1783076460000,0.80313,0.80321,0.80312,0.80318
1783076520000,0.80317,0.80317,0.80311,0.80316
1783076580000,0.80317,0.80334,0.80313,0.80334
1783076640000,0.80333,0.80335,0.80326,0.80328
1783076700000,0.8033,0.8033,0.80323,0.80327
1783076760000,0.80327,0.80327,0.80296,0.80319
1783076820000,0.80318,0.80321,0.80308,0.80309
1783076880000,0.80308,0.8032,0.80308,0.80317
1783076940000,0.80317,0.80319,0.80305,0.80307
1783077000000,0.80307,0.80307,0.80295,0.80297
1783077060000,0.80297,0.80299,0.80295,0.80297
1783077120000,0.80297,0.80297,0.80284,0.80284
1783077180000,0.80285,0.80288,0.80278,0.80285
1783077240000,0.80285,0.8029,0.80274,0.80276
1783077300000,0.80276,0.80278,0.80267,0.80268
1783077360000,0.80269,0.80286,0.80268,0.80273
1783077420000,0.80273,0.80273,0.80256,0.80262
1783077480000,0.80262,0.80278,0.80261,0.80267
1783077540000,0.80266,0.80271,0.80264,0.80266
1783077600000,0.80266,0.80266,0.80257,0.80262
1783077660000,0.80264,0.80273,0.80262,0.80266
1783077720000,0.80266,0.80271,0.80262,0.80266
1783077780000,0.80266,0.80266,0.8025,0.80253
1783077840000,0.80253,0.80253,0.80243,0.80243
1783077900000,0.80247,0.80257,0.80247,0.80256
1783077960000,0.80258,0.80266,0.80257,0.80266
1783078020000,0.80265,0.80283,0.80265,0.8028
1783078080000,0.80279,0.80279,0.80271,0.80274
1783078140000,0.80275,0.80278,0.80273,0.80278
1783078200000,0.80279,0.8028,0.80274,0.80276
1783078260000,0.80278,0.80279,0.80269,0.80269
1783078320000,0.8027,0.80283,0.8027,0.80283
1783078380000,0.80284,0.80284,0.80272,0.80276
1783078440000,0.80276,0.80277,0.80274,0.80275
1783078500000,0.80275,0.80279,0.80271,0.80276
1783078560000,0.80276,0.80287,0.80276,0.80287
1783078620000,0.8029,0.80295,0.8029,0.8029
1783078680000,0.80291,0.80294,0.80289,0.80294
1783078740000,0.80294,0.80294,0.80285,0.80289
1783078800000,0.80289,0.80292,0.80284,0.80284
1783078860000,0.80284,0.80287,0.80281,0.80282
1783078920000,0.80282,0.80287,0.80281,0.80287
1783078980000,0.80284,0.80285,0.80279,0.80284
1783079040000,0.80284,0.80288,0.80284,0.80287
1783079100000,0.80286,0.80286,0.80276,0.80282
1783079160000,0.80284,0.80287,0.80279,0.80287
1783079220000,0.80286,0.80299,0.80284,0.80296
1783079280000,0.80293,0.80296,0.80291,0.80292
1783079340000,0.80291,0.80296,0.80289,0.80294
1783079400000,0.80296,0.80296,0.80286,0.80288
1783079460000,0.80288,0.80291,0.80287,0.80291
1783079520000,0.8029,0.803,0.8029,0.80296
1783079580000,0.80298,0.80303,0.80292,0.80295
1783079640000,0.80294,0.80295,0.80286,0.8029
1783079700000,0.80289,0.80294,0.80273,0.80273
1783079760000,0.80273,0.80283,0.80273,0.80279
1783079820000,0.80278,0.80283,0.80276,0.8028
1783079880000,0.80279,0.80279,0.80261,0.80264
1783079940000,0.80265,0.80269,0.80258,0.80259
1783080000000,0.80261,0.80269,0.80261,0.80267
1783080060000,0.80269,0.80272,0.80261,0.80261
1783080120000,0.8026,0.80262,0.8025,0.80261
1783080180000,0.80261,0.80273,0.80261,0.80273
1783080240000,0.80273,0.80273,0.80261,0.80261
1783080300000,0.80262,0.80265,0.80254,0.80264
1783080360000,0.80263,0.80264,0.80255,0.80255
1783080420000,0.80255,0.80255,0.80233,0.80234
1783080480000,0.80235,0.80244,0.80233,0.80244
1783080540000,0.80244,0.80272,0.80244,0.80271
1783080600000,0.80272,0.8028,0.80264,0.80264
1783080660000,0.80264,0.80274,0.80264,0.80273
1783080720000,0.80274,0.80274,0.80266,0.8027
1783080780000,0.80269,0.8027,0.80263,0.80268
1783080840000,0.8027,0.80279,0.8027,0.80277
1783080900000,0.80277,0.80284,0.80275,0.80282
1783080960000,0.80282,0.80285,0.80279,0.80284
1783081020000,0.80283,0.80288,0.80283,0.80288
1783081080000,0.8029,0.80294,0.80289,0.80292
1783081140000,0.80293,0.80303,0.8029,0.80303
1783081200000,0.80303,0.8031,0.80303,0.80308
1783081260000,0.80309,0.80313,0.80307,0.80312
1783081320000,0.80311,0.80312,0.80302,0.80303
1783081380000,0.80303,0.80305,0.80297,0.80301
1783081440000,0.80302,0.80306,0.80302,0.80306
1783081500000,0.80306,0.8031,0.80302,0.80305
1783081560000,0.80305,0.80306,0.80298,0.80302
1783081620000,0.80303,0.8031,0.80303,0.80308
1783081680000,0.8031,0.80311,0.80306,0.8031
1783081740000,0.80309,0.8031,0.80303,0.80304
1783081800000,0.80304,0.80305,0.803,0.80302
1783081860000,0.80302,0.80306,0.80301,0.80306
1783081920000,0.80306,0.80311,0.80302,0.80311
1783081980000,0.80312,0.80312,0.80308,0.80311
1783082040000,0.8031,0.8031,0.80295,0.80295
1783082100000,0.80295,0.803,0.80292,0.80293
1783082160000,0.80293,0.80298,0.80292,0.80298
1783082220000,0.80298,0.80302,0.80298,0.80299
1783082280000,0.80298,0.80299,0.80293,0.80295
1783082340000,0.80295,0.80297,0.80281,0.80281
1783082400000,0.80283,0.80284,0.80276,0.80281
1783082460000,0.80281,0.80288,0.80281,0.80286
1783082520000,0.80286,0.80296,0.80286,0.80296
1783082580000,0.80294,0.80302,0.80294,0.803
1783082640000,0.803,0.80302,0.80296,0.80301
1783082700000,0.80302,0.80305,0.80298,0.80298
1783082760000,0.80298,0.80302,0.80294,0.80294
1783082820000,0.80297,0.80311,0.80296,0.8031
1783082880000,0.80311,0.80318,0.80309,0.80316
1783082940000,0.80317,0.80321,0.80315,0.80316
1783083000000,0.80315,0.80319,0.80315,0.80317
1783083060000,0.80316,0.80321,0.80314,0.80316
1783083120000,0.80315,0.80319,0.80315,0.80318
1783083180000,0.80317,0.80326,0.80316,0.80324
1783083240000,0.80323,0.80325,0.80309,0.80309
1783083300000,0.80309,0.80314,0.80302,0.80305
1783083360000,0.80304,0.80311,0.80302,0.80303
1783083420000,0.80302,0.80302,0.80294,0.80298
1783083480000,0.80299,0.80311,0.80299,0.8031
1783083540000,0.80308,0.80316,0.80306,0.80314
1783083600000,0.80317,0.80329,0.80315,0.80325
1783083660000,0.80323,0.80334,0.80318,0.8032
1783083720000,0.80319,0.80319,0.80311,0.80312
1783083780000,0.80312,0.80315,0.80306,0.80313
1783083840000,0.80313,0.80322,0.80312,0.80321
1783083900000,0.8032,0.80323,0.80307,0.80307
1783083960000,0.80306,0.80333,0.80306,0.80329
1783084020000,0.8033,0.80335,0.80325,0.80325
1783084080000,0.80325,0.80328,0.80319,0.80328
1783084140000,0.80329,0.80336,0.80329,0.80331
1783084200000,0.80331,0.80342,0.80331,0.80339
1783084260000,0.80341,0.80347,0.8034,0.80345
1783084320000,0.80344,0.80356,0.80344,0.80346
1783084380000,0.80345,0.8035,0.80335,0.80337
1783084440000,0.80337,0.80339,0.80329,0.80338
1783084500000,0.80339,0.80356,0.80338,0.80353
1783084560000,0.80353,0.8036,0.8035,0.80359
1783084620000,0.80359,0.80363,0.80355,0.80362
1783084680000,0.80362,0.80363,0.80353,0.80354
1783084740000,0.80352,0.80356,0.80348,0.8035
1783084800000,0.80347,0.80347,0.80338,0.80338
1783084860000,0.8034,0.80341,0.80338,0.80339
1783084920000,0.80338,0.80348,0.80329,0.80347
1783084980000,0.80347,0.80352,0.80342,0.80352
1783085040000,0.80353,0.80355,0.8035,0.8035
1783085100000,0.80349,0.80349,0.80345,0.80345
1783085160000,0.80346,0.80351,0.80345,0.8035
1783085220000,0.8035,0.80356,0.80345,0.80347
1783085280000,0.80346,0.80356,0.80344,0.80356
1783085340000,0.80356,0.80356,0.80348,0.80348
1783085400000,0.80349,0.80362,0.80348,0.80362
1783085460000,0.80361,0.80361,0.80347,0.8035
1783085520000,0.80351,0.80357,0.8035,0.80356
1783085580000,0.80354,0.80362,0.80354,0.80358
1783085640000,0.80357,0.80357,0.80352,0.80352
1783085700000,0.80352,0.80352,0.80347,0.80348
1783085760000,0.80349,0.80354,0.80347,0.80354
1783085820000,0.80353,0.80356,0.80351,0.80356
1783085880000,0.80356,0.80356,0.80349,0.80356
1783085940000,0.80355,0.80358,0.80353,0.80357
1783086000000,0.80355,0.80359,0.80354,0.80356
1783086060000,0.80358,0.80358,0.80353,0.80355
1783086120000,0.80357,0.80358,0.80351,0.80353
1783086180000,0.80352,0.80356,0.80351,0.80354
1783086240000,0.80352,0.80354,0.80349,0.80351
1783086300000,0.80353,0.80354,0.80347,0.80352
1783086360000,0.80352,0.80355,0.80347,0.80347
1783086420000,0.80348,0.80351,0.8034,0.8034
1783086480000,0.80342,0.80342,0.80334,0.80341
1783086540000,0.80341,0.80342,0.80337,0.8034
1783086600000,0.8034,0.80343,0.8034,0.8034
1783086660000,0.80339,0.80341,0.80332,0.80338
1783086720000,0.80337,0.80348,0.80337,0.80344
1783086780000,0.80344,0.80348,0.80344,0.80348
1783086840000,0.80348,0.80361,0.80348,0.80358
1783086900000,0.80359,0.80359,0.80338,0.80341
1783086960000,0.80341,0.80343,0.80339,0.80341
1783087020000,0.80343,0.80345,0.80338,0.80345
1783087080000,0.80347,0.80355,0.80347,0.80351
1783087140000,0.80351,0.80359,0.8035,0.8035
1783087200000,0.8035,0.80361,0.8035,0.80359
1783087260000,0.80359,0.80367,0.80356,0.80365
1783087320000,0.80364,0.80366,0.80362,0.80363
1783087380000,0.80363,0.80364,0.80353,0.80353
1783087440000,0.80352,0.80353,0.80342,0.80352
1783087500000,0.80351,0.80351,0.80345,0.80347
1783087560000,0.80348,0.80355,0.80348,0.80352
1783087620000,0.80351,0.80352,0.80346,0.8035
1783087680000,0.80349,0.80349,0.80345,0.80349
1783087740000,0.80348,0.80354,0.80335,0.80335
1783087800000,0.80336,0.80337,0.8033,0.80335
1783087860000,0.80335,0.80336,0.80329,0.80329
1783087920000,0.80331,0.80335,0.80329,0.8033
1783087980000,0.8033,0.80338,0.80329,0.80337
1783088040000,0.80337,0.80345,0.80336,0.80339
1783088100000,0.80339,0.80339,0.80324,0.80324
1783088160000,0.80322,0.80322,0.80315,0.80321
1783088220000,0.80322,0.80325,0.8032,0.8032
1783088280000,0.80319,0.80323,0.80317,0.80319
1783088340000,0.80318,0.80321,0.80316,0.80318
1783088400000,0.80319,0.80323,0.80314,0.80314
1783088460000,0.80313,0.80315,0.80309,0.80309
1783088520000,0.8031,0.80327,0.80309,0.80326
1783088580000,0.80326,0.80329,0.80322,0.80322
1783088640000,0.80323,0.80327,0.80321,0.80324
1783088700000,0.80324,0.80324,0.8031,0.80311
1783088760000,0.80311,0.80311,0.80301,0.80302
1783088820000,0.80301,0.80302,0.80292,0.80294
1783088880000,0.80294,0.80297,0.80292,0.80296
1783088940000,0.80296,0.80296,0.8029,0.8029
1783089000000,0.8029,0.80292,0.80285,0.80292
1783089060000,0.80293,0.80303,0.80293,0.80303
1783089120000,0.80301,0.80304,0.80298,0.803
1783089180000,0.80301,0.80302,0.8029,0.80291
1783089240000,0.80291,0.80298,0.80281,0.80285
1783089300000,0.80283,0.80293,0.80281,0.80292
1783089360000,0.80293,0.80299,0.80292,0.80299
1783089420000,0.803,0.80307,0.803,0.80301
1783089480000,0.80302,0.80306,0.80302,0.80305
1783089540000,0.80305,0.80305,0.803,0.803
1783089600000,0.803,0.80303,0.80289,0.80289
1783089660000,0.80291,0.80291,0.80283,0.80283
1783089720000,0.80286,0.80299,0.80282,0.80298
1783089780000,0.80299,0.80299,0.8029,0.80291
1783089840000,0.80291,0.80308,0.80289,0.80308
1783089900000,0.80309,0.80309,0.80296,0.80299
1783089960000,0.80299,0.80306,0.80298,0.80306
1783090020000,0.80305,0.80306,0.80301,0.80304
1783090080000,0.80304,0.80304,0.80298,0.80301
1783090140000,0.80299,0.80308,0.80299,0.80308
1783090200000,0.80308,0.80309,0.80299,0.80307
1783090260000,0.80307,0.8031,0.80304,0.80305
1783090320000,0.80306,0.8031,0.80304,0.8031
1783090380000,0.80311,0.80316,0.80306,0.80312
1783090440000,0.80312,0.80315,0.80309,0.80309
1783090500000,0.80308,0.80317,0.80308,0.80314
1783090560000,0.80314,0.80327,0.80314,0.80321
1783090620000,0.80322,0.80337,0.80322,0.8033
1783090680000,0.80331,0.80331,0.80326,0.80327
1783090740000,0.80328,0.80334,0.80327,0.80334
1783090800000,0.80332,0.80333,0.80318,0.80318
1783090860000,0.80317,0.80328,0.80317,0.80324
1783090920000,0.80324,0.80329,0.80323,0.80329
1783090980000,0.80329,0.80334,0.80322,0.80333
1783091040000,0.80334,0.80341,0.80333,0.8034
1783091100000,0.8034,0.80349,0.80339,0.80348
1783091160000,0.8035,0.8035,0.80341,0.80341
1783091220000,0.80341,0.80343,0.80327,0.80327
1783091280000,0.80328,0.80329,0.80323,0.80325
1783091340000,0.80325,0.80326,0.80321,0.80325
1783091400000,0.80325,0.80331,0.80314,0.80314
1783091460000,0.80314,0.80315,0.80312,0.80315
1783091520000,0.80316,0.80331,0.80316,0.80327
1783091580000,0.80329,0.80331,0.80327,0.80328
1783091640000,0.80327,0.80328,0.80325,0.80325
1783091700000,0.80326,0.80331,0.8032,0.8032
1783091760000,0.80321,0.80322,0.80319,0.8032
1783091820000,0.80319,0.80322,0.8031,0.80314
1783091880000,0.80315,0.8032,0.80313,0.8032
1783091940000,0.80321,0.80322,0.80319,0.80321
1783092000000,0.80319,0.80333,0.80319,0.80333
1783092060000,0.80333,0.80333,0.80331,0.80333
1783092120000,0.80333,0.80339,0.80329,0.80338
1783092180000,0.80337,0.80338,0.80337,0.80337
1783092240000,0.80338,0.80339,0.80335,0.80339
1783092300000,0.8034,0.80348,0.8034,0.80347
1783092360000,0.80346,0.80347,0.80345,0.80345
1783092420000,0.80346,0.80352,0.80341,0.8035
1783092480000,0.8035,0.8035,0.80341,0.80341
1783092540000,0.8034,0.8034,0.80331,0.80335
1783092600000,0.80334,0.80337,0.80333,0.80335
1783092660000,0.80332,0.8034,0.8033,0.80337
1783092720000,0.80338,0.80343,0.80331,0.80338
1783092780000,0.80336,0.80338,0.80333,0.80338
1783092840000,0.80338,0.80338,0.80331,0.80337
1783092900000,0.80334,0.80336,0.80333,0.80333
1783092960000,0.80329,0.80331,0.80326,0.80329
1783093020000,0.80328,0.80337,0.80328,0.80335
1783093080000,0.80336,0.8034,0.80336,0.80339
1783093140000,0.8034,0.80341,0.80338,0.80341
1783093200000,0.80341,0.80343,0.8034,0.80341
1783093260000,0.8034,0.80346,0.8034,0.80343
1783093320000,0.80344,0.80345,0.80342,0.80344
1783093380000,0.80344,0.80347,0.80344,0.80346
1783093440000,0.80348,0.80356,0.80346,0.80355
1783093500000,0.80354,0.80355,0.80351,0.80351
1783093560000,0.80349,0.80352,0.80349,0.8035
1783093620000,0.80352,0.80352,0.80351,0.80351
1783093680000,0.80351,0.80352,0.80346,0.80346
1783093740000,0.80347,0.80347,0.80343,0.80344
1783093800000,0.80345,0.80346,0.80345,0.80346
1783093860000,0.80347,0.80348,0.80345,0.80348
1783093920000,0.80349,0.80352,0.80349,0.80352
1783093980000,0.80351,0.80352,0.8035,0.80351
1783094040000,0.8035,0.80351,0.80345,0.80346
1783094100000,0.80346,0.80362,0.80346,0.80361
1783094160000,0.80361,0.80365,0.80356,0.80359
1783094220000,0.80358,0.80359,0.8035,0.80351
1783094280000,0.80351,0.80353,0.80343,0.80345
1783094340000,0.80344,0.80347,0.80336,0.80338
1783094400000,0.80338,0.80344,0.80337,0.80342
1783094460000,0.80342,0.80342,0.80333,0.80335
1783094520000,0.80336,0.80338,0.80334,0.80338
1783094580000,0.80337,0.80343,0.80329,0.80343
1783094640000,0.80342,0.80342,0.80334,0.80334
1783094700000,0.80333,0.80339,0.80333,0.80338
1783094760000,0.80338,0.80341,0.80338,0.8034
1783094820000,0.80339,0.8034,0.80337,0.80338
1783094880000,0.80338,0.80338,0.80336,0.80337
1783094940000,0.80336,0.80336,0.80332,0.80335
1783095000000,0.80333,0.80333,0.80331,0.80331
1783095060000,0.80331,0.80336,0.80331,0.80336
1783095120000,0.80336,0.80336,0.80334,0.80334
1783095180000,0.80334,0.80335,0.80333,0.80335
1783095240000,0.80337,0.80343,0.80336,0.80343
1783095300000,0.80342,0.80342,0.80342,0.80342
1783095360000,0.80342,0.80344,0.80341,0.80341
1783095420000,0.80343,0.80343,0.8034,0.8034
1783095480000,0.80341,0.80348,0.80341,0.80344
1783095540000,0.80343,0.80343,0.80341,0.80342
1783095600000,0.80341,0.80342,0.80337,0.80338
1783095660000,0.80338,0.80345,0.80338,0.80343
1783095720000,0.80345,0.80347,0.80344,0.80347
1783095780000,0.80348,0.80348,0.8034,0.80341
1783095840000,0.80341,0.80348,0.80341,0.80346
1783095900000,0.80346,0.80346,0.80344,0.80345
1783095960000,0.80346,0.80348,0.80346,0.80348
1783096020000,0.80347,0.80355,0.80346,0.80355
1783096080000,0.80353,0.80355,0.80352,0.80355
1783096140000,0.80355,0.80357,0.80351,0.80352
1783096200000,0.80351,0.80354,0.8035,0.80351
1783096260000,0.80351,0.80351,0.80346,0.80348
1783096320000,0.80347,0.80351,0.80347,0.8035
1783096380000,0.80352,0.80352,0.80349,0.80349
1783096440000,0.80351,0.80355,0.80351,0.80354
1783096500000,0.80355,0.80355,0.80348,0.80348
1783096560000,0.8035,0.80355,0.8035,0.80354
1783096620000,0.80355,0.80355,0.80353,0.80353
1783096680000,0.80354,0.80356,0.80354,0.80356
1783096740000,0.80356,0.80356,0.80355,0.80355
1783096800000,0.80355,0.80357,0.80354,0.80357
1783096860000,0.80356,0.80357,0.80356,0.80357
1783096920000,0.80358,0.80359,0.80358,0.80359
1783096980000,0.8036,0.80367,0.8036,0.80367
1783097040000,0.80367,0.80367,0.80363,0.80366
1783097100000,0.80364,0.80365,0.80363,0.80364
1783097160000,0.80365,0.80365,0.80361,0.80362
1783097220000,0.80362,0.80363,0.8036,0.80363
1783097280000,0.80362,0.80362,0.80359,0.80359
1783097340000,0.80361,0.80361,0.80357,0.80357
1783097400000,0.80357,0.80357,0.80351,0.80354
1783097460000,0.80355,0.80356,0.80354,0.80355
1783097520000,0.80353,0.80354,0.80344,0.80346
1783097580000,0.80344,0.80353,0.80343,0.80352
1783097640000,0.80353,0.80353,0.80351,0.80351
1783097700000,0.8035,0.80355,0.8035,0.80354
1783097760000,0.80353,0.80359,0.80353,0.80357
1783097820000,0.80358,0.80358,0.8035,0.80351
1783097880000,0.80352,0.80353,0.80351,0.80352
1783097940000,0.80353,0.80354,0.80351,0.80353
1783098000000,0.80352,0.80354,0.80346,0.80347
1783098060000,0.80347,0.80354,0.80346,0.80354
1783098120000,0.80354,0.80356,0.80349,0.8035
1783098180000,0.80351,0.80351,0.80349,0.80351
1783098240000,0.8035,0.80353,0.80346,0.8035
1783098300000,0.80349,0.8035,0.80343,0.80346
1783098360000,0.80346,0.80347,0.80335,0.80339
1783098420000,0.80339,0.80344,0.8033,0.80331
1783098480000,0.8033,0.80339,0.80328,0.80339
1783098540000,0.80339,0.80339,0.80333,0.80334
1783098600000,0.80336,0.80341,0.80333,0.80341
1783098660000,0.80339,0.80343,0.80336,0.8034
1783098720000,0.8034,0.80341,0.80338,0.80338
1783098780000,0.80339,0.80341,0.80334,0.80338
1783098840000,0.80338,0.80338,0.80332,0.80332
1783098900000,0.80332,0.8034,0.80326,0.80328
1783098960000,0.80328,0.80331,0.80328,0.80328
1783099020000,0.80329,0.80329,0.80325,0.80327
1783099080000,0.80325,0.80328,0.80324,0.80325
1783099140000,0.80325,0.80331,0.80322,0.80325
1783099200000,0.80325,0.80326,0.80322,0.80324
1783099260000,0.80325,0.80326,0.80321,0.80325
1783099320000,0.80325,0.80328,0.80321,0.80326
1783099380000,0.80326,0.80332,0.80326,0.80328
1783099440000,0.80326,0.8033,0.80326,0.8033
1783099500000,0.80331,0.80332,0.80326,0.80329
1783099560000,0.80329,0.80329,0.80325,0.80327
1783099620000,0.80326,0.80331,0.80322,0.80329
1783099680000,0.80327,0.80332,0.80323,0.80323
1783099740000,0.80325,0.8033,0.80321,0.80327
1783099800000,0.80323,0.80327,0.80323,0.80324
1783099860000,0.80323,0.80328,0.80323,0.80328
1783099920000,0.80329,0.80331,0.80327,0.80328
1783099980000,0.80328,0.80329,0.80328,0.80328
1783100040000,0.80328,0.80336,0.80327,0.80334
1783100100000,0.80335,0.80345,0.80332,0.80344
1783100160000,0.80345,0.80345,0.80336,0.80338
1783100220000,0.80338,0.80341,0.80329,0.80336
1783100280000,0.80334,0.80336,0.80328,0.80331
1783100340000,0.80331,0.80334,0.80327,0.80331
1783100400000,0.80334,0.80334,0.80322,0.80327
1783100460000,0.80327,0.80334,0.80323,0.8033
1783100520000,0.8033,0.80333,0.80326,0.8033
1783100580000,0.80329,0.80332,0.80322,0.80325
1783100640000,0.80326,0.80329,0.80318,0.80326
1783100700000,0.80324,0.8033,0.80321,0.80328
1783100760000,0.80327,0.8033,0.80321,0.80327
1783100820000,0.80325,0.80328,0.80322,0.80325
1783100880000,0.80326,0.80328,0.80322,0.80326
1783100940000,0.80327,0.80331,0.80324,0.8033
1783101000000,0.80329,0.80335,0.80326,0.80332
1783101060000,0.80332,0.80341,0.80325,0.8034
1783101120000,0.80341,0.80343,0.80335,0.80339
1783101180000,0.80338,0.80344,0.80327,0.80333
1783101240000,0.80334,0.80343,0.80331,0.8034
1783101300000,0.80339,0.80344,0.80335,0.80342
1783101360000,0.80339,0.80342,0.80333,0.80337
1783101420000,0.80339,0.8034,0.80331,0.80336
1783101480000,0.80337,0.80341,0.80333,0.80339
1783101540000,0.80338,0.80345,0.80333,0.80338
1783101600000,0.80341,0.80343,0.80329,0.80335
1783101660000,0.80337,0.80337,0.80325,0.80331
1783101720000,0.80331,0.80336,0.80325,0.80327
1783101780000,0.80332,0.80336,0.80325,0.80334
1783101840000,0.80333,0.80335,0.80327,0.80334
1783101900000,0.80333,0.80339,0.80329,0.80337
1783101960000,0.80337,0.80337,0.80326,0.80333
1783102020000,0.80332,0.80333,0.80323,0.8033
1783102080000,0.80329,0.80333,0.80321,0.80331
1783102140000,0.80331,0.8034,0.80325,0.80339
1783102200000,0.80338,0.80342,0.8033,0.80335
1783102260000,0.80335,0.8034,0.8033,0.80337
1783102320000,0.80338,0.8034,0.80332,0.80337
1783102380000,0.80336,0.80341,0.80334,0.80337
1783102440000,0.80335,0.80339,0.80335,0.80338
1783102500000,0.80337,0.80341,0.80332,0.80336
1783102560000,0.80337,0.80337,0.80327,0.80331
1783102620000,0.8033,0.80334,0.80325,0.80333
1783102680000,0.80333,0.80337,0.80328,0.8033
1783102740000,0.80329,0.80332,0.80324,0.80329
1783102800000,0.80329,0.80331,0.80324,0.80331
1783102860000,0.80331,0.80335,0.80328,0.8033
1783102920000,0.80332,0.80338,0.80328,0.80337
1783102980000,0.80336,0.80338,0.80332,0.80335
1783103040000,0.80335,0.8034,0.80329,0.80334
1783103100000,0.80334,0.80338,0.8033,0.80336
1783103160000,0.80333,0.80339,0.80333,0.80336
1783103220000,0.80336,0.80336,0.8033,0.80334
1783103280000,0.80334,0.80337,0.8033,0.80335
1783103340000,0.80334,0.8034,0.80334,0.80337
1783103400000,0.80338,0.80341,0.80336,0.80341
1783103460000,0.80341,0.80344,0.80339,0.80344
1783103520000,0.80345,0.80347,0.8034,0.80345
1783103580000,0.80345,0.80349,0.80342,0.80347
1783103640000,0.80347,0.80349,0.80341,0.80344
1783103700000,0.80344,0.80345,0.80335,0.80336
1783103760000,0.80338,0.80347,0.80335,0.8034
1783103820000,0.8034,0.80342,0.80333,0.80334
1783103880000,0.80334,0.80343,0.80331,0.80335
1783103940000,0.80335,0.80339,0.80333,0.80335
1783104000000,0.80335,0.80336,0.8033,0.80331
1783104060000,0.80331,0.80336,0.80328,0.80334
1783104120000,0.80334,0.80337,0.8033,0.80332
1783104180000,0.80332,0.80337,0.8033,0.80334
1783104240000,0.80334,0.80342,0.80332,0.80335
1783104300000,0.80336,0.8034,0.80332,0.80337
1783104360000,0.80338,0.8034,0.80334,0.80338
1783104420000,0.80338,0.80343,0.80336,0.80342
1783104480000,0.80343,0.80346,0.80338,0.80342
1783104540000,0.80342,0.80343,0.80334,0.80342
1783104600000,0.80343,0.80348,0.80339,0.80344
1783104660000,0.80344,0.80355,0.80342,0.80351
1783104720000,0.80352,0.80355,0.80348,0.80351
1783104780000,0.8035,0.80354,0.80347,0.80348
1783104840000,0.80348,0.80352,0.8034,0.80341
1783104900000,0.80341,0.80349,0.80341,0.80346
1783104960000,0.80343,0.80346,0.80339,0.80342
1783105020000,0.80345,0.80346,0.80299,0.80306
1783105080000,0.80301,0.80333,0.80298,0.80323
1783105140000,0.80323,0.80348,0.80321,0.80348
1783105200000,0.8035,0.80354,0.80349,0.8035
1783105260000,0.8035,0.8035,0.80331,0.80332
1783105320000,0.80331,0.80336,0.80317,0.80329
1783105380000,0.80329,0.80332,0.80327,0.80331
1783105440000,0.80332,0.80334,0.80328,0.80334
1783105500000,0.80333,0.80336,0.80328,0.80335
1783105560000,0.80336,0.80341,0.80334,0.80338
1783105620000,0.80338,0.80346,0.80337,0.80343
1783105680000,0.80342,0.80345,0.80339,0.80344
1783105740000,0.80344,0.80344,0.80336,0.8034
1783105800000,0.80342,0.80353,0.8034,0.80347
1783105860000,0.80347,0.80353,0.80347,0.80352
1783105920000,0.80352,0.80357,0.80345,0.80351
1783105980000,0.80354,0.80356,0.80348,0.80351
1783106040000,0.80352,0.80357,0.80352,0.80353
1783106100000,0.80353,0.80356,0.80349,0.80356
1783106160000,0.80356,0.80357,0.80345,0.80351
1783106220000,0.80351,0.80353,0.80347,0.80351
1783106280000,0.80352,0.80356,0.80346,0.8035
1783106340000,0.8035,0.80351,0.80345,0.80345
1783106400000,0.80344,0.80353,0.80344,0.80349
1783106460000,0.80348,0.80353,0.80341,0.80342
1783106520000,0.80343,0.80347,0.80339,0.80344
1783106580000,0.80344,0.80348,0.80337,0.80338
1783106640000,0.80338,0.80345,0.80337,0.80342
1783106700000,0.80342,0.80345,0.80339,0.80343
1783106760000,0.80343,0.80346,0.80341,0.80345
1783106820000,0.80343,0.80346,0.80342,0.80345
1783106880000,0.80347,0.80357,0.80346,0.80351
1783106940000,0.80352,0.80361,0.80352,0.80354
1783107000000,0.80356,0.8036,0.80354,0.80358
1783107060000,0.80358,0.8036,0.80357,0.80358
1783107120000,0.80358,0.8036,0.80357,0.80358
1783107180000,0.80359,0.80362,0.80357,0.80361
1783107240000,0.8036,0.80364,0.80359,0.80364
1783107300000,0.80362,0.80362,0.80358,0.8036
1783107360000,0.80362,0.80363,0.80359,0.80361
1783107420000,0.8036,0.80364,0.80358,0.80361
1783107480000,0.80362,0.80365,0.80356,0.80363
1783107540000,0.80362,0.80363,0.80358,0.80362
1783107600000,0.80358,0.80362,0.80358,0.80361
1783107660000,0.8036,0.80362,0.80358,0.80361
1783107720000,0.80359,0.80362,0.80358,0.80359
1783107780000,0.8036,0.80363,0.80358,0.80361
1783107840000,0.8036,0.80365,0.80359,0.80362
1783107900000,0.80363,0.80364,0.80358,0.80361
1783107960000,0.8036,0.80364,0.80358,0.80362
1783108020000,0.80363,0.80363,0.80359,0.80361
1783108080000,0.80362,0.80362,0.80359,0.80361
1783108140000,0.80363,0.80364,0.80361,0.80362
1783108200000,0.80363,0.80364,0.80361,0.80363
1783108260000,0.80363,0.80378,0.80358,0.80374
1783108320000,0.80377,0.80385,0.80375,0.80383
1783108380000,0.80384,0.80387,0.80379,0.80382
1783108440000,0.80382,0.80385,0.80381,0.80384
1783108500000,0.80381,0.80381,0.80363,0.80367
1783108560000,0.80366,0.80367,0.80365,0.80367
1783108620000,0.80366,0.80378,0.80366,0.80378
1783108680000,0.80381,0.80381,0.80369,0.80376
1783108740000,0.80376,0.80377,0.80376,0.80377
1783108800000,0.80377,0.80387,0.80377,0.80387
1783108860000,0.80387,0.80388,0.80387,0.80388
1783108920000,0.80388,0.80389,0.80381,0.80383
1783108980000,0.80383,0.80385,0.80381,0.80383
1783109040000,0.80383,0.80389,0.80383,0.80385
1783109100000,0.80385,0.80386,0.80383,0.80386
1783109160000,0.80385,0.80387,0.80378,0.80378
1783109220000,0.80378,0.80378,0.80377,0.80377
1783109280000,0.80377,0.80379,0.80376,0.80377
1783109340000,0.80376,0.8038,0.80374,0.8038
1783109400000,0.80381,0.80389,0.80381,0.80385
1783109460000,0.80384,0.80384,0.80379,0.80381
1783109520000,0.8038,0.8038,0.80378,0.80378
1783109580000,0.80377,0.80377,0.80374,0.80375
1783109640000,0.80377,0.80381,0.80376,0.8038
1783109700000,0.80381,0.80386,0.80381,0.80386
1783109760000,0.80386,0.8039,0.80385,0.80385
1783109820000,0.80385,0.80385,0.80383,0.80385
1783109880000,0.80385,0.80388,0.80378,0.80379
1783109940000,0.80378,0.8038,0.80378,0.8038
1783110000000,0.8038,0.80382,0.80376,0.80381
1783110060000,0.80382,0.80385,0.80381,0.80384
1783110120000,0.80386,0.80387,0.80371,0.80373
1783110180000,0.80371,0.80373,0.80365,0.80373
1783110240000,0.80373,0.80378,0.80371,0.80372
1783110300000,0.80379,0.80379,0.80368,0.80372
1783110360000,0.80371,0.80376,0.80371,0.80374
1783110420000,0.80374,0.80378,0.80373,0.80378
1783110480000,0.80379,0.80382,0.80377,0.80378
1783110540000,0.80378,0.80384,0.80378,0.80384
1783110600000,0.80382,0.80383,0.80376,0.80377
1783110660000,0.80376,0.80377,0.80375,0.80377
1783110720000,0.80378,0.80378,0.80375,0.80376
1783110780000,0.80376,0.80379,0.80376,0.80379
1783110840000,0.80379,0.80379,0.80375,0.80379
1783110900000,0.80379,0.80381,0.80376,0.80376
1783110960000,0.80379,0.80379,0.80379,0.80379
1783111020000,0.80379,0.80379,0.80353,0.80362
1783111080000,0.80361,0.80365,0.80354,0.80361
1783111140000,0.80361,0.80364,0.80361,0.80364
1783111200000,0.80365,0.80365,0.80357,0.80365
1783111260000,0.80363,0.80364,0.80358,0.80359
1783111320000,0.80363,0.80365,0.80357,0.80357
1783111380000,0.80364,0.80364,0.80358,0.80358
1783111440000,0.80354,0.80359,0.80354,0.80359
1783111500000,0.80359,0.80359,0.80354,0.80358
1783111560000,0.8036,0.80373,0.80358,0.80368
1783111620000,0.80368,0.80373,0.80362,0.80368
1783111680000,0.80363,0.8037,0.80361,0.80366
1783111740000,0.80366,0.80369,0.80364,0.80366
1783111800000,0.80366,0.80368,0.80364,0.80365
1783111860000,0.80367,0.80367,0.80362,0.80365
1783111920000,0.80366,0.80367,0.80361,0.80364
1783111980000,0.80367,0.80367,0.80363,0.80365
1783112040000,0.80366,0.80368,0.8036,0.8036
1783112100000,0.8036,0.8036,0.80354,0.80355
1783112160000,0.80355,0.80357,0.80354,0.80355
1783112220000,0.80354,0.80355,0.80349,0.80353
1783112280000,0.80353,0.80353,0.80344,0.80345
1783112340000,0.80344,0.80344,0.80287,0.80314
1783112400000,0.80314,0.80314,0.80314,0.80314
1783112460000,0.80314,0.80314,0.80314,0.80314
1783112520000,0.80314,0.80314,0.80314,0.80314
1783112580000,0.80314,0.80314,0.80314,0.80314
1783112640000,0.80314,0.80314,0.80314,0.80314
1783112700000,0.80314,0.80314,0.80314,0.80314
1783112760000,0.80314,0.80314,0.80314,0.80314
1783112820000,0.80314,0.80314,0.80314,0.80314
1783112880000,0.80314,0.80314,0.80314,0.80314
1783112940000,0.80314,0.80314,0.80314,0.80314
1783113000000,0.80314,0.80314,0.80314,0.80314
1783113060000,0.80314,0.80314,0.80314,0.80314
1783113120000,0.80314,0.80314,0.80314,0.80314
1783113180000,0.80314,0.80314,0.80314,0.80314
1783113240000,0.80314,0.80314,0.80314,0.80314
1783113300000,0.80314,0.80314,0.80314,0.80314
1783113360000,0.80314,0.80314,0.80314,0.80314
1783113420000,0.80314,0.80314,0.80314,0.80314
1783113480000,0.80314,0.80314,0.80314,0.80314
1783113540000,0.80314,0.80314,0.80314,0.80314
1783113600000,0.80314,0.80314,0.80314,0.80314
1783113660000,0.80314,0.80314,0.80314,0.80314
1783113720000,0.80314,0.80314,0.80314,0.80314
1783113780000,0.80314,0.80314,0.80314,0.80314
1783113840000,0.80314,0.80314,0.80314,0.80314
1783113900000,0.80314,0.80314,0.80314,0.80314
1783113960000,0.80314,0.80314,0.80314,0.80314
1783114020000,0.80314,0.80314,0.80314,0.80314
1783114080000,0.80314,0.80314,0.80314,0.80314
1783114140000,0.80314,0.80314,0.80314,0.80314
1783114200000,0.80314,0.80314,0.80314,0.80314
1783114260000,0.80314,0.80314,0.80314,0.80314
1783114320000,0.80314,0.80314,0.80314,0.80314
1783114380000,0.80314,0.80314,0.80314,0.80314
1783114440000,0.80314,0.80314,0.80314,0.80314
1783114500000,0.80314,0.80314,0.80314,0.80314
1783114560000,0.80314,0.80314,0.80314,0.80314
1783114620000,0.80314,0.80314,0.80314,0.80314
1783114680000,0.80314,0.80314,0.80314,0.80314
1783114740000,0.80314,0.80314,0.80314,0.80314
1783114800000,0.80314,0.80314,0.80314,0.80314
1783114860000,0.80314,0.80314,0.80314,0.80314
1783114920000,0.80314,0.80314,0.80314,0.80314
1783114980000,0.80314,0.80314,0.80314,0.80314
1783115040000,0.80314,0.80314,0.80314,0.80314
1783115100000,0.80314,0.80314,0.80314,0.80314
1783115160000,0.80314,0.80314,0.80314,0.80314
1783115220000,0.80314,0.80314,0.80314,0.80314
1783115280000,0.80314,0.80314,0.80314,0.80314
1783115340000,0.80314,0.80314,0.80314,0.80314
1783115400000,0.80314,0.80314,0.80314,0.80314
1783115460000,0.80314,0.80314,0.80314,0.80314
1783115520000,0.80314,0.80314,0.80314,0.80314
1783115580000,0.80314,0.80314,0.80314,0.80314
1783115640000,0.80314,0.80314,0.80314,0.80314
1783115700000,0.80314,0.80314,0.80314,0.80314
1783115760000,0.80314,0.80314,0.80314,0.80314
1783115820000,0.80314,0.80314,0.80314,0.80314
1783115880000,0.80314,0.80314,0.80314,0.80314
1783115940000,0.80314,0.80314,0.80314,0.80314
1783116000000,0.80314,0.80314,0.80314,0.80314
1783116060000,0.80314,0.80314,0.80314,0.80314
1783116120000,0.80314,0.80314,0.80314,0.80314
1783116180000,0.80314,0.80314,0.80314,0.80314
1783116240000,0.80314,0.80314,0.80314,0.80314
1783116300000,0.80314,0.80314,0.80314,0.80314
1783116360000,0.80314,0.80314,0.80314,0.80314
1783116420000,0.80314,0.80314,0.80314,0.80314
1783116480000,0.80314,0.80314,0.80314,0.80314
1783116540000,0.80314,0.80314,0.80314,0.80314
1783116600000,0.80314,0.80314,0.80314,0.80314
1783116660000,0.80314,0.80314,0.80314,0.80314
1783116720000,0.80314,0.80314,0.80314,0.80314
1783116780000,0.80314,0.80314,0.80314,0.80314
1783116840000,0.80314,0.80314,0.80314,0.80314
1783116900000,0.80314,0.80314,0.80314,0.80314
1783116960000,0.80314,0.80314,0.80314,0.80314
1783117020000,0.80314,0.80314,0.80314,0.80314
1783117080000,0.80314,0.80314,0.80314,0.80314
1783117140000,0.80314,0.80314,0.80314,0.80314
1783117200000,0.80314,0.80314,0.80314,0.80314
1783117260000,0.80314,0.80314,0.80314,0.80314
1783117320000,0.80314,0.80314,0.80314,0.80314
1783117380000,0.80314,0.80314,0.80314,0.80314
1783117440000,0.80314,0.80314,0.80314,0.80314
1783117500000,0.80314,0.80314,0.80314,0.80314
1783117560000,0.80314,0.80314,0.80314,0.80314
1783117620000,0.80314,0.80314,0.80314,0.80314
1783117680000,0.80314,0.80314,0.80314,0.80314
1783117740000,0.80314,0.80314,0.80314,0.80314
1783117800000,0.80314,0.80314,0.80314,0.80314
1783117860000,0.80314,0.80314,0.80314,0.80314
1783117920000,0.80314,0.80314,0.80314,0.80314
1783117980000,0.80314,0.80314,0.80314,0.80314
1783118040000,0.80314,0.80314,0.80314,0.80314
1783118100000,0.80314,0.80314,0.80314,0.80314
1783118160000,0.80314,0.80314,0.80314,0.80314
1783118220000,0.80314,0.80314,0.80314,0.80314
1783118280000,0.80314,0.80314,0.80314,0.80314
1783118340000,0.80314,0.80314,0.80314,0.80314
1783118400000,0.80314,0.80314,0.80314,0.80314
1783118460000,0.80314,0.80314,0.80314,0.80314
1783118520000,0.80314,0.80314,0.80314,0.80314
1783118580000,0.80314,0.80314,0.80314,0.80314
1783118640000,0.80314,0.80314,0.80314,0.80314
1783118700000,0.80314,0.80314,0.80314,0.80314
1783118760000,0.80314,0.80314,0.80314,0.80314
1783118820000,0.80314,0.80314,0.80314,0.80314
1783118880000,0.80314,0.80314,0.80314,0.80314
1783118940000,0.80314,0.80314,0.80314,0.80314
1783119000000,0.80314,0.80314,0.80314,0.80314
1783119060000,0.80314,0.80314,0.80314,0.80314
1783119120000,0.80314,0.80314,0.80314,0.80314
1783119180000,0.80314,0.80314,0.80314,0.80314
1783119240000,0.80314,0.80314,0.80314,0.80314
1783119300000,0.80314,0.80314,0.80314,0.80314
1783119360000,0.80314,0.80314,0.80314,0.80314
1783119420000,0.80314,0.80314,0.80314,0.80314
1783119480000,0.80314,0.80314,0.80314,0.80314
1783119540000,0.80314,0.80314,0.80314,0.80314
1783119600000,0.80314,0.80314,0.80314,0.80314
1783119660000,0.80314,0.80314,0.80314,0.80314
1783119720000,0.80314,0.80314,0.80314,0.80314
1783119780000,0.80314,0.80314,0.80314,0.80314
1783119840000,0.80314,0.80314,0.80314,0.80314
1783119900000,0.80314,0.80314,0.80314,0.80314
1783119960000,0.80314,0.80314,0.80314,0.80314
1783120020000,0.80314,0.80314,0.80314,0.80314
1783120080000,0.80314,0.80314,0.80314,0.80314
1783120140000,0.80314,0.80314,0.80314,0.80314
1783120200000,0.80314,0.80314,0.80314,0.80314
1783120260000,0.80314,0.80314,0.80314,0.80314
1783120320000,0.80314,0.80314,0.80314,0.80314
1783120380000,0.80314,0.80314,0.80314,0.80314
1783120440000,0.80314,0.80314,0.80314,0.80314
1783120500000,0.80314,0.80314,0.80314,0.80314
1783120560000,0.80314,0.80314,0.80314,0.80314
1783120620000,0.80314,0.80314,0.80314,0.80314
1783120680000,0.80314,0.80314,0.80314,0.80314
1783120740000,0.80314,0.80314,0.80314,0.80314
1783120800000,0.80314,0.80314,0.80314,0.80314
1783120860000,0.80314,0.80314,0.80314,0.80314
1783120920000,0.80314,0.80314,0.80314,0.80314
1783120980000,0.80314,0.80314,0.80314,0.80314
1783121040000,0.80314,0.80314,0.80314,0.80314
1783121100000,0.80314,0.80314,0.80314,0.80314
1783121160000,0.80314,0.80314,0.80314,0.80314
1783121220000,0.80314,0.80314,0.80314,0.80314
1783121280000,0.80314,0.80314,0.80314,0.80314
1783121340000,0.80314,0.80314,0.80314,0.80314
1783121400000,0.80314,0.80314,0.80314,0.80314
1783121460000,0.80314,0.80314,0.80314,0.80314
1783121520000,0.80314,0.80314,0.80314,0.80314
1783121580000,0.80314,0.80314,0.80314,0.80314
1783121640000,0.80314,0.80314,0.80314,0.80314
1783121700000,0.80314,0.80314,0.80314,0.80314
1783121760000,0.80314,0.80314,0.80314,0.80314
1783121820000,0.80314,0.80314,0.80314,0.80314
1783121880000,0.80314,0.80314,0.80314,0.80314
1783121940000,0.80314,0.80314,0.80314,0.80314
1783122000000,0.80314,0.80314,0.80314,0.80314
1783122060000,0.80314,0.80314,0.80314,0.80314
1783122120000,0.80314,0.80314,0.80314,0.80314
1783122180000,0.80314,0.80314,0.80314,0.80314
1783122240000,0.80314,0.80314,0.80314,0.80314
1783122300000,0.80314,0.80314,0.80314,0.80314
1783122360000,0.80314,0.80314,0.80314,0.80314
1783122420000,0.80314,0.80314,0.80314,0.80314
1783122480000,0.80314,0.80314,0.80314,0.80314
1783122540000,0.80314,0.80314,0.80314,0.80314
1783122600000,0.80314,0.80314,0.80314,0.80314
1783122660000,0.80314,0.80314,0.80314,0.80314
1783122720000,0.80314,0.80314,0.80314,0.80314
1783122780000,0.80314,0.80314,0.80314,0.80314
1783122840000,0.80314,0.80314,0.80314,0.80314
1783122900000,0.80314,0.80314,0.80314,0.80314
1783122960000,0.80314,0.80314,0.80314,0.80314
1783123020000,0.80314,0.80314,0.80314,0.80314
1783123080000,0.80314,0.80314,0.80314,0.80314
1783123140000,0.80314,0.80314,0.80314,0.80314
1783123200000,0.80314,0.80314,0.80314,0.80314
1783123260000,0.80314,0.80314,0.80314,0.80314
1783123320000,0.80314,0.80314,0.80314,0.80314
1783123380000,0.80314,0.80314,0.80314,0.80314
1783123440000,0.80314,0.80314,0.80314,0.80314
1783123500000,0.80314,0.80314,0.80314,0.80314
1783123560000,0.80314,0.80314,0.80314,0.80314
1783123620000,0.80314,0.80314,0.80314,0.80314
1783123680000,0.80314,0.80314,0.80314,0.80314
1783123740000,0.80314,0.80314,0.80314,0.80314
1783123800000,0.80314,0.80314,0.80314,0.80314
1783123860000,0.80314,0.80314,0.80314,0.80314
1783123920000,0.80314,0.80314,0.80314,0.80314
1783123980000,0.80314,0.80314,0.80314,0.80314
1783124040000,0.80314,0.80314,0.80314,0.80314
1783124100000,0.80314,0.80314,0.80314,0.80314
1783124160000,0.80314,0.80314,0.80314,0.80314
1783124220000,0.80314,0.80314,0.80314,0.80314
1783124280000,0.80314,0.80314,0.80314,0.80314
1783124340000,0.80314,0.80314,0.80314,0.80314
1783124400000,0.80314,0.80314,0.80314,0.80314
1783124460000,0.80314,0.80314,0.80314,0.80314
1783124520000,0.80314,0.80314,0.80314,0.80314
1783124580000,0.80314,0.80314,0.80314,0.80314
1783124640000,0.80314,0.80314,0.80314,0.80314
1783124700000,0.80314,0.80314,0.80314,0.80314
1783124760000,0.80314,0.80314,0.80314,0.80314
1783124820000,0.80314,0.80314,0.80314,0.80314
1783124880000,0.80314,0.80314,0.80314,0.80314
1783124940000,0.80314,0.80314,0.80314,0.80314
1783125000000,0.80314,0.80314,0.80314,0.80314
1783125060000,0.80314,0.80314,0.80314,0.80314
1783125120000,0.80314,0.80314,0.80314,0.80314
1783125180000,0.80314,0.80314,0.80314,0.80314
1783125240000,0.80314,0.80314,0.80314,0.80314
1783125300000,0.80314,0.80314,0.80314,0.80314
1783125360000,0.80314,0.80314,0.80314,0.80314
1783125420000,0.80314,0.80314,0.80314,0.80314
1783125480000,0.80314,0.80314,0.80314,0.80314
1783125540000,0.80314,0.80314,0.80314,0.80314
1783125600000,0.80314,0.80314,0.80314,0.80314
1783125660000,0.80314,0.80314,0.80314,0.80314
1783125720000,0.80314,0.80314,0.80314,0.80314
1783125780000,0.80314,0.80314,0.80314,0.80314
1783125840000,0.80314,0.80314,0.80314,0.80314
1783125900000,0.80314,0.80314,0.80314,0.80314
1783125960000,0.80314,0.80314,0.80314,0.80314
1783126020000,0.80314,0.80314,0.80314,0.80314
1783126080000,0.80314,0.80314,0.80314,0.80314
1783126140000,0.80314,0.80314,0.80314,0.80314
1783126200000,0.80314,0.80314,0.80314,0.80314
1783126260000,0.80314,0.80314,0.80314,0.80314
1783126320000,0.80314,0.80314,0.80314,0.80314
1783126380000,0.80314,0.80314,0.80314,0.80314
1783126440000,0.80314,0.80314,0.80314,0.80314
1783126500000,0.80314,0.80314,0.80314,0.80314
1783126560000,0.80314,0.80314,0.80314,0.80314
1783126620000,0.80314,0.80314,0.80314,0.80314
1783126680000,0.80314,0.80314,0.80314,0.80314
1783126740000,0.80314,0.80314,0.80314,0.80314
1783126800000,0.80314,0.80314,0.80314,0.80314
1783126860000,0.80314,0.80314,0.80314,0.80314
1783126920000,0.80314,0.80314,0.80314,0.80314
1783126980000,0.80314,0.80314,0.80314,0.80314
1783127040000,0.80314,0.80314,0.80314,0.80314
1783127100000,0.80314,0.80314,0.80314,0.80314
1783127160000,0.80314,0.80314,0.80314,0.80314
1783127220000,0.80314,0.80314,0.80314,0.80314
1783127280000,0.80314,0.80314,0.80314,0.80314
1783127340000,0.80314,0.80314,0.80314,0.80314
1783127400000,0.80314,0.80314,0.80314,0.80314
1783127460000,0.80314,0.80314,0.80314,0.80314
1783127520000,0.80314,0.80314,0.80314,0.80314
1783127580000,0.80314,0.80314,0.80314,0.80314
1783127640000,0.80314,0.80314,0.80314,0.80314
1783127700000,0.80314,0.80314,0.80314,0.80314
1783127760000,0.80314,0.80314,0.80314,0.80314
1783127820000,0.80314,0.80314,0.80314,0.80314
1783127880000,0.80314,0.80314,0.80314,0.80314
1783127940000,0.80314,0.80314,0.80314,0.80314
1783128000000,0.80314,0.80314,0.80314,0.80314
1783128060000,0.80314,0.80314,0.80314,0.80314
1783128120000,0.80314,0.80314,0.80314,0.80314
1783128180000,0.80314,0.80314,0.80314,0.80314
1783128240000,0.80314,0.80314,0.80314,0.80314
1783128300000,0.80314,0.80314,0.80314,0.80314
1783128360000,0.80314,0.80314,0.80314,0.80314
1783128420000,0.80314,0.80314,0.80314,0.80314
1783128480000,0.80314,0.80314,0.80314,0.80314
1783128540000,0.80314,0.80314,0.80314,0.80314
1783128600000,0.80314,0.80314,0.80314,0.80314
1783128660000,0.80314,0.80314,0.80314,0.80314
1783128720000,0.80314,0.80314,0.80314,0.80314
1783128780000,0.80314,0.80314,0.80314,0.80314
1783128840000,0.80314,0.80314,0.80314,0.80314
1783128900000,0.80314,0.80314,0.80314,0.80314
1783128960000,0.80314,0.80314,0.80314,0.80314
1783129020000,0.80314,0.80314,0.80314,0.80314
1783129080000,0.80314,0.80314,0.80314,0.80314
1783129140000,0.80314,0.80314,0.80314,0.80314
1783129200000,0.80314,0.80314,0.80314,0.80314
1783129260000,0.80314,0.80314,0.80314,0.80314
1783129320000,0.80314,0.80314,0.80314,0.80314
1783129380000,0.80314,0.80314,0.80314,0.80314
1783129440000,0.80314,0.80314,0.80314,0.80314
1783129500000,0.80314,0.80314,0.80314,0.80314
1783129560000,0.80314,0.80314,0.80314,0.80314
1783129620000,0.80314,0.80314,0.80314,0.80314
1783129680000,0.80314,0.80314,0.80314,0.80314
1783129740000,0.80314,0.80314,0.80314,0.80314
1783129800000,0.80314,0.80314,0.80314,0.80314
1783129860000,0.80314,0.80314,0.80314,0.80314
1783129920000,0.80314,0.80314,0.80314,0.80314
1783129980000,0.80314,0.80314,0.80314,0.80314
1783130040000,0.80314,0.80314,0.80314,0.80314
1783130100000,0.80314,0.80314,0.80314,0.80314
1783130160000,0.80314,0.80314,0.80314,0.80314
1783130220000,0.80314,0.80314,0.80314,0.80314
1783130280000,0.80314,0.80314,0.80314,0.80314
1783130340000,0.80314,0.80314,0.80314,0.80314
1783130400000,0.80314,0.80314,0.80314,0.80314
1783130460000,0.80314,0.80314,0.80314,0.80314
1783130520000,0.80314,0.80314,0.80314,0.80314
1783130580000,0.80314,0.80314,0.80314,0.80314
1783130640000,0.80314,0.80314,0.80314,0.80314
1783130700000,0.80314,0.80314,0.80314,0.80314
1783130760000,0.80314,0.80314,0.80314,0.80314
1783130820000,0.80314,0.80314,0.80314,0.80314
1783130880000,0.80314,0.80314,0.80314,0.80314
1783130940000,0.80314,0.80314,0.80314,0.80314
1783131000000,0.80314,0.80314,0.80314,0.80314
1783131060000,0.80314,0.80314,0.80314,0.80314
1783131120000,0.80314,0.80314,0.80314,0.80314
1783131180000,0.80314,0.80314,0.80314,0.80314
1783131240000,0.80314,0.80314,0.80314,0.80314
1783131300000,0.80314,0.80314,0.80314,0.80314
1783131360000,0.80314,0.80314,0.80314,0.80314
1783131420000,0.80314,0.80314,0.80314,0.80314
1783131480000,0.80314,0.80314,0.80314,0.80314
1783131540000,0.80314,0.80314,0.80314,0.80314
1783131600000,0.80314,0.80314,0.80314,0.80314
1783131660000,0.80314,0.80314,0.80314,0.80314
1783131720000,0.80314,0.80314,0.80314,0.80314
1783131780000,0.80314,0.80314,0.80314,0.80314
1783131840000,0.80314,0.80314,0.80314,0.80314
1783131900000,0.80314,0.80314,0.80314,0.80314
1783131960000,0.80314,0.80314,0.80314,0.80314
1783132020000,0.80314,0.80314,0.80314,0.80314
1783132080000,0.80314,0.80314,0.80314,0.80314
1783132140000,0.80314,0.80314,0.80314,0.80314
1783132200000,0.80314,0.80314,0.80314,0.80314
1783132260000,0.80314,0.80314,0.80314,0.80314
1783132320000,0.80314,0.80314,0.80314,0.80314
1783132380000,0.80314,0.80314,0.80314,0.80314
1783132440000,0.80314,0.80314,0.80314,0.80314
1783132500000,0.80314,0.80314,0.80314,0.80314
1783132560000,0.80314,0.80314,0.80314,0.80314
1783132620000,0.80314,0.80314,0.80314,0.80314
1783132680000,0.80314,0.80314,0.80314,0.80314
1783132740000,0.80314,0.80314,0.80314,0.80314
1783132800000,0.80314,0.80314,0.80314,0.80314
1783132860000,0.80314,0.80314,0.80314,0.80314
1783132920000,0.80314,0.80314,0.80314,0.80314
1783132980000,0.80314,0.80314,0.80314,0.80314
1783133040000,0.80314,0.80314,0.80314,0.80314
1783133100000,0.80314,0.80314,0.80314,0.80314
1783133160000,0.80314,0.80314,0.80314,0.80314
1783133220000,0.80314,0.80314,0.80314,0.80314
1783133280000,0.80314,0.80314,0.80314,0.80314
1783133340000,0.80314,0.80314,0.80314,0.80314
1783133400000,0.80314,0.80314,0.80314,0.80314
1783133460000,0.80314,0.80314,0.80314,0.80314
1783133520000,0.80314,0.80314,0.80314,0.80314
1783133580000,0.80314,0.80314,0.80314,0.80314
1783133640000,0.80314,0.80314,0.80314,0.80314
1783133700000,0.80314,0.80314,0.80314,0.80314
1783133760000,0.80314,0.80314,0.80314,0.80314
1783133820000,0.80314,0.80314,0.80314,0.80314
1783133880000,0.80314,0.80314,0.80314,0.80314
1783133940000,0.80314,0.80314,0.80314,0.80314
1783134000000,0.80314,0.80314,0.80314,0.80314
1783134060000,0.80314,0.80314,0.80314,0.80314
1783134120000,0.80314,0.80314,0.80314,0.80314
1783134180000,0.80314,0.80314,0.80314,0.80314
1783134240000,0.80314,0.80314,0.80314,0.80314
1783134300000,0.80314,0.80314,0.80314,0.80314
1783134360000,0.80314,0.80314,0.80314,0.80314
1783134420000,0.80314,0.80314,0.80314,0.80314
1783134480000,0.80314,0.80314,0.80314,0.80314
1783134540000,0.80314,0.80314,0.80314,0.80314
1783134600000,0.80314,0.80314,0.80314,0.80314
1783134660000,0.80314,0.80314,0.80314,0.80314
1783134720000,0.80314,0.80314,0.80314,0.80314
1783134780000,0.80314,0.80314,0.80314,0.80314
1783134840000,0.80314,0.80314,0.80314,0.80314
1783134900000,0.80314,0.80314,0.80314,0.80314
1783134960000,0.80314,0.80314,0.80314,0.80314
1783135020000,0.80314,0.80314,0.80314,0.80314
1783135080000,0.80314,0.80314,0.80314,0.80314
1783135140000,0.80314,0.80314,0.80314,0.80314
1783135200000,0.80314,0.80314,0.80314,0.80314
1783135260000,0.80314,0.80314,0.80314,0.80314
1783135320000,0.80314,0.80314,0.80314,0.80314
1783135380000,0.80314,0.80314,0.80314,0.80314
1783135440000,0.80314,0.80314,0.80314,0.80314
1783135500000,0.80314,0.80314,0.80314,0.80314
1783135560000,0.80314,0.80314,0.80314,0.80314
1783135620000,0.80314,0.80314,0.80314,0.80314
1783135680000,0.80314,0.80314,0.80314,0.80314
1783135740000,0.80314,0.80314,0.80314,0.80314
1783135800000,0.80314,0.80314,0.80314,0.80314
1783135860000,0.80314,0.80314,0.80314,0.80314
1783135920000,0.80314,0.80314,0.80314,0.80314
1783135980000,0.80314,0.80314,0.80314,0.80314
1783136040000,0.80314,0.80314,0.80314,0.80314
1783136100000,0.80314,0.80314,0.80314,0.80314
1783136160000,0.80314,0.80314,0.80314,0.80314
1783136220000,0.80314,0.80314,0.80314,0.80314
1783136280000,0.80314,0.80314,0.80314,0.80314
1783136340000,0.80314,0.80314,0.80314,0.80314
1783136400000,0.80314,0.80314,0.80314,0.80314
1783136460000,0.80314,0.80314,0.80314,0.80314
1783136520000,0.80314,0.80314,0.80314,0.80314
1783136580000,0.80314,0.80314,0.80314,0.80314
1783136640000,0.80314,0.80314,0.80314,0.80314
1783136700000,0.80314,0.80314,0.80314,0.80314
1783136760000,0.80314,0.80314,0.80314,0.80314
1783136820000,0.80314,0.80314,0.80314,0.80314
1783136880000,0.80314,0.80314,0.80314,0.80314
1783136940000,0.80314,0.80314,0.80314,0.80314
1783137000000,0.80314,0.80314,0.80314,0.80314
1783137060000,0.80314,0.80314,0.80314,0.80314
1783137120000,0.80314,0.80314,0.80314,0.80314
1783137180000,0.80314,0.80314,0.80314,0.80314
1783137240000,0.80314,0.80314,0.80314,0.80314
1783137300000,0.80314,0.80314,0.80314,0.80314
1783137360000,0.80314,0.80314,0.80314,0.80314
1783137420000,0.80314,0.80314,0.80314,0.80314
1783137480000,0.80314,0.80314,0.80314,0.80314
1783137540000,0.80314,0.80314,0.80314,0.80314
1783137600000,0.80314,0.80314,0.80314,0.80314
1783137660000,0.80314,0.80314,0.80314,0.80314
1783137720000,0.80314,0.80314,0.80314,0.80314
1783137780000,0.80314,0.80314,0.80314,0.80314
1783137840000,0.80314,0.80314,0.80314,0.80314
1783137900000,0.80314,0.80314,0.80314,0.80314
1783137960000,0.80314,0.80314,0.80314,0.80314
1783138020000,0.80314,0.80314,0.80314,0.80314
1783138080000,0.80314,0.80314,0.80314,0.80314
1783138140000,0.80314,0.80314,0.80314,0.80314
1783138200000,0.80314,0.80314,0.80314,0.80314
1783138260000,0.80314,0.80314,0.80314,0.80314
1783138320000,0.80314,0.80314,0.80314,0.80314
1783138380000,0.80314,0.80314,0.80314,0.80314
1783138440000,0.80314,0.80314,0.80314,0.80314
1783138500000,0.80314,0.80314,0.80314,0.80314
1783138560000,0.80314,0.80314,0.80314,0.80314
1783138620000,0.80314,0.80314,0.80314,0.80314
1783138680000,0.80314,0.80314,0.80314,0.80314
1783138740000,0.80314,0.80314,0.80314,0.80314
1783138800000,0.80314,0.80314,0.80314,0.80314
1783138860000,0.80314,0.80314,0.80314,0.80314
1783138920000,0.80314,0.80314,0.80314,0.80314
1783138980000,0.80314,0.80314,0.80314,0.80314
1783139040000,0.80314,0.80314,0.80314,0.80314
1783139100000,0.80314,0.80314,0.80314,0.80314
1783139160000,0.80314,0.80314,0.80314,0.80314
1783139220000,0.80314,0.80314,0.80314,0.80314
1783139280000,0.80314,0.80314,0.80314,0.80314
1783139340000,0.80314,0.80314,0.80314,0.80314
1783139400000,0.80314,0.80314,0.80314,0.80314
1783139460000,0.80314,0.80314,0.80314,0.80314
1783139520000,0.80314,0.80314,0.80314,0.80314
1783139580000,0.80314,0.80314,0.80314,0.80314
1783139640000,0.80314,0.80314,0.80314,0.80314
1783139700000,0.80314,0.80314,0.80314,0.80314
1783139760000,0.80314,0.80314,0.80314,0.80314
1783139820000,0.80314,0.80314,0.80314,0.80314
1783139880000,0.80314,0.80314,0.80314,0.80314
1783139940000,0.80314,0.80314,0.80314,0.80314
1783140000000,0.80314,0.80314,0.80314,0.80314
1783140060000,0.80314,0.80314,0.80314,0.80314
1783140120000,0.80314,0.80314,0.80314,0.80314
1783140180000,0.80314,0.80314,0.80314,0.80314
1783140240000,0.80314,0.80314,0.80314,0.80314
1783140300000,0.80314,0.80314,0.80314,0.80314
1783140360000,0.80314,0.80314,0.80314,0.80314
1783140420000,0.80314,0.80314,0.80314,0.80314
1783140480000,0.80314,0.80314,0.80314,0.80314
1783140540000,0.80314,0.80314,0.80314,0.80314
1783140600000,0.80314,0.80314,0.80314,0.80314
1783140660000,0.80314,0.80314,0.80314,0.80314
1783140720000,0.80314,0.80314,0.80314,0.80314
1783140780000,0.80314,0.80314,0.80314,0.80314
1783140840000,0.80314,0.80314,0.80314,0.80314
1783140900000,0.80314,0.80314,0.80314,0.80314
1783140960000,0.80314,0.80314,0.80314,0.80314
1783141020000,0.80314,0.80314,0.80314,0.80314
1783141080000,0.80314,0.80314,0.80314,0.80314
1783141140000,0.80314,0.80314,0.80314,0.80314
1783141200000,0.80314,0.80314,0.80314,0.80314
1783141260000,0.80314,0.80314,0.80314,0.80314
1783141320000,0.80314,0.80314,0.80314,0.80314
1783141380000,0.80314,0.80314,0.80314,0.80314
1783141440000,0.80314,0.80314,0.80314,0.80314
1783141500000,0.80314,0.80314,0.80314,0.80314
1783141560000,0.80314,0.80314,0.80314,0.80314
1783141620000,0.80314,0.80314,0.80314,0.80314
1783141680000,0.80314,0.80314,0.80314,0.80314
1783141740000,0.80314,0.80314,0.80314,0.80314
1783141800000,0.80314,0.80314,0.80314,0.80314
1783141860000,0.80314,0.80314,0.80314,0.80314
1783141920000,0.80314,0.80314,0.80314,0.80314
1783141980000,0.80314,0.80314,0.80314,0.80314
1783142040000,0.80314,0.80314,0.80314,0.80314
1783142100000,0.80314,0.80314,0.80314,0.80314
1783142160000,0.80314,0.80314,0.80314,0.80314
1783142220000,0.80314,0.80314,0.80314,0.80314
1783142280000,0.80314,0.80314,0.80314,0.80314
1783142340000,0.80314,0.80314,0.80314,0.80314
1783142400000,0.80314,0.80314,0.80314,0.80314
1783142460000,0.80314,0.80314,0.80314,0.80314
1783142520000,0.80314,0.80314,0.80314,0.80314
1783142580000,0.80314,0.80314,0.80314,0.80314
1783142640000,0.80314,0.80314,0.80314,0.80314
1783142700000,0.80314,0.80314,0.80314,0.80314
1783142760000,0.80314,0.80314,0.80314,0.80314
1783142820000,0.80314,0.80314,0.80314,0.80314
1783142880000,0.80314,0.80314,0.80314,0.80314
1783142940000,0.80314,0.80314,0.80314,0.80314
1783143000000,0.80314,0.80314,0.80314,0.80314
1783143060000,0.80314,0.80314,0.80314,0.80314
1783143120000,0.80314,0.80314,0.80314,0.80314
1783143180000,0.80314,0.80314,0.80314,0.80314
1783143240000,0.80314,0.80314,0.80314,0.80314
1783143300000,0.80314,0.80314,0.80314,0.80314
1783143360000,0.80314,0.80314,0.80314,0.80314
1783143420000,0.80314,0.80314,0.80314,0.80314
1783143480000,0.80314,0.80314,0.80314,0.80314
1783143540000,0.80314,0.80314,0.80314,0.80314
1783143600000,0.80314,0.80314,0.80314,0.80314
1783143660000,0.80314,0.80314,0.80314,0.80314
1783143720000,0.80314,0.80314,0.80314,0.80314
1783143780000,0.80314,0.80314,0.80314,0.80314
1783143840000,0.80314,0.80314,0.80314,0.80314
1783143900000,0.80314,0.80314,0.80314,0.80314
1783143960000,0.80314,0.80314,0.80314,0.80314
1783144020000,0.80314,0.80314,0.80314,0.80314
1783144080000,0.80314,0.80314,0.80314,0.80314
1783144140000,0.80314,0.80314,0.80314,0.80314
1783144200000,0.80314,0.80314,0.80314,0.80314
1783144260000,0.80314,0.80314,0.80314,0.80314
1783144320000,0.80314,0.80314,0.80314,0.80314
1783144380000,0.80314,0.80314,0.80314,0.80314
1783144440000,0.80314,0.80314,0.80314,0.80314
1783144500000,0.80314,0.80314,0.80314,0.80314
1783144560000,0.80314,0.80314,0.80314,0.80314
1783144620000,0.80314,0.80314,0.80314,0.80314
1783144680000,0.80314,0.80314,0.80314,0.80314
1783144740000,0.80314,0.80314,0.80314,0.80314
1783144800000,0.80314,0.80314,0.80314,0.80314
1783144860000,0.80314,0.80314,0.80314,0.80314
1783144920000,0.80314,0.80314,0.80314,0.80314
1783144980000,0.80314,0.80314,0.80314,0.80314
1783145040000,0.80314,0.80314,0.80314,0.80314
1783145100000,0.80314,0.80314,0.80314,0.80314
1783145160000,0.80314,0.80314,0.80314,0.80314
1783145220000,0.80314,0.80314,0.80314,0.80314
1783145280000,0.80314,0.80314,0.80314,0.80314
1783145340000,0.80314,0.80314,0.80314,0.80314
1783145400000,0.80314,0.80314,0.80314,0.80314
1783145460000,0.80314,0.80314,0.80314,0.80314
1783145520000,0.80314,0.80314,0.80314,0.80314
1783145580000,0.80314,0.80314,0.80314,0.80314
1783145640000,0.80314,0.80314,0.80314,0.80314
1783145700000,0.80314,0.80314,0.80314,0.80314
1783145760000,0.80314,0.80314,0.80314,0.80314
1783145820000,0.80314,0.80314,0.80314,0.80314
1783145880000,0.80314,0.80314,0.80314,0.80314
1783145940000,0.80314,0.80314,0.80314,0.80314
1783146000000,0.80314,0.80314,0.80314,0.80314
1783146060000,0.80314,0.80314,0.80314,0.80314
1783146120000,0.80314,0.80314,0.80314,0.80314
1783146180000,0.80314,0.80314,0.80314,0.80314
1783146240000,0.80314,0.80314,0.80314,0.80314
1783146300000,0.80314,0.80314,0.80314,0.80314
1783146360000,0.80314,0.80314,0.80314,0.80314
1783146420000,0.80314,0.80314,0.80314,0.80314
1783146480000,0.80314,0.80314,0.80314,0.80314
1783146540000,0.80314,0.80314,0.80314,0.80314
1783146600000,0.80314,0.80314,0.80314,0.80314
1783146660000,0.80314,0.80314,0.80314,0.80314
1783146720000,0.80314,0.80314,0.80314,0.80314
1783146780000,0.80314,0.80314,0.80314,0.80314
1783146840000,0.80314,0.80314,0.80314,0.80314
1783146900000,0.80314,0.80314,0.80314,0.80314
1783146960000,0.80314,0.80314,0.80314,0.80314
1783147020000,0.80314,0.80314,0.80314,0.80314
1783147080000,0.80314,0.80314,0.80314,0.80314
1783147140000,0.80314,0.80314,0.80314,0.80314
1783147200000,0.80314,0.80314,0.80314,0.80314
1783147260000,0.80314,0.80314,0.80314,0.80314
1783147320000,0.80314,0.80314,0.80314,0.80314
1783147380000,0.80314,0.80314,0.80314,0.80314
1783147440000,0.80314,0.80314,0.80314,0.80314
1783147500000,0.80314,0.80314,0.80314,0.80314
1783147560000,0.80314,0.80314,0.80314,0.80314
1783147620000,0.80314,0.80314,0.80314,0.80314
1783147680000,0.80314,0.80314,0.80314,0.80314
1783147740000,0.80314,0.80314,0.80314,0.80314
1783147800000,0.80314,0.80314,0.80314,0.80314
1783147860000,0.80314,0.80314,0.80314,0.80314
1783147920000,0.80314,0.80314,0.80314,0.80314
1783147980000,0.80314,0.80314,0.80314,0.80314
1783148040000,0.80314,0.80314,0.80314,0.80314
1783148100000,0.80314,0.80314,0.80314,0.80314
1783148160000,0.80314,0.80314,0.80314,0.80314
1783148220000,0.80314,0.80314,0.80314,0.80314
1783148280000,0.80314,0.80314,0.80314,0.80314
1783148340000,0.80314,0.80314,0.80314,0.80314
1783148400000,0.80314,0.80314,0.80314,0.80314
1783148460000,0.80314,0.80314,0.80314,0.80314
1783148520000,0.80314,0.80314,0.80314,0.80314
1783148580000,0.80314,0.80314,0.80314,0.80314
1783148640000,0.80314,0.80314,0.80314,0.80314
1783148700000,0.80314,0.80314,0.80314,0.80314
1783148760000,0.80314,0.80314,0.80314,0.80314
1783148820000,0.80314,0.80314,0.80314,0.80314
1783148880000,0.80314,0.80314,0.80314,0.80314
1783148940000,0.80314,0.80314,0.80314,0.80314
1783149000000,0.80314,0.80314,0.80314,0.80314
1783149060000,0.80314,0.80314,0.80314,0.80314
1783149120000,0.80314,0.80314,0.80314,0.80314
1783149180000,0.80314,0.80314,0.80314,0.80314
1783149240000,0.80314,0.80314,0.80314,0.80314
1783149300000,0.80314,0.80314,0.80314,0.80314
1783149360000,0.80314,0.80314,0.80314,0.80314
1783149420000,0.80314,0.80314,0.80314,0.80314
1783149480000,0.80314,0.80314,0.80314,0.80314
1783149540000,0.80314,0.80314,0.80314,0.80314
1783149600000,0.80314,0.80314,0.80314,0.80314
1783149660000,0.80314,0.80314,0.80314,0.80314
1783149720000,0.80314,0.80314,0.80314,0.80314
1783149780000,0.80314,0.80314,0.80314,0.80314
1783149840000,0.80314,0.80314,0.80314,0.80314
1783149900000,0.80314,0.80314,0.80314,0.80314
1783149960000,0.80314,0.80314,0.80314,0.80314
1783150020000,0.80314,0.80314,0.80314,0.80314
1783150080000,0.80314,0.80314,0.80314,0.80314
1783150140000,0.80314,0.80314,0.80314,0.80314
1783150200000,0.80314,0.80314,0.80314,0.80314
1783150260000,0.80314,0.80314,0.80314,0.80314
1783150320000,0.80314,0.80314,0.80314,0.80314
1783150380000,0.80314,0.80314,0.80314,0.80314
1783150440000,0.80314,0.80314,0.80314,0.80314
1783150500000,0.80314,0.80314,0.80314,0.80314
1783150560000,0.80314,0.80314,0.80314,0.80314
1783150620000,0.80314,0.80314,0.80314,0.80314
1783150680000,0.80314,0.80314,0.80314,0.80314
1783150740000,0.80314,0.80314,0.80314,0.80314
1783150800000,0.80314,0.80314,0.80314,0.80314
1783150860000,0.80314,0.80314,0.80314,0.80314
1783150920000,0.80314,0.80314,0.80314,0.80314
1783150980000,0.80314,0.80314,0.80314,0.80314
1783151040000,0.80314,0.80314,0.80314,0.80314
1783151100000,0.80314,0.80314,0.80314,0.80314
1783151160000,0.80314,0.80314,0.80314,0.80314
1783151220000,0.80314,0.80314,0.80314,0.80314
1783151280000,0.80314,0.80314,0.80314,0.80314
1783151340000,0.80314,0.80314,0.80314,0.80314
1783151400000,0.80314,0.80314,0.80314,0.80314
1783151460000,0.80314,0.80314,0.80314,0.80314
1783151520000,0.80314,0.80314,0.80314,0.80314
1783151580000,0.80314,0.80314,0.80314,0.80314
1783151640000,0.80314,0.80314,0.80314,0.80314
1783151700000,0.80314,0.80314,0.80314,0.80314
1783151760000,0.80314,0.80314,0.80314,0.80314
1783151820000,0.80314,0.80314,0.80314,0.80314
1783151880000,0.80314,0.80314,0.80314,0.80314
1783151940000,0.80314,0.80314,0.80314,0.80314
1783152000000,0.80314,0.80314,0.80314,0.80314
1783152060000,0.80314,0.80314,0.80314,0.80314
1783152120000,0.80314,0.80314,0.80314,0.80314
1783152180000,0.80314,0.80314,0.80314,0.80314
1783152240000,0.80314,0.80314,0.80314,0.80314
1783152300000,0.80314,0.80314,0.80314,0.80314
1783152360000,0.80314,0.80314,0.80314,0.80314
1783152420000,0.80314,0.80314,0.80314,0.80314
1783152480000,0.80314,0.80314,0.80314,0.80314
1783152540000,0.80314,0.80314,0.80314,0.80314
1783152600000,0.80314,0.80314,0.80314,0.80314
1783152660000,0.80314,0.80314,0.80314,0.80314
1783152720000,0.80314,0.80314,0.80314,0.80314
1783152780000,0.80314,0.80314,0.80314,0.80314
1783152840000,0.80314,0.80314,0.80314,0.80314
1783152900000,0.80314,0.80314,0.80314,0.80314
1783152960000,0.80314,0.80314,0.80314,0.80314
1783153020000,0.80314,0.80314,0.80314,0.80314
1783153080000,0.80314,0.80314,0.80314,0.80314
1783153140000,0.80314,0.80314,0.80314,0.80314
1783153200000,0.80314,0.80314,0.80314,0.80314
1783153260000,0.80314,0.80314,0.80314,0.80314
1783153320000,0.80314,0.80314,0.80314,0.80314
1783153380000,0.80314,0.80314,0.80314,0.80314
1783153440000,0.80314,0.80314,0.80314,0.80314
1783153500000,0.80314,0.80314,0.80314,0.80314
1783153560000,0.80314,0.80314,0.80314,0.80314
1783153620000,0.80314,0.80314,0.80314,0.80314
1783153680000,0.80314,0.80314,0.80314,0.80314
1783153740000,0.80314,0.80314,0.80314,0.80314
1783153800000,0.80314,0.80314,0.80314,0.80314
1783153860000,0.80314,0.80314,0.80314,0.80314
1783153920000,0.80314,0.80314,0.80314,0.80314
1783153980000,0.80314,0.80314,0.80314,0.80314
1783154040000,0.80314,0.80314,0.80314,0.80314
1783154100000,0.80314,0.80314,0.80314,0.80314
1783154160000,0.80314,0.80314,0.80314,0.80314
1783154220000,0.80314,0.80314,0.80314,0.80314
1783154280000,0.80314,0.80314,0.80314,0.80314
1783154340000,0.80314,0.80314,0.80314,0.80314
1783154400000,0.80314,0.80314,0.80314,0.80314
1783154460000,0.80314,0.80314,0.80314,0.80314
1783154520000,0.80314,0.80314,0.80314,0.80314
1783154580000,0.80314,0.80314,0.80314,0.80314
1783154640000,0.80314,0.80314,0.80314,0.80314
1783154700000,0.80314,0.80314,0.80314,0.80314
1783154760000,0.80314,0.80314,0.80314,0.80314
1783154820000,0.80314,0.80314,0.80314,0.80314
1783154880000,0.80314,0.80314,0.80314,0.80314
1783154940000,0.80314,0.80314,0.80314,0.80314
1783155000000,0.80314,0.80314,0.80314,0.80314
1783155060000,0.80314,0.80314,0.80314,0.80314
1783155120000,0.80314,0.80314,0.80314,0.80314
1783155180000,0.80314,0.80314,0.80314,0.80314
1783155240000,0.80314,0.80314,0.80314,0.80314
1783155300000,0.80314,0.80314,0.80314,0.80314
1783155360000,0.80314,0.80314,0.80314,0.80314
1783155420000,0.80314,0.80314,0.80314,0.80314
1783155480000,0.80314,0.80314,0.80314,0.80314
1783155540000,0.80314,0.80314,0.80314,0.80314
1783155600000,0.80314,0.80314,0.80314,0.80314
1783155660000,0.80314,0.80314,0.80314,0.80314
1783155720000,0.80314,0.80314,0.80314,0.80314
1783155780000,0.80314,0.80314,0.80314,0.80314
1783155840000,0.80314,0.80314,0.80314,0.80314
1783155900000,0.80314,0.80314,0.80314,0.80314
1783155960000,0.80314,0.80314,0.80314,0.80314
1783156020000,0.80314,0.80314,0.80314,0.80314
1783156080000,0.80314,0.80314,0.80314,0.80314
1783156140000,0.80314,0.80314,0.80314,0.80314
1783156200000,0.80314,0.80314,0.80314,0.80314
1783156260000,0.80314,0.80314,0.80314,0.80314
1783156320000,0.80314,0.80314,0.80314,0.80314
1783156380000,0.80314,0.80314,0.80314,0.80314
1783156440000,0.80314,0.80314,0.80314,0.80314
1783156500000,0.80314,0.80314,0.80314,0.80314
1783156560000,0.80314,0.80314,0.80314,0.80314
1783156620000,0.80314,0.80314,0.80314,0.80314
1783156680000,0.80314,0.80314,0.80314,0.80314
1783156740000,0.80314,0.80314,0.80314,0.80314
1783156800000,0.80314,0.80314,0.80314,0.80314
1783156860000,0.80314,0.80314,0.80314,0.80314
1783156920000,0.80314,0.80314,0.80314,0.80314
1783156980000,0.80314,0.80314,0.80314,0.80314
1783157040000,0.80314,0.80314,0.80314,0.80314
1783157100000,0.80314,0.80314,0.80314,0.80314
1783157160000,0.80314,0.80314,0.80314,0.80314
1783157220000,0.80314,0.80314,0.80314,0.80314
1783157280000,0.80314,0.80314,0.80314,0.80314
1783157340000,0.80314,0.80314,0.80314,0.80314
1783157400000,0.80314,0.80314,0.80314,0.80314
1783157460000,0.80314,0.80314,0.80314,0.80314
1783157520000,0.80314,0.80314,0.80314,0.80314
1783157580000,0.80314,0.80314,0.80314,0.80314
1783157640000,0.80314,0.80314,0.80314,0.80314
1783157700000,0.80314,0.80314,0.80314,0.80314
1783157760000,0.80314,0.80314,0.80314,0.80314
1783157820000,0.80314,0.80314,0.80314,0.80314
1783157880000,0.80314,0.80314,0.80314,0.80314
1783157940000,0.80314,0.80314,0.80314,0.80314
1783158000000,0.80314,0.80314,0.80314,0.80314
1783158060000,0.80314,0.80314,0.80314,0.80314
1783158120000,0.80314,0.80314,0.80314,0.80314
1783158180000,0.80314,0.80314,0.80314,0.80314
1783158240000,0.80314,0.80314,0.80314,0.80314
1783158300000,0.80314,0.80314,0.80314,0.80314
1783158360000,0.80314,0.80314,0.80314,0.80314
1783158420000,0.80314,0.80314,0.80314,0.80314
1783158480000,0.80314,0.80314,0.80314,0.80314
1783158540000,0.80314,0.80314,0.80314,0.80314
1783158600000,0.80314,0.80314,0.80314,0.80314
1783158660000,0.80314,0.80314,0.80314,0.80314
1783158720000,0.80314,0.80314,0.80314,0.80314
1783158780000,0.80314,0.80314,0.80314,0.80314
1783158840000,0.80314,0.80314,0.80314,0.80314
1783158900000,0.80314,0.80314,0.80314,0.80314
1783158960000,0.80314,0.80314,0.80314,0.80314
1783159020000,0.80314,0.80314,0.80314,0.80314
1783159080000,0.80314,0.80314,0.80314,0.80314
1783159140000,0.80314,0.80314,0.80314,0.80314
1783159200000,0.80314,0.80314,0.80314,0.80314
1783159260000,0.80314,0.80314,0.80314,0.80314
1783159320000,0.80314,0.80314,0.80314,0.80314
1783159380000,0.80314,0.80314,0.80314,0.80314
1783159440000,0.80314,0.80314,0.80314,0.80314
1783159500000,0.80314,0.80314,0.80314,0.80314
1783159560000,0.80314,0.80314,0.80314,0.80314
1783159620000,0.80314,0.80314,0.80314,0.80314
1783159680000,0.80314,0.80314,0.80314,0.80314
1783159740000,0.80314,0.80314,0.80314,0.80314
1783159800000,0.80314,0.80314,0.80314,0.80314
1783159860000,0.80314,0.80314,0.80314,0.80314
1783159920000,0.80314,0.80314,0.80314,0.80314
1783159980000,0.80314,0.80314,0.80314,0.80314
1783160040000,0.80314,0.80314,0.80314,0.80314
1783160100000,0.80314,0.80314,0.80314,0.80314
1783160160000,0.80314,0.80314,0.80314,0.80314
1783160220000,0.80314,0.80314,0.80314,0.80314
1783160280000,0.80314,0.80314,0.80314,0.80314
1783160340000,0.80314,0.80314,0.80314,0.80314
1783160400000,0.80314,0.80314,0.80314,0.80314
1783160460000,0.80314,0.80314,0.80314,0.80314
1783160520000,0.80314,0.80314,0.80314,0.80314
1783160580000,0.80314,0.80314,0.80314,0.80314
1783160640000,0.80314,0.80314,0.80314,0.80314
1783160700000,0.80314,0.80314,0.80314,0.80314
1783160760000,0.80314,0.80314,0.80314,0.80314
1783160820000,0.80314,0.80314,0.80314,0.80314
1783160880000,0.80314,0.80314,0.80314,0.80314
1783160940000,0.80314,0.80314,0.80314,0.80314
1783161000000,0.80314,0.80314,0.80314,0.80314
1783161060000,0.80314,0.80314,0.80314,0.80314
1783161120000,0.80314,0.80314,0.80314,0.80314
1783161180000,0.80314,0.80314,0.80314,0.80314
1783161240000,0.80314,0.80314,0.80314,0.80314
1783161300000,0.80314,0.80314,0.80314,0.80314
1783161360000,0.80314,0.80314,0.80314,0.80314
1783161420000,0.80314,0.80314,0.80314,0.80314
1783161480000,0.80314,0.80314,0.80314,0.80314
1783161540000,0.80314,0.80314,0.80314,0.80314
1783161600000,0.80314,0.80314,0.80314,0.80314
1783161660000,0.80314,0.80314,0.80314,0.80314
1783161720000,0.80314,0.80314,0.80314,0.80314
1783161780000,0.80314,0.80314,0.80314,0.80314
1783161840000,0.80314,0.80314,0.80314,0.80314
1783161900000,0.80314,0.80314,0.80314,0.80314
1783161960000,0.80314,0.80314,0.80314,0.80314
1783162020000,0.80314,0.80314,0.80314,0.80314
1783162080000,0.80314,0.80314,0.80314,0.80314
1783162140000,0.80314,0.80314,0.80314,0.80314
1783162200000,0.80314,0.80314,0.80314,0.80314
1783162260000,0.80314,0.80314,0.80314,0.80314
1783162320000,0.80314,0.80314,0.80314,0.80314
1783162380000,0.80314,0.80314,0.80314,0.80314
1783162440000,0.80314,0.80314,0.80314,0.80314
1783162500000,0.80314,0.80314,0.80314,0.80314
1783162560000,0.80314,0.80314,0.80314,0.80314
1783162620000,0.80314,0.80314,0.80314,0.80314
1783162680000,0.80314,0.80314,0.80314,0.80314
1783162740000,0.80314,0.80314,0.80314,0.80314
1783162800000,0.80314,0.80314,0.80314,0.80314
1783162860000,0.80314,0.80314,0.80314,0.80314
1783162920000,0.80314,0.80314,0.80314,0.80314
1783162980000,0.80314,0.80314,0.80314,0.80314
1783163040000,0.80314,0.80314,0.80314,0.80314
1783163100000,0.80314,0.80314,0.80314,0.80314
1783163160000,0.80314,0.80314,0.80314,0.80314
1783163220000,0.80314,0.80314,0.80314,0.80314
1783163280000,0.80314,0.80314,0.80314,0.80314
1783163340000,0.80314,0.80314,0.80314,0.80314
1783163400000,0.80314,0.80314,0.80314,0.80314
1783163460000,0.80314,0.80314,0.80314,0.80314
1783163520000,0.80314,0.80314,0.80314,0.80314
1783163580000,0.80314,0.80314,0.80314,0.80314
1783163640000,0.80314,0.80314,0.80314,0.80314
1783163700000,0.80314,0.80314,0.80314,0.80314
1783163760000,0.80314,0.80314,0.80314,0.80314
1783163820000,0.80314,0.80314,0.80314,0.80314
1783163880000,0.80314,0.80314,0.80314,0.80314
1783163940000,0.80314,0.80314,0.80314,0.80314
1783164000000,0.80314,0.80314,0.80314,0.80314
1783164060000,0.80314,0.80314,0.80314,0.80314
1783164120000,0.80314,0.80314,0.80314,0.80314
1783164180000,0.80314,0.80314,0.80314,0.80314
1783164240000,0.80314,0.80314,0.80314,0.80314
1783164300000,0.80314,0.80314,0.80314,0.80314
1783164360000,0.80314,0.80314,0.80314,0.80314
1783164420000,0.80314,0.80314,0.80314,0.80314
1783164480000,0.80314,0.80314,0.80314,0.80314
1783164540000,0.80314,0.80314,0.80314,0.80314
1783164600000,0.80314,0.80314,0.80314,0.80314
1783164660000,0.80314,0.80314,0.80314,0.80314
1783164720000,0.80314,0.80314,0.80314,0.80314
1783164780000,0.80314,0.80314,0.80314,0.80314
1783164840000,0.80314,0.80314,0.80314,0.80314
1783164900000,0.80314,0.80314,0.80314,0.80314
1783164960000,0.80314,0.80314,0.80314,0.80314
1783165020000,0.80314,0.80314,0.80314,0.80314
1783165080000,0.80314,0.80314,0.80314,0.80314
1783165140000,0.80314,0.80314,0.80314,0.80314
1783165200000,0.80314,0.80314,0.80314,0.80314
1783165260000,0.80314,0.80314,0.80314,0.80314
1783165320000,0.80314,0.80314,0.80314,0.80314
1783165380000,0.80314,0.80314,0.80314,0.80314
1783165440000,0.80314,0.80314,0.80314,0.80314
1783165500000,0.80314,0.80314,0.80314,0.80314
1783165560000,0.80314,0.80314,0.80314,0.80314
1783165620000,0.80314,0.80314,0.80314,0.80314
1783165680000,0.80314,0.80314,0.80314,0.80314
1783165740000,0.80314,0.80314,0.80314,0.80314
1783165800000,0.80314,0.80314,0.80314,0.80314
1783165860000,0.80314,0.80314,0.80314,0.80314
1783165920000,0.80314,0.80314,0.80314,0.80314
1783165980000,0.80314,0.80314,0.80314,0.80314
1783166040000,0.80314,0.80314,0.80314,0.80314
1783166100000,0.80314,0.80314,0.80314,0.80314
1783166160000,0.80314,0.80314,0.80314,0.80314
1783166220000,0.80314,0.80314,0.80314,0.80314
1783166280000,0.80314,0.80314,0.80314,0.80314
1783166340000,0.80314,0.80314,0.80314,0.80314
1783166400000,0.80314,0.80314,0.80314,0.80314
1783166460000,0.80314,0.80314,0.80314,0.80314
1783166520000,0.80314,0.80314,0.80314,0.80314
1783166580000,0.80314,0.80314,0.80314,0.80314
1783166640000,0.80314,0.80314,0.80314,0.80314
1783166700000,0.80314,0.80314,0.80314,0.80314
1783166760000,0.80314,0.80314,0.80314,0.80314
1783166820000,0.80314,0.80314,0.80314,0.80314
1783166880000,0.80314,0.80314,0.80314,0.80314
1783166940000,0.80314,0.80314,0.80314,0.80314
1783167000000,0.80314,0.80314,0.80314,0.80314
1783167060000,0.80314,0.80314,0.80314,0.80314
1783167120000,0.80314,0.80314,0.80314,0.80314
1783167180000,0.80314,0.80314,0.80314,0.80314
1783167240000,0.80314,0.80314,0.80314,0.80314
1783167300000,0.80314,0.80314,0.80314,0.80314
1783167360000,0.80314,0.80314,0.80314,0.80314
1783167420000,0.80314,0.80314,0.80314,0.80314
1783167480000,0.80314,0.80314,0.80314,0.80314
1783167540000,0.80314,0.80314,0.80314,0.80314
1783167600000,0.80314,0.80314,0.80314,0.80314
1783167660000,0.80314,0.80314,0.80314,0.80314
1783167720000,0.80314,0.80314,0.80314,0.80314
1783167780000,0.80314,0.80314,0.80314,0.80314
1783167840000,0.80314,0.80314,0.80314,0.80314
1783167900000,0.80314,0.80314,0.80314,0.80314
1783167960000,0.80314,0.80314,0.80314,0.80314
1783168020000,0.80314,0.80314,0.80314,0.80314
1783168080000,0.80314,0.80314,0.80314,0.80314
1783168140000,0.80314,0.80314,0.80314,0.80314
1783168200000,0.80314,0.80314,0.80314,0.80314
1783168260000,0.80314,0.80314,0.80314,0.80314
1783168320000,0.80314,0.80314,0.80314,0.80314
1783168380000,0.80314,0.80314,0.80314,0.80314
1783168440000,0.80314,0.80314,0.80314,0.80314
1783168500000,0.80314,0.80314,0.80314,0.80314
1783168560000,0.80314,0.80314,0.80314,0.80314
1783168620000,0.80314,0.80314,0.80314,0.80314
1783168680000,0.80314,0.80314,0.80314,0.80314
1783168740000,0.80314,0.80314,0.80314,0.80314
1783168800000,0.80314,0.80314,0.80314,0.80314
1783168860000,0.80314,0.80314,0.80314,0.80314
1783168920000,0.80314,0.80314,0.80314,0.80314
1783168980000,0.80314,0.80314,0.80314,0.80314
1783169040000,0.80314,0.80314,0.80314,0.80314
1783169100000,0.80314,0.80314,0.80314,0.80314
1783169160000,0.80314,0.80314,0.80314,0.80314
1783169220000,0.80314,0.80314,0.80314,0.80314
1783169280000,0.80314,0.80314,0.80314,0.80314
1783169340000,0.80314,0.80314,0.80314,0.80314
1783169400000,0.80314,0.80314,0.80314,0.80314
1783169460000,0.80314,0.80314,0.80314,0.80314
1783169520000,0.80314,0.80314,0.80314,0.80314
1783169580000,0.80314,0.80314,0.80314,0.80314
1783169640000,0.80314,0.80314,0.80314,0.80314
1783169700000,0.80314,0.80314,0.80314,0.80314
1783169760000,0.80314,0.80314,0.80314,0.80314
1783169820000,0.80314,0.80314,0.80314,0.80314
1783169880000,0.80314,0.80314,0.80314,0.80314
1783169940000,0.80314,0.80314,0.80314,0.80314
1783170000000,0.80314,0.80314,0.80314,0.80314
1783170060000,0.80314,0.80314,0.80314,0.80314
1783170120000,0.80314,0.80314,0.80314,0.80314
1783170180000,0.80314,0.80314,0.80314,0.80314
1783170240000,0.80314,0.80314,0.80314,0.80314
1783170300000,0.80314,0.80314,0.80314,0.80314
1783170360000,0.80314,0.80314,0.80314,0.80314
1783170420000,0.80314,0.80314,0.80314,0.80314
1783170480000,0.80314,0.80314,0.80314,0.80314
1783170540000,0.80314,0.80314,0.80314,0.80314
1783170600000,0.80314,0.80314,0.80314,0.80314
1783170660000,0.80314,0.80314,0.80314,0.80314
1783170720000,0.80314,0.80314,0.80314,0.80314
1783170780000,0.80314,0.80314,0.80314,0.80314
1783170840000,0.80314,0.80314,0.80314,0.80314
1783170900000,0.80314,0.80314,0.80314,0.80314
1783170960000,0.80314,0.80314,0.80314,0.80314
1783171020000,0.80314,0.80314,0.80314,0.80314
1783171080000,0.80314,0.80314,0.80314,0.80314
1783171140000,0.80314,0.80314,0.80314,0.80314
1783171200000,0.80314,0.80314,0.80314,0.80314
1783171260000,0.80314,0.80314,0.80314,0.80314
1783171320000,0.80314,0.80314,0.80314,0.80314
1783171380000,0.80314,0.80314,0.80314,0.80314
1783171440000,0.80314,0.80314,0.80314,0.80314
1783171500000,0.80314,0.80314,0.80314,0.80314
1783171560000,0.80314,0.80314,0.80314,0.80314
1783171620000,0.80314,0.80314,0.80314,0.80314
1783171680000,0.80314,0.80314,0.80314,0.80314
1783171740000,0.80314,0.80314,0.80314,0.80314
1783171800000,0.80314,0.80314,0.80314,0.80314
1783171860000,0.80314,0.80314,0.80314,0.80314
1783171920000,0.80314,0.80314,0.80314,0.80314
1783171980000,0.80314,0.80314,0.80314,0.80314
1783172040000,0.80314,0.80314,0.80314,0.80314
1783172100000,0.80314,0.80314,0.80314,0.80314
1783172160000,0.80314,0.80314,0.80314,0.80314
1783172220000,0.80314,0.80314,0.80314,0.80314
1783172280000,0.80314,0.80314,0.80314,0.80314
1783172340000,0.80314,0.80314,0.80314,0.80314
1783172400000,0.80314,0.80314,0.80314,0.80314
1783172460000,0.80314,0.80314,0.80314,0.80314
1783172520000,0.80314,0.80314,0.80314,0.80314
1783172580000,0.80314,0.80314,0.80314,0.80314
1783172640000,0.80314,0.80314,0.80314,0.80314
1783172700000,0.80314,0.80314,0.80314,0.80314
1783172760000,0.80314,0.80314,0.80314,0.80314
1783172820000,0.80314,0.80314,0.80314,0.80314
1783172880000,0.80314,0.80314,0.80314,0.80314
1783172940000,0.80314,0.80314,0.80314,0.80314
1783173000000,0.80314,0.80314,0.80314,0.80314
1783173060000,0.80314,0.80314,0.80314,0.80314
1783173120000,0.80314,0.80314,0.80314,0.80314
1783173180000,0.80314,0.80314,0.80314,0.80314
1783173240000,0.80314,0.80314,0.80314,0.80314
1783173300000,0.80314,0.80314,0.80314,0.80314
1783173360000,0.80314,0.80314,0.80314,0.80314
1783173420000,0.80314,0.80314,0.80314,0.80314
1783173480000,0.80314,0.80314,0.80314,0.80314
1783173540000,0.80314,0.80314,0.80314,0.80314
1783173600000,0.80314,0.80314,0.80314,0.80314
1783173660000,0.80314,0.80314,0.80314,0.80314
1783173720000,0.80314,0.80314,0.80314,0.80314
1783173780000,0.80314,0.80314,0.80314,0.80314
1783173840000,0.80314,0.80314,0.80314,0.80314
1783173900000,0.80314,0.80314,0.80314,0.80314
1783173960000,0.80314,0.80314,0.80314,0.80314
1783174020000,0.80314,0.80314,0.80314,0.80314
1783174080000,0.80314,0.80314,0.80314,0.80314
1783174140000,0.80314,0.80314,0.80314,0.80314
1783174200000,0.80314,0.80314,0.80314,0.80314
1783174260000,0.80314,0.80314,0.80314,0.80314
1783174320000,0.80314,0.80314,0.80314,0.80314
1783174380000,0.80314,0.80314,0.80314,0.80314
1783174440000,0.80314,0.80314,0.80314,0.80314
1783174500000,0.80314,0.80314,0.80314,0.80314
1783174560000,0.80314,0.80314,0.80314,0.80314
1783174620000,0.80314,0.80314,0.80314,0.80314
1783174680000,0.80314,0.80314,0.80314,0.80314
1783174740000,0.80314,0.80314,0.80314,0.80314
1783174800000,0.80314,0.80314,0.80314,0.80314
1783174860000,0.80314,0.80314,0.80314,0.80314
1783174920000,0.80314,0.80314,0.80314,0.80314
1783174980000,0.80314,0.80314,0.80314,0.80314
1783175040000,0.80314,0.80314,0.80314,0.80314
1783175100000,0.80314,0.80314,0.80314,0.80314
1783175160000,0.80314,0.80314,0.80314,0.80314
1783175220000,0.80314,0.80314,0.80314,0.80314
1783175280000,0.80314,0.80314,0.80314,0.80314
1783175340000,0.80314,0.80314,0.80314,0.80314
1783175400000,0.80314,0.80314,0.80314,0.80314
1783175460000,0.80314,0.80314,0.80314,0.80314
1783175520000,0.80314,0.80314,0.80314,0.80314
1783175580000,0.80314,0.80314,0.80314,0.80314
1783175640000,0.80314,0.80314,0.80314,0.80314
1783175700000,0.80314,0.80314,0.80314,0.80314
1783175760000,0.80314,0.80314,0.80314,0.80314
1783175820000,0.80314,0.80314,0.80314,0.80314
1783175880000,0.80314,0.80314,0.80314,0.80314
1783175940000,0.80314,0.80314,0.80314,0.80314
1783176000000,0.80314,0.80314,0.80314,0.80314
1783176060000,0.80314,0.80314,0.80314,0.80314
1783176120000,0.80314,0.80314,0.80314,0.80314
1783176180000,0.80314,0.80314,0.80314,0.80314
1783176240000,0.80314,0.80314,0.80314,0.80314
1783176300000,0.80314,0.80314,0.80314,0.80314
1783176360000,0.80314,0.80314,0.80314,0.80314
1783176420000,0.80314,0.80314,0.80314,0.80314
1783176480000,0.80314,0.80314,0.80314,0.80314
1783176540000,0.80314,0.80314,0.80314,0.80314
1783176600000,0.80314,0.80314,0.80314,0.80314
1783176660000,0.80314,0.80314,0.80314,0.80314
1783176720000,0.80314,0.80314,0.80314,0.80314
1783176780000,0.80314,0.80314,0.80314,0.80314
1783176840000,0.80314,0.80314,0.80314,0.80314
1783176900000,0.80314,0.80314,0.80314,0.80314
1783176960000,0.80314,0.80314,0.80314,0.80314
1783177020000,0.80314,0.80314,0.80314,0.80314
1783177080000,0.80314,0.80314,0.80314,0.80314
1783177140000,0.80314,0.80314,0.80314,0.80314
1783177200000,0.80314,0.80314,0.80314,0.80314
1783177260000,0.80314,0.80314,0.80314,0.80314
1783177320000,0.80314,0.80314,0.80314,0.80314
1783177380000,0.80314,0.80314,0.80314,0.80314
1783177440000,0.80314,0.80314,0.80314,0.80314
1783177500000,0.80314,0.80314,0.80314,0.80314
1783177560000,0.80314,0.80314,0.80314,0.80314
1783177620000,0.80314,0.80314,0.80314,0.80314
1783177680000,0.80314,0.80314,0.80314,0.80314
1783177740000,0.80314,0.80314,0.80314,0.80314
1783177800000,0.80314,0.80314,0.80314,0.80314
1783177860000,0.80314,0.80314,0.80314,0.80314
1783177920000,0.80314,0.80314,0.80314,0.80314
1783177980000,0.80314,0.80314,0.80314,0.80314
1783178040000,0.80314,0.80314,0.80314,0.80314
1783178100000,0.80314,0.80314,0.80314,0.80314
1783178160000,0.80314,0.80314,0.80314,0.80314
1783178220000,0.80314,0.80314,0.80314,0.80314
1783178280000,0.80314,0.80314,0.80314,0.80314
1783178340000,0.80314,0.80314,0.80314,0.80314
1783178400000,0.80314,0.80314,0.80314,0.80314
1783178460000,0.80314,0.80314,0.80314,0.80314
1783178520000,0.80314,0.80314,0.80314,0.80314
1783178580000,0.80314,0.80314,0.80314,0.80314
1783178640000,0.80314,0.80314,0.80314,0.80314
1783178700000,0.80314,0.80314,0.80314,0.80314
1783178760000,0.80314,0.80314,0.80314,0.80314
1783178820000,0.80314,0.80314,0.80314,0.80314
1783178880000,0.80314,0.80314,0.80314,0.80314
1783178940000,0.80314,0.80314,0.80314,0.80314
1783179000000,0.80314,0.80314,0.80314,0.80314
1783179060000,0.80314,0.80314,0.80314,0.80314
1783179120000,0.80314,0.80314,0.80314,0.80314
1783179180000,0.80314,0.80314,0.80314,0.80314
1783179240000,0.80314,0.80314,0.80314,0.80314
1783179300000,0.80314,0.80314,0.80314,0.80314
1783179360000,0.80314,0.80314,0.80314,0.80314
1783179420000,0.80314,0.80314,0.80314,0.80314
1783179480000,0.80314,0.80314,0.80314,0.80314
1783179540000,0.80314,0.80314,0.80314,0.80314
1783179600000,0.80314,0.80314,0.80314,0.80314
1783179660000,0.80314,0.80314,0.80314,0.80314
1783179720000,0.80314,0.80314,0.80314,0.80314
1783179780000,0.80314,0.80314,0.80314,0.80314
1783179840000,0.80314,0.80314,0.80314,0.80314
1783179900000,0.80314,0.80314,0.80314,0.80314
1783179960000,0.80314,0.80314,0.80314,0.80314
1783180020000,0.80314,0.80314,0.80314,0.80314
1783180080000,0.80314,0.80314,0.80314,0.80314
1783180140000,0.80314,0.80314,0.80314,0.80314
1783180200000,0.80314,0.80314,0.80314,0.80314
1783180260000,0.80314,0.80314,0.80314,0.80314
1783180320000,0.80314,0.80314,0.80314,0.80314
1783180380000,0.80314,0.80314,0.80314,0.80314
1783180440000,0.80314,0.80314,0.80314,0.80314
1783180500000,0.80314,0.80314,0.80314,0.80314
1783180560000,0.80314,0.80314,0.80314,0.80314
1783180620000,0.80314,0.80314,0.80314,0.80314
1783180680000,0.80314,0.80314,0.80314,0.80314
1783180740000,0.80314,0.80314,0.80314,0.80314
1783180800000,0.80314,0.80314,0.80314,0.80314
1783180860000,0.80314,0.80314,0.80314,0.80314
1783180920000,0.80314,0.80314,0.80314,0.80314
1783180980000,0.80314,0.80314,0.80314,0.80314
1783181040000,0.80314,0.80314,0.80314,0.80314
1783181100000,0.80314,0.80314,0.80314,0.80314
1783181160000,0.80314,0.80314,0.80314,0.80314
1783181220000,0.80314,0.80314,0.80314,0.80314
1783181280000,0.80314,0.80314,0.80314,0.80314
1783181340000,0.80314,0.80314,0.80314,0.80314
1783181400000,0.80314,0.80314,0.80314,0.80314
1783181460000,0.80314,0.80314,0.80314,0.80314
1783181520000,0.80314,0.80314,0.80314,0.80314
1783181580000,0.80314,0.80314,0.80314,0.80314
1783181640000,0.80314,0.80314,0.80314,0.80314
1783181700000,0.80314,0.80314,0.80314,0.80314
1783181760000,0.80314,0.80314,0.80314,0.80314
1783181820000,0.80314,0.80314,0.80314,0.80314
1783181880000,0.80314,0.80314,0.80314,0.80314
1783181940000,0.80314,0.80314,0.80314,0.80314
1783182000000,0.80314,0.80314,0.80314,0.80314
1783182060000,0.80314,0.80314,0.80314,0.80314
1783182120000,0.80314,0.80314,0.80314,0.80314
1783182180000,0.80314,0.80314,0.80314,0.80314
1783182240000,0.80314,0.80314,0.80314,0.80314
1783182300000,0.80314,0.80314,0.80314,0.80314
1783182360000,0.80314,0.80314,0.80314,0.80314
1783182420000,0.80314,0.80314,0.80314,0.80314
1783182480000,0.80314,0.80314,0.80314,0.80314
1783182540000,0.80314,0.80314,0.80314,0.80314
1783182600000,0.80314,0.80314,0.80314,0.80314
1783182660000,0.80314,0.80314,0.80314,0.80314
1783182720000,0.80314,0.80314,0.80314,0.80314
1783182780000,0.80314,0.80314,0.80314,0.80314
1783182840000,0.80314,0.80314,0.80314,0.80314
1783182900000,0.80314,0.80314,0.80314,0.80314
1783182960000,0.80314,0.80314,0.80314,0.80314
1783183020000,0.80314,0.80314,0.80314,0.80314
1783183080000,0.80314,0.80314,0.80314,0.80314
1783183140000,0.80314,0.80314,0.80314,0.80314
1783183200000,0.80314,0.80314,0.80314,0.80314
1783183260000,0.80314,0.80314,0.80314,0.80314
1783183320000,0.80314,0.80314,0.80314,0.80314
1783183380000,0.80314,0.80314,0.80314,0.80314
1783183440000,0.80314,0.80314,0.80314,0.80314
1783183500000,0.80314,0.80314,0.80314,0.80314
1783183560000,0.80314,0.80314,0.80314,0.80314
1783183620000,0.80314,0.80314,0.80314,0.80314
1783183680000,0.80314,0.80314,0.80314,0.80314
1783183740000,0.80314,0.80314,0.80314,0.80314
1783183800000,0.80314,0.80314,0.80314,0.80314
1783183860000,0.80314,0.80314,0.80314,0.80314
1783183920000,0.80314,0.80314,0.80314,0.80314
1783183980000,0.80314,0.80314,0.80314,0.80314
1783184040000,0.80314,0.80314,0.80314,0.80314
1783184100000,0.80314,0.80314,0.80314,0.80314
1783184160000,0.80314,0.80314,0.80314,0.80314
1783184220000,0.80314,0.80314,0.80314,0.80314
1783184280000,0.80314,0.80314,0.80314,0.80314
1783184340000,0.80314,0.80314,0.80314,0.80314
1783184400000,0.80314,0.80314,0.80314,0.80314
1783184460000,0.80314,0.80314,0.80314,0.80314
1783184520000,0.80314,0.80314,0.80314,0.80314
1783184580000,0.80314,0.80314,0.80314,0.80314
1783184640000,0.80314,0.80314,0.80314,0.80314
1783184700000,0.80314,0.80314,0.80314,0.80314
1783184760000,0.80314,0.80314,0.80314,0.80314
1783184820000,0.80314,0.80314,0.80314,0.80314
1783184880000,0.80314,0.80314,0.80314,0.80314
1783184940000,0.80314,0.80314,0.80314,0.80314
1783185000000,0.80314,0.80314,0.80314,0.80314
1783185060000,0.80314,0.80314,0.80314,0.80314
1783185120000,0.80314,0.80314,0.80314,0.80314
1783185180000,0.80314,0.80314,0.80314,0.80314
1783185240000,0.80314,0.80314,0.80314,0.80314
1783185300000,0.80314,0.80314,0.80314,0.80314
1783185360000,0.80314,0.80314,0.80314,0.80314
1783185420000,0.80314,0.80314,0.80314,0.80314
1783185480000,0.80314,0.80314,0.80314,0.80314
1783185540000,0.80314,0.80314,0.80314,0.80314
1783185600000,0.80314,0.80314,0.80314,0.80314
1783185660000,0.80314,0.80314,0.80314,0.80314
1783185720000,0.80314,0.80314,0.80314,0.80314
1783185780000,0.80314,0.80314,0.80314,0.80314
1783185840000,0.80314,0.80314,0.80314,0.80314
1783185900000,0.80314,0.80314,0.80314,0.80314
1783185960000,0.80314,0.80314,0.80314,0.80314
1783186020000,0.80314,0.80314,0.80314,0.80314
1783186080000,0.80314,0.80314,0.80314,0.80314
1783186140000,0.80314,0.80314,0.80314,0.80314
1783186200000,0.80314,0.80314,0.80314,0.80314
1783186260000,0.80314,0.80314,0.80314,0.80314
1783186320000,0.80314,0.80314,0.80314,0.80314
1783186380000,0.80314,0.80314,0.80314,0.80314
1783186440000,0.80314,0.80314,0.80314,0.80314
1783186500000,0.80314,0.80314,0.80314,0.80314
1783186560000,0.80314,0.80314,0.80314,0.80314
1783186620000,0.80314,0.80314,0.80314,0.80314
1783186680000,0.80314,0.80314,0.80314,0.80314
1783186740000,0.80314,0.80314,0.80314,0.80314
1783186800000,0.80314,0.80314,0.80314,0.80314
1783186860000,0.80314,0.80314,0.80314,0.80314
1783186920000,0.80314,0.80314,0.80314,0.80314
1783186980000,0.80314,0.80314,0.80314,0.80314
1783187040000,0.80314,0.80314,0.80314,0.80314
1783187100000,0.80314,0.80314,0.80314,0.80314
1783187160000,0.80314,0.80314,0.80314,0.80314
1783187220000,0.80314,0.80314,0.80314,0.80314
1783187280000,0.80314,0.80314,0.80314,0.80314
1783187340000,0.80314,0.80314,0.80314,0.80314
1783187400000,0.80314,0.80314,0.80314,0.80314
1783187460000,0.80314,0.80314,0.80314,0.80314
1783187520000,0.80314,0.80314,0.80314,0.80314
1783187580000,0.80314,0.80314,0.80314,0.80314
1783187640000,0.80314,0.80314,0.80314,0.80314
1783187700000,0.80314,0.80314,0.80314,0.80314
1783187760000,0.80314,0.80314,0.80314,0.80314
1783187820000,0.80314,0.80314,0.80314,0.80314
1783187880000,0.80314,0.80314,0.80314,0.80314
1783187940000,0.80314,0.80314,0.80314,0.80314
1783188000000,0.80314,0.80314,0.80314,0.80314
1783188060000,0.80314,0.80314,0.80314,0.80314
1783188120000,0.80314,0.80314,0.80314,0.80314
1783188180000,0.80314,0.80314,0.80314,0.80314
1783188240000,0.80314,0.80314,0.80314,0.80314
1783188300000,0.80314,0.80314,0.80314,0.80314
1783188360000,0.80314,0.80314,0.80314,0.80314
1783188420000,0.80314,0.80314,0.80314,0.80314
1783188480000,0.80314,0.80314,0.80314,0.80314
1783188540000,0.80314,0.80314,0.80314,0.80314
1783188600000,0.80314,0.80314,0.80314,0.80314
1783188660000,0.80314,0.80314,0.80314,0.80314
1783188720000,0.80314,0.80314,0.80314,0.80314
1783188780000,0.80314,0.80314,0.80314,0.80314
1783188840000,0.80314,0.80314,0.80314,0.80314
1783188900000,0.80314,0.80314,0.80314,0.80314
1783188960000,0.80314,0.80314,0.80314,0.80314
1783189020000,0.80314,0.80314,0.80314,0.80314
1783189080000,0.80314,0.80314,0.80314,0.80314
1783189140000,0.80314,0.80314,0.80314,0.80314
1783189200000,0.80314,0.80314,0.80314,0.80314
1783189260000,0.80314,0.80314,0.80314,0.80314
1783189320000,0.80314,0.80314,0.80314,0.80314
1783189380000,0.80314,0.80314,0.80314,0.80314
1783189440000,0.80314,0.80314,0.80314,0.80314
1783189500000,0.80314,0.80314,0.80314,0.80314
1783189560000,0.80314,0.80314,0.80314,0.80314
1783189620000,0.80314,0.80314,0.80314,0.80314
1783189680000,0.80314,0.80314,0.80314,0.80314
1783189740000,0.80314,0.80314,0.80314,0.80314
1783189800000,0.80314,0.80314,0.80314,0.80314
1783189860000,0.80314,0.80314,0.80314,0.80314
1783189920000,0.80314,0.80314,0.80314,0.80314
1783189980000,0.80314,0.80314,0.80314,0.80314
1783190040000,0.80314,0.80314,0.80314,0.80314
1783190100000,0.80314,0.80314,0.80314,0.80314
1783190160000,0.80314,0.80314,0.80314,0.80314
1783190220000,0.80314,0.80314,0.80314,0.80314
1783190280000,0.80314,0.80314,0.80314,0.80314
1783190340000,0.80314,0.80314,0.80314,0.80314
1783190400000,0.80314,0.80314,0.80314,0.80314
1783190460000,0.80314,0.80314,0.80314,0.80314
1783190520000,0.80314,0.80314,0.80314,0.80314
1783190580000,0.80314,0.80314,0.80314,0.80314
1783190640000,0.80314,0.80314,0.80314,0.80314
1783190700000,0.80314,0.80314,0.80314,0.80314
1783190760000,0.80314,0.80314,0.80314,0.80314
1783190820000,0.80314,0.80314,0.80314,0.80314
1783190880000,0.80314,0.80314,0.80314,0.80314
1783190940000,0.80314,0.80314,0.80314,0.80314
1783191000000,0.80314,0.80314,0.80314,0.80314
1783191060000,0.80314,0.80314,0.80314,0.80314
1783191120000,0.80314,0.80314,0.80314,0.80314
1783191180000,0.80314,0.80314,0.80314,0.80314
1783191240000,0.80314,0.80314,0.80314,0.80314
1783191300000,0.80314,0.80314,0.80314,0.80314
1783191360000,0.80314,0.80314,0.80314,0.80314
1783191420000,0.80314,0.80314,0.80314,0.80314
1783191480000,0.80314,0.80314,0.80314,0.80314
1783191540000,0.80314,0.80314,0.80314,0.80314
1783191600000,0.80314,0.80314,0.80314,0.80314
1783191660000,0.80314,0.80314,0.80314,0.80314
1783191720000,0.80314,0.80314,0.80314,0.80314
1783191780000,0.80314,0.80314,0.80314,0.80314
1783191840000,0.80314,0.80314,0.80314,0.80314
1783191900000,0.80314,0.80314,0.80314,0.80314
1783191960000,0.80314,0.80314,0.80314,0.80314
1783192020000,0.80314,0.80314,0.80314,0.80314
1783192080000,0.80314,0.80314,0.80314,0.80314
1783192140000,0.80314,0.80314,0.80314,0.80314
1783192200000,0.80314,0.80314,0.80314,0.80314
1783192260000,0.80314,0.80314,0.80314,0.80314
1783192320000,0.80314,0.80314,0.80314,0.80314
1783192380000,0.80314,0.80314,0.80314,0.80314
1783192440000,0.80314,0.80314,0.80314,0.80314
1783192500000,0.80314,0.80314,0.80314,0.80314
1783192560000,0.80314,0.80314,0.80314,0.80314
1783192620000,0.80314,0.80314,0.80314,0.80314
1783192680000,0.80314,0.80314,0.80314,0.80314
1783192740000,0.80314,0.80314,0.80314,0.80314
1783192800000,0.80314,0.80314,0.80314,0.80314
1783192860000,0.80314,0.80314,0.80314,0.80314
1783192920000,0.80314,0.80314,0.80314,0.80314
1783192980000,0.80314,0.80314,0.80314,0.80314
1783193040000,0.80314,0.80314,0.80314,0.80314
1783193100000,0.80314,0.80314,0.80314,0.80314
1783193160000,0.80314,0.80314,0.80314,0.80314
1783193220000,0.80314,0.80314,0.80314,0.80314
1783193280000,0.80314,0.80314,0.80314,0.80314
1783193340000,0.80314,0.80314,0.80314,0.80314
1783193400000,0.80314,0.80314,0.80314,0.80314
1783193460000,0.80314,0.80314,0.80314,0.80314
1783193520000,0.80314,0.80314,0.80314,0.80314
1783193580000,0.80314,0.80314,0.80314,0.80314
1783193640000,0.80314,0.80314,0.80314,0.80314
1783193700000,0.80314,0.80314,0.80314,0.80314
1783193760000,0.80314,0.80314,0.80314,0.80314
1783193820000,0.80314,0.80314,0.80314,0.80314
1783193880000,0.80314,0.80314,0.80314,0.80314
1783193940000,0.80314,0.80314,0.80314,0.80314
1783194000000,0.80314,0.80314,0.80314,0.80314
1783194060000,0.80314,0.80314,0.80314,0.80314
1783194120000,0.80314,0.80314,0.80314,0.80314
1783194180000,0.80314,0.80314,0.80314,0.80314
1783194240000,0.80314,0.80314,0.80314,0.80314
1783194300000,0.80314,0.80314,0.80314,0.80314
1783194360000,0.80314,0.80314,0.80314,0.80314
1783194420000,0.80314,0.80314,0.80314,0.80314
1783194480000,0.80314,0.80314,0.80314,0.80314
1783194540000,0.80314,0.80314,0.80314,0.80314
1783194600000,0.80314,0.80314,0.80314,0.80314
1783194660000,0.80314,0.80314,0.80314,0.80314
1783194720000,0.80314,0.80314,0.80314,0.80314
1783194780000,0.80314,0.80314,0.80314,0.80314
1783194840000,0.80314,0.80314,0.80314,0.80314
1783194900000,0.80314,0.80314,0.80314,0.80314
1783194960000,0.80314,0.80314,0.80314,0.80314
1783195020000,0.80314,0.80314,0.80314,0.80314
1783195080000,0.80314,0.80314,0.80314,0.80314
1783195140000,0.80314,0.80314,0.80314,0.80314
1783195200000,0.80314,0.80314,0.80314,0.80314
1783195260000,0.80314,0.80314,0.80314,0.80314
1783195320000,0.80314,0.80314,0.80314,0.80314
1783195380000,0.80314,0.80314,0.80314,0.80314
1783195440000,0.80314,0.80314,0.80314,0.80314
1783195500000,0.80314,0.80314,0.80314,0.80314
1783195560000,0.80314,0.80314,0.80314,0.80314
1783195620000,0.80314,0.80314,0.80314,0.80314
1783195680000,0.80314,0.80314,0.80314,0.80314
1783195740000,0.80314,0.80314,0.80314,0.80314
1783195800000,0.80314,0.80314,0.80314,0.80314
1783195860000,0.80314,0.80314,0.80314,0.80314
1783195920000,0.80314,0.80314,0.80314,0.80314
1783195980000,0.80314,0.80314,0.80314,0.80314
1783196040000,0.80314,0.80314,0.80314,0.80314
1783196100000,0.80314,0.80314,0.80314,0.80314
1783196160000,0.80314,0.80314,0.80314,0.80314
1783196220000,0.80314,0.80314,0.80314,0.80314
1783196280000,0.80314,0.80314,0.80314,0.80314
1783196340000,0.80314,0.80314,0.80314,0.80314
1783196400000,0.80314,0.80314,0.80314,0.80314
1783196460000,0.80314,0.80314,0.80314,0.80314
1783196520000,0.80314,0.80314,0.80314,0.80314
1783196580000,0.80314,0.80314,0.80314,0.80314
1783196640000,0.80314,0.80314,0.80314,0.80314
1783196700000,0.80314,0.80314,0.80314,0.80314
1783196760000,0.80314,0.80314,0.80314,0.80314
1783196820000,0.80314,0.80314,0.80314,0.80314
1783196880000,0.80314,0.80314,0.80314,0.80314
1783196940000,0.80314,0.80314,0.80314,0.80314
1783197000000,0.80314,0.80314,0.80314,0.80314
1783197060000,0.80314,0.80314,0.80314,0.80314
1783197120000,0.80314,0.80314,0.80314,0.80314
1783197180000,0.80314,0.80314,0.80314,0.80314
1783197240000,0.80314,0.80314,0.80314,0.80314
1783197300000,0.80314,0.80314,0.80314,0.80314
1783197360000,0.80314,0.80314,0.80314,0.80314
1783197420000,0.80314,0.80314,0.80314,0.80314
1783197480000,0.80314,0.80314,0.80314,0.80314
1783197540000,0.80314,0.80314,0.80314,0.80314
1783197600000,0.80314,0.80314,0.80314,0.80314
1783197660000,0.80314,0.80314,0.80314,0.80314
1783197720000,0.80314,0.80314,0.80314,0.80314
1783197780000,0.80314,0.80314,0.80314,0.80314
1783197840000,0.80314,0.80314,0.80314,0.80314
1783197900000,0.80314,0.80314,0.80314,0.80314
1783197960000,0.80314,0.80314,0.80314,0.80314
1783198020000,0.80314,0.80314,0.80314,0.80314
1783198080000,0.80314,0.80314,0.80314,0.80314
1783198140000,0.80314,0.80314,0.80314,0.80314
1783198200000,0.80314,0.80314,0.80314,0.80314
1783198260000,0.80314,0.80314,0.80314,0.80314
1783198320000,0.80314,0.80314,0.80314,0.80314
1783198380000,0.80314,0.80314,0.80314,0.80314
1783198440000,0.80314,0.80314,0.80314,0.80314
1783198500000,0.80314,0.80314,0.80314,0.80314
1783198560000,0.80314,0.80314,0.80314,0.80314
1783198620000,0.80314,0.80314,0.80314,0.80314
1783198680000,0.80314,0.80314,0.80314,0.80314
1783198740000,0.80314,0.80314,0.80314,0.80314
1783198800000,0.80314,0.80314,0.80314,0.80314
1783198860000,0.80314,0.80314,0.80314,0.80314
1783198920000,0.80314,0.80314,0.80314,0.80314
1783198980000,0.80314,0.80314,0.80314,0.80314
1783199040000,0.80314,0.80314,0.80314,0.80314
1783199100000,0.80314,0.80314,0.80314,0.80314
1783199160000,0.80314,0.80314,0.80314,0.80314
1783199220000,0.80314,0.80314,0.80314,0.80314
1783199280000,0.80314,0.80314,0.80314,0.80314
1783199340000,0.80314,0.80314,0.80314,0.80314
1783199400000,0.80314,0.80314,0.80314,0.80314
1783199460000,0.80314,0.80314,0.80314,0.80314
1783199520000,0.80314,0.80314,0.80314,0.80314
1783199580000,0.80314,0.80314,0.80314,0.80314
1783199640000,0.80314,0.80314,0.80314,0.80314
1783199700000,0.80314,0.80314,0.80314,0.80314
1783199760000,0.80314,0.80314,0.80314,0.80314
1783199820000,0.80314,0.80314,0.80314,0.80314
1783199880000,0.80314,0.80314,0.80314,0.80314
1783199940000,0.80314,0.80314,0.80314,0.80314
1783200000000,0.80314,0.80314,0.80314,0.80314
1783200060000,0.80314,0.80314,0.80314,0.80314
1783200120000,0.80314,0.80314,0.80314,0.80314
1783200180000,0.80314,0.80314,0.80314,0.80314
1783200240000,0.80314,0.80314,0.80314,0.80314
1783200300000,0.80314,0.80314,0.80314,0.80314
1783200360000,0.80314,0.80314,0.80314,0.80314
1783200420000,0.80314,0.80314,0.80314,0.80314
1783200480000,0.80314,0.80314,0.80314,0.80314
1783200540000,0.80314,0.80314,0.80314,0.80314
1783200600000,0.80314,0.80314,0.80314,0.80314
1783200660000,0.80314,0.80314,0.80314,0.80314
1783200720000,0.80314,0.80314,0.80314,0.80314
1783200780000,0.80314,0.80314,0.80314,0.80314
1783200840000,0.80314,0.80314,0.80314,0.80314
1783200900000,0.80314,0.80314,0.80314,0.80314
1783200960000,0.80314,0.80314,0.80314,0.80314
1783201020000,0.80314,0.80314,0.80314,0.80314
1783201080000,0.80314,0.80314,0.80314,0.80314
1783201140000,0.80314,0.80314,0.80314,0.80314
1783201200000,0.80314,0.80314,0.80314,0.80314
1783201260000,0.80314,0.80314,0.80314,0.80314
1783201320000,0.80314,0.80314,0.80314,0.80314
1783201380000,0.80314,0.80314,0.80314,0.80314
1783201440000,0.80314,0.80314,0.80314,0.80314
1783201500000,0.80314,0.80314,0.80314,0.80314
1783201560000,0.80314,0.80314,0.80314,0.80314
1783201620000,0.80314,0.80314,0.80314,0.80314
1783201680000,0.80314,0.80314,0.80314,0.80314
1783201740000,0.80314,0.80314,0.80314,0.80314
1783201800000,0.80314,0.80314,0.80314,0.80314
1783201860000,0.80314,0.80314,0.80314,0.80314
1783201920000,0.80314,0.80314,0.80314,0.80314
1783201980000,0.80314,0.80314,0.80314,0.80314
1783202040000,0.80314,0.80314,0.80314,0.80314
1783202100000,0.80314,0.80314,0.80314,0.80314
1783202160000,0.80314,0.80314,0.80314,0.80314
1783202220000,0.80314,0.80314,0.80314,0.80314
1783202280000,0.80314,0.80314,0.80314,0.80314
1783202340000,0.80314,0.80314,0.80314,0.80314
1783202400000,0.80314,0.80314,0.80314,0.80314
1783202460000,0.80314,0.80314,0.80314,0.80314
1783202520000,0.80314,0.80314,0.80314,0.80314
1783202580000,0.80314,0.80314,0.80314,0.80314
1783202640000,0.80314,0.80314,0.80314,0.80314
1783202700000,0.80314,0.80314,0.80314,0.80314
1783202760000,0.80314,0.80314,0.80314,0.80314
1783202820000,0.80314,0.80314,0.80314,0.80314
1783202880000,0.80314,0.80314,0.80314,0.80314
1783202940000,0.80314,0.80314,0.80314,0.80314
1783203000000,0.80314,0.80314,0.80314,0.80314
1783203060000,0.80314,0.80314,0.80314,0.80314
1783203120000,0.80314,0.80314,0.80314,0.80314
1783203180000,0.80314,0.80314,0.80314,0.80314
1783203240000,0.80314,0.80314,0.80314,0.80314
1783203300000,0.80314,0.80314,0.80314,0.80314
1783203360000,0.80314,0.80314,0.80314,0.80314
1783203420000,0.80314,0.80314,0.80314,0.80314
1783203480000,0.80314,0.80314,0.80314,0.80314
1783203540000,0.80314,0.80314,0.80314,0.80314
1783203600000,0.80314,0.80314,0.80314,0.80314
1783203660000,0.80314,0.80314,0.80314,0.80314
1783203720000,0.80314,0.80314,0.80314,0.80314
1783203780000,0.80314,0.80314,0.80314,0.80314
1783203840000,0.80314,0.80314,0.80314,0.80314
1783203900000,0.80314,0.80314,0.80314,0.80314
1783203960000,0.80314,0.80314,0.80314,0.80314
1783204020000,0.80314,0.80314,0.80314,0.80314
1783204080000,0.80314,0.80314,0.80314,0.80314
1783204140000,0.80314,0.80314,0.80314,0.80314
1783204200000,0.80314,0.80314,0.80314,0.80314
1783204260000,0.80314,0.80314,0.80314,0.80314
1783204320000,0.80314,0.80314,0.80314,0.80314
1783204380000,0.80314,0.80314,0.80314,0.80314
1783204440000,0.80314,0.80314,0.80314,0.80314
1783204500000,0.80314,0.80314,0.80314,0.80314
1783204560000,0.80314,0.80314,0.80314,0.80314
1783204620000,0.80314,0.80314,0.80314,0.80314
1783204680000,0.80314,0.80314,0.80314,0.80314
1783204740000,0.80314,0.80314,0.80314,0.80314
1783204800000,0.80314,0.80314,0.80314,0.80314
1783204860000,0.80314,0.80314,0.80314,0.80314
1783204920000,0.80314,0.80314,0.80314,0.80314
1783204980000,0.80314,0.80314,0.80314,0.80314
1783205040000,0.80314,0.80314,0.80314,0.80314
1783205100000,0.80314,0.80314,0.80314,0.80314
1783205160000,0.80314,0.80314,0.80314,0.80314
1783205220000,0.80314,0.80314,0.80314,0.80314
1783205280000,0.80314,0.80314,0.80314,0.80314
1783205340000,0.80314,0.80314,0.80314,0.80314
1783205400000,0.80314,0.80314,0.80314,0.80314
1783205460000,0.80314,0.80314,0.80314,0.80314
1783205520000,0.80314,0.80314,0.80314,0.80314
1783205580000,0.80314,0.80314,0.80314,0.80314
1783205640000,0.80314,0.80314,0.80314,0.80314
1783205700000,0.80314,0.80314,0.80314,0.80314
1783205760000,0.80314,0.80314,0.80314,0.80314
1783205820000,0.80314,0.80314,0.80314,0.80314
1783205880000,0.80314,0.80314,0.80314,0.80314
1783205940000,0.80314,0.80314,0.80314,0.80314
1783206000000,0.80314,0.80314,0.80314,0.80314
1783206060000,0.80314,0.80314,0.80314,0.80314
1783206120000,0.80314,0.80314,0.80314,0.80314
1783206180000,0.80314,0.80314,0.80314,0.80314
1783206240000,0.80314,0.80314,0.80314,0.80314
1783206300000,0.80314,0.80314,0.80314,0.80314
1783206360000,0.80314,0.80314,0.80314,0.80314
1783206420000,0.80314,0.80314,0.80314,0.80314
1783206480000,0.80314,0.80314,0.80314,0.80314
1783206540000,0.80314,0.80314,0.80314,0.80314
1783206600000,0.80314,0.80314,0.80314,0.80314
1783206660000,0.80314,0.80314,0.80314,0.80314
1783206720000,0.80314,0.80314,0.80314,0.80314
1783206780000,0.80314,0.80314,0.80314,0.80314
1783206840000,0.80314,0.80314,0.80314,0.80314
1783206900000,0.80314,0.80314,0.80314,0.80314
1783206960000,0.80314,0.80314,0.80314,0.80314
1783207020000,0.80314,0.80314,0.80314,0.80314
1783207080000,0.80314,0.80314,0.80314,0.80314
1783207140000,0.80314,0.80314,0.80314,0.80314
1783207200000,0.80314,0.80314,0.80314,0.80314
1783207260000,0.80314,0.80314,0.80314,0.80314
1783207320000,0.80314,0.80314,0.80314,0.80314
1783207380000,0.80314,0.80314,0.80314,0.80314
1783207440000,0.80314,0.80314,0.80314,0.80314
1783207500000,0.80314,0.80314,0.80314,0.80314
1783207560000,0.80314,0.80314,0.80314,0.80314
1783207620000,0.80314,0.80314,0.80314,0.80314
1783207680000,0.80314,0.80314,0.80314,0.80314
1783207740000,0.80314,0.80314,0.80314,0.80314
1783207800000,0.80314,0.80314,0.80314,0.80314
1783207860000,0.80314,0.80314,0.80314,0.80314
1783207920000,0.80314,0.80314,0.80314,0.80314
1783207980000,0.80314,0.80314,0.80314,0.80314
1783208040000,0.80314,0.80314,0.80314,0.80314
1783208100000,0.80314,0.80314,0.80314,0.80314
1783208160000,0.80314,0.80314,0.80314,0.80314
1783208220000,0.80314,0.80314,0.80314,0.80314
1783208280000,0.80314,0.80314,0.80314,0.80314
1783208340000,0.80314,0.80314,0.80314,0.80314
1783208400000,0.80314,0.80314,0.80314,0.80314
1783208460000,0.80314,0.80314,0.80314,0.80314
1783208520000,0.80314,0.80314,0.80314,0.80314
1783208580000,0.80314,0.80314,0.80314,0.80314
1783208640000,0.80314,0.80314,0.80314,0.80314
1783208700000,0.80314,0.80314,0.80314,0.80314
1783208760000,0.80314,0.80314,0.80314,0.80314
1783208820000,0.80314,0.80314,0.80314,0.80314
1783208880000,0.80314,0.80314,0.80314,0.80314
1783208940000,0.80314,0.80314,0.80314,0.80314
1783209000000,0.80314,0.80314,0.80314,0.80314
1783209060000,0.80314,0.80314,0.80314,0.80314
1783209120000,0.80314,0.80314,0.80314,0.80314
1783209180000,0.80314,0.80314,0.80314,0.80314
1783209240000,0.80314,0.80314,0.80314,0.80314
1783209300000,0.80314,0.80314,0.80314,0.80314
1783209360000,0.80314,0.80314,0.80314,0.80314
1783209420000,0.80314,0.80314,0.80314,0.80314
1783209480000,0.80314,0.80314,0.80314,0.80314
1783209540000,0.80314,0.80314,0.80314,0.80314
1783285200000,0.80291,0.80299,0.80291,0.80296
1783285260000,0.80296,0.80296,0.80296,0.80296
1783285320000,0.80296,0.80296,0.80295,0.80295
1783285380000,0.80295,0.80295,0.80295,0.80295
1783285500000,0.80295,0.80295,0.80295,0.80295
1783285560000,0.80295,0.80295,0.80295,0.80295
1783285620000,0.80295,0.80295,0.80295,0.80295
1783285680000,0.80295,0.80295,0.80295,0.80295
1783285740000,0.80295,0.80295,0.80295,0.80295
1783285800000,0.80296,0.80302,0.80296,0.80302
1783285860000,0.80302,0.80302,0.80302,0.80302
1783285920000,0.80302,0.80302,0.80302,0.80302
1783286160000,0.803,0.803,0.80283,0.80283
1783286460000,0.80285,0.80289,0.80285,0.80285
1783286520000,0.80286,0.80286,0.80286,0.80286
1783286580000,0.80286,0.80289,0.80286,0.80289
1783286640000,0.80289,0.80289,0.80289,0.80289
1783286760000,0.80286,0.80286,0.80286,0.80286
1783286820000,0.80289,0.80305,0.80289,0.80305
1783286880000,0.80289,0.80306,0.80289,0.80289
1783286940000,0.80289,0.80289,0.80289,0.80289
1783287000000,0.80289,0.80289,0.80282,0.80283
1783287060000,0.80286,0.80286,0.80285,0.80286
1783287120000,0.80286,0.80286,0.80286,0.80286
1783287180000,0.80286,0.80286,0.80286,0.80286
1783287240000,0.80286,0.80286,0.80286,0.80286
1783287300000,0.80281,0.80282,0.80281,0.80282
1783287360000,0.80283,0.80283,0.80283,0.80283
1783287480000,0.80283,0.80283,0.80283,0.80283
1783287540000,0.8028,0.8028,0.80279,0.80279
1783287600000,0.80282,0.80282,0.80282,0.80282
1783287660000,0.8028,0.80285,0.8028,0.80285
1783287720000,0.80285,0.80285,0.80285,0.80285
1783287780000,0.80282,0.80283,0.80282,0.80283
1783287840000,0.80283,0.80283,0.80282,0.80282
1783287900000,0.80319,0.80319,0.80295,0.80315
1783287960000,0.80317,0.80319,0.80307,0.80319
1783288020000,0.80317,0.80317,0.80287,0.80313
1783288080000,0.80316,0.80316,0.80306,0.80306
1783288140000,0.8031,0.80312,0.80305,0.80305
1783288200000,0.80308,0.80317,0.80308,0.80313
1783288260000,0.80316,0.80319,0.80313,0.80315
1783288320000,0.80308,0.80317,0.80303,0.80317
1783288380000,0.80317,0.80317,0.80317,0.80317
1783288440000,0.80318,0.8032,0.80302,0.8032
1783288500000,0.8032,0.8032,0.80302,0.80309
1783288560000,0.8031,0.80311,0.8031,0.80311
1783288620000,0.80311,0.80312,0.80294,0.80311
1783288680000,0.80315,0.80324,0.80312,0.80324
1783288740000,0.80324,0.80333,0.80314,0.80333
1783288800000,0.80323,0.80352,0.80323,0.80346
1783288860000,0.80345,0.80354,0.80345,0.80353
1783288920000,0.80352,0.80355,0.80352,0.80355
1783288980000,0.80355,0.80355,0.80354,0.80354
1783289040000,0.80355,0.80355,0.80353,0.80353
1783289100000,0.80352,0.80361,0.80352,0.8036
1783289160000,0.80361,0.80362,0.80361,0.80362
1783289220000,0.80362,0.80363,0.80362,0.80362
1783289280000,0.80362,0.80362,0.80362,0.80362
1783289340000,0.80362,0.80363,0.80362,0.80362
1783289400000,0.80362,0.80365,0.80353,0.80353
1783289460000,0.80354,0.80354,0.80354,0.80354
1783289520000,0.80355,0.80355,0.80355,0.80355
1783289580000,0.80357,0.80357,0.80353,0.80353
1783289640000,0.80355,0.80355,0.80352,0.80354
1783289700000,0.80356,0.80356,0.80353,0.80353
1783289760000,0.80355,0.80356,0.80355,0.80355
1783289820000,0.80356,0.80358,0.80356,0.80358
1783289880000,0.80357,0.80361,0.80357,0.80361
1783289940000,0.8036,0.8036,0.80357,0.80358
1783290000000,0.80359,0.80361,0.80359,0.80359
1783290060000,0.80361,0.80362,0.80361,0.80361
1783290120000,0.8036,0.80362,0.80359,0.80362
1783290180000,0.80361,0.80362,0.80356,0.80358
1783290240000,0.8036,0.80362,0.8036,0.80362
1783290300000,0.80361,0.80363,0.80361,0.80363
1783290360000,0.80363,0.80365,0.80363,0.80365
1783290420000,0.80365,0.80368,0.80365,0.80368
1783290480000,0.80367,0.80368,0.80366,0.80368
1783290540000,0.80369,0.8037,0.80368,0.80369
1783290600000,0.80369,0.80369,0.80369,0.80369
1783290660000,0.80369,0.80369,0.80369,0.80369
1783290720000,0.80369,0.80369,0.80365,0.80366
1783290780000,0.80366,0.80366,0.80361,0.80363
1783290840000,0.80364,0.80366,0.80363,0.80365
1783290900000,0.80366,0.80366,0.80365,0.80366
1783290960000,0.80366,0.80366,0.80366,0.80366
1783291020000,0.80366,0.80366,0.80366,0.80366
1783291080000,0.80363,0.80363,0.80359,0.80359
1783291140000,0.80358,0.80359,0.80352,0.80356
1783291200000,0.80356,0.80361,0.80356,0.80358
1783291260000,0.80357,0.80357,0.80357,0.80357
1783291320000,0.80358,0.8036,0.80358,0.8036
1783291380000,0.8036,0.8036,0.80359,0.8036
1783291440000,0.80358,0.80359,0.80357,0.80358
1783291500000,0.80358,0.80359,0.80356,0.80359
1783291560000,0.80356,0.80362,0.80356,0.80362
1783291620000,0.80362,0.80362,0.8036,0.8036
1783291740000,0.80363,0.80363,0.80361,0.80362
1783291800000,0.80362,0.80369,0.80362,0.80369
1783291860000,0.80369,0.80369,0.80365,0.80365
1783291920000,0.80367,0.80369,0.80367,0.80369
1783291980000,0.80369,0.80373,0.80369,0.80373
1783292040000,0.80373,0.80376,0.80373,0.80376
1783292100000,0.80376,0.80384,0.80376,0.80383
1783292160000,0.80382,0.80384,0.80382,0.80384
1783292220000,0.80384,0.80384,0.8038,0.80381
1783292280000,0.80376,0.80378,0.80375,0.80377
1783292340000,0.80376,0.80376,0.80374,0.80374
