timestamp,open,high,low,close
1782432000000,4014.205,4018.355,4013.835,4017.745
1782432060000,4017.695,4018.095,4013.545,4014.235
1782432120000,4014.195,4014.705,4012.855,4014.325
1782432180000,4014.245,4015.995,4013.155,4013.205
1782432240000,4012.975,4015.365,4012.155,4012.235
1782432300000,4012.265,4013.235,4011.275,4013.065
1782432360000,4013.085,4015.445,4012.605,4014.755
1782432420000,4014.885,4014.885,4011.575,4012.175
1782432480000,4012.155,4014.345,4012.155,4012.655
1782432540000,4012.725,4014.415,4012.505,4014.295
1782432600000,4014.325,4014.425,4012.885,4013.735
1782432660000,4013.985,4014.755,4011.835,4012.845
1782432720000,4012.825,4015.355,4011.975,4014.525
1782432780000,4014.555,4017.245,4013.935,4016.975
1782432840000,4016.975,4019.655,4016.945,4019.565
1782432900000,4019.545,4021.005,4018.445,4020.715
1782432960000,4020.715,4021.285,4018.535,4018.895
1782433020000,4019.015,4022.425,4018.655,4022.305
1782433080000,4022.325,4023.085,4019.895,4020.045
1782433140000,4019.905,4022.635,4019.905,4021.775
1782433200000,4021.825,4021.925,4019.975,4021.385
1782433260000,4021.425,4021.725,4018.785,4019.825
1782433320000,4019.765,4020.655,4016.785,4018.755
1782433380000,4018.835,4019.505,4018.265,4018.425
1782433440000,4018.395,4018.795,4017.715,4017.955
1782433500000,4018.038,4018.865,4015.965,4016.035
1782433560000,4016.075,4016.415,4013.425,4013.505
1782433620000,4013.485,4014.505,4012.225,4012.955
1782433680000,4012.915,4015.085,4012.865,4014.135
1782433740000,4014.205,4015.585,4013.655,4015.185
1782433800000,4015.215,4016.595,4012.205,4013.095
1782433860000,4013.135,4015.195,4012.875,4013.255
1782433920000,4013.315,4015.215,4013.315,4014.205
1782433980000,4014.155,4014.225,4013.005,4013.775
1782434040000,4013.865,4015.755,4013.825,4015.735
1782434100000,4015.725,4016.825,4015.315,4015.335
1782434160000,4015.405,4017.785,4014.485,4017.005
1782434220000,4016.965,4016.985,4015.895,4016.425
1782434280000,4016.265,4016.365,4015.115,4015.715
1782434340000,4015.695,4016.045,4014.085,4016.025
1782434400000,4016.065,4017.555,4016.005,4016.425
1782434460000,4016.505,4016.895,4014.865,4015.955
1782434520000,4016.015,4017.735,4015.985,4017.435
1782434580000,4017.395,4018.885,4017.345,4018.655
1782434640000,4018.935,4019.675,4018.745,4018.935
1782434700000,4018.945,4019.575,4018.595,4019.518
1782434760000,4019.518,4023.605,4019.518,4023.035
1782434820000,4023.095,4023.555,4022.365,4023.125
1782434880000,4023.145,4023.235,4020.875,4021.015
1782434940000,4021.035,4021.115,4018.785,4018.805
1782435000000,4018.785,4019.255,4017.355,4017.495
1782435060000,4017.545,4020.185,4017.475,4019.775
1782435120000,4019.845,4020.855,4019.085,4019.975
1782435180000,4019.915,4019.975,4017.105,4017.605
1782435240000,4017.575,4017.575,4015.265,4015.855
1782435300000,4015.825,4017.645,4015.815,4016.815
1782435360000,4016.765,4018.195,4016.565,4018.195
1782435420000,4018.435,4019.805,4015.945,4019.685
1782435480000,4019.755,4024.235,4018.755,4024.205
1782435540000,4024.235,4024.255,4020.005,4020.075
1782435600000,4020.145,4025.565,4019.265,4025.215
1782435660000,4025.185,4029.335,4024.575,4027.535
1782435720000,4027.405,4028.015,4020.095,4020.155
1782435780000,4020.135,4023.635,4017.635,4021.825
1782435840000,4021.845,4022.725,4017.055,4017.145
1782435900000,4017.035,4018.035,4014.785,4014.815
1782435960000,4014.885,4017.545,4013.945,4017.455
1782436020000,4017.715,4019.135,4016.355,4017.845
1782436080000,4017.865,4020.545,4017.405,4019.635
1782436140000,4019.665,4019.685,4016.445,4017.205
1782436200000,4017.185,4019.925,4017.055,4019.155
1782436260000,4019.135,4020.655,4018.675,4020.255
1782436320000,4020.325,4021.245,4019.455,4020.235
1782436380000,4020.185,4020.185,4018.575,4018.855
1782436440000,4018.875,4020.335,4018.075,4019.575
1782436500000,4019.515,4023.135,4018.055,4023.125
1782436560000,4023.165,4025.935,4022.605,4025.775
1782436620000,4025.735,4026.215,4024.428,4024.705
1782436680000,4024.698,4024.778,4021.725,4023.245
1782436740000,4023.265,4024.465,4022.785,4024.445
1782436800000,4024.425,4024.725,4022.895,4023.115
1782436860000,4023.025,4023.355,4021.655,4022.045
1782436920000,4022.015,4024.015,4021.488,4023.215
1782436980000,4023.305,4023.955,4021.645,4021.885
1782437040000,4021.915,4022.735,4021.375,4022.625
1782437100000,4022.645,4022.715,4021.058,4021.185
1782437160000,4021.225,4021.845,4020.868,4020.975
1782437220000,4020.875,4020.875,4017.385,4018.715
1782437280000,4018.685,4019.938,4018.535,4019.428
1782437340000,4019.565,4022.545,4018.585,4022.335
1782437400000,4022.735,4023.535,4020.345,4021.455
1782437460000,4021.405,4021.835,4020.185,4020.315
1782437520000,4020.345,4021.815,4020.205,4020.485
1782437580000,4020.485,4022.375,4020.175,4020.905
1782437640000,4020.685,4021.015,4019.015,4020.005
1782437700000,4020.035,4020.405,4015.888,4016.485
1782437760000,4016.365,4018.825,4016.135,4018.515
1782437820000,4018.495,4021.075,4018.035,4018.265
1782437880000,4018.395,4018.575,4015.965,4017.005
1782437940000,4016.925,4022.745,4016.438,4021.235
1782438000000,4021.215,4023.025,4019.795,4022.415
1782438060000,4022.515,4025.195,4022.465,4023.725
1782438120000,4023.795,4025.355,4021.875,4022.945
1782438180000,4022.885,4023.835,4022.355,4023.325
1782438240000,4023.255,4024.745,4020.015,4020.355
1782438300000,4020.325,4022.725,4019.765,4019.775
1782438360000,4019.805,4020.985,4017.255,4018.205
1782438420000,4018.225,4018.365,4014.685,4014.845
1782438480000,4014.765,4016.535,4014.205,4016.285
1782438540000,4016.195,4016.335,4014.845,4016.055
1782438600000,4016.235,4017.625,4015.765,4016.205
1782438660000,4016.175,4017.285,4015.465,4016.275
1782438720000,4016.325,4016.355,4014.215,4015.925
1782438780000,4015.955,4017.045,4015.075,4016.645
1782438840000,4016.675,4018.535,4016.255,4018.035
1782438900000,4017.995,4021.135,4017.905,4020.945
1782438960000,4021.015,4021.365,4018.795,4018.955
1782439020000,4019.075,4019.245,4017.875,4018.775
1782439080000,4018.735,4020.245,4018.645,4019.135
1782439140000,4019.175,4021.535,4019.175,4020.795
1782439200000,4020.905,4022.898,4019.335,4019.725
1782439260000,4019.595,4020.315,4018.755,4019.285
1782439320000,4019.315,4020.425,4017.305,4020.375
1782439380000,4020.395,4022.275,4020.395,4021.155
1782439440000,4021.095,4021.715,4018.895,4020.035
1782439500000,4020.065,4020.515,4016.795,4017.408
1782439560000,4017.365,4018.265,4016.865,4017.105
1782439620000,4017.135,4017.215,4014.928,4016.205
1782439680000,4016.225,4017.415,4016.155,4016.535
1782439740000,4016.465,4017.335,4015.875,4016.705
1782439800000,4016.685,4016.685,4015.395,4015.575
1782439860000,4015.605,4015.705,4013.145,4013.785
1782439920000,4013.695,4014.655,4013.255,4014.585
1782439980000,4014.565,4014.565,4013.178,4013.695
1782440040000,4013.715,4015.005,4013.145,4014.925
1782440100000,4014.875,4015.275,4013.835,4014.445
1782440160000,4014.355,4016.205,4014.255,4014.825
1782440220000,4014.715,4016.455,4014.405,4016.225
1782440280000,4016.205,4016.285,4013.935,4013.985
1782440340000,4013.955,4014.135,4008.935,4008.965
1782440400000,4008.925,4010.025,4008.595,4009.795
1782440460000,4009.815,4011.135,4008.935,4009.085
1782440520000,4009.055,4009.405,4007.815,4008.515
1782440580000,4008.445,4009.715,4006.495,4007.115
1782440640000,4006.995,4007.275,4005.048,4005.735
1782440700000,4005.765,4005.925,4003.685,4005.455
1782440760000,4005.485,4007.485,4005.485,4007.215
1782440820000,4006.945,4007.288,4004.985,4005.345
1782440880000,4005.325,4006.915,4005.165,4006.385
1782440940000,4006.435,4008.155,4006.105,4007.108
1782441000000,4007.368,4007.595,4004.248,4006.725
1782441060000,4006.735,4009.035,4006.685,4007.785
1782441120000,4007.735,4007.945,4004.888,4004.888
1782441180000,4004.888,4004.888,4001.028,4003.255
1782441240000,4003.235,4004.375,4002.208,4002.565
1782441300000,4002.645,4003.135,4001.815,4002.155
1782441360000,4002.215,4002.765,3999.895,3999.905
1782441420000,3999.955,4000.055,3994.795,3995.228
1782441480000,3995.148,3995.645,3991.395,3995.115
1782441540000,3995.115,3998.915,3994.935,3997.485
1782441600000,3997.405,3997.435,3993.205,3993.375
1782441660000,3993.305,3994.605,3990.965,3991.965
1782441720000,3992.005,3995.615,3991.738,3995.075
1782441780000,3995.055,3996.215,3992.655,3993.625
1782441840000,3993.615,3994.255,3991.615,3992.035
1782441900000,3992.005,3994.015,3990.985,3993.225
1782441960000,3993.265,3993.985,3990.575,3991.715
1782442020000,3991.725,3992.765,3991.415,3992.045
1782442080000,3992.005,3993.435,3991.485,3992.605
1782442140000,3992.605,3993.245,3991.645,3992.935
1782442200000,3992.975,3995.295,3991.745,3992.335
1782442260000,3992.345,3993.115,3990.868,3990.915
1782442320000,3990.715,3992.715,3990.505,3992.705
1782442380000,3992.685,3992.975,3985.565,3986.775
1782442440000,3986.795,3987.415,3984.525,3985.945
1782442500000,3985.938,3986.925,3982.635,3983.475
1782442560000,3983.598,3987.225,3982.775,3986.935
1782442620000,3986.945,3988.575,3986.135,3988.075
1782442680000,3988.125,3991.055,3987.805,3991.055
1782442740000,3991.075,3993.215,3990.085,3990.465
1782442800000,3990.425,3991.595,3988.095,3989.178
1782442860000,3989.115,3989.445,3987.115,3987.535
1782442920000,3987.745,3989.325,3986.365,3988.925
1782442980000,3988.885,3991.155,3988.755,3990.835
1782443040000,3990.805,3992.355,3989.875,3990.245
1782443100000,3990.275,3992.195,3989.245,3991.665
1782443160000,3991.645,3995.265,3991.505,3994.025
1782443220000,3994.055,3994.475,3991.855,3992.615
1782443280000,3992.595,3994.105,3991.495,3991.515
1782443340000,3991.485,3995.085,3991.485,3994.695
1782443400000,3994.755,3995.855,3993.215,3995.805
1782443460000,3995.785,3997.565,3994.165,3995.655
1782443520000,3995.425,3997.755,3995.175,3997.095
1782443580000,3996.595,3998.695,3996.295,3998.455
1782443640000,3998.475,3999.445,3997.095,3997.395
1782443700000,3997.445,3999.095,3996.075,3996.575
1782443760000,3996.655,3996.655,3993.495,3993.495
1782443820000,3993.585,3997.495,3993.585,3997.195
1782443880000,3997.215,3997.785,3995.905,3997.075
1782443940000,3997.185,3999.635,3997.018,3998.085
1782444000000,3997.935,3998.095,3996.395,3996.985
1782444060000,3997.035,3997.125,3995.065,3995.085
1782444120000,3995.015,3995.618,3994.215,3994.655
1782444180000,3994.705,3995.115,3992.515,3993.395
1782444240000,3993.335,3993.925,3992.635,3993.225
1782444300000,3993.245,3994.365,3992.408,3994.305
1782444360000,3994.285,3995.815,3993.915,3995.115
1782444420000,3995.085,3995.725,3994.195,3994.825
1782444480000,3994.785,3995.795,3993.765,3993.945
1782444540000,3994.278,3995.375,3993.885,3995.105
1782444600000,3995.105,3995.155,3992.805,3994.355
1782444660000,3994.285,3995.545,3993.375,3995.545
1782444720000,3995.515,3996.315,3994.755,3994.945
1782444780000,3995.015,3998.235,3994.925,3996.585
1782444840000,3996.565,3996.565,3994.425,3995.555
1782444900000,3995.525,3996.245,3994.885,3994.915
1782444960000,3994.945,3996.545,3994.945,3996.475
1782445020000,3996.545,3997.565,3996.085,3996.185
1782445080000,3996.215,3997.945,3995.365,3997.885
1782445140000,3997.945,3998.075,3995.895,3996.135
1782445200000,3996.195,3999.265,3995.935,3997.805
1782445260000,3997.825,4000.535,3997.785,3999.885
1782445320000,3999.885,4000.155,3998.735,3999.815
1782445380000,3999.785,4001.005,3998.355,3998.445
1782445440000,3998.475,4000.045,3997.605,3999.985
1782445500000,4000.005,4000.005,3997.735,3997.865
1782445560000,3997.845,3998.895,3997.095,3998.815
1782445620000,3998.815,3999.255,3997.515,3999.075
1782445680000,3999.135,4000.125,3998.545,3998.625
1782445740000,3998.645,3999.095,3997.228,3997.645
1782445800000,3997.645,3999.175,3997.595,3998.515
1782445860000,3998.535,3999.445,3998.115,3998.395
1782445920000,3998.395,4000.975,3998.335,4000.305
1782445980000,4000.175,4000.605,3999.565,4000.205
1782446040000,4000.235,4002.245,4000.235,4001.885
1782446100000,4001.835,4006.465,4001.445,4005.305
1782446160000,4005.265,4005.755,4004.765,4004.825
1782446220000,4004.865,4005.175,4003.065,4003.915
1782446280000,4003.975,4003.975,4001.995,4003.235
1782446340000,4003.235,4004.405,4002.125,4004.065
1782446400000,4004.145,4004.605,4002.245,4002.475
1782446460000,4002.425,4005.375,4001.895,4004.875
1782446520000,4004.725,4004.855,4002.585,4003.005
1782446580000,4003.015,4003.675,4000.785,4001.525
1782446640000,4001.555,4002.045,4000.815,4000.935
1782446700000,4000.975,4000.975,3999.785,4000.305
1782446760000,4000.305,4000.335,3998.485,3999.625
1782446820000,3999.715,4002.065,3999.585,4001.995
1782446880000,4001.995,4003.085,4000.605,4001.515
1782446940000,4001.445,4003.035,4000.655,4000.705
1782447000000,4000.655,4003.155,4000.615,4003.155
1782447060000,4003.115,4006.115,4002.905,4005.935
1782447120000,4005.915,4007.135,4005.915,4006.955
1782447180000,4006.915,4008.155,4006.815,4008.155
1782447240000,4008.075,4009.275,4007.725,4008.255
1782447300000,4008.235,4009.435,4008.025,4008.735
1782447360000,4008.575,4008.635,4006.805,4006.805
1782447420000,4006.845,4011.665,4006.565,4011.325
1782447480000,4011.285,4011.865,4008.485,4009.225
1782447540000,4009.225,4009.905,4008.805,4009.025
1782447600000,4008.985,4009.745,4008.425,4009.025
1782447660000,4009.005,4009.525,4008.525,4008.885
1782447720000,4008.945,4009.555,4007.895,4008.725
1782447780000,4008.805,4010.205,4008.695,4009.105
1782447840000,4009.105,4009.185,4007.495,4007.585
1782447900000,4007.585,4007.785,4006.355,4007.125
1782447960000,4007.165,4007.615,4005.785,4006.155
1782448020000,4006.185,4006.925,4005.975,4006.835
1782448080000,4006.805,4008.325,4006.805,4008.075
1782448140000,4008.175,4008.185,4006.475,4007.095
1782448200000,4007.015,4008.105,4006.215,4007.185
1782448260000,4007.275,4007.565,4006.188,4007.425
1782448320000,4007.405,4007.445,4005.585,4005.595
1782448380000,4005.655,4005.855,4005.105,4005.485
1782448440000,4005.525,4005.995,4004.145,4004.725
1782448500000,4004.755,4004.975,4004.135,4004.395
1782448560000,4004.265,4004.265,4002.245,4003.395
1782448620000,4003.285,4004.555,4002.885,4003.665
1782448680000,4003.635,4004.148,4002.905,4003.045
1782448740000,4003.015,4003.335,4002.545,4002.948
1782448800000,4002.948,4003.965,4002.585,4003.605
1782448860000,4003.625,4003.685,4001.905,4002.015
1782448920000,4002.015,4003.505,4001.445,4003.235
1782448980000,4003.245,4005.295,4002.425,4005.165
1782449040000,4005.195,4008.115,4004.875,4008.005
1782449100000,4008.065,4009.355,4007.515,4007.575
1782449160000,4007.555,4009.255,4007.515,4008.835
1782449220000,4008.885,4009.605,4007.115,4007.115
1782449280000,4007.155,4008.675,4006.965,4008.605
1782449340000,4008.565,4009.055,4007.565,4009.055
1782449400000,4009.145,4010.755,4008.905,4008.915
1782449460000,4008.915,4010.335,4008.585,4009.405
1782449520000,4009.445,4010.005,4008.855,4009.215
1782449580000,4009.155,4011.435,4009.155,4010.895
1782449640000,4010.845,4015.195,4010.155,4014.235
1782449700000,4014.035,4014.985,4012.875,4013.655
1782449760000,4013.205,4014.525,4011.265,4011.615
1782449820000,4011.585,4013.675,4010.915,4012.905
1782449880000,4013.075,4013.665,4011.705,4011.805
1782449940000,4011.665,4012.265,4010.635,4011.085
1782450000000,4011.395,4013.025,4011.225,4011.875
1782450060000,4011.638,4011.755,4010.235,4011.265
1782450120000,4011.265,4011.345,4010.195,4010.915
1782450180000,4010.955,4011.495,4009.775,4009.965
1782450240000,4010.095,4010.665,4009.375,4009.965
1782450300000,4009.965,4010.485,4006.125,4007.095
1782450360000,4007.035,4009.235,4006.745,4009.165
1782450420000,4009.195,4009.965,4009.005,4009.925
1782450480000,4009.935,4011.075,4009.565,4010.955
1782450540000,4010.955,4012.135,4010.415,4011.745
1782450600000,4011.895,4014.065,4011.855,4013.745
1782450660000,4013.745,4014.698,4012.015,4012.195
1782450720000,4012.195,4013.135,4011.665,4012.855
1782450780000,4012.865,4014.245,4012.755,4013.915
1782450840000,4013.905,4015.145,4013.405,4015.135
1782450900000,4015.175,4018.975,4015.085,4018.775
1782450960000,4018.775,4018.945,4017.235,4017.285
1782451020000,4017.315,4017.315,4013.935,4014.035
1782451080000,4014.095,4014.615,4013.365,4014.155
1782451140000,4014.155,4015.575,4014.155,4014.415
1782451200000,4014.445,4014.645,4012.135,4013.055
1782451260000,4012.838,4013.315,4012.495,4012.645
1782451320000,4012.685,4012.965,4011.615,4012.375
1782451380000,4012.215,4013.565,4011.965,4012.795
1782451440000,4012.615,4013.085,4012.025,4012.975
1782451500000,4012.975,4014.325,4012.975,4014.115
1782451560000,4014.475,4016.425,4014.475,4015.765
1782451620000,4015.765,4016.445,4015.505,4015.805
1782451680000,4015.875,4018.215,4014.755,4018.155
1782451740000,4018.175,4018.305,4016.078,4016.375
1782451800000,4016.325,4021.135,4015.745,4015.875
1782451860000,4015.835,4018.405,4014.665,4015.555
1782451920000,4015.495,4017.985,4014.925,4017.945
1782451980000,4017.965,4019.345,4016.795,4017.575
1782452040000,4017.548,4017.715,4015.415,4016.415
1782452100000,4016.595,4018.235,4015.255,4018.235
1782452160000,4018.645,4018.645,4015.425,4015.735
1782452220000,4015.735,4017.175,4015.115,4015.405
1782452280000,4015.305,4016.715,4013.215,4013.255
1782452340000,4013.345,4013.955,4011.835,4013.475
1782452400000,4013.415,4016.895,4012.825,4013.705
1782452460000,4013.735,4014.025,4011.955,4013.585
1782452520000,4013.455,4014.615,4012.715,4014.295
1782452580000,4014.205,4014.305,4012.995,4013.115
1782452640000,4013.345,4013.625,4010.625,4011.015
1782452700000,4011.075,4011.755,4007.845,4007.925
1782452760000,4007.965,4008.765,4006.915,4007.368
1782452820000,4007.358,4007.865,4005.395,4007.615
1782452880000,4007.655,4008.745,4007.275,4007.975
1782452940000,4008.035,4011.848,4007.675,4011.525
1782453000000,4011.475,4013.255,4010.825,4012.365
1782453060000,4012.225,4013.028,4011.255,4012.485
1782453120000,4012.435,4012.675,4010.455,4010.495
1782453180000,4010.535,4013.215,4010.335,4013.165
1782453240000,4013.185,4015.275,4012.455,4014.965
1782453300000,4014.965,4014.965,4011.555,4011.595
1782453360000,4011.645,4011.895,4008.865,4011.895
1782453420000,4011.825,4011.825,4008.625,4008.685
1782453480000,4008.615,4009.345,4007.685,4007.715
1782453540000,4007.705,4007.975,4006.315,4007.785
1782453600000,4007.785,4009.245,4007.135,4009.085
1782453660000,4009.065,4010.215,4008.025,4008.955
1782453720000,4008.925,4009.715,4007.255,4007.805
1782453780000,4007.945,4008.245,4006.505,4006.965
1782453840000,4006.935,4008.425,4006.615,4007.305
1782453900000,4007.955,4011.425,4007.925,4008.905
1782453960000,4008.885,4010.335,4008.425,4009.555
1782454020000,4009.555,4010.735,4008.695,4010.515
1782454080000,4010.525,4010.765,4007.595,4008.445
1782454140000,4008.465,4009.495,4007.675,4008.415
1782454200000,4008.358,4009.815,4008.015,4008.045
1782454260000,4008.085,4008.585,4006.615,4007.225
1782454320000,4007.285,4008.135,4006.945,4007.195
1782454380000,4007.185,4008.565,4006.755,4008.215
1782454440000,4008.215,4009.545,4007.825,4009.195
1782454500000,4009.225,4010.885,4008.975,4010.525
1782454560000,4010.585,4011.095,4009.615,4010.115
1782454620000,4009.895,4009.965,4008.115,4009.105
1782454680000,4008.835,4009.705,4008.325,4009.095
1782454740000,4009.015,4011.145,4008.215,4008.438
1782454800000,4008.365,4011.005,4008.245,4010.475
1782454860000,4010.495,4018.005,4010.065,4017.645
1782454920000,4017.715,4024.815,4017.565,4020.405
1782454980000,4020.335,4022.135,4019.435,4020.215
1782455040000,4020.205,4024.585,4020.035,4022.755
1782455100000,4022.685,4024.585,4020.305,4024.035
1782455160000,4024.135,4024.188,4020.735,4020.965
1782455220000,4020.775,4023.135,4020.235,4020.655
1782455280000,4020.745,4022.965,4020.495,4022.005
1782455340000,4022.015,4024.475,4021.755,4023.935
1782455400000,4023.925,4024.805,4022.605,4024.205
1782455460000,4024.125,4024.435,4022.595,4023.715
1782455520000,4023.645,4027.405,4022.345,4024.825
1782455580000,4024.795,4026.685,4023.775,4025.345
1782455640000,4025.285,4025.505,4023.028,4023.415
1782455700000,4023.405,4024.518,4023.028,4023.515
1782455760000,4023.555,4025.145,4022.468,4023.235
1782455820000,4023.155,4024.475,4021.305,4021.495
1782455880000,4021.478,4023.435,4021.475,4022.925
1782455940000,4022.955,4024.315,4022.105,4023.195
1782456000000,4023.125,4024.165,4022.015,4022.015
1782456060000,4022.055,4022.548,4021.205,4022.085
1782456120000,4022.165,4022.975,4020.908,4022.915
1782456180000,4022.935,4023.875,4021.005,4022.795
1782456240000,4022.815,4026.115,4021.515,4024.935
1782456300000,4024.888,4025.665,4023.148,4024.015
1782456360000,4024.015,4027.798,4023.625,4027.395
1782456420000,4027.355,4028.225,4024.065,4024.585
1782456480000,4024.745,4026.895,4024.475,4025.525
1782456540000,4025.585,4025.985,4023.728,4023.728
1782456600000,4023.728,4024.995,4021.745,4024.455
1782456660000,4024.455,4024.535,4023.025,4023.555
1782456720000,4023.505,4024.895,4023.065,4024.015
1782456780000,4024.105,4024.545,4023.725,4024.275
1782456840000,4024.115,4025.525,4023.305,4023.485
1782456900000,4023.415,4028.415,4022.825,4028.165
1782456960000,4028.035,4028.525,4026.215,4027.845
1782457020000,4027.905,4031.435,4027.595,4031.105
1782457080000,4030.875,4032.975,4030.045,4030.765
1782457140000,4030.715,4032.585,4029.855,4031.855
1782457200000,4031.835,4032.535,4029.405,4030.685
1782457260000,4030.605,4033.765,4029.865,4031.775
1782457320000,4031.425,4032.545,4030.548,4031.995
1782457380000,4032.005,4032.005,4026.618,4027.385
1782457440000,4027.345,4030.405,4027.105,4029.205
1782457500000,4029.255,4029.745,4027.775,4029.695
1782457560000,4029.845,4032.265,4029.615,4030.845
1782457620000,4030.885,4032.085,4028.785,4029.735
1782457680000,4029.665,4030.765,4028.568,4030.765
1782457740000,4030.795,4031.675,4028.905,4029.015
1782457800000,4029.035,4029.585,4027.805,4027.805
1782457860000,4027.755,4028.375,4026.925,4027.055
1782457920000,4027.065,4027.705,4026.945,4026.945
1782457980000,4026.845,4028.665,4026.845,4028.575
1782458040000,4028.585,4028.585,4027.175,4027.175
1782458100000,4027.165,4027.715,4026.715,4027.585
1782458160000,4027.545,4030.065,4027.545,4029.585
1782458220000,4029.525,4030.065,4028.735,4028.835
1782458280000,4028.805,4029.355,4027.555,4029.235
1782458340000,4029.325,4031.575,4028.865,4031.175
1782458400000,4031.025,4031.275,4028.585,4028.725
1782458460000,4028.665,4029.445,4028.555,4029.285
1782458520000,4029.375,4029.965,4028.775,4029.015
1782458580000,4029.055,4029.225,4028.148,4028.725
1782458640000,4028.695,4029.585,4027.485,4029.315
1782458700000,4029.375,4032.955,4029.375,4032.335
1782458760000,4032.285,4033.905,4032.095,4033.395
1782458820000,4033.285,4037.895,4033.125,4037.185
1782458880000,4037.285,4039.795,4035.955,4036.255
1782458940000,4036.255,4038.295,4035.618,4037.785
1782459000000,4037.895,4038.525,4037.315,4038.405
1782459060000,4038.375,4038.555,4037.635,4038.085
1782459120000,4037.925,4038.515,4036.875,4037.125
1782459180000,4037.098,4038.525,4036.855,4038.185
1782459240000,4038.215,4038.705,4037.185,4037.515
1782459300000,4037.515,4037.975,4035.785,4036.165
1782459360000,4036.125,4036.125,4034.945,4035.185
1782459420000,4035.195,4036.035,4034.795,4036.035
1782459480000,4035.945,4036.275,4034.005,4034.255
1782459540000,4034.305,4036.165,4034.165,4036.085
1782459600000,4036.045,4036.255,4034.105,4034.285
1782459660000,4034.345,4034.965,4034.035,4034.345
1782459720000,4034.345,4034.425,4031.485,4031.608
1782459780000,4031.608,4032.305,4030.705,4032.115
1782459840000,4032.025,4032.455,4031.135,4031.305
1782459900000,4031.355,4031.605,4030.405,4030.475
1782459960000,4030.455,4030.605,4029.535,4030.435
1782460020000,4030.465,4030.665,4029.075,4029.505
1782460080000,4029.615,4029.645,4028.888,4029.405
1782460140000,4029.315,4029.315,4028.295,4028.845
1782460200000,4028.825,4028.895,4028.255,4028.475
1782460260000,4028.385,4030.065,4027.905,4028.415
1782460320000,4028.345,4028.545,4027.545,4028.515
1782460380000,4028.645,4029.935,4027.875,4029.935
1782460440000,4029.865,4030.145,4028.995,4030.125
1782460500000,4030.005,4031.635,4029.675,4031.295
1782460560000,4031.295,4032.035,4031.185,4031.765
1782460620000,4031.775,4031.775,4030.185,4030.545
1782460680000,4030.585,4030.695,4030.145,4030.345
1782460740000,4030.315,4031.335,4029.775,4030.465
1782460800000,4030.365,4033.005,4029.975,4030.595
1782460860000,4030.645,4030.645,4027.285,4027.465
1782460920000,4027.515,4027.775,4025.735,4027.015
1782460980000,4027.145,4027.925,4026.515,4027.905
1782461040000,4027.905,4027.995,4026.465,4026.475
1782461100000,4026.525,4026.905,4025.715,4026.875
1782461160000,4026.825,4028.525,4026.635,4028.405
1782461220000,4028.405,4029.015,4028.175,4028.945
1782461280000,4028.915,4031.055,4028.475,4030.975
1782461340000,4030.845,4031.475,4029.705,4030.415
1782461400000,4030.415,4030.415,4028.795,4029.035
1782461460000,4029.095,4030.655,4027.805,4030.245
1782461520000,4030.295,4031.285,4029.505,4029.565
1782461580000,4029.655,4030.335,4028.595,4030.255
1782461640000,4030.135,4031.125,4029.545,4030.905
1782461700000,4030.985,4032.825,4029.645,4032.105
1782461760000,4032.065,4032.545,4031.545,4032.535
1782461820000,4032.505,4033.195,4031.835,4032.415
1782461880000,4032.415,4034.485,4031.885,4032.075
1782461940000,4032.015,4032.685,4031.865,4032.225
1782462000000,4032.345,4032.445,4030.835,4031.995
1782462060000,4031.755,4033.435,4031.755,4033.435
1782462120000,4033.445,4033.865,4032.715,4032.835
1782462180000,4032.825,4032.825,4030.945,4031.365
1782462240000,4031.365,4031.845,4030.005,4030.705
1782462300000,4030.745,4032.335,4030.455,4030.785
1782462360000,4030.715,4033.225,4030.385,4032.805
1782462420000,4032.895,4035.175,4032.845,4034.375
1782462480000,4034.345,4035.675,4034.345,4034.665
1782462540000,4034.665,4035.695,4034.325,4035.525
1782462600000,4035.435,4035.435,4032.465,4033.495
1782462660000,4033.505,4036.045,4033.505,4035.145
1782462720000,4035.135,4035.205,4033.725,4033.805
1782462780000,4033.925,4033.925,4032.675,4033.255
1782462840000,4033.265,4034.798,4032.995,4034.375
1782462900000,4034.435,4034.495,4032.268,4032.485
1782462960000,4032.545,4033.035,4032.125,4032.965
1782463020000,4032.905,4033.585,4032.665,4032.775
1782463080000,4032.765,4033.605,4032.555,4033.565
1782463140000,4033.485,4034.055,4032.825,4033.185
1782463200000,4033.215,4033.475,4032.655,4032.935
1782463260000,4032.915,4033.835,4032.418,4033.655
1782463320000,4033.655,4034.745,4033.585,4034.075
1782463380000,4034.025,4034.305,4032.505,4033.155
1782463440000,4033.185,4035.905,4033.035,4035.475
1782463500000,4035.505,4037.275,4035.335,4036.845
1782463560000,4036.955,4037.685,4036.615,4037.115
1782463620000,4037.085,4037.205,4034.825,4034.825
1782463680000,4034.825,4035.015,4033.518,4033.518
1782463740000,4033.525,4033.945,4032.675,4033.475
1782463800000,4033.445,4034.135,4033.065,4033.845
1782463860000,4033.855,4033.995,4032.268,4032.345
1782463920000,4032.395,4033.835,4032.155,4033.495
1782463980000,4033.495,4034.145,4033.225,4033.985
1782464040000,4033.985,4034.185,4032.365,4032.595
1782464100000,4032.545,4032.555,4030.305,4030.675
1782464160000,4030.705,4031.215,4030.015,4030.315
1782464220000,4030.375,4030.815,4029.475,4030.735
1782464280000,4030.595,4031.455,4030.545,4031.435
1782464340000,4031.445,4031.815,4030.515,4030.795
1782464400000,4030.775,4030.945,4029.628,4029.775
1782464460000,4029.705,4031.505,4029.285,4031.385
1782464520000,4031.348,4032.805,4030.285,4031.625
1782464580000,4031.575,4032.445,4031.108,4031.955
1782464640000,4031.935,4034.745,4031.785,4034.155
1782464700000,4034.115,4036.255,4033.945,4035.385
1782464760000,4035.405,4036.745,4034.745,4035.305
1782464820000,4035.335,4036.785,4035.265,4036.735
1782464880000,4036.905,4038.715,4036.585,4038.485
1782464940000,4038.515,4039.705,4037.715,4038.465
1782465000000,4038.625,4041.345,4038.175,4041.175
1782465060000,4041.175,4041.325,4037.695,4038.905
1782465120000,4038.995,4038.995,4037.685,4038.435
1782465180000,4038.355,4039.125,4037.408,4038.745
1782465240000,4038.745,4039.365,4038.245,4039.185
1782465300000,4039.315,4039.555,4037.175,4037.265
1782465360000,4037.235,4038.065,4036.795,4037.895
1782465420000,4037.895,4038.425,4036.775,4038.275
1782465480000,4038.305,4038.535,4035.775,4035.825
1782465540000,4035.595,4046.785,4034.265,4046.315
1782465600000,4046.325,4048.465,4042.845,4045.255
1782465660000,4045.285,4048.695,4044.865,4046.125
1782465720000,4046.305,4046.345,4043.175,4045.265
1782465780000,4045.625,4047.835,4045.325,4047.395
1782465840000,4047.375,4048.895,4046.425,4047.965
1782465900000,4048.005,4050.245,4047.955,4049.655
1782465960000,4049.615,4050.748,4048.605,4049.955
1782466020000,4049.935,4050.065,4047.478,4047.478
1782466080000,4047.478,4048.835,4046.745,4048.785
1782466140000,4048.725,4049.185,4047.795,4048.125
1782466200000,4047.925,4048.095,4046.285,4046.685
1782466260000,4046.875,4048.185,4045.115,4045.975
1782466320000,4045.925,4048.195,4045.345,4048.125
1782466380000,4048.095,4048.515,4046.975,4047.975
1782466440000,4048.015,4049.555,4047.805,4048.085
1782466500000,4048.275,4053.245,4048.275,4052.395
1782466560000,4052.355,4053.405,4050.865,4051.255
1782466620000,4051.225,4054.005,4049.755,4053.965
1782466680000,4053.915,4053.915,4052.265,4052.585
1782466740000,4052.525,4053.085,4051.435,4051.605
1782466800000,4051.635,4053.645,4050.975,4053.515
1782466860000,4053.515,4053.595,4049.645,4049.675
1782466920000,4049.625,4051.115,4049.475,4049.705
1782466980000,4049.905,4050.005,4047.335,4048.025
1782467040000,4048.255,4048.855,4047.795,4047.845
1782467100000,4047.845,4048.025,4046.018,4047.895
1782467160000,4047.895,4048.948,4046.395,4046.715
1782467220000,4046.675,4046.975,4046.018,4046.545
1782467280000,4046.415,4047.445,4045.325,4047.415
1782467340000,4047.325,4048.335,4046.305,4046.975
1782467400000,4047.115,4048.195,4046.355,4047.585
1782467460000,4047.595,4049.185,4047.235,4047.665
1782467520000,4047.565,4052.215,4046.745,4052.215
1782467580000,4052.135,4053.755,4052.075,4052.625
1782467640000,4052.775,4052.775,4050.485,4050.535
1782467700000,4050.495,4050.575,4049.118,4049.118
1782467760000,4049.118,4049.665,4049.045,4049.295
1782467820000,4049.295,4049.295,4047.415,4047.875
1782467880000,4047.915,4049.645,4047.685,4049.385
1782467940000,4049.425,4049.425,4046.835,4046.975
1782468000000,4046.935,4048.465,4045.635,4048.035
1782468060000,4048.035,4048.805,4046.025,4046.025
1782468120000,4046.025,4046.455,4044.175,4046.005
1782468180000,4046.135,4047.445,4045.645,4045.935
1782468240000,4045.905,4047.535,4045.835,4047.515
1782468300000,4047.555,4048.085,4046.655,4047.635
1782468360000,4047.695,4050.285,4047.645,4050.275
1782468420000,4050.505,4050.765,4049.935,4050.335
1782468480000,4050.235,4050.235,4049.355,4049.395
1782468540000,4049.395,4049.765,4048.735,4049.675
1782468600000,4049.685,4052.025,4049.685,4050.815
1782468660000,4050.785,4051.735,4050.625,4050.945
1782468720000,4050.895,4051.515,4049.875,4050.225
1782468780000,4050.285,4051.395,4049.975,4051.365
1782468840000,4051.375,4051.705,4050.545,4050.825
1782468900000,4050.735,4051.325,4050.045,4050.395
1782468960000,4050.395,4050.705,4049.625,4049.745
1782469020000,4049.845,4050.475,4049.075,4049.325
1782469080000,4049.385,4049.405,4048.195,4048.245
1782469140000,4048.245,4048.445,4044.255,4044.255
1782469200000,4044.325,4045.745,4044.265,4044.335
1782469260000,4044.335,4044.585,4042.285,4042.285
1782469320000,4042.315,4044.035,4042.165,4043.105
1782469380000,4043.105,4043.125,4042.235,4042.965
1782469440000,4042.955,4044.295,4042.475,4044.095
1782469500000,4044.085,4044.945,4043.455,4043.885
1782469560000,4043.895,4045.135,4043.895,4045.135
1782469620000,4045.085,4047.975,4044.255,4047.545
1782469680000,4047.505,4048.615,4047.175,4047.725
1782469740000,4047.725,4048.635,4047.175,4048.025
1782469800000,4048.145,4049.455,4047.465,4048.355
1782469860000,4048.315,4049.695,4048.275,4049.065
1782469920000,4049.185,4050.485,4048.865,4050.205
1782469980000,4050.185,4053.325,4049.815,4052.115
1782470040000,4052.115,4054.375,4051.925,4053.935
1782470100000,4054.045,4054.245,4050.905,4050.905
1782470160000,4050.985,4051.625,4050.235,4051.295
1782470220000,4051.335,4051.915,4049.985,4050.675
1782470280000,4050.615,4052.495,4050.615,4051.685
1782470340000,4051.665,4052.335,4048.885,4049.025
1782470400000,4049.125,4050.335,4048.775,4050.335
1782470460000,4050.315,4050.715,4049.335,4050.555
1782470520000,4050.625,4050.645,4048.895,4049.575
1782470580000,4049.595,4049.595,4047.395,4047.845
1782470640000,4047.825,4048.415,4046.595,4048.415
1782470700000,4048.585,4049.055,4047.805,4048.755
1782470760000,4048.735,4049.155,4048.625,4048.915
1782470820000,4048.865,4049.905,4048.865,4049.805
1782470880000,4049.765,4050.215,4047.555,4048.255
1782470940000,4048.295,4049.015,4048.145,4048.735
1782471000000,4048.745,4049.445,4048.425,4049.445
1782471060000,4049.415,4050.195,4048.915,4049.095
1782471120000,4049.095,4050.545,4049.095,4050.545
1782471180000,4050.545,4053.425,4050.545,4053.395
1782471240000,4053.445,4054.355,4052.195,4052.585
1782471300000,4052.825,4052.825,4051.905,4052.035
1782471360000,4051.995,4053.115,4051.155,4052.905
1782471420000,4053.005,4053.565,4052.495,4053.225
1782471480000,4053.285,4053.315,4052.015,4052.515
1782471540000,4052.545,4054.745,4052.305,4054.605
1782471600000,4054.605,4055.385,4053.595,4054.655
1782471660000,4054.615,4055.075,4053.955,4054.335
1782471720000,4054.415,4054.415,4051.255,4051.595
1782471780000,4051.655,4054.285,4051.565,4053.885
1782471840000,4053.915,4053.935,4052.625,4052.815
1782471900000,4052.795,4053.245,4052.115,4052.295
1782471960000,4052.275,4052.945,4051.985,4052.705
1782472020000,4052.745,4054.695,4051.645,4054.105
1782472080000,4054.095,4054.675,4053.115,4054.245
1782472140000,4054.165,4054.355,4052.745,4052.745
1782472200000,4052.695,4052.975,4051.785,4051.985
1782472260000,4051.945,4052.345,4050.725,4052.225
1782472320000,4052.255,4052.255,4048.635,4049.715
1782472380000,4049.675,4050.225,4049.145,4049.385
1782472440000,4049.415,4049.415,4046.945,4047.075
1782472500000,4047.035,4047.035,4045.915,4046.665
1782472560000,4046.575,4047.215,4046.165,4047.005
1782472620000,4046.995,4049.015,4046.745,4049.015
1782472680000,4048.785,4049.125,4047.275,4048.665
1782472740000,4048.695,4053.955,4048.685,4052.945
1782472800000,4052.915,4052.915,4051.275,4052.255
1782472860000,4052.275,4052.755,4051.185,4051.395
1782472920000,4051.435,4053.595,4051.098,4053.145
1782472980000,4053.135,4053.205,4051.615,4052.335
1782473040000,4052.295,4052.685,4051.385,4051.895
1782473100000,4051.935,4052.795,4051.565,4052.525
1782473160000,4052.895,4053.475,4051.805,4052.505
1782473220000,4052.405,4052.775,4051.955,4052.135
1782473280000,4052.165,4053.285,4050.975,4051.115
1782473340000,4051.115,4052.315,4050.335,4052.315
1782473400000,4052.485,4053.968,4052.435,4053.655
1782473460000,4053.655,4054.448,4053.295,4054.248
1782473520000,4054.238,4054.238,4052.518,4052.558
1782473580000,4052.515,4055.488,4052.485,4053.378
1782473640000,4053.385,4054.125,4052.935,4053.595
1782473700000,4053.495,4053.495,4052.175,4052.795
1782473760000,4053.005,4053.045,4051.908,4051.938
1782473820000,4051.945,4052.418,4050.995,4051.035
1782473880000,4051.065,4051.335,4049.248,4049.558
1782473940000,4049.445,4050.095,4047.935,4048.198
1782474000000,4048.095,4048.578,4046.638,4048.265
1782474060000,4048.265,4050.095,4048.135,4049.385
1782474120000,4049.365,4050.065,4049.075,4049.755
1782474180000,4049.705,4049.705,4046.325,4046.565
1782474240000,4046.565,4046.965,4045.995,4046.495
1782474300000,4046.495,4047.455,4046.078,4047.365
1782474360000,4047.365,4047.435,4046.095,4046.765
1782474420000,4046.765,4048.185,4046.465,4047.258
1782474480000,4047.258,4047.688,4046.805,4047.045
1782474540000,4047.145,4047.525,4045.365,4045.508
1782474600000,4045.545,4045.865,4043.175,4043.515
1782474660000,4043.535,4044.975,4042.975,4044.835
1782474720000,4044.805,4044.945,4042.358,4043.298
1782474780000,4043.495,4044.465,4042.915,4043.495
1782474840000,4043.565,4044.435,4043.095,4044.395
1782474900000,4044.445,4046.305,4044.385,4045.895
1782474960000,4045.875,4046.925,4045.445,4045.885
1782475020000,4045.885,4045.885,4044.475,4044.905
1782475080000,4045.075,4046.365,4044.545,4045.055
1782475140000,4045.025,4045.755,4044.555,4045.665
1782475200000,4045.835,4045.935,4043.375,4044.485
1782475260000,4044.465,4045.275,4043.955,4045.245
1782475320000,4045.215,4045.835,4044.445,4044.755
1782475380000,4044.765,4045.535,4044.255,4045.045
1782475440000,4045.075,4045.685,4044.435,4044.595
1782475500000,4044.595,4047.735,4044.365,4047.075
1782475560000,4047.045,4047.285,4045.555,4046.155
1782475620000,4046.225,4046.615,4045.555,4046.095
1782475680000,4046.095,4047.025,4045.575,4046.898
1782475740000,4046.898,4048.075,4045.745,4047.745
1782475800000,4047.715,4048.615,4047.485,4048.495
1782475860000,4048.525,4049.165,4047.955,4048.655
1782475920000,4048.465,4049.325,4048.245,4049.055
1782475980000,4048.935,4049.165,4048.395,4048.675
1782476040000,4048.725,4050.825,4047.995,4049.005
1782476100000,4048.975,4051.215,4048.575,4051.215
1782476160000,4051.215,4051.395,4049.025,4049.025
1782476220000,4049.025,4049.285,4048.385,4049.015
1782476280000,4048.995,4048.995,4045.555,4045.655
1782476340000,4045.715,4046.135,4043.715,4044.165
1782476400000,4044.285,4044.675,4042.855,4044.505
1782476460000,4044.675,4044.995,4041.748,4043.815
1782476520000,4043.785,4044.265,4042.475,4043.745
1782476580000,4043.835,4046.645,4043.055,4044.165
1782476640000,4044.145,4044.985,4043.735,4043.915
1782476700000,4043.945,4046.465,4043.895,4044.945
1782476760000,4044.725,4046.455,4044.645,4046.315
1782476820000,4046.285,4046.875,4044.075,4045.165
1782476880000,4045.075,4047.515,4044.415,4047.155
1782476940000,4046.875,4046.945,4045.985,4046.445
1782477000000,4046.055,4048.385,4045.915,4047.445
1782477060000,4047.475,4048.935,4047.145,4048.595
1782477120000,4048.595,4049.175,4046.065,4046.935
1782477180000,4046.965,4047.555,4045.445,4045.828
1782477240000,4045.748,4046.535,4042.485,4044.618
1782477300000,4044.668,4044.698,4042.805,4043.685
1782477360000,4043.735,4045.385,4043.278,4044.455
1782477420000,4044.485,4045.105,4043.185,4044.615
1782477480000,4044.638,4045.785,4043.705,4045.305
1782477540000,4045.335,4045.735,4043.535,4043.845
1782477600000,4043.918,4044.025,4041.795,4042.238
1782477660000,4042.238,4042.338,4040.258,4040.608
1782477720000,4040.608,4040.645,4037.285,4037.718
1782477780000,4037.718,4037.735,4035.408,4036.605
1782477840000,4036.638,4040.135,4035.775,4039.965
1782477900000,4039.945,4042.075,4039.035,4041.675
1782477960000,4041.605,4044.305,4041.065,4043.595
1782478020000,4043.665,4043.985,4041.815,4042.875
1782478080000,4042.905,4043.118,4040.585,4041.105
1782478140000,4041.205,4044.305,4040.755,4044.198
1782478200000,4044.198,4046.085,4043.385,4044.605
1782478260000,4044.575,4046.988,4044.375,4046.805
1782478320000,4046.798,4047.305,4044.805,4045.305
1782478380000,4045.325,4048.525,4045.275,4047.815
1782478440000,4047.925,4048.365,4045.445,4045.655
1782478500000,4045.638,4048.185,4045.638,4047.575
1782478560000,4047.625,4047.905,4046.545,4046.765
1782478620000,4046.735,4056.755,4046.735,4054.875
1782478680000,4054.925,4060.245,4053.425,4059.935
1782478740000,4059.915,4061.305,4058.645,4058.645
1782478800000,4059.305,4065.745,4057.805,4058.325
1782478860000,4058.345,4058.345,4052.495,4054.675
1782478920000,4054.845,4057.555,4052.925,4053.975
1782478980000,4053.848,4055.695,4051.105,4051.195
1782479040000,4051.155,4052.395,4049.918,4051.975
1782479100000,4051.935,4052.755,4050.125,4050.625
1782479160000,4050.655,4051.055,4047.378,4049.275
1782479220000,4049.255,4051.235,4047.915,4048.225
1782479280000,4048.025,4049.765,4045.875,4046.035
1782479340000,4046.005,4046.725,4043.085,4044.475
1782479400000,4044.755,4047.105,4043.265,4045.175
1782479460000,4045.155,4047.995,4044.895,4047.295
1782479520000,4047.325,4050.515,4046.548,4049.585
1782479580000,4049.685,4050.315,4048.105,4048.815
1782479640000,4048.785,4050.755,4048.395,4050.385
1782479700000,4050.185,4051.645,4048.655,4051.575
1782479760000,4051.655,4052.928,4051.065,4052.565
1782479820000,4052.515,4052.728,4051.175,4052.325
1782479880000,4052.285,4052.675,4043.245,4044.645
1782479940000,4044.615,4051.005,4043.005,4050.705
1782480000000,4050.495,4055.785,4049.505,4052.955
1782480060000,4053.145,4057.485,4052.815,4055.375
1782480120000,4055.435,4057.328,4054.385,4056.175
1782480180000,4056.235,4058.185,4055.745,4057.385
1782480240000,4057.455,4057.735,4054.775,4056.935
1782480300000,4056.925,4057.968,4053.475,4056.585
1782480360000,4056.355,4056.455,4052.735,4053.618
1782480420000,4053.628,4057.705,4053.505,4056.838
1782480480000,4056.965,4057.235,4054.058,4056.005
1782480540000,4055.898,4058.328,4055.575,4056.725
1782480600000,4056.655,4056.655,4051.148,4052.625
1782480660000,4052.415,4053.105,4048.575,4052.925
1782480720000,4052.925,4053.385,4050.415,4053.205
1782480780000,4053.395,4054.355,4047.425,4048.585
1782480840000,4048.535,4052.565,4047.505,4050.225
1782480900000,4050.195,4050.765,4047.665,4049.785
1782480960000,4049.815,4051.265,4045.755,4046.165
1782481020000,4046.165,4048.785,4044.775,4046.315
1782481080000,4046.505,4048.345,4045.125,4046.325
1782481140000,4046.315,4049.575,4046.295,4047.935
1782481200000,4047.915,4051.265,4047.555,4049.965
1782481260000,4049.995,4052.305,4049.605,4051.675
1782481320000,4051.705,4057.645,4051.705,4057.265
1782481380000,4057.278,4060.855,4057.278,4058.975
1782481440000,4058.725,4061.918,4057.625,4061.895
1782481500000,4062.075,4062.435,4058.205,4058.665
1782481560000,4058.805,4061.345,4058.805,4061.165
1782481620000,4061.165,4064.965,4060.755,4060.935
1782481680000,4061.255,4062.785,4059.535,4059.535
1782481740000,4059.555,4062.018,4058.555,4061.825
1782481800000,4061.878,4067.705,4061.278,4067.595
1782481860000,4067.625,4069.455,4065.638,4066.435
1782481920000,4066.375,4066.845,4060.595,4063.285
1782481980000,4063.298,4065.395,4062.605,4063.998
1782482040000,4063.998,4065.595,4063.365,4063.745
1782482100000,4063.925,4067.105,4063.425,4066.665
1782482160000,4066.665,4069.945,4066.665,4069.695
1782482220000,4069.575,4077.115,4069.465,4076.865
1782482280000,4076.815,4077.775,4071.725,4072.585
1782482340000,4072.585,4073.295,4071.305,4073.085
1782482400000,4073.015,4075.045,4068.105,4068.935
1782482460000,4069.095,4071.565,4067.725,4070.798
1782482520000,4070.685,4071.395,4067.448,4069.775
1782482580000,4069.815,4072.215,4068.955,4071.305
1782482640000,4071.385,4079.098,4071.225,4077.085
1782482700000,4077.225,4077.698,4071.755,4072.808
1782482760000,4072.708,4075.108,4072.068,4073.855
1782482820000,4073.855,4075.215,4072.625,4073.605
1782482880000,4073.685,4074.715,4071.758,4074.125
1782482940000,4074.265,4079.215,4073.105,4078.975
1782483000000,4079.005,4080.445,4076.565,4078.425
1782483060000,4078.485,4080.745,4077.705,4080.425
1782483120000,4080.425,4084.505,4079.235,4081.908
1782483180000,4081.908,4083.875,4080.205,4083.865
1782483240000,4083.885,4084.875,4082.055,4082.085
1782483300000,4082.115,4086.975,4081.105,4086.888
1782483360000,4086.888,4092.895,4085.715,4091.935
1782483420000,4091.938,4092.885,4085.678,4085.678
1782483480000,4085.678,4090.065,4085.678,4087.688
1782483540000,4087.688,4088.705,4085.648,4088.265
1782483600000,4088.305,4092.105,4087.075,4091.975
1782483660000,4091.995,4091.995,4088.475,4088.635
1782483720000,4088.535,4091.198,4088.345,4090.485
1782483780000,4090.415,4091.075,4087.355,4088.465
1782483840000,4088.615,4090.755,4087.265,4088.405
1782483900000,4088.425,4090.775,4087.775,4088.055
1782483960000,4088.025,4088.475,4084.875,4086.585
1782484020000,4086.565,4089.675,4086.315,4086.705
1782484080000,4086.675,4087.195,4084.545,4085.025
1782484140000,4085.005,4086.095,4083.815,4084.165
1782484200000,4084.215,4084.811,4081.275,4083.015
1782484260000,4082.955,4084.175,4081.698,4083.345
1782484320000,4083.345,4084.585,4081.825,4083.325
1782484380000,4083.345,4083.915,4081.125,4081.415
1782484440000,4081.435,4082.635,4079.455,4080.005
1782484500000,4080.005,4081.288,4079.505,4081.258
1782484560000,4081.258,4081.545,4079.148,4079.275
1782484620000,4079.265,4079.725,4076.675,4077.108
1782484680000,4077.118,4077.565,4076.008,4076.628
1782484740000,4076.628,4079.918,4076.628,4078.915
1782484800000,4078.915,4079.028,4076.265,4077.235
1782484860000,4077.145,4078.745,4076.145,4077.695
1782484920000,4077.715,4082.855,4077.515,4081.465
1782484980000,4081.435,4082.595,4079.115,4082.595
1782485040000,4082.545,4083.785,4081.775,4082.505
1782485100000,4082.505,4085.845,4082.375,4084.375
1782485160000,4084.395,4085.435,4083.105,4084.215
1782485220000,4084.265,4086.145,4083.295,4084.855
1782485280000,4084.885,4088.825,4084.405,4088.815
1782485340000,4088.785,4091.535,4086.595,4087.985
1782485400000,4087.985,4088.575,4085.725,4087.275
1782485460000,4087.255,4088.005,4084.435,4085.545
1782485520000,4085.545,4086.715,4083.685,4085.855
1782485580000,4085.895,4088.295,4085.125,4087.125
1782485640000,4087.125,4087.698,4084.955,4087.698
1782485700000,4087.698,4091.215,4087.425,4088.095
1782485760000,4088.098,4088.148,4080.645,4084.155
1782485820000,4083.955,4085.985,4083.955,4084.615
1782485880000,4084.645,4085.345,4081.425,4081.635
1782485940000,4081.595,4082.518,4080.088,4080.215
1782486000000,4080.145,4082.858,4079.255,4081.735
1782486060000,4081.728,4082.948,4080.718,4082.608
1782486120000,4082.605,4082.978,4080.415,4080.705
1782486180000,4080.705,4081.978,4080.155,4081.235
1782486240000,4081.265,4081.275,4079.015,4079.045
1782486300000,4079.115,4080.325,4078.195,4078.375
1782486360000,4078.335,4078.825,4075.658,4075.748
1782486420000,4075.708,4077.995,4075.648,4077.455
1782486480000,4077.475,4077.725,4075.385,4077.268
1782486540000,4077.275,4080.855,4076.875,4080.735
1782486600000,4080.695,4082.055,4080.045,4080.765
1782486660000,4080.705,4080.985,4078.745,4079.485
1782486720000,4079.615,4079.615,4077.168,4078.725
1782486780000,4078.708,4081.005,4078.585,4080.335
1782486840000,4080.315,4080.655,4079.015,4079.245
1782486900000,4079.325,4080.525,4077.585,4080.358
1782486960000,4080.328,4082.165,4079.115,4082.125
1782487020000,4081.955,4084.355,4081.495,4082.945
1782487080000,4082.915,4083.315,4079.705,4079.705
1782487140000,4079.695,4082.105,4079.345,4082.105
1782487200000,4081.875,4083.085,4080.695,4081.625
1782487260000,4081.655,4083.435,4081.095,4081.905
1782487320000,4081.995,4083.885,4081.735,4083.575
1782487380000,4083.635,4083.755,4080.045,4080.795
1782487440000,4080.795,4082.065,4080.495,4081.895
1782487500000,4081.915,4081.915,4080.575,4081.038
1782487560000,4081.015,4082.785,4080.445,4081.805
1782487620000,4081.775,4082.725,4081.215,4082.655
1782487680000,4082.848,4082.925,4080.805,4082.135
1782487740000,4082.105,4084.135,4082.105,4084.015
1782487800000,4084.045,4087.648,4083.835,4087.608
1782487860000,4087.558,4088.485,4085.295,4086.755
1782487920000,4086.665,4086.735,4084.845,4085.935
1782487980000,4085.935,4086.255,4082.495,4082.495
1782488040000,4082.555,4083.895,4081.895,4081.895
1782488100000,4081.895,4084.235,4081.475,4083.265
1782488160000,4083.295,4086.635,4083.055,4086.105
1782488220000,4086.085,4090.235,4085.915,4089.055
1782488280000,4089.055,4090.835,4087.975,4089.895
1782488340000,4089.975,4093.805,4089.555,4091.515
1782488400000,4091.475,4093.175,4091.095,4092.225
1782488460000,4092.175,4095.315,4091.005,4094.415
1782488520000,4094.475,4095.065,4092.745,4093.475
1782488580000,4093.495,4094.835,4092.605,4094.665
1782488640000,4094.675,4095.535,4093.165,4094.995
1782488700000,4095.035,4095.185,4092.405,4093.615
1782488760000,4093.645,4094.605,4090.805,4092.348
1782488820000,4092.545,4094.515,4092.545,4094.105
1782488880000,4094.135,4094.238,4091.855,4092.325
1782488940000,4092.355,4095.795,4092.355,4094.445
1782489000000,4094.485,4095.305,4092.905,4093.365
1782489060000,4093.425,4093.915,4084.165,4086.125
1782489120000,4086.125,4087.135,4083.055,4083.725
1782489180000,4083.815,4087.355,4082.975,4086.005
1782489240000,4086.015,4086.355,4084.445,4086.165
1782489300000,4086.165,4089.745,4085.605,4088.065
1782489360000,4087.905,4090.565,4087.825,4090.345
1782489420000,4090.345,4091.615,4089.865,4089.865
1782489480000,4089.835,4090.645,4089.065,4090.245
1782489540000,4090.405,4091.445,4089.805,4090.205
1782489600000,4090.225,4092.695,4090.225,4091.585
1782489660000,4091.615,4092.685,4091.035,4091.625
1782489720000,4091.595,4091.945,4089.845,4089.845
1782489780000,4089.575,4092.185,4089.575,4090.495
1782489840000,4090.545,4091.965,4089.985,4091.115
1782489900000,4091.085,4091.325,4088.805,4089.125
1782489960000,4089.155,4090.085,4088.965,4089.895
1782490020000,4089.875,4090.185,4089.205,4089.585
1782490080000,4089.475,4090.565,4089.145,4089.205
1782490140000,4089.245,4089.535,4088.355,4089.055
1782490200000,4089.015,4089.705,4088.115,4089.605
1782490260000,4089.725,4090.365,4088.435,4090.055
1782490320000,4090.055,4091.475,4089.855,4089.895
1782490380000,4089.925,4091.185,4089.925,4091.105
1782490440000,4091.035,4092.125,4090.555,4090.995
1782490500000,4091.025,4093.085,4090.185,4092.345
1782490560000,4092.495,4092.505,4090.315,4092.195
1782490620000,4092.255,4093.148,4092.045,4092.045
1782490680000,4092.065,4092.395,4090.715,4090.805
1782490740000,4090.835,4091.225,4089.465,4089.925
1782490800000,4089.885,4090.245,4087.275,4088.475
1782490860000,4088.495,4089.075,4084.465,4084.875
1782490920000,4084.905,4087.105,4084.905,4085.625
1782490980000,4085.655,4085.695,4082.795,4084.295
1782491040000,4084.315,4086.335,4084.265,4085.225
1782491100000,4085.168,4085.938,4084.125,4085.125
1782491160000,4085.085,4087.275,4085.085,4087.005
1782491220000,4086.975,4087.818,4086.385,4087.555
1782491280000,4087.515,4087.605,4086.815,4087.245
1782491340000,4087.255,4087.325,4085.625,4086.375
1782491400000,4086.415,4092.808,4086.415,4092.055
1782491460000,4092.075,4092.818,4090.515,4092.228
1782491520000,4092.035,4092.575,4090.075,4090.215
1782491580000,4090.185,4090.305,4088.538,4089.128
1782491640000,4089.128,4089.695,4087.835,4087.835
1782491700000,4087.845,4088.135,4087.325,4087.538
1782491760000,4087.525,4088.175,4086.495,4087.685
1782491820000,4087.705,4088.355,4087.195,4088.218
1782491880000,4088.218,4088.285,4086.175,4086.175
1782491940000,4086.205,4086.545,4083.855,4084.255
1782492000000,4084.425,4084.645,4082.368,4082.605
1782492060000,4082.565,4083.045,4081.905,4082.615
1782492120000,4082.715,4084.185,4082.085,4084.115
1782492180000,4084.145,4085.005,4083.825,4084.485
1782492240000,4084.465,4085.735,4083.905,4084.155
1782492300000,4084.165,4086.515,4084.165,4086.225
1782492360000,4086.165,4086.165,4084.015,4084.165
1782492420000,4084.428,4085.115,4084.155,4084.905
1782492480000,4084.955,4085.185,4083.845,4084.735
1782492540000,4084.675,4085.435,4083.525,4083.545
1782492600000,4083.565,4084.345,4082.485,4083.235
1782492660000,4083.195,4084.745,4083.055,4083.335
1782492720000,4083.325,4083.585,4082.825,4083.458
1782492780000,4083.438,4085.235,4083.295,4085.195
1782492840000,4085.215,4085.225,4083.375,4085.045
1782492900000,4085.125,4085.365,4084.085,4084.098
1782492960000,4084.105,4085.675,4083.565,4084.778
1782493020000,4084.965,4085.025,4084.195,4084.505
1782493080000,4084.505,4084.775,4084.295,4084.698
1782493140000,4084.695,4084.875,4083.635,4084.785
1782493200000,4084.845,4085.175,4083.505,4085.015
1782493260000,4084.955,4085.595,4084.225,4084.425
1782493320000,4084.395,4084.665,4083.535,4084.295
1782493380000,4084.415,4085.245,4083.805,4083.845
1782493440000,4083.815,4084.795,4083.355,4084.405
1782493500000,4084.425,4086.065,4084.085,4085.885
1782493560000,4085.825,4086.735,4084.975,4086.155
1782493620000,4086.125,4087.808,4085.665,4087.515
1782493680000,4087.498,4087.565,4086.705,4087.198
1782493740000,4087.155,4087.505,4086.408,4086.648
1782493800000,4086.555,4087.155,4085.448,4086.215
1782493860000,4086.195,4086.395,4084.048,4084.228
1782493920000,4084.238,4084.565,4083.088,4084.535
1782493980000,4084.475,4084.505,4082.195,4082.225
1782494040000,4082.245,4084.045,4082.245,4083.165
1782494100000,4083.205,4083.705,4081.685,4082.275
1782494160000,4082.348,4083.975,4082.195,4083.285
1782494220000,4083.395,4083.625,4082.128,4082.728
1782494280000,4082.728,4083.115,4082.185,4082.395
1782494340000,4082.318,4082.655,4081.185,4081.335
1782494400000,4081.275,4082.005,4080.295,4080.835
1782494460000,4080.905,4082.415,4080.015,4082.235
1782494520000,4082.235,4082.855,4081.385,4081.695
1782494580000,4081.675,4083.345,4081.555,4083.055
1782494640000,4082.925,4084.945,4082.745,4084.475
1782494700000,4084.458,4084.458,4081.885,4082.335
1782494760000,4082.295,4082.855,4081.665,4082.405
1782494820000,4082.485,4083.095,4081.895,4081.945
1782494880000,4081.835,4082.455,4081.395,4081.795
1782494940000,4081.465,4081.515,4080.085,4081.275
1782495000000,4081.295,4083.125,4080.375,4080.675
1782495060000,4080.675,4080.945,4077.275,4077.355
1782495120000,4077.335,4078.028,4075.865,4077.998
1782495180000,4077.948,4077.948,4076.655,4077.255
1782495240000,4077.215,4078.155,4076.745,4077.728
1782495300000,4077.688,4078.618,4076.788,4077.038
1782495360000,4077.048,4077.128,4074.158,4074.218
1782495420000,4074.238,4075.818,4074.175,4075.485
1782495480000,4075.415,4076.068,4074.445,4074.575
1782495540000,4074.515,4075.308,4074.015,4075.275
1782495600000,4075.328,4075.518,4074.035,4074.515
1782495660000,4074.555,4075.215,4073.818,4075.215
1782495720000,4075.155,4077.245,4074.245,4077.085
1782495780000,4076.995,4077.335,4076.125,4076.125
1782495840000,4076.095,4076.585,4075.965,4076.425
1782495900000,4076.395,4077.545,4076.105,4076.805
1782495960000,4076.865,4076.865,4075.225,4075.665
1782496020000,4075.635,4075.645,4074.685,4074.955
1782496080000,4074.905,4075.615,4074.085,4074.405
1782496140000,4074.368,4076.315,4074.368,4075.835
1782496200000,4075.875,4076.135,4075.455,4075.935
1782496260000,4075.905,4076.558,4075.615,4076.225
1782496320000,4076.175,4076.705,4075.705,4076.348
1782496380000,4076.348,4076.348,4075.125,4075.245
1782496440000,4075.245,4075.245,4074.228,4075.085
1782496500000,4075.105,4075.225,4074.035,4074.615
1782496560000,4074.665,4075.178,4073.638,4074.245
1782496620000,4074.225,4075.085,4073.525,4073.765
1782496680000,4073.765,4075.155,4073.505,4074.365
1782496740000,4074.355,4075.495,4074.355,4074.535
1782496800000,4074.515,4074.995,4073.545,4073.825
1782496860000,4073.845,4074.385,4072.235,4072.445
1782496920000,4072.475,4073.645,4072.435,4072.535
1782496980000,4072.525,4076.165,4072.375,4075.755
1782497040000,4075.825,4076.565,4075.825,4076.355
1782497100000,4076.355,4076.545,4074.925,4075.475
1782497160000,4075.565,4077.425,4075.505,4076.325
1782497220000,4076.325,4076.505,4075.555,4076.485
1782497280000,4076.425,4077.455,4075.735,4077.455
1782497340000,4077.698,4078.635,4077.108,4077.188
1782497400000,4077.198,4077.198,4075.775,4075.795
1782497460000,4076.135,4077.335,4075.975,4077.265
1782497520000,4077.335,4077.885,4076.805,4077.385
1782497580000,4077.325,4077.355,4075.715,4075.785
1782497640000,4075.805,4076.585,4075.615,4076.565
1782497700000,4076.615,4076.715,4075.175,4075.455
1782497760000,4075.435,4075.435,4073.975,4074.115
1782497820000,4074.075,4074.455,4073.785,4074.175
1782497880000,4074.175,4075.195,4073.895,4073.965
1782497940000,4074.035,4074.245,4073.385,4074.035
1782498000000,4074.035,4074.255,4072.085,4072.515
1782498060000,4072.485,4072.515,4071.325,4071.415
1782498120000,4071.425,4072.988,4071.395,4072.255
1782498180000,4072.285,4072.565,4071.575,4072.005
1782498240000,4072.078,4072.088,4071.255,4071.525
1782498300000,4071.555,4072.715,4071.395,4071.805
1782498360000,4071.835,4073.515,4071.835,4072.545
1782498420000,4072.618,4073.295,4072.138,4072.485
1782498480000,4072.375,4072.885,4072.015,4072.305
1782498540000,4072.355,4073.385,4072.118,4073.215
1782498600000,4073.265,4075.205,4073.265,4074.195
1782498660000,4074.238,4074.875,4074.225,4074.465
1782498720000,4074.435,4075.195,4074.095,4074.775
1782498780000,4074.765,4074.765,4073.648,4074.328
1782498840000,4074.315,4074.318,4073.258,4074.295
1782498900000,4074.245,4074.348,4073.085,4073.095
1782498960000,4073.115,4073.395,4072.515,4072.515
1782499020000,4072.545,4073.238,4072.335,4073.025
1782499080000,4073.015,4073.835,4072.865,4072.965
1782499140000,4073.048,4073.478,4072.995,4073.415
1782499200000,4073.435,4073.755,4071.898,4072.178
1782499260000,4072.168,4072.755,4071.435,4072.735
1782499320000,4072.735,4073.598,4072.665,4073.148
1782499380000,4073.225,4073.288,4072.335,4073.225
1782499440000,4073.245,4073.655,4072.215,4072.225
1782499500000,4072.208,4072.208,4070.255,4070.348
1782499560000,4070.368,4070.855,4068.535,4068.725
1782499620000,4068.785,4069.105,4068.125,4068.355
1782499680000,4068.375,4068.565,4067.485,4068.315
1782499740000,4068.335,4069.448,4068.305,4069.078
1782499800000,4069.135,4069.255,4068.215,4068.218
1782499860000,4068.218,4069.195,4068.218,4069.055
1782499920000,4069.038,4070.238,4068.585,4070.228
1782499980000,4070.215,4070.295,4068.945,4069.915
1782500040000,4069.885,4070.505,4069.458,4069.825
1782500100000,4070.045,4071.015,4069.945,4070.425
1782500160000,4070.445,4070.445,4069.205,4069.305
1782500220000,4069.305,4069.795,4067.665,4068.175
1782500280000,4068.145,4068.705,4067.675,4067.715
1782500340000,4067.695,4067.835,4066.758,4067.015
1782500400000,4067.115,4067.825,4066.445,4066.875
1782500460000,4066.875,4068.005,4066.585,4067.755
1782500520000,4067.785,4067.785,4065.635,4066.075
1782500580000,4066.095,4066.095,4065.245,4065.255
1782500640000,4065.225,4065.515,4064.755,4065.135
1782500700000,4065.175,4066.105,4064.635,4066.105
1782500760000,4066.105,4066.445,4065.415,4066.105
1782500820000,4066.115,4066.255,4064.325,4064.845
1782500880000,4064.845,4067.165,4064.655,4066.485
1782500940000,4066.535,4067.025,4066.175,4066.415
1782501000000,4066.405,4066.785,4065.875,4066.525
1782501060000,4066.565,4066.935,4065.845,4066.775
1782501120000,4066.735,4067.585,4066.075,4067.235
1782501180000,4067.275,4069.365,4066.925,4069.315
1782501240000,4069.315,4069.785,4068.995,4069.165
1782501300000,4069.125,4069.375,4068.465,4068.965
1782501360000,4068.945,4068.945,4068.155,4068.375
1782501420000,4068.435,4068.445,4066.935,4067.705
1782501480000,4067.645,4068.445,4067.645,4068.025
1782501540000,4068.115,4069.025,4067.845,4067.845
1782501600000,4067.825,4067.825,4065.785,4065.985
1782501660000,4066.055,4066.415,4065.535,4066.065
1782501720000,4066.035,4066.515,4065.005,4065.305
1782501780000,4065.255,4065.365,4064.285,4064.465
1782501840000,4064.475,4065.525,4064.475,4065.315
1782501900000,4065.335,4065.985,4064.705,4064.705
1782501960000,4064.685,4065.965,4064.665,4065.915
1782502020000,4065.845,4067.165,4065.385,4067.105
1782502080000,4067.015,4067.215,4066.155,4066.345
1782502140000,4066.325,4066.325,4065.775,4066.055
1782502200000,4066.135,4066.145,4065.398,4065.835
1782502260000,4065.775,4066.665,4065.625,4066.255
1782502320000,4066.225,4067.885,4066.175,4067.735
1782502380000,4067.745,4068.865,4067.675,4068.805
1782502440000,4068.785,4070.055,4068.315,4069.925
1782502500000,4069.975,4070.655,4068.835,4068.875
1782502560000,4068.825,4069.765,4068.328,4068.328
1782502620000,4068.085,4069.735,4067.695,4069.285
1782502680000,4069.365,4069.405,4068.455,4068.605
1782502740000,4068.585,4068.795,4068.205,4068.445
1782502800000,4068.325,4068.935,4067.935,4068.075
1782502860000,4068.075,4068.545,4067.895,4068.245
1782502920000,4068.245,4068.965,4067.718,4068.845
1782502980000,4068.885,4070.038,4068.585,4069.128
1782503040000,4069.105,4069.105,4068.075,4068.475
1782503100000,4068.445,4068.445,4066.828,4067.128
1782503160000,4067.128,4068.408,4066.645,4068.175
1782503220000,4068.168,4068.965,4068.085,4068.585
1782503280000,4068.565,4069.438,4068.165,4068.785
1782503340000,4068.645,4069.828,4068.565,4069.725
1782503400000,4069.815,4071.388,4069.815,4070.655
1782503460000,4070.645,4070.975,4069.905,4070.668
1782503520000,4070.585,4073.855,4070.505,4072.705
1782503580000,4072.675,4073.635,4072.335,4073.265
1782503640000,4073.235,4073.475,4072.745,4073.215
1782503700000,4073.175,4073.215,4071.525,4072.728
1782503760000,4072.728,4074.205,4072.665,4073.955
1782503820000,4073.965,4074.485,4073.535,4073.535
1782503880000,4073.515,4074.025,4072.875,4073.395
1782503940000,4073.455,4073.455,4071.205,4071.415
1782504000000,4071.435,4072.505,4070.825,4071.965
1782504060000,4072.035,4072.035,4070.548,4071.045
1782504120000,4071.075,4071.948,4070.805,4071.948
1782504180000,4071.828,4072.188,4070.768,4071.348
1782504240000,4071.348,4071.918,4070.908,4070.938
1782504300000,4070.958,4071.238,4069.115,4069.358
1782504360000,4069.358,4069.418,4067.688,4067.688
1782504420000,4067.658,4068.548,4067.258,4067.528
1782504480000,4067.558,4068.348,4067.238,4067.258
1782504540000,4067.428,4067.428,4065.598,4065.818
1782504600000,4065.778,4067.048,4065.758,4066.048
1782504660000,4065.738,4066.148,4064.508,4064.745
1782504720000,4064.768,4065.988,4064.228,4065.828
1782504780000,4065.575,4067.538,4065.555,4067.255
1782504840000,4067.258,4068.038,4067.248,4067.488
1782504900000,4067.498,4067.505,4065.875,4066.748
1782504960000,4066.748,4068.058,4065.805,4067.235
1782505020000,4067.238,4067.758,4066.778,4066.938
1782505080000,4066.868,4066.968,4065.888,4066.718
1782505140000,4066.638,4067.948,4066.638,4067.365
1782505200000,4067.348,4067.758,4066.815,4067.675
1782505260000,4067.715,4067.755,4066.805,4067.595
1782505320000,4067.625,4069.568,4067.505,4069.265
1782505380000,4069.265,4070.675,4068.945,4070.415
1782505440000,4070.415,4070.955,4070.225,4070.948
1782505500000,4070.935,4071.965,4070.935,4071.355
1782505560000,4071.375,4072.495,4071.065,4071.345
1782505620000,4071.475,4071.735,4070.715,4071.275
1782505680000,4071.308,4071.665,4070.605,4070.745
1782505740000,4070.745,4072.148,4070.505,4071.575
1782505800000,4071.575,4071.575,4070.115,4070.115
1782505860000,4070.165,4070.188,4067.165,4068.245
1782505920000,4068.235,4069.125,4067.295,4067.735
1782505980000,4067.795,4068.275,4066.495,4067.895
1782506040000,4067.965,4069.795,4067.935,4069.415
1782506100000,4069.415,4069.845,4069.045,4069.278
1782506160000,4069.325,4069.745,4067.735,4068.005
1782506220000,4068.045,4069.098,4067.945,4068.995
1782506280000,4069.015,4069.998,4068.408,4069.958
1782506340000,4069.915,4069.915,4068.698,4068.918
1782506400000,4068.925,4069.505,4068.485,4069.495
1782506460000,4069.485,4070.578,4069.285,4069.828
1782506520000,4069.885,4069.998,4069.475,4069.595
1782506580000,4069.645,4069.808,4069.198,4069.725
1782506640000,4069.695,4070.688,4069.505,4070.388
1782506700000,4070.288,4071.945,4069.698,4071.295
1782506760000,4071.345,4073.398,4071.305,4072.895
1782506820000,4072.905,4073.048,4072.485,4072.985
1782506880000,4073.005,4074.138,4072.785,4073.765
1782506940000,4073.845,4075.835,4073.765,4075.625
1782507000000,4075.625,4075.735,4073.265,4073.405
1782507060000,4073.405,4075.295,4073.405,4074.645
1782507120000,4074.775,4077.185,4074.735,4077.135
1782507180000,4077.135,4079.335,4076.995,4077.975
1782507240000,4078.185,4081.625,4077.085,4080.745
1782507300000,4080.605,4085.055,4079.998,4084.548
1782507360000,4083.955,4087.548,4083.955,4087.148
1782507420000,4087.148,4089.748,4086.098,4087.748
1782507480000,4087.748,4089.798,4086.955,4089.248
1782507540000,4089.248,4089.548,4086.655,4087.915
1782507600000,4087.915,4087.915,4087.915,4087.915
1782507660000,4087.915,4087.915,4087.915,4087.915
1782507720000,4087.915,4087.915,4087.915,4087.915
1782507780000,4087.915,4087.915,4087.915,4087.915
1782507840000,4087.915,4087.915,4087.915,4087.915
1782507900000,4087.915,4087.915,4087.915,4087.915
1782507960000,4087.915,4087.915,4087.915,4087.915
1782508020000,4087.915,4087.915,4087.915,4087.915
1782508080000,4087.915,4087.915,4087.915,4087.915
1782508140000,4087.915,4087.915,4087.915,4087.915
1782508200000,4087.915,4087.915,4087.915,4087.915
1782508260000,4087.915,4087.915,4087.915,4087.915
1782508320000,4087.915,4087.915,4087.915,4087.915
1782508380000,4087.915,4087.915,4087.915,4087.915
1782508440000,4087.915,4087.915,4087.915,4087.915
1782508500000,4087.915,4087.915,4087.915,4087.915
1782508560000,4087.915,4087.915,4087.915,4087.915
1782508620000,4087.915,4087.915,4087.915,4087.915
1782508680000,4087.915,4087.915,4087.915,4087.915
1782508740000,4087.915,4087.915,4087.915,4087.915
1782508800000,4087.915,4087.915,4087.915,4087.915
1782508860000,4087.915,4087.915,4087.915,4087.915
1782508920000,4087.915,4087.915,4087.915,4087.915
1782508980000,4087.915,4087.915,4087.915,4087.915
1782509040000,4087.915,4087.915,4087.915,4087.915
1782509100000,4087.915,4087.915,4087.915,4087.915
1782509160000,4087.915,4087.915,4087.915,4087.915
1782509220000,4087.915,4087.915,4087.915,4087.915
1782509280000,4087.915,4087.915,4087.915,4087.915
1782509340000,4087.915,4087.915,4087.915,4087.915
1782509400000,4087.915,4087.915,4087.915,4087.915
1782509460000,4087.915,4087.915,4087.915,4087.915
1782509520000,4087.915,4087.915,4087.915,4087.915
1782509580000,4087.915,4087.915,4087.915,4087.915
1782509640000,4087.915,4087.915,4087.915,4087.915
1782509700000,4087.915,4087.915,4087.915,4087.915
1782509760000,4087.915,4087.915,4087.915,4087.915
1782509820000,4087.915,4087.915,4087.915,4087.915
1782509880000,4087.915,4087.915,4087.915,4087.915
1782509940000,4087.915,4087.915,4087.915,4087.915
1782510000000,4087.915,4087.915,4087.915,4087.915
1782510060000,4087.915,4087.915,4087.915,4087.915
1782510120000,4087.915,4087.915,4087.915,4087.915
1782510180000,4087.915,4087.915,4087.915,4087.915
1782510240000,4087.915,4087.915,4087.915,4087.915
1782510300000,4087.915,4087.915,4087.915,4087.915
1782510360000,4087.915,4087.915,4087.915,4087.915
1782510420000,4087.915,4087.915,4087.915,4087.915
1782510480000,4087.915,4087.915,4087.915,4087.915
1782510540000,4087.915,4087.915,4087.915,4087.915
1782510600000,4087.915,4087.915,4087.915,4087.915
1782510660000,4087.915,4087.915,4087.915,4087.915
1782510720000,4087.915,4087.915,4087.915,4087.915
1782510780000,4087.915,4087.915,4087.915,4087.915
1782510840000,4087.915,4087.915,4087.915,4087.915
1782510900000,4087.915,4087.915,4087.915,4087.915
1782510960000,4087.915,4087.915,4087.915,4087.915
1782511020000,4087.915,4087.915,4087.915,4087.915
1782511080000,4087.915,4087.915,4087.915,4087.915
1782511140000,4087.915,4087.915,4087.915,4087.915
1782511200000,4087.915,4087.915,4087.915,4087.915
1782511260000,4087.915,4087.915,4087.915,4087.915
1782511320000,4087.915,4087.915,4087.915,4087.915
1782511380000,4087.915,4087.915,4087.915,4087.915
1782511440000,4087.915,4087.915,4087.915,4087.915
1782511500000,4087.915,4087.915,4087.915,4087.915
1782511560000,4087.915,4087.915,4087.915,4087.915
1782511620000,4087.915,4087.915,4087.915,4087.915
1782511680000,4087.915,4087.915,4087.915,4087.915
1782511740000,4087.915,4087.915,4087.915,4087.915
1782511800000,4087.915,4087.915,4087.915,4087.915
1782511860000,4087.915,4087.915,4087.915,4087.915
1782511920000,4087.915,4087.915,4087.915,4087.915
1782511980000,4087.915,4087.915,4087.915,4087.915
1782512040000,4087.915,4087.915,4087.915,4087.915
1782512100000,4087.915,4087.915,4087.915,4087.915
1782512160000,4087.915,4087.915,4087.915,4087.915
1782512220000,4087.915,4087.915,4087.915,4087.915
1782512280000,4087.915,4087.915,4087.915,4087.915
1782512340000,4087.915,4087.915,4087.915,4087.915
1782512400000,4087.915,4087.915,4087.915,4087.915
1782512460000,4087.915,4087.915,4087.915,4087.915
1782512520000,4087.915,4087.915,4087.915,4087.915
1782512580000,4087.915,4087.915,4087.915,4087.915
1782512640000,4087.915,4087.915,4087.915,4087.915
1782512700000,4087.915,4087.915,4087.915,4087.915
1782512760000,4087.915,4087.915,4087.915,4087.915
1782512820000,4087.915,4087.915,4087.915,4087.915
1782512880000,4087.915,4087.915,4087.915,4087.915
1782512940000,4087.915,4087.915,4087.915,4087.915
1782513000000,4087.915,4087.915,4087.915,4087.915
1782513060000,4087.915,4087.915,4087.915,4087.915
1782513120000,4087.915,4087.915,4087.915,4087.915
1782513180000,4087.915,4087.915,4087.915,4087.915
1782513240000,4087.915,4087.915,4087.915,4087.915
1782513300000,4087.915,4087.915,4087.915,4087.915
1782513360000,4087.915,4087.915,4087.915,4087.915
1782513420000,4087.915,4087.915,4087.915,4087.915
1782513480000,4087.915,4087.915,4087.915,4087.915
1782513540000,4087.915,4087.915,4087.915,4087.915
1782513600000,4087.915,4087.915,4087.915,4087.915
1782513660000,4087.915,4087.915,4087.915,4087.915
1782513720000,4087.915,4087.915,4087.915,4087.915
1782513780000,4087.915,4087.915,4087.915,4087.915
1782513840000,4087.915,4087.915,4087.915,4087.915
1782513900000,4087.915,4087.915,4087.915,4087.915
1782513960000,4087.915,4087.915,4087.915,4087.915
1782514020000,4087.915,4087.915,4087.915,4087.915
1782514080000,4087.915,4087.915,4087.915,4087.915
1782514140000,4087.915,4087.915,4087.915,4087.915
1782514200000,4087.915,4087.915,4087.915,4087.915
1782514260000,4087.915,4087.915,4087.915,4087.915
1782514320000,4087.915,4087.915,4087.915,4087.915
1782514380000,4087.915,4087.915,4087.915,4087.915
1782514440000,4087.915,4087.915,4087.915,4087.915
1782514500000,4087.915,4087.915,4087.915,4087.915
1782514560000,4087.915,4087.915,4087.915,4087.915
1782514620000,4087.915,4087.915,4087.915,4087.915
1782514680000,4087.915,4087.915,4087.915,4087.915
1782514740000,4087.915,4087.915,4087.915,4087.915
1782514800000,4087.915,4087.915,4087.915,4087.915
1782514860000,4087.915,4087.915,4087.915,4087.915
1782514920000,4087.915,4087.915,4087.915,4087.915
1782514980000,4087.915,4087.915,4087.915,4087.915
1782515040000,4087.915,4087.915,4087.915,4087.915
1782515100000,4087.915,4087.915,4087.915,4087.915
1782515160000,4087.915,4087.915,4087.915,4087.915
1782515220000,4087.915,4087.915,4087.915,4087.915
1782515280000,4087.915,4087.915,4087.915,4087.915
1782515340000,4087.915,4087.915,4087.915,4087.915
1782515400000,4087.915,4087.915,4087.915,4087.915
1782515460000,4087.915,4087.915,4087.915,4087.915
1782515520000,4087.915,4087.915,4087.915,4087.915
1782515580000,4087.915,4087.915,4087.915,4087.915
1782515640000,4087.915,4087.915,4087.915,4087.915
1782515700000,4087.915,4087.915,4087.915,4087.915
1782515760000,4087.915,4087.915,4087.915,4087.915
1782515820000,4087.915,4087.915,4087.915,4087.915
1782515880000,4087.915,4087.915,4087.915,4087.915
1782515940000,4087.915,4087.915,4087.915,4087.915
1782516000000,4087.915,4087.915,4087.915,4087.915
1782516060000,4087.915,4087.915,4087.915,4087.915
1782516120000,4087.915,4087.915,4087.915,4087.915
1782516180000,4087.915,4087.915,4087.915,4087.915
1782516240000,4087.915,4087.915,4087.915,4087.915
1782516300000,4087.915,4087.915,4087.915,4087.915
1782516360000,4087.915,4087.915,4087.915,4087.915
1782516420000,4087.915,4087.915,4087.915,4087.915
1782516480000,4087.915,4087.915,4087.915,4087.915
1782516540000,4087.915,4087.915,4087.915,4087.915
1782516600000,4087.915,4087.915,4087.915,4087.915
1782516660000,4087.915,4087.915,4087.915,4087.915
1782516720000,4087.915,4087.915,4087.915,4087.915
1782516780000,4087.915,4087.915,4087.915,4087.915
1782516840000,4087.915,4087.915,4087.915,4087.915
1782516900000,4087.915,4087.915,4087.915,4087.915
1782516960000,4087.915,4087.915,4087.915,4087.915
1782517020000,4087.915,4087.915,4087.915,4087.915
1782517080000,4087.915,4087.915,4087.915,4087.915
1782517140000,4087.915,4087.915,4087.915,4087.915
1782517200000,4087.915,4087.915,4087.915,4087.915
1782517260000,4087.915,4087.915,4087.915,4087.915
1782517320000,4087.915,4087.915,4087.915,4087.915
1782517380000,4087.915,4087.915,4087.915,4087.915
1782517440000,4087.915,4087.915,4087.915,4087.915
1782517500000,4087.915,4087.915,4087.915,4087.915
1782517560000,4087.915,4087.915,4087.915,4087.915
1782517620000,4087.915,4087.915,4087.915,4087.915
1782517680000,4087.915,4087.915,4087.915,4087.915
1782517740000,4087.915,4087.915,4087.915,4087.915
1782517800000,4087.915,4087.915,4087.915,4087.915
1782517860000,4087.915,4087.915,4087.915,4087.915
1782517920000,4087.915,4087.915,4087.915,4087.915
1782517980000,4087.915,4087.915,4087.915,4087.915
1782518040000,4087.915,4087.915,4087.915,4087.915
1782518100000,4087.915,4087.915,4087.915,4087.915
1782518160000,4087.915,4087.915,4087.915,4087.915
1782518220000,4087.915,4087.915,4087.915,4087.915
1782518280000,4087.915,4087.915,4087.915,4087.915
1782518340000,4087.915,4087.915,4087.915,4087.915
1782518400000,4087.915,4087.915,4087.915,4087.915
1782518460000,4087.915,4087.915,4087.915,4087.915
1782518520000,4087.915,4087.915,4087.915,4087.915
1782518580000,4087.915,4087.915,4087.915,4087.915
1782518640000,4087.915,4087.915,4087.915,4087.915
1782518700000,4087.915,4087.915,4087.915,4087.915
1782518760000,4087.915,4087.915,4087.915,4087.915
1782518820000,4087.915,4087.915,4087.915,4087.915
1782518880000,4087.915,4087.915,4087.915,4087.915
1782518940000,4087.915,4087.915,4087.915,4087.915
1782519000000,4087.915,4087.915,4087.915,4087.915
1782519060000,4087.915,4087.915,4087.915,4087.915
1782519120000,4087.915,4087.915,4087.915,4087.915
1782519180000,4087.915,4087.915,4087.915,4087.915
1782519240000,4087.915,4087.915,4087.915,4087.915
1782519300000,4087.915,4087.915,4087.915,4087.915
1782519360000,4087.915,4087.915,4087.915,4087.915
1782519420000,4087.915,4087.915,4087.915,4087.915
1782519480000,4087.915,4087.915,4087.915,4087.915
1782519540000,4087.915,4087.915,4087.915,4087.915
1782519600000,4087.915,4087.915,4087.915,4087.915
1782519660000,4087.915,4087.915,4087.915,4087.915
1782519720000,4087.915,4087.915,4087.915,4087.915
1782519780000,4087.915,4087.915,4087.915,4087.915
1782519840000,4087.915,4087.915,4087.915,4087.915
1782519900000,4087.915,4087.915,4087.915,4087.915
1782519960000,4087.915,4087.915,4087.915,4087.915
1782520020000,4087.915,4087.915,4087.915,4087.915
1782520080000,4087.915,4087.915,4087.915,4087.915
1782520140000,4087.915,4087.915,4087.915,4087.915
1782520200000,4087.915,4087.915,4087.915,4087.915
1782520260000,4087.915,4087.915,4087.915,4087.915
1782520320000,4087.915,4087.915,4087.915,4087.915
1782520380000,4087.915,4087.915,4087.915,4087.915
1782520440000,4087.915,4087.915,4087.915,4087.915
1782520500000,4087.915,4087.915,4087.915,4087.915
1782520560000,4087.915,4087.915,4087.915,4087.915
1782520620000,4087.915,4087.915,4087.915,4087.915
1782520680000,4087.915,4087.915,4087.915,4087.915
1782520740000,4087.915,4087.915,4087.915,4087.915
1782520800000,4087.915,4087.915,4087.915,4087.915
1782520860000,4087.915,4087.915,4087.915,4087.915
1782520920000,4087.915,4087.915,4087.915,4087.915
1782520980000,4087.915,4087.915,4087.915,4087.915
1782521040000,4087.915,4087.915,4087.915,4087.915
1782521100000,4087.915,4087.915,4087.915,4087.915
1782521160000,4087.915,4087.915,4087.915,4087.915
1782521220000,4087.915,4087.915,4087.915,4087.915
1782521280000,4087.915,4087.915,4087.915,4087.915
1782521340000,4087.915,4087.915,4087.915,4087.915
1782521400000,4087.915,4087.915,4087.915,4087.915
1782521460000,4087.915,4087.915,4087.915,4087.915
1782521520000,4087.915,4087.915,4087.915,4087.915
1782521580000,4087.915,4087.915,4087.915,4087.915
1782521640000,4087.915,4087.915,4087.915,4087.915
1782521700000,4087.915,4087.915,4087.915,4087.915
1782521760000,4087.915,4087.915,4087.915,4087.915
1782521820000,4087.915,4087.915,4087.915,4087.915
1782521880000,4087.915,4087.915,4087.915,4087.915
1782521940000,4087.915,4087.915,4087.915,4087.915
1782522000000,4087.915,4087.915,4087.915,4087.915
1782522060000,4087.915,4087.915,4087.915,4087.915
1782522120000,4087.915,4087.915,4087.915,4087.915
1782522180000,4087.915,4087.915,4087.915,4087.915
1782522240000,4087.915,4087.915,4087.915,4087.915
1782522300000,4087.915,4087.915,4087.915,4087.915
1782522360000,4087.915,4087.915,4087.915,4087.915
1782522420000,4087.915,4087.915,4087.915,4087.915
1782522480000,4087.915,4087.915,4087.915,4087.915
1782522540000,4087.915,4087.915,4087.915,4087.915
1782522600000,4087.915,4087.915,4087.915,4087.915
1782522660000,4087.915,4087.915,4087.915,4087.915
1782522720000,4087.915,4087.915,4087.915,4087.915
1782522780000,4087.915,4087.915,4087.915,4087.915
1782522840000,4087.915,4087.915,4087.915,4087.915
1782522900000,4087.915,4087.915,4087.915,4087.915
1782522960000,4087.915,4087.915,4087.915,4087.915
1782523020000,4087.915,4087.915,4087.915,4087.915
1782523080000,4087.915,4087.915,4087.915,4087.915
1782523140000,4087.915,4087.915,4087.915,4087.915
1782523200000,4087.915,4087.915,4087.915,4087.915
1782523260000,4087.915,4087.915,4087.915,4087.915
1782523320000,4087.915,4087.915,4087.915,4087.915
1782523380000,4087.915,4087.915,4087.915,4087.915
1782523440000,4087.915,4087.915,4087.915,4087.915
1782523500000,4087.915,4087.915,4087.915,4087.915
1782523560000,4087.915,4087.915,4087.915,4087.915
1782523620000,4087.915,4087.915,4087.915,4087.915
1782523680000,4087.915,4087.915,4087.915,4087.915
1782523740000,4087.915,4087.915,4087.915,4087.915
1782523800000,4087.915,4087.915,4087.915,4087.915
1782523860000,4087.915,4087.915,4087.915,4087.915
1782523920000,4087.915,4087.915,4087.915,4087.915
1782523980000,4087.915,4087.915,4087.915,4087.915
1782524040000,4087.915,4087.915,4087.915,4087.915
1782524100000,4087.915,4087.915,4087.915,4087.915
1782524160000,4087.915,4087.915,4087.915,4087.915
1782524220000,4087.915,4087.915,4087.915,4087.915
1782524280000,4087.915,4087.915,4087.915,4087.915
1782524340000,4087.915,4087.915,4087.915,4087.915
1782524400000,4087.915,4087.915,4087.915,4087.915
1782524460000,4087.915,4087.915,4087.915,4087.915
1782524520000,4087.915,4087.915,4087.915,4087.915
1782524580000,4087.915,4087.915,4087.915,4087.915
1782524640000,4087.915,4087.915,4087.915,4087.915
1782524700000,4087.915,4087.915,4087.915,4087.915
1782524760000,4087.915,4087.915,4087.915,4087.915
1782524820000,4087.915,4087.915,4087.915,4087.915
1782524880000,4087.915,4087.915,4087.915,4087.915
1782524940000,4087.915,4087.915,4087.915,4087.915
1782525000000,4087.915,4087.915,4087.915,4087.915
1782525060000,4087.915,4087.915,4087.915,4087.915
1782525120000,4087.915,4087.915,4087.915,4087.915
1782525180000,4087.915,4087.915,4087.915,4087.915
1782525240000,4087.915,4087.915,4087.915,4087.915
1782525300000,4087.915,4087.915,4087.915,4087.915
1782525360000,4087.915,4087.915,4087.915,4087.915
1782525420000,4087.915,4087.915,4087.915,4087.915
1782525480000,4087.915,4087.915,4087.915,4087.915
1782525540000,4087.915,4087.915,4087.915,4087.915
1782525600000,4087.915,4087.915,4087.915,4087.915
1782525660000,4087.915,4087.915,4087.915,4087.915
1782525720000,4087.915,4087.915,4087.915,4087.915
1782525780000,4087.915,4087.915,4087.915,4087.915
1782525840000,4087.915,4087.915,4087.915,4087.915
1782525900000,4087.915,4087.915,4087.915,4087.915
1782525960000,4087.915,4087.915,4087.915,4087.915
1782526020000,4087.915,4087.915,4087.915,4087.915
1782526080000,4087.915,4087.915,4087.915,4087.915
1782526140000,4087.915,4087.915,4087.915,4087.915
1782526200000,4087.915,4087.915,4087.915,4087.915
1782526260000,4087.915,4087.915,4087.915,4087.915
1782526320000,4087.915,4087.915,4087.915,4087.915
1782526380000,4087.915,4087.915,4087.915,4087.915
1782526440000,4087.915,4087.915,4087.915,4087.915
1782526500000,4087.915,4087.915,4087.915,4087.915
1782526560000,4087.915,4087.915,4087.915,4087.915
1782526620000,4087.915,4087.915,4087.915,4087.915
1782526680000,4087.915,4087.915,4087.915,4087.915
1782526740000,4087.915,4087.915,4087.915,4087.915
1782526800000,4087.915,4087.915,4087.915,4087.915
1782526860000,4087.915,4087.915,4087.915,4087.915
1782526920000,4087.915,4087.915,4087.915,4087.915
1782526980000,4087.915,4087.915,4087.915,4087.915
1782527040000,4087.915,4087.915,4087.915,4087.915
1782527100000,4087.915,4087.915,4087.915,4087.915
1782527160000,4087.915,4087.915,4087.915,4087.915
1782527220000,4087.915,4087.915,4087.915,4087.915
1782527280000,4087.915,4087.915,4087.915,4087.915
1782527340000,4087.915,4087.915,4087.915,4087.915
1782527400000,4087.915,4087.915,4087.915,4087.915
1782527460000,4087.915,4087.915,4087.915,4087.915
1782527520000,4087.915,4087.915,4087.915,4087.915
1782527580000,4087.915,4087.915,4087.915,4087.915
1782527640000,4087.915,4087.915,4087.915,4087.915
1782527700000,4087.915,4087.915,4087.915,4087.915
1782527760000,4087.915,4087.915,4087.915,4087.915
1782527820000,4087.915,4087.915,4087.915,4087.915
1782527880000,4087.915,4087.915,4087.915,4087.915
1782527940000,4087.915,4087.915,4087.915,4087.915
1782528000000,4087.915,4087.915,4087.915,4087.915
1782528060000,4087.915,4087.915,4087.915,4087.915
1782528120000,4087.915,4087.915,4087.915,4087.915
1782528180000,4087.915,4087.915,4087.915,4087.915
1782528240000,4087.915,4087.915,4087.915,4087.915
1782528300000,4087.915,4087.915,4087.915,4087.915
1782528360000,4087.915,4087.915,4087.915,4087.915
1782528420000,4087.915,4087.915,4087.915,4087.915
1782528480000,4087.915,4087.915,4087.915,4087.915
1782528540000,4087.915,4087.915,4087.915,4087.915
1782528600000,4087.915,4087.915,4087.915,4087.915
1782528660000,4087.915,4087.915,4087.915,4087.915
1782528720000,4087.915,4087.915,4087.915,4087.915
1782528780000,4087.915,4087.915,4087.915,4087.915
1782528840000,4087.915,4087.915,4087.915,4087.915
1782528900000,4087.915,4087.915,4087.915,4087.915
1782528960000,4087.915,4087.915,4087.915,4087.915
1782529020000,4087.915,4087.915,4087.915,4087.915
1782529080000,4087.915,4087.915,4087.915,4087.915
1782529140000,4087.915,4087.915,4087.915,4087.915
1782529200000,4087.915,4087.915,4087.915,4087.915
1782529260000,4087.915,4087.915,4087.915,4087.915
1782529320000,4087.915,4087.915,4087.915,4087.915
1782529380000,4087.915,4087.915,4087.915,4087.915
1782529440000,4087.915,4087.915,4087.915,4087.915
1782529500000,4087.915,4087.915,4087.915,4087.915
1782529560000,4087.915,4087.915,4087.915,4087.915
1782529620000,4087.915,4087.915,4087.915,4087.915
1782529680000,4087.915,4087.915,4087.915,4087.915
1782529740000,4087.915,4087.915,4087.915,4087.915
1782529800000,4087.915,4087.915,4087.915,4087.915
1782529860000,4087.915,4087.915,4087.915,4087.915
1782529920000,4087.915,4087.915,4087.915,4087.915
1782529980000,4087.915,4087.915,4087.915,4087.915
1782530040000,4087.915,4087.915,4087.915,4087.915
1782530100000,4087.915,4087.915,4087.915,4087.915
1782530160000,4087.915,4087.915,4087.915,4087.915
1782530220000,4087.915,4087.915,4087.915,4087.915
1782530280000,4087.915,4087.915,4087.915,4087.915
1782530340000,4087.915,4087.915,4087.915,4087.915
1782530400000,4087.915,4087.915,4087.915,4087.915
1782530460000,4087.915,4087.915,4087.915,4087.915
1782530520000,4087.915,4087.915,4087.915,4087.915
1782530580000,4087.915,4087.915,4087.915,4087.915
1782530640000,4087.915,4087.915,4087.915,4087.915
1782530700000,4087.915,4087.915,4087.915,4087.915
1782530760000,4087.915,4087.915,4087.915,4087.915
1782530820000,4087.915,4087.915,4087.915,4087.915
1782530880000,4087.915,4087.915,4087.915,4087.915
1782530940000,4087.915,4087.915,4087.915,4087.915
1782531000000,4087.915,4087.915,4087.915,4087.915
1782531060000,4087.915,4087.915,4087.915,4087.915
1782531120000,4087.915,4087.915,4087.915,4087.915
1782531180000,4087.915,4087.915,4087.915,4087.915
1782531240000,4087.915,4087.915,4087.915,4087.915
1782531300000,4087.915,4087.915,4087.915,4087.915
1782531360000,4087.915,4087.915,4087.915,4087.915
1782531420000,4087.915,4087.915,4087.915,4087.915
1782531480000,4087.915,4087.915,4087.915,4087.915
1782531540000,4087.915,4087.915,4087.915,4087.915
1782531600000,4087.915,4087.915,4087.915,4087.915
1782531660000,4087.915,4087.915,4087.915,4087.915
1782531720000,4087.915,4087.915,4087.915,4087.915
1782531780000,4087.915,4087.915,4087.915,4087.915
1782531840000,4087.915,4087.915,4087.915,4087.915
1782531900000,4087.915,4087.915,4087.915,4087.915
1782531960000,4087.915,4087.915,4087.915,4087.915
1782532020000,4087.915,4087.915,4087.915,4087.915
1782532080000,4087.915,4087.915,4087.915,4087.915
1782532140000,4087.915,4087.915,4087.915,4087.915
1782532200000,4087.915,4087.915,4087.915,4087.915
1782532260000,4087.915,4087.915,4087.915,4087.915
1782532320000,4087.915,4087.915,4087.915,4087.915
1782532380000,4087.915,4087.915,4087.915,4087.915
1782532440000,4087.915,4087.915,4087.915,4087.915
1782532500000,4087.915,4087.915,4087.915,4087.915
1782532560000,4087.915,4087.915,4087.915,4087.915
1782532620000,4087.915,4087.915,4087.915,4087.915
1782532680000,4087.915,4087.915,4087.915,4087.915
1782532740000,4087.915,4087.915,4087.915,4087.915
1782532800000,4087.915,4087.915,4087.915,4087.915
1782532860000,4087.915,4087.915,4087.915,4087.915
1782532920000,4087.915,4087.915,4087.915,4087.915
1782532980000,4087.915,4087.915,4087.915,4087.915
1782533040000,4087.915,4087.915,4087.915,4087.915
1782533100000,4087.915,4087.915,4087.915,4087.915
1782533160000,4087.915,4087.915,4087.915,4087.915
1782533220000,4087.915,4087.915,4087.915,4087.915
1782533280000,4087.915,4087.915,4087.915,4087.915
1782533340000,4087.915,4087.915,4087.915,4087.915
1782533400000,4087.915,4087.915,4087.915,4087.915
1782533460000,4087.915,4087.915,4087.915,4087.915
1782533520000,4087.915,4087.915,4087.915,4087.915
1782533580000,4087.915,4087.915,4087.915,4087.915
1782533640000,4087.915,4087.915,4087.915,4087.915
1782533700000,4087.915,4087.915,4087.915,4087.915
1782533760000,4087.915,4087.915,4087.915,4087.915
1782533820000,4087.915,4087.915,4087.915,4087.915
1782533880000,4087.915,4087.915,4087.915,4087.915
1782533940000,4087.915,4087.915,4087.915,4087.915
1782534000000,4087.915,4087.915,4087.915,4087.915
1782534060000,4087.915,4087.915,4087.915,4087.915
1782534120000,4087.915,4087.915,4087.915,4087.915
1782534180000,4087.915,4087.915,4087.915,4087.915
1782534240000,4087.915,4087.915,4087.915,4087.915
1782534300000,4087.915,4087.915,4087.915,4087.915
1782534360000,4087.915,4087.915,4087.915,4087.915
1782534420000,4087.915,4087.915,4087.915,4087.915
1782534480000,4087.915,4087.915,4087.915,4087.915
1782534540000,4087.915,4087.915,4087.915,4087.915
1782534600000,4087.915,4087.915,4087.915,4087.915
1782534660000,4087.915,4087.915,4087.915,4087.915
1782534720000,4087.915,4087.915,4087.915,4087.915
1782534780000,4087.915,4087.915,4087.915,4087.915
1782534840000,4087.915,4087.915,4087.915,4087.915
1782534900000,4087.915,4087.915,4087.915,4087.915
1782534960000,4087.915,4087.915,4087.915,4087.915
1782535020000,4087.915,4087.915,4087.915,4087.915
1782535080000,4087.915,4087.915,4087.915,4087.915
1782535140000,4087.915,4087.915,4087.915,4087.915
1782535200000,4087.915,4087.915,4087.915,4087.915
1782535260000,4087.915,4087.915,4087.915,4087.915
1782535320000,4087.915,4087.915,4087.915,4087.915
1782535380000,4087.915,4087.915,4087.915,4087.915
1782535440000,4087.915,4087.915,4087.915,4087.915
1782535500000,4087.915,4087.915,4087.915,4087.915
1782535560000,4087.915,4087.915,4087.915,4087.915
1782535620000,4087.915,4087.915,4087.915,4087.915
1782535680000,4087.915,4087.915,4087.915,4087.915
1782535740000,4087.915,4087.915,4087.915,4087.915
1782535800000,4087.915,4087.915,4087.915,4087.915
1782535860000,4087.915,4087.915,4087.915,4087.915
1782535920000,4087.915,4087.915,4087.915,4087.915
1782535980000,4087.915,4087.915,4087.915,4087.915
1782536040000,4087.915,4087.915,4087.915,4087.915
1782536100000,4087.915,4087.915,4087.915,4087.915
1782536160000,4087.915,4087.915,4087.915,4087.915
1782536220000,4087.915,4087.915,4087.915,4087.915
1782536280000,4087.915,4087.915,4087.915,4087.915
1782536340000,4087.915,4087.915,4087.915,4087.915
1782536400000,4087.915,4087.915,4087.915,4087.915
1782536460000,4087.915,4087.915,4087.915,4087.915
1782536520000,4087.915,4087.915,4087.915,4087.915
1782536580000,4087.915,4087.915,4087.915,4087.915
1782536640000,4087.915,4087.915,4087.915,4087.915
1782536700000,4087.915,4087.915,4087.915,4087.915
1782536760000,4087.915,4087.915,4087.915,4087.915
1782536820000,4087.915,4087.915,4087.915,4087.915
1782536880000,4087.915,4087.915,4087.915,4087.915
1782536940000,4087.915,4087.915,4087.915,4087.915
1782537000000,4087.915,4087.915,4087.915,4087.915
1782537060000,4087.915,4087.915,4087.915,4087.915
1782537120000,4087.915,4087.915,4087.915,4087.915
1782537180000,4087.915,4087.915,4087.915,4087.915
1782537240000,4087.915,4087.915,4087.915,4087.915
1782537300000,4087.915,4087.915,4087.915,4087.915
1782537360000,4087.915,4087.915,4087.915,4087.915
1782537420000,4087.915,4087.915,4087.915,4087.915
1782537480000,4087.915,4087.915,4087.915,4087.915
1782537540000,4087.915,4087.915,4087.915,4087.915
1782537600000,4087.915,4087.915,4087.915,4087.915
1782537660000,4087.915,4087.915,4087.915,4087.915
1782537720000,4087.915,4087.915,4087.915,4087.915
1782537780000,4087.915,4087.915,4087.915,4087.915
1782537840000,4087.915,4087.915,4087.915,4087.915
1782537900000,4087.915,4087.915,4087.915,4087.915
1782537960000,4087.915,4087.915,4087.915,4087.915
1782538020000,4087.915,4087.915,4087.915,4087.915
1782538080000,4087.915,4087.915,4087.915,4087.915
1782538140000,4087.915,4087.915,4087.915,4087.915
1782538200000,4087.915,4087.915,4087.915,4087.915
1782538260000,4087.915,4087.915,4087.915,4087.915
1782538320000,4087.915,4087.915,4087.915,4087.915
1782538380000,4087.915,4087.915,4087.915,4087.915
1782538440000,4087.915,4087.915,4087.915,4087.915
1782538500000,4087.915,4087.915,4087.915,4087.915
1782538560000,4087.915,4087.915,4087.915,4087.915
1782538620000,4087.915,4087.915,4087.915,4087.915
1782538680000,4087.915,4087.915,4087.915,4087.915
1782538740000,4087.915,4087.915,4087.915,4087.915
1782538800000,4087.915,4087.915,4087.915,4087.915
1782538860000,4087.915,4087.915,4087.915,4087.915
1782538920000,4087.915,4087.915,4087.915,4087.915
1782538980000,4087.915,4087.915,4087.915,4087.915
1782539040000,4087.915,4087.915,4087.915,4087.915
1782539100000,4087.915,4087.915,4087.915,4087.915
1782539160000,4087.915,4087.915,4087.915,4087.915
1782539220000,4087.915,4087.915,4087.915,4087.915
1782539280000,4087.915,4087.915,4087.915,4087.915
1782539340000,4087.915,4087.915,4087.915,4087.915
1782539400000,4087.915,4087.915,4087.915,4087.915
1782539460000,4087.915,4087.915,4087.915,4087.915
1782539520000,4087.915,4087.915,4087.915,4087.915
1782539580000,4087.915,4087.915,4087.915,4087.915
1782539640000,4087.915,4087.915,4087.915,4087.915
1782539700000,4087.915,4087.915,4087.915,4087.915
1782539760000,4087.915,4087.915,4087.915,4087.915
1782539820000,4087.915,4087.915,4087.915,4087.915
1782539880000,4087.915,4087.915,4087.915,4087.915
1782539940000,4087.915,4087.915,4087.915,4087.915
1782540000000,4087.915,4087.915,4087.915,4087.915
1782540060000,4087.915,4087.915,4087.915,4087.915
1782540120000,4087.915,4087.915,4087.915,4087.915
1782540180000,4087.915,4087.915,4087.915,4087.915
1782540240000,4087.915,4087.915,4087.915,4087.915
1782540300000,4087.915,4087.915,4087.915,4087.915
1782540360000,4087.915,4087.915,4087.915,4087.915
1782540420000,4087.915,4087.915,4087.915,4087.915
1782540480000,4087.915,4087.915,4087.915,4087.915
1782540540000,4087.915,4087.915,4087.915,4087.915
1782540600000,4087.915,4087.915,4087.915,4087.915
1782540660000,4087.915,4087.915,4087.915,4087.915
1782540720000,4087.915,4087.915,4087.915,4087.915
1782540780000,4087.915,4087.915,4087.915,4087.915
1782540840000,4087.915,4087.915,4087.915,4087.915
1782540900000,4087.915,4087.915,4087.915,4087.915
1782540960000,4087.915,4087.915,4087.915,4087.915
1782541020000,4087.915,4087.915,4087.915,4087.915
1782541080000,4087.915,4087.915,4087.915,4087.915
1782541140000,4087.915,4087.915,4087.915,4087.915
1782541200000,4087.915,4087.915,4087.915,4087.915
1782541260000,4087.915,4087.915,4087.915,4087.915
1782541320000,4087.915,4087.915,4087.915,4087.915
1782541380000,4087.915,4087.915,4087.915,4087.915
1782541440000,4087.915,4087.915,4087.915,4087.915
1782541500000,4087.915,4087.915,4087.915,4087.915
1782541560000,4087.915,4087.915,4087.915,4087.915
1782541620000,4087.915,4087.915,4087.915,4087.915
1782541680000,4087.915,4087.915,4087.915,4087.915
1782541740000,4087.915,4087.915,4087.915,4087.915
1782541800000,4087.915,4087.915,4087.915,4087.915
1782541860000,4087.915,4087.915,4087.915,4087.915
1782541920000,4087.915,4087.915,4087.915,4087.915
1782541980000,4087.915,4087.915,4087.915,4087.915
1782542040000,4087.915,4087.915,4087.915,4087.915
1782542100000,4087.915,4087.915,4087.915,4087.915
1782542160000,4087.915,4087.915,4087.915,4087.915
1782542220000,4087.915,4087.915,4087.915,4087.915
1782542280000,4087.915,4087.915,4087.915,4087.915
1782542340000,4087.915,4087.915,4087.915,4087.915
1782542400000,4087.915,4087.915,4087.915,4087.915
1782542460000,4087.915,4087.915,4087.915,4087.915
1782542520000,4087.915,4087.915,4087.915,4087.915
1782542580000,4087.915,4087.915,4087.915,4087.915
1782542640000,4087.915,4087.915,4087.915,4087.915
1782542700000,4087.915,4087.915,4087.915,4087.915
1782542760000,4087.915,4087.915,4087.915,4087.915
1782542820000,4087.915,4087.915,4087.915,4087.915
1782542880000,4087.915,4087.915,4087.915,4087.915
1782542940000,4087.915,4087.915,4087.915,4087.915
1782543000000,4087.915,4087.915,4087.915,4087.915
1782543060000,4087.915,4087.915,4087.915,4087.915
1782543120000,4087.915,4087.915,4087.915,4087.915
1782543180000,4087.915,4087.915,4087.915,4087.915
1782543240000,4087.915,4087.915,4087.915,4087.915
1782543300000,4087.915,4087.915,4087.915,4087.915
1782543360000,4087.915,4087.915,4087.915,4087.915
1782543420000,4087.915,4087.915,4087.915,4087.915
1782543480000,4087.915,4087.915,4087.915,4087.915
1782543540000,4087.915,4087.915,4087.915,4087.915
1782543600000,4087.915,4087.915,4087.915,4087.915
1782543660000,4087.915,4087.915,4087.915,4087.915
1782543720000,4087.915,4087.915,4087.915,4087.915
1782543780000,4087.915,4087.915,4087.915,4087.915
1782543840000,4087.915,4087.915,4087.915,4087.915
1782543900000,4087.915,4087.915,4087.915,4087.915
1782543960000,4087.915,4087.915,4087.915,4087.915
1782544020000,4087.915,4087.915,4087.915,4087.915
1782544080000,4087.915,4087.915,4087.915,4087.915
1782544140000,4087.915,4087.915,4087.915,4087.915
1782544200000,4087.915,4087.915,4087.915,4087.915
1782544260000,4087.915,4087.915,4087.915,4087.915
1782544320000,4087.915,4087.915,4087.915,4087.915
1782544380000,4087.915,4087.915,4087.915,4087.915
1782544440000,4087.915,4087.915,4087.915,4087.915
1782544500000,4087.915,4087.915,4087.915,4087.915
1782544560000,4087.915,4087.915,4087.915,4087.915
1782544620000,4087.915,4087.915,4087.915,4087.915
1782544680000,4087.915,4087.915,4087.915,4087.915
1782544740000,4087.915,4087.915,4087.915,4087.915
1782544800000,4087.915,4087.915,4087.915,4087.915
1782544860000,4087.915,4087.915,4087.915,4087.915
1782544920000,4087.915,4087.915,4087.915,4087.915
1782544980000,4087.915,4087.915,4087.915,4087.915
1782545040000,4087.915,4087.915,4087.915,4087.915
1782545100000,4087.915,4087.915,4087.915,4087.915
1782545160000,4087.915,4087.915,4087.915,4087.915
1782545220000,4087.915,4087.915,4087.915,4087.915
1782545280000,4087.915,4087.915,4087.915,4087.915
1782545340000,4087.915,4087.915,4087.915,4087.915
1782545400000,4087.915,4087.915,4087.915,4087.915
1782545460000,4087.915,4087.915,4087.915,4087.915
1782545520000,4087.915,4087.915,4087.915,4087.915
1782545580000,4087.915,4087.915,4087.915,4087.915
1782545640000,4087.915,4087.915,4087.915,4087.915
1782545700000,4087.915,4087.915,4087.915,4087.915
1782545760000,4087.915,4087.915,4087.915,4087.915
1782545820000,4087.915,4087.915,4087.915,4087.915
1782545880000,4087.915,4087.915,4087.915,4087.915
1782545940000,4087.915,4087.915,4087.915,4087.915
1782546000000,4087.915,4087.915,4087.915,4087.915
1782546060000,4087.915,4087.915,4087.915,4087.915
1782546120000,4087.915,4087.915,4087.915,4087.915
1782546180000,4087.915,4087.915,4087.915,4087.915
1782546240000,4087.915,4087.915,4087.915,4087.915
1782546300000,4087.915,4087.915,4087.915,4087.915
1782546360000,4087.915,4087.915,4087.915,4087.915
1782546420000,4087.915,4087.915,4087.915,4087.915
1782546480000,4087.915,4087.915,4087.915,4087.915
1782546540000,4087.915,4087.915,4087.915,4087.915
1782546600000,4087.915,4087.915,4087.915,4087.915
1782546660000,4087.915,4087.915,4087.915,4087.915
1782546720000,4087.915,4087.915,4087.915,4087.915
1782546780000,4087.915,4087.915,4087.915,4087.915
1782546840000,4087.915,4087.915,4087.915,4087.915
1782546900000,4087.915,4087.915,4087.915,4087.915
1782546960000,4087.915,4087.915,4087.915,4087.915
1782547020000,4087.915,4087.915,4087.915,4087.915
1782547080000,4087.915,4087.915,4087.915,4087.915
1782547140000,4087.915,4087.915,4087.915,4087.915
1782547200000,4087.915,4087.915,4087.915,4087.915
1782547260000,4087.915,4087.915,4087.915,4087.915
1782547320000,4087.915,4087.915,4087.915,4087.915
1782547380000,4087.915,4087.915,4087.915,4087.915
1782547440000,4087.915,4087.915,4087.915,4087.915
1782547500000,4087.915,4087.915,4087.915,4087.915
1782547560000,4087.915,4087.915,4087.915,4087.915
1782547620000,4087.915,4087.915,4087.915,4087.915
1782547680000,4087.915,4087.915,4087.915,4087.915
1782547740000,4087.915,4087.915,4087.915,4087.915
1782547800000,4087.915,4087.915,4087.915,4087.915
1782547860000,4087.915,4087.915,4087.915,4087.915
1782547920000,4087.915,4087.915,4087.915,4087.915
1782547980000,4087.915,4087.915,4087.915,4087.915
1782548040000,4087.915,4087.915,4087.915,4087.915
1782548100000,4087.915,4087.915,4087.915,4087.915
1782548160000,4087.915,4087.915,4087.915,4087.915
1782548220000,4087.915,4087.915,4087.915,4087.915
1782548280000,4087.915,4087.915,4087.915,4087.915
1782548340000,4087.915,4087.915,4087.915,4087.915
1782548400000,4087.915,4087.915,4087.915,4087.915
1782548460000,4087.915,4087.915,4087.915,4087.915
1782548520000,4087.915,4087.915,4087.915,4087.915
1782548580000,4087.915,4087.915,4087.915,4087.915
1782548640000,4087.915,4087.915,4087.915,4087.915
1782548700000,4087.915,4087.915,4087.915,4087.915
1782548760000,4087.915,4087.915,4087.915,4087.915
1782548820000,4087.915,4087.915,4087.915,4087.915
1782548880000,4087.915,4087.915,4087.915,4087.915
1782548940000,4087.915,4087.915,4087.915,4087.915
1782549000000,4087.915,4087.915,4087.915,4087.915
1782549060000,4087.915,4087.915,4087.915,4087.915
1782549120000,4087.915,4087.915,4087.915,4087.915
1782549180000,4087.915,4087.915,4087.915,4087.915
1782549240000,4087.915,4087.915,4087.915,4087.915
1782549300000,4087.915,4087.915,4087.915,4087.915
1782549360000,4087.915,4087.915,4087.915,4087.915
1782549420000,4087.915,4087.915,4087.915,4087.915
1782549480000,4087.915,4087.915,4087.915,4087.915
1782549540000,4087.915,4087.915,4087.915,4087.915
1782549600000,4087.915,4087.915,4087.915,4087.915
1782549660000,4087.915,4087.915,4087.915,4087.915
1782549720000,4087.915,4087.915,4087.915,4087.915
1782549780000,4087.915,4087.915,4087.915,4087.915
1782549840000,4087.915,4087.915,4087.915,4087.915
1782549900000,4087.915,4087.915,4087.915,4087.915
1782549960000,4087.915,4087.915,4087.915,4087.915
1782550020000,4087.915,4087.915,4087.915,4087.915
1782550080000,4087.915,4087.915,4087.915,4087.915
1782550140000,4087.915,4087.915,4087.915,4087.915
1782550200000,4087.915,4087.915,4087.915,4087.915
1782550260000,4087.915,4087.915,4087.915,4087.915
1782550320000,4087.915,4087.915,4087.915,4087.915
1782550380000,4087.915,4087.915,4087.915,4087.915
1782550440000,4087.915,4087.915,4087.915,4087.915
1782550500000,4087.915,4087.915,4087.915,4087.915
1782550560000,4087.915,4087.915,4087.915,4087.915
1782550620000,4087.915,4087.915,4087.915,4087.915
1782550680000,4087.915,4087.915,4087.915,4087.915
1782550740000,4087.915,4087.915,4087.915,4087.915
1782550800000,4087.915,4087.915,4087.915,4087.915
1782550860000,4087.915,4087.915,4087.915,4087.915
1782550920000,4087.915,4087.915,4087.915,4087.915
1782550980000,4087.915,4087.915,4087.915,4087.915
1782551040000,4087.915,4087.915,4087.915,4087.915
1782551100000,4087.915,4087.915,4087.915,4087.915
1782551160000,4087.915,4087.915,4087.915,4087.915
1782551220000,4087.915,4087.915,4087.915,4087.915
1782551280000,4087.915,4087.915,4087.915,4087.915
1782551340000,4087.915,4087.915,4087.915,4087.915
1782551400000,4087.915,4087.915,4087.915,4087.915
1782551460000,4087.915,4087.915,4087.915,4087.915
1782551520000,4087.915,4087.915,4087.915,4087.915
1782551580000,4087.915,4087.915,4087.915,4087.915
1782551640000,4087.915,4087.915,4087.915,4087.915
1782551700000,4087.915,4087.915,4087.915,4087.915
1782551760000,4087.915,4087.915,4087.915,4087.915
1782551820000,4087.915,4087.915,4087.915,4087.915
1782551880000,4087.915,4087.915,4087.915,4087.915
1782551940000,4087.915,4087.915,4087.915,4087.915
1782552000000,4087.915,4087.915,4087.915,4087.915
1782552060000,4087.915,4087.915,4087.915,4087.915
1782552120000,4087.915,4087.915,4087.915,4087.915
1782552180000,4087.915,4087.915,4087.915,4087.915
1782552240000,4087.915,4087.915,4087.915,4087.915
1782552300000,4087.915,4087.915,4087.915,4087.915
1782552360000,4087.915,4087.915,4087.915,4087.915
1782552420000,4087.915,4087.915,4087.915,4087.915
1782552480000,4087.915,4087.915,4087.915,4087.915
1782552540000,4087.915,4087.915,4087.915,4087.915
1782552600000,4087.915,4087.915,4087.915,4087.915
1782552660000,4087.915,4087.915,4087.915,4087.915
1782552720000,4087.915,4087.915,4087.915,4087.915
1782552780000,4087.915,4087.915,4087.915,4087.915
1782552840000,4087.915,4087.915,4087.915,4087.915
1782552900000,4087.915,4087.915,4087.915,4087.915
1782552960000,4087.915,4087.915,4087.915,4087.915
1782553020000,4087.915,4087.915,4087.915,4087.915
1782553080000,4087.915,4087.915,4087.915,4087.915
1782553140000,4087.915,4087.915,4087.915,4087.915
1782553200000,4087.915,4087.915,4087.915,4087.915
1782553260000,4087.915,4087.915,4087.915,4087.915
1782553320000,4087.915,4087.915,4087.915,4087.915
1782553380000,4087.915,4087.915,4087.915,4087.915
1782553440000,4087.915,4087.915,4087.915,4087.915
1782553500000,4087.915,4087.915,4087.915,4087.915
1782553560000,4087.915,4087.915,4087.915,4087.915
1782553620000,4087.915,4087.915,4087.915,4087.915
1782553680000,4087.915,4087.915,4087.915,4087.915
1782553740000,4087.915,4087.915,4087.915,4087.915
1782553800000,4087.915,4087.915,4087.915,4087.915
1782553860000,4087.915,4087.915,4087.915,4087.915
1782553920000,4087.915,4087.915,4087.915,4087.915
1782553980000,4087.915,4087.915,4087.915,4087.915
1782554040000,4087.915,4087.915,4087.915,4087.915
1782554100000,4087.915,4087.915,4087.915,4087.915
1782554160000,4087.915,4087.915,4087.915,4087.915
1782554220000,4087.915,4087.915,4087.915,4087.915
1782554280000,4087.915,4087.915,4087.915,4087.915
1782554340000,4087.915,4087.915,4087.915,4087.915
1782554400000,4087.915,4087.915,4087.915,4087.915
1782554460000,4087.915,4087.915,4087.915,4087.915
1782554520000,4087.915,4087.915,4087.915,4087.915
1782554580000,4087.915,4087.915,4087.915,4087.915
1782554640000,4087.915,4087.915,4087.915,4087.915
1782554700000,4087.915,4087.915,4087.915,4087.915
1782554760000,4087.915,4087.915,4087.915,4087.915
1782554820000,4087.915,4087.915,4087.915,4087.915
1782554880000,4087.915,4087.915,4087.915,4087.915
1782554940000,4087.915,4087.915,4087.915,4087.915
1782555000000,4087.915,4087.915,4087.915,4087.915
1782555060000,4087.915,4087.915,4087.915,4087.915
1782555120000,4087.915,4087.915,4087.915,4087.915
1782555180000,4087.915,4087.915,4087.915,4087.915
1782555240000,4087.915,4087.915,4087.915,4087.915
1782555300000,4087.915,4087.915,4087.915,4087.915
1782555360000,4087.915,4087.915,4087.915,4087.915
1782555420000,4087.915,4087.915,4087.915,4087.915
1782555480000,4087.915,4087.915,4087.915,4087.915
1782555540000,4087.915,4087.915,4087.915,4087.915
1782555600000,4087.915,4087.915,4087.915,4087.915
1782555660000,4087.915,4087.915,4087.915,4087.915
1782555720000,4087.915,4087.915,4087.915,4087.915
1782555780000,4087.915,4087.915,4087.915,4087.915
1782555840000,4087.915,4087.915,4087.915,4087.915
1782555900000,4087.915,4087.915,4087.915,4087.915
1782555960000,4087.915,4087.915,4087.915,4087.915
1782556020000,4087.915,4087.915,4087.915,4087.915
1782556080000,4087.915,4087.915,4087.915,4087.915
1782556140000,4087.915,4087.915,4087.915,4087.915
1782556200000,4087.915,4087.915,4087.915,4087.915
1782556260000,4087.915,4087.915,4087.915,4087.915
1782556320000,4087.915,4087.915,4087.915,4087.915
1782556380000,4087.915,4087.915,4087.915,4087.915
1782556440000,4087.915,4087.915,4087.915,4087.915
1782556500000,4087.915,4087.915,4087.915,4087.915
1782556560000,4087.915,4087.915,4087.915,4087.915
1782556620000,4087.915,4087.915,4087.915,4087.915
1782556680000,4087.915,4087.915,4087.915,4087.915
1782556740000,4087.915,4087.915,4087.915,4087.915
1782556800000,4087.915,4087.915,4087.915,4087.915
1782556860000,4087.915,4087.915,4087.915,4087.915
1782556920000,4087.915,4087.915,4087.915,4087.915
1782556980000,4087.915,4087.915,4087.915,4087.915
1782557040000,4087.915,4087.915,4087.915,4087.915
1782557100000,4087.915,4087.915,4087.915,4087.915
1782557160000,4087.915,4087.915,4087.915,4087.915
1782557220000,4087.915,4087.915,4087.915,4087.915
1782557280000,4087.915,4087.915,4087.915,4087.915
1782557340000,4087.915,4087.915,4087.915,4087.915
1782557400000,4087.915,4087.915,4087.915,4087.915
1782557460000,4087.915,4087.915,4087.915,4087.915
1782557520000,4087.915,4087.915,4087.915,4087.915
1782557580000,4087.915,4087.915,4087.915,4087.915
1782557640000,4087.915,4087.915,4087.915,4087.915
1782557700000,4087.915,4087.915,4087.915,4087.915
1782557760000,4087.915,4087.915,4087.915,4087.915
1782557820000,4087.915,4087.915,4087.915,4087.915
1782557880000,4087.915,4087.915,4087.915,4087.915
1782557940000,4087.915,4087.915,4087.915,4087.915
1782558000000,4087.915,4087.915,4087.915,4087.915
1782558060000,4087.915,4087.915,4087.915,4087.915
1782558120000,4087.915,4087.915,4087.915,4087.915
1782558180000,4087.915,4087.915,4087.915,4087.915
1782558240000,4087.915,4087.915,4087.915,4087.915
1782558300000,4087.915,4087.915,4087.915,4087.915
1782558360000,4087.915,4087.915,4087.915,4087.915
1782558420000,4087.915,4087.915,4087.915,4087.915
1782558480000,4087.915,4087.915,4087.915,4087.915
1782558540000,4087.915,4087.915,4087.915,4087.915
1782558600000,4087.915,4087.915,4087.915,4087.915
1782558660000,4087.915,4087.915,4087.915,4087.915
1782558720000,4087.915,4087.915,4087.915,4087.915
1782558780000,4087.915,4087.915,4087.915,4087.915
1782558840000,4087.915,4087.915,4087.915,4087.915
1782558900000,4087.915,4087.915,4087.915,4087.915
1782558960000,4087.915,4087.915,4087.915,4087.915
1782559020000,4087.915,4087.915,4087.915,4087.915
1782559080000,4087.915,4087.915,4087.915,4087.915
1782559140000,4087.915,4087.915,4087.915,4087.915
1782559200000,4087.915,4087.915,4087.915,4087.915
1782559260000,4087.915,4087.915,4087.915,4087.915
1782559320000,4087.915,4087.915,4087.915,4087.915
1782559380000,4087.915,4087.915,4087.915,4087.915
1782559440000,4087.915,4087.915,4087.915,4087.915
1782559500000,4087.915,4087.915,4087.915,4087.915
1782559560000,4087.915,4087.915,4087.915,4087.915
1782559620000,4087.915,4087.915,4087.915,4087.915
1782559680000,4087.915,4087.915,4087.915,4087.915
1782559740000,4087.915,4087.915,4087.915,4087.915
1782559800000,4087.915,4087.915,4087.915,4087.915
1782559860000,4087.915,4087.915,4087.915,4087.915
1782559920000,4087.915,4087.915,4087.915,4087.915
1782559980000,4087.915,4087.915,4087.915,4087.915
1782560040000,4087.915,4087.915,4087.915,4087.915
1782560100000,4087.915,4087.915,4087.915,4087.915
1782560160000,4087.915,4087.915,4087.915,4087.915
1782560220000,4087.915,4087.915,4087.915,4087.915
1782560280000,4087.915,4087.915,4087.915,4087.915
1782560340000,4087.915,4087.915,4087.915,4087.915
1782560400000,4087.915,4087.915,4087.915,4087.915
1782560460000,4087.915,4087.915,4087.915,4087.915
1782560520000,4087.915,4087.915,4087.915,4087.915
1782560580000,4087.915,4087.915,4087.915,4087.915
1782560640000,4087.915,4087.915,4087.915,4087.915
1782560700000,4087.915,4087.915,4087.915,4087.915
1782560760000,4087.915,4087.915,4087.915,4087.915
1782560820000,4087.915,4087.915,4087.915,4087.915
1782560880000,4087.915,4087.915,4087.915,4087.915
1782560940000,4087.915,4087.915,4087.915,4087.915
1782561000000,4087.915,4087.915,4087.915,4087.915
1782561060000,4087.915,4087.915,4087.915,4087.915
1782561120000,4087.915,4087.915,4087.915,4087.915
1782561180000,4087.915,4087.915,4087.915,4087.915
1782561240000,4087.915,4087.915,4087.915,4087.915
1782561300000,4087.915,4087.915,4087.915,4087.915
1782561360000,4087.915,4087.915,4087.915,4087.915
1782561420000,4087.915,4087.915,4087.915,4087.915
1782561480000,4087.915,4087.915,4087.915,4087.915
1782561540000,4087.915,4087.915,4087.915,4087.915
1782561600000,4087.915,4087.915,4087.915,4087.915
1782561660000,4087.915,4087.915,4087.915,4087.915
1782561720000,4087.915,4087.915,4087.915,4087.915
1782561780000,4087.915,4087.915,4087.915,4087.915
1782561840000,4087.915,4087.915,4087.915,4087.915
1782561900000,4087.915,4087.915,4087.915,4087.915
1782561960000,4087.915,4087.915,4087.915,4087.915
1782562020000,4087.915,4087.915,4087.915,4087.915
1782562080000,4087.915,4087.915,4087.915,4087.915
1782562140000,4087.915,4087.915,4087.915,4087.915
1782562200000,4087.915,4087.915,4087.915,4087.915
1782562260000,4087.915,4087.915,4087.915,4087.915
1782562320000,4087.915,4087.915,4087.915,4087.915
1782562380000,4087.915,4087.915,4087.915,4087.915
1782562440000,4087.915,4087.915,4087.915,4087.915
1782562500000,4087.915,4087.915,4087.915,4087.915
1782562560000,4087.915,4087.915,4087.915,4087.915
1782562620000,4087.915,4087.915,4087.915,4087.915
1782562680000,4087.915,4087.915,4087.915,4087.915
1782562740000,4087.915,4087.915,4087.915,4087.915
1782562800000,4087.915,4087.915,4087.915,4087.915
1782562860000,4087.915,4087.915,4087.915,4087.915
1782562920000,4087.915,4087.915,4087.915,4087.915
1782562980000,4087.915,4087.915,4087.915,4087.915
1782563040000,4087.915,4087.915,4087.915,4087.915
1782563100000,4087.915,4087.915,4087.915,4087.915
1782563160000,4087.915,4087.915,4087.915,4087.915
1782563220000,4087.915,4087.915,4087.915,4087.915
1782563280000,4087.915,4087.915,4087.915,4087.915
1782563340000,4087.915,4087.915,4087.915,4087.915
1782563400000,4087.915,4087.915,4087.915,4087.915
1782563460000,4087.915,4087.915,4087.915,4087.915
1782563520000,4087.915,4087.915,4087.915,4087.915
1782563580000,4087.915,4087.915,4087.915,4087.915
1782563640000,4087.915,4087.915,4087.915,4087.915
1782563700000,4087.915,4087.915,4087.915,4087.915
1782563760000,4087.915,4087.915,4087.915,4087.915
1782563820000,4087.915,4087.915,4087.915,4087.915
1782563880000,4087.915,4087.915,4087.915,4087.915
1782563940000,4087.915,4087.915,4087.915,4087.915
1782564000000,4087.915,4087.915,4087.915,4087.915
1782564060000,4087.915,4087.915,4087.915,4087.915
1782564120000,4087.915,4087.915,4087.915,4087.915
1782564180000,4087.915,4087.915,4087.915,4087.915
1782564240000,4087.915,4087.915,4087.915,4087.915
1782564300000,4087.915,4087.915,4087.915,4087.915
1782564360000,4087.915,4087.915,4087.915,4087.915
1782564420000,4087.915,4087.915,4087.915,4087.915
1782564480000,4087.915,4087.915,4087.915,4087.915
1782564540000,4087.915,4087.915,4087.915,4087.915
1782564600000,4087.915,4087.915,4087.915,4087.915
1782564660000,4087.915,4087.915,4087.915,4087.915
1782564720000,4087.915,4087.915,4087.915,4087.915
1782564780000,4087.915,4087.915,4087.915,4087.915
1782564840000,4087.915,4087.915,4087.915,4087.915
1782564900000,4087.915,4087.915,4087.915,4087.915
1782564960000,4087.915,4087.915,4087.915,4087.915
1782565020000,4087.915,4087.915,4087.915,4087.915
1782565080000,4087.915,4087.915,4087.915,4087.915
1782565140000,4087.915,4087.915,4087.915,4087.915
1782565200000,4087.915,4087.915,4087.915,4087.915
1782565260000,4087.915,4087.915,4087.915,4087.915
1782565320000,4087.915,4087.915,4087.915,4087.915
1782565380000,4087.915,4087.915,4087.915,4087.915
1782565440000,4087.915,4087.915,4087.915,4087.915
1782565500000,4087.915,4087.915,4087.915,4087.915
1782565560000,4087.915,4087.915,4087.915,4087.915
1782565620000,4087.915,4087.915,4087.915,4087.915
1782565680000,4087.915,4087.915,4087.915,4087.915
1782565740000,4087.915,4087.915,4087.915,4087.915
1782565800000,4087.915,4087.915,4087.915,4087.915
1782565860000,4087.915,4087.915,4087.915,4087.915
1782565920000,4087.915,4087.915,4087.915,4087.915
1782565980000,4087.915,4087.915,4087.915,4087.915
1782566040000,4087.915,4087.915,4087.915,4087.915
1782566100000,4087.915,4087.915,4087.915,4087.915
1782566160000,4087.915,4087.915,4087.915,4087.915
1782566220000,4087.915,4087.915,4087.915,4087.915
1782566280000,4087.915,4087.915,4087.915,4087.915
1782566340000,4087.915,4087.915,4087.915,4087.915
1782566400000,4087.915,4087.915,4087.915,4087.915
1782566460000,4087.915,4087.915,4087.915,4087.915
1782566520000,4087.915,4087.915,4087.915,4087.915
1782566580000,4087.915,4087.915,4087.915,4087.915
1782566640000,4087.915,4087.915,4087.915,4087.915
1782566700000,4087.915,4087.915,4087.915,4087.915
1782566760000,4087.915,4087.915,4087.915,4087.915
1782566820000,4087.915,4087.915,4087.915,4087.915
1782566880000,4087.915,4087.915,4087.915,4087.915
1782566940000,4087.915,4087.915,4087.915,4087.915
1782567000000,4087.915,4087.915,4087.915,4087.915
1782567060000,4087.915,4087.915,4087.915,4087.915
1782567120000,4087.915,4087.915,4087.915,4087.915
1782567180000,4087.915,4087.915,4087.915,4087.915
1782567240000,4087.915,4087.915,4087.915,4087.915
1782567300000,4087.915,4087.915,4087.915,4087.915
1782567360000,4087.915,4087.915,4087.915,4087.915
1782567420000,4087.915,4087.915,4087.915,4087.915
1782567480000,4087.915,4087.915,4087.915,4087.915
1782567540000,4087.915,4087.915,4087.915,4087.915
1782567600000,4087.915,4087.915,4087.915,4087.915
1782567660000,4087.915,4087.915,4087.915,4087.915
1782567720000,4087.915,4087.915,4087.915,4087.915
1782567780000,4087.915,4087.915,4087.915,4087.915
1782567840000,4087.915,4087.915,4087.915,4087.915
1782567900000,4087.915,4087.915,4087.915,4087.915
1782567960000,4087.915,4087.915,4087.915,4087.915
1782568020000,4087.915,4087.915,4087.915,4087.915
1782568080000,4087.915,4087.915,4087.915,4087.915
1782568140000,4087.915,4087.915,4087.915,4087.915
1782568200000,4087.915,4087.915,4087.915,4087.915
1782568260000,4087.915,4087.915,4087.915,4087.915
1782568320000,4087.915,4087.915,4087.915,4087.915
1782568380000,4087.915,4087.915,4087.915,4087.915
1782568440000,4087.915,4087.915,4087.915,4087.915
1782568500000,4087.915,4087.915,4087.915,4087.915
1782568560000,4087.915,4087.915,4087.915,4087.915
1782568620000,4087.915,4087.915,4087.915,4087.915
1782568680000,4087.915,4087.915,4087.915,4087.915
1782568740000,4087.915,4087.915,4087.915,4087.915
1782568800000,4087.915,4087.915,4087.915,4087.915
1782568860000,4087.915,4087.915,4087.915,4087.915
1782568920000,4087.915,4087.915,4087.915,4087.915
1782568980000,4087.915,4087.915,4087.915,4087.915
1782569040000,4087.915,4087.915,4087.915,4087.915
1782569100000,4087.915,4087.915,4087.915,4087.915
1782569160000,4087.915,4087.915,4087.915,4087.915
1782569220000,4087.915,4087.915,4087.915,4087.915
1782569280000,4087.915,4087.915,4087.915,4087.915
1782569340000,4087.915,4087.915,4087.915,4087.915
1782569400000,4087.915,4087.915,4087.915,4087.915
1782569460000,4087.915,4087.915,4087.915,4087.915
1782569520000,4087.915,4087.915,4087.915,4087.915
1782569580000,4087.915,4087.915,4087.915,4087.915
1782569640000,4087.915,4087.915,4087.915,4087.915
1782569700000,4087.915,4087.915,4087.915,4087.915
1782569760000,4087.915,4087.915,4087.915,4087.915
1782569820000,4087.915,4087.915,4087.915,4087.915
1782569880000,4087.915,4087.915,4087.915,4087.915
1782569940000,4087.915,4087.915,4087.915,4087.915
1782570000000,4087.915,4087.915,4087.915,4087.915
1782570060000,4087.915,4087.915,4087.915,4087.915
1782570120000,4087.915,4087.915,4087.915,4087.915
1782570180000,4087.915,4087.915,4087.915,4087.915
1782570240000,4087.915,4087.915,4087.915,4087.915
1782570300000,4087.915,4087.915,4087.915,4087.915
1782570360000,4087.915,4087.915,4087.915,4087.915
1782570420000,4087.915,4087.915,4087.915,4087.915
1782570480000,4087.915,4087.915,4087.915,4087.915
1782570540000,4087.915,4087.915,4087.915,4087.915
1782570600000,4087.915,4087.915,4087.915,4087.915
1782570660000,4087.915,4087.915,4087.915,4087.915
1782570720000,4087.915,4087.915,4087.915,4087.915
1782570780000,4087.915,4087.915,4087.915,4087.915
1782570840000,4087.915,4087.915,4087.915,4087.915
1782570900000,4087.915,4087.915,4087.915,4087.915
1782570960000,4087.915,4087.915,4087.915,4087.915
1782571020000,4087.915,4087.915,4087.915,4087.915
1782571080000,4087.915,4087.915,4087.915,4087.915
1782571140000,4087.915,4087.915,4087.915,4087.915
1782571200000,4087.915,4087.915,4087.915,4087.915
1782571260000,4087.915,4087.915,4087.915,4087.915
1782571320000,4087.915,4087.915,4087.915,4087.915
1782571380000,4087.915,4087.915,4087.915,4087.915
1782571440000,4087.915,4087.915,4087.915,4087.915
1782571500000,4087.915,4087.915,4087.915,4087.915
1782571560000,4087.915,4087.915,4087.915,4087.915
1782571620000,4087.915,4087.915,4087.915,4087.915
1782571680000,4087.915,4087.915,4087.915,4087.915
1782571740000,4087.915,4087.915,4087.915,4087.915
1782571800000,4087.915,4087.915,4087.915,4087.915
1782571860000,4087.915,4087.915,4087.915,4087.915
1782571920000,4087.915,4087.915,4087.915,4087.915
1782571980000,4087.915,4087.915,4087.915,4087.915
1782572040000,4087.915,4087.915,4087.915,4087.915
1782572100000,4087.915,4087.915,4087.915,4087.915
1782572160000,4087.915,4087.915,4087.915,4087.915
1782572220000,4087.915,4087.915,4087.915,4087.915
1782572280000,4087.915,4087.915,4087.915,4087.915
1782572340000,4087.915,4087.915,4087.915,4087.915
1782572400000,4087.915,4087.915,4087.915,4087.915
1782572460000,4087.915,4087.915,4087.915,4087.915
1782572520000,4087.915,4087.915,4087.915,4087.915
1782572580000,4087.915,4087.915,4087.915,4087.915
1782572640000,4087.915,4087.915,4087.915,4087.915
1782572700000,4087.915,4087.915,4087.915,4087.915
1782572760000,4087.915,4087.915,4087.915,4087.915
1782572820000,4087.915,4087.915,4087.915,4087.915
1782572880000,4087.915,4087.915,4087.915,4087.915
1782572940000,4087.915,4087.915,4087.915,4087.915
1782573000000,4087.915,4087.915,4087.915,4087.915
1782573060000,4087.915,4087.915,4087.915,4087.915
1782573120000,4087.915,4087.915,4087.915,4087.915
1782573180000,4087.915,4087.915,4087.915,4087.915
1782573240000,4087.915,4087.915,4087.915,4087.915
1782573300000,4087.915,4087.915,4087.915,4087.915
1782573360000,4087.915,4087.915,4087.915,4087.915
1782573420000,4087.915,4087.915,4087.915,4087.915
1782573480000,4087.915,4087.915,4087.915,4087.915
1782573540000,4087.915,4087.915,4087.915,4087.915
1782573600000,4087.915,4087.915,4087.915,4087.915
1782573660000,4087.915,4087.915,4087.915,4087.915
1782573720000,4087.915,4087.915,4087.915,4087.915
1782573780000,4087.915,4087.915,4087.915,4087.915
1782573840000,4087.915,4087.915,4087.915,4087.915
1782573900000,4087.915,4087.915,4087.915,4087.915
1782573960000,4087.915,4087.915,4087.915,4087.915
1782574020000,4087.915,4087.915,4087.915,4087.915
1782574080000,4087.915,4087.915,4087.915,4087.915
1782574140000,4087.915,4087.915,4087.915,4087.915
1782574200000,4087.915,4087.915,4087.915,4087.915
1782574260000,4087.915,4087.915,4087.915,4087.915
1782574320000,4087.915,4087.915,4087.915,4087.915
1782574380000,4087.915,4087.915,4087.915,4087.915
1782574440000,4087.915,4087.915,4087.915,4087.915
1782574500000,4087.915,4087.915,4087.915,4087.915
1782574560000,4087.915,4087.915,4087.915,4087.915
1782574620000,4087.915,4087.915,4087.915,4087.915
1782574680000,4087.915,4087.915,4087.915,4087.915
1782574740000,4087.915,4087.915,4087.915,4087.915
1782574800000,4087.915,4087.915,4087.915,4087.915
1782574860000,4087.915,4087.915,4087.915,4087.915
1782574920000,4087.915,4087.915,4087.915,4087.915
1782574980000,4087.915,4087.915,4087.915,4087.915
1782575040000,4087.915,4087.915,4087.915,4087.915
1782575100000,4087.915,4087.915,4087.915,4087.915
1782575160000,4087.915,4087.915,4087.915,4087.915
1782575220000,4087.915,4087.915,4087.915,4087.915
1782575280000,4087.915,4087.915,4087.915,4087.915
1782575340000,4087.915,4087.915,4087.915,4087.915
1782575400000,4087.915,4087.915,4087.915,4087.915
1782575460000,4087.915,4087.915,4087.915,4087.915
1782575520000,4087.915,4087.915,4087.915,4087.915
1782575580000,4087.915,4087.915,4087.915,4087.915
1782575640000,4087.915,4087.915,4087.915,4087.915
1782575700000,4087.915,4087.915,4087.915,4087.915
1782575760000,4087.915,4087.915,4087.915,4087.915
1782575820000,4087.915,4087.915,4087.915,4087.915
1782575880000,4087.915,4087.915,4087.915,4087.915
1782575940000,4087.915,4087.915,4087.915,4087.915
1782576000000,4087.915,4087.915,4087.915,4087.915
1782576060000,4087.915,4087.915,4087.915,4087.915
1782576120000,4087.915,4087.915,4087.915,4087.915
1782576180000,4087.915,4087.915,4087.915,4087.915
1782576240000,4087.915,4087.915,4087.915,4087.915
1782576300000,4087.915,4087.915,4087.915,4087.915
1782576360000,4087.915,4087.915,4087.915,4087.915
1782576420000,4087.915,4087.915,4087.915,4087.915
1782576480000,4087.915,4087.915,4087.915,4087.915
1782576540000,4087.915,4087.915,4087.915,4087.915
1782576600000,4087.915,4087.915,4087.915,4087.915
1782576660000,4087.915,4087.915,4087.915,4087.915
1782576720000,4087.915,4087.915,4087.915,4087.915
1782576780000,4087.915,4087.915,4087.915,4087.915
1782576840000,4087.915,4087.915,4087.915,4087.915
1782576900000,4087.915,4087.915,4087.915,4087.915
1782576960000,4087.915,4087.915,4087.915,4087.915
1782577020000,4087.915,4087.915,4087.915,4087.915
1782577080000,4087.915,4087.915,4087.915,4087.915
1782577140000,4087.915,4087.915,4087.915,4087.915
1782577200000,4087.915,4087.915,4087.915,4087.915
1782577260000,4087.915,4087.915,4087.915,4087.915
1782577320000,4087.915,4087.915,4087.915,4087.915
1782577380000,4087.915,4087.915,4087.915,4087.915
1782577440000,4087.915,4087.915,4087.915,4087.915
1782577500000,4087.915,4087.915,4087.915,4087.915
1782577560000,4087.915,4087.915,4087.915,4087.915
1782577620000,4087.915,4087.915,4087.915,4087.915
1782577680000,4087.915,4087.915,4087.915,4087.915
1782577740000,4087.915,4087.915,4087.915,4087.915
1782577800000,4087.915,4087.915,4087.915,4087.915
1782577860000,4087.915,4087.915,4087.915,4087.915
1782577920000,4087.915,4087.915,4087.915,4087.915
1782577980000,4087.915,4087.915,4087.915,4087.915
1782578040000,4087.915,4087.915,4087.915,4087.915
1782578100000,4087.915,4087.915,4087.915,4087.915
1782578160000,4087.915,4087.915,4087.915,4087.915
1782578220000,4087.915,4087.915,4087.915,4087.915
1782578280000,4087.915,4087.915,4087.915,4087.915
1782578340000,4087.915,4087.915,4087.915,4087.915
1782578400000,4087.915,4087.915,4087.915,4087.915
1782578460000,4087.915,4087.915,4087.915,4087.915
1782578520000,4087.915,4087.915,4087.915,4087.915
1782578580000,4087.915,4087.915,4087.915,4087.915
1782578640000,4087.915,4087.915,4087.915,4087.915
1782578700000,4087.915,4087.915,4087.915,4087.915
1782578760000,4087.915,4087.915,4087.915,4087.915
1782578820000,4087.915,4087.915,4087.915,4087.915
1782578880000,4087.915,4087.915,4087.915,4087.915
1782578940000,4087.915,4087.915,4087.915,4087.915
1782579000000,4087.915,4087.915,4087.915,4087.915
1782579060000,4087.915,4087.915,4087.915,4087.915
1782579120000,4087.915,4087.915,4087.915,4087.915
1782579180000,4087.915,4087.915,4087.915,4087.915
1782579240000,4087.915,4087.915,4087.915,4087.915
1782579300000,4087.915,4087.915,4087.915,4087.915
1782579360000,4087.915,4087.915,4087.915,4087.915
1782579420000,4087.915,4087.915,4087.915,4087.915
1782579480000,4087.915,4087.915,4087.915,4087.915
1782579540000,4087.915,4087.915,4087.915,4087.915
1782579600000,4087.915,4087.915,4087.915,4087.915
1782579660000,4087.915,4087.915,4087.915,4087.915
1782579720000,4087.915,4087.915,4087.915,4087.915
1782579780000,4087.915,4087.915,4087.915,4087.915
1782579840000,4087.915,4087.915,4087.915,4087.915
1782579900000,4087.915,4087.915,4087.915,4087.915
1782579960000,4087.915,4087.915,4087.915,4087.915
1782580020000,4087.915,4087.915,4087.915,4087.915
1782580080000,4087.915,4087.915,4087.915,4087.915
1782580140000,4087.915,4087.915,4087.915,4087.915
1782580200000,4087.915,4087.915,4087.915,4087.915
1782580260000,4087.915,4087.915,4087.915,4087.915
1782580320000,4087.915,4087.915,4087.915,4087.915
1782580380000,4087.915,4087.915,4087.915,4087.915
1782580440000,4087.915,4087.915,4087.915,4087.915
1782580500000,4087.915,4087.915,4087.915,4087.915
1782580560000,4087.915,4087.915,4087.915,4087.915
1782580620000,4087.915,4087.915,4087.915,4087.915
1782580680000,4087.915,4087.915,4087.915,4087.915
1782580740000,4087.915,4087.915,4087.915,4087.915
1782580800000,4087.915,4087.915,4087.915,4087.915
1782580860000,4087.915,4087.915,4087.915,4087.915
1782580920000,4087.915,4087.915,4087.915,4087.915
1782580980000,4087.915,4087.915,4087.915,4087.915
1782581040000,4087.915,4087.915,4087.915,4087.915
1782581100000,4087.915,4087.915,4087.915,4087.915
1782581160000,4087.915,4087.915,4087.915,4087.915
1782581220000,4087.915,4087.915,4087.915,4087.915
1782581280000,4087.915,4087.915,4087.915,4087.915
1782581340000,4087.915,4087.915,4087.915,4087.915
1782581400000,4087.915,4087.915,4087.915,4087.915
1782581460000,4087.915,4087.915,4087.915,4087.915
1782581520000,4087.915,4087.915,4087.915,4087.915
1782581580000,4087.915,4087.915,4087.915,4087.915
1782581640000,4087.915,4087.915,4087.915,4087.915
1782581700000,4087.915,4087.915,4087.915,4087.915
1782581760000,4087.915,4087.915,4087.915,4087.915
1782581820000,4087.915,4087.915,4087.915,4087.915
1782581880000,4087.915,4087.915,4087.915,4087.915
1782581940000,4087.915,4087.915,4087.915,4087.915
1782582000000,4087.915,4087.915,4087.915,4087.915
1782582060000,4087.915,4087.915,4087.915,4087.915
1782582120000,4087.915,4087.915,4087.915,4087.915
1782582180000,4087.915,4087.915,4087.915,4087.915
1782582240000,4087.915,4087.915,4087.915,4087.915
1782582300000,4087.915,4087.915,4087.915,4087.915
1782582360000,4087.915,4087.915,4087.915,4087.915
1782582420000,4087.915,4087.915,4087.915,4087.915
1782582480000,4087.915,4087.915,4087.915,4087.915
1782582540000,4087.915,4087.915,4087.915,4087.915
1782582600000,4087.915,4087.915,4087.915,4087.915
1782582660000,4087.915,4087.915,4087.915,4087.915
1782582720000,4087.915,4087.915,4087.915,4087.915
1782582780000,4087.915,4087.915,4087.915,4087.915
1782582840000,4087.915,4087.915,4087.915,4087.915
1782582900000,4087.915,4087.915,4087.915,4087.915
1782582960000,4087.915,4087.915,4087.915,4087.915
1782583020000,4087.915,4087.915,4087.915,4087.915
1782583080000,4087.915,4087.915,4087.915,4087.915
1782583140000,4087.915,4087.915,4087.915,4087.915
1782583200000,4087.915,4087.915,4087.915,4087.915
1782583260000,4087.915,4087.915,4087.915,4087.915
1782583320000,4087.915,4087.915,4087.915,4087.915
1782583380000,4087.915,4087.915,4087.915,4087.915
1782583440000,4087.915,4087.915,4087.915,4087.915
1782583500000,4087.915,4087.915,4087.915,4087.915
1782583560000,4087.915,4087.915,4087.915,4087.915
1782583620000,4087.915,4087.915,4087.915,4087.915
1782583680000,4087.915,4087.915,4087.915,4087.915
1782583740000,4087.915,4087.915,4087.915,4087.915
1782583800000,4087.915,4087.915,4087.915,4087.915
1782583860000,4087.915,4087.915,4087.915,4087.915
1782583920000,4087.915,4087.915,4087.915,4087.915
1782583980000,4087.915,4087.915,4087.915,4087.915
1782584040000,4087.915,4087.915,4087.915,4087.915
1782584100000,4087.915,4087.915,4087.915,4087.915
1782584160000,4087.915,4087.915,4087.915,4087.915
1782584220000,4087.915,4087.915,4087.915,4087.915
1782584280000,4087.915,4087.915,4087.915,4087.915
1782584340000,4087.915,4087.915,4087.915,4087.915
1782584400000,4087.915,4087.915,4087.915,4087.915
1782584460000,4087.915,4087.915,4087.915,4087.915
1782584520000,4087.915,4087.915,4087.915,4087.915
1782584580000,4087.915,4087.915,4087.915,4087.915
1782584640000,4087.915,4087.915,4087.915,4087.915
1782584700000,4087.915,4087.915,4087.915,4087.915
1782584760000,4087.915,4087.915,4087.915,4087.915
1782584820000,4087.915,4087.915,4087.915,4087.915
1782584880000,4087.915,4087.915,4087.915,4087.915
1782584940000,4087.915,4087.915,4087.915,4087.915
1782585000000,4087.915,4087.915,4087.915,4087.915
1782585060000,4087.915,4087.915,4087.915,4087.915
1782585120000,4087.915,4087.915,4087.915,4087.915
1782585180000,4087.915,4087.915,4087.915,4087.915
1782585240000,4087.915,4087.915,4087.915,4087.915
1782585300000,4087.915,4087.915,4087.915,4087.915
1782585360000,4087.915,4087.915,4087.915,4087.915
1782585420000,4087.915,4087.915,4087.915,4087.915
1782585480000,4087.915,4087.915,4087.915,4087.915
1782585540000,4087.915,4087.915,4087.915,4087.915
1782585600000,4087.915,4087.915,4087.915,4087.915
1782585660000,4087.915,4087.915,4087.915,4087.915
1782585720000,4087.915,4087.915,4087.915,4087.915
1782585780000,4087.915,4087.915,4087.915,4087.915
1782585840000,4087.915,4087.915,4087.915,4087.915
1782585900000,4087.915,4087.915,4087.915,4087.915
1782585960000,4087.915,4087.915,4087.915,4087.915
1782586020000,4087.915,4087.915,4087.915,4087.915
1782586080000,4087.915,4087.915,4087.915,4087.915
1782586140000,4087.915,4087.915,4087.915,4087.915
1782586200000,4087.915,4087.915,4087.915,4087.915
1782586260000,4087.915,4087.915,4087.915,4087.915
1782586320000,4087.915,4087.915,4087.915,4087.915
1782586380000,4087.915,4087.915,4087.915,4087.915
1782586440000,4087.915,4087.915,4087.915,4087.915
1782586500000,4087.915,4087.915,4087.915,4087.915
1782586560000,4087.915,4087.915,4087.915,4087.915
1782586620000,4087.915,4087.915,4087.915,4087.915
1782586680000,4087.915,4087.915,4087.915,4087.915
1782586740000,4087.915,4087.915,4087.915,4087.915
1782586800000,4087.915,4087.915,4087.915,4087.915
1782586860000,4087.915,4087.915,4087.915,4087.915
1782586920000,4087.915,4087.915,4087.915,4087.915
1782586980000,4087.915,4087.915,4087.915,4087.915
1782587040000,4087.915,4087.915,4087.915,4087.915
1782587100000,4087.915,4087.915,4087.915,4087.915
1782587160000,4087.915,4087.915,4087.915,4087.915
1782587220000,4087.915,4087.915,4087.915,4087.915
1782587280000,4087.915,4087.915,4087.915,4087.915
1782587340000,4087.915,4087.915,4087.915,4087.915
1782587400000,4087.915,4087.915,4087.915,4087.915
1782587460000,4087.915,4087.915,4087.915,4087.915
1782587520000,4087.915,4087.915,4087.915,4087.915
1782587580000,4087.915,4087.915,4087.915,4087.915
1782587640000,4087.915,4087.915,4087.915,4087.915
1782587700000,4087.915,4087.915,4087.915,4087.915
1782587760000,4087.915,4087.915,4087.915,4087.915
1782587820000,4087.915,4087.915,4087.915,4087.915
1782587880000,4087.915,4087.915,4087.915,4087.915
1782587940000,4087.915,4087.915,4087.915,4087.915
1782588000000,4087.915,4087.915,4087.915,4087.915
1782588060000,4087.915,4087.915,4087.915,4087.915
1782588120000,4087.915,4087.915,4087.915,4087.915
1782588180000,4087.915,4087.915,4087.915,4087.915
1782588240000,4087.915,4087.915,4087.915,4087.915
1782588300000,4087.915,4087.915,4087.915,4087.915
1782588360000,4087.915,4087.915,4087.915,4087.915
1782588420000,4087.915,4087.915,4087.915,4087.915
1782588480000,4087.915,4087.915,4087.915,4087.915
1782588540000,4087.915,4087.915,4087.915,4087.915
1782588600000,4087.915,4087.915,4087.915,4087.915
1782588660000,4087.915,4087.915,4087.915,4087.915
1782588720000,4087.915,4087.915,4087.915,4087.915
1782588780000,4087.915,4087.915,4087.915,4087.915
1782588840000,4087.915,4087.915,4087.915,4087.915
1782588900000,4087.915,4087.915,4087.915,4087.915
1782588960000,4087.915,4087.915,4087.915,4087.915
1782589020000,4087.915,4087.915,4087.915,4087.915
1782589080000,4087.915,4087.915,4087.915,4087.915
1782589140000,4087.915,4087.915,4087.915,4087.915
1782589200000,4087.915,4087.915,4087.915,4087.915
1782589260000,4087.915,4087.915,4087.915,4087.915
1782589320000,4087.915,4087.915,4087.915,4087.915
1782589380000,4087.915,4087.915,4087.915,4087.915
1782589440000,4087.915,4087.915,4087.915,4087.915
1782589500000,4087.915,4087.915,4087.915,4087.915
1782589560000,4087.915,4087.915,4087.915,4087.915
1782589620000,4087.915,4087.915,4087.915,4087.915
1782589680000,4087.915,4087.915,4087.915,4087.915
1782589740000,4087.915,4087.915,4087.915,4087.915
1782589800000,4087.915,4087.915,4087.915,4087.915
1782589860000,4087.915,4087.915,4087.915,4087.915
1782589920000,4087.915,4087.915,4087.915,4087.915
1782589980000,4087.915,4087.915,4087.915,4087.915
1782590040000,4087.915,4087.915,4087.915,4087.915
1782590100000,4087.915,4087.915,4087.915,4087.915
1782590160000,4087.915,4087.915,4087.915,4087.915
1782590220000,4087.915,4087.915,4087.915,4087.915
1782590280000,4087.915,4087.915,4087.915,4087.915
1782590340000,4087.915,4087.915,4087.915,4087.915
1782590400000,4087.915,4087.915,4087.915,4087.915
1782590460000,4087.915,4087.915,4087.915,4087.915
1782590520000,4087.915,4087.915,4087.915,4087.915
1782590580000,4087.915,4087.915,4087.915,4087.915
1782590640000,4087.915,4087.915,4087.915,4087.915
1782590700000,4087.915,4087.915,4087.915,4087.915
1782590760000,4087.915,4087.915,4087.915,4087.915
1782590820000,4087.915,4087.915,4087.915,4087.915
1782590880000,4087.915,4087.915,4087.915,4087.915
1782590940000,4087.915,4087.915,4087.915,4087.915
1782591000000,4087.915,4087.915,4087.915,4087.915
1782591060000,4087.915,4087.915,4087.915,4087.915
1782591120000,4087.915,4087.915,4087.915,4087.915
1782591180000,4087.915,4087.915,4087.915,4087.915
1782591240000,4087.915,4087.915,4087.915,4087.915
1782591300000,4087.915,4087.915,4087.915,4087.915
1782591360000,4087.915,4087.915,4087.915,4087.915
1782591420000,4087.915,4087.915,4087.915,4087.915
1782591480000,4087.915,4087.915,4087.915,4087.915
1782591540000,4087.915,4087.915,4087.915,4087.915
1782591600000,4087.915,4087.915,4087.915,4087.915
1782591660000,4087.915,4087.915,4087.915,4087.915
1782591720000,4087.915,4087.915,4087.915,4087.915
1782591780000,4087.915,4087.915,4087.915,4087.915
1782591840000,4087.915,4087.915,4087.915,4087.915
1782591900000,4087.915,4087.915,4087.915,4087.915
1782591960000,4087.915,4087.915,4087.915,4087.915
1782592020000,4087.915,4087.915,4087.915,4087.915
1782592080000,4087.915,4087.915,4087.915,4087.915
1782592140000,4087.915,4087.915,4087.915,4087.915
1782592200000,4087.915,4087.915,4087.915,4087.915
1782592260000,4087.915,4087.915,4087.915,4087.915
1782592320000,4087.915,4087.915,4087.915,4087.915
1782592380000,4087.915,4087.915,4087.915,4087.915
1782592440000,4087.915,4087.915,4087.915,4087.915
1782592500000,4087.915,4087.915,4087.915,4087.915
1782592560000,4087.915,4087.915,4087.915,4087.915
1782592620000,4087.915,4087.915,4087.915,4087.915
1782592680000,4087.915,4087.915,4087.915,4087.915
1782592740000,4087.915,4087.915,4087.915,4087.915
1782592800000,4087.915,4087.915,4087.915,4087.915
1782592860000,4087.915,4087.915,4087.915,4087.915
1782592920000,4087.915,4087.915,4087.915,4087.915
1782592980000,4087.915,4087.915,4087.915,4087.915
1782593040000,4087.915,4087.915,4087.915,4087.915
1782593100000,4087.915,4087.915,4087.915,4087.915
1782593160000,4087.915,4087.915,4087.915,4087.915
1782593220000,4087.915,4087.915,4087.915,4087.915
1782593280000,4087.915,4087.915,4087.915,4087.915
1782593340000,4087.915,4087.915,4087.915,4087.915
1782593400000,4087.915,4087.915,4087.915,4087.915
1782593460000,4087.915,4087.915,4087.915,4087.915
1782593520000,4087.915,4087.915,4087.915,4087.915
1782593580000,4087.915,4087.915,4087.915,4087.915
1782593640000,4087.915,4087.915,4087.915,4087.915
1782593700000,4087.915,4087.915,4087.915,4087.915
1782593760000,4087.915,4087.915,4087.915,4087.915
1782593820000,4087.915,4087.915,4087.915,4087.915
1782593880000,4087.915,4087.915,4087.915,4087.915
1782593940000,4087.915,4087.915,4087.915,4087.915
1782594000000,4087.915,4087.915,4087.915,4087.915
1782594060000,4087.915,4087.915,4087.915,4087.915
1782594120000,4087.915,4087.915,4087.915,4087.915
1782594180000,4087.915,4087.915,4087.915,4087.915
1782594240000,4087.915,4087.915,4087.915,4087.915
1782594300000,4087.915,4087.915,4087.915,4087.915
1782594360000,4087.915,4087.915,4087.915,4087.915
1782594420000,4087.915,4087.915,4087.915,4087.915
1782594480000,4087.915,4087.915,4087.915,4087.915
1782594540000,4087.915,4087.915,4087.915,4087.915
1782594600000,4087.915,4087.915,4087.915,4087.915
1782594660000,4087.915,4087.915,4087.915,4087.915
1782594720000,4087.915,4087.915,4087.915,4087.915
1782594780000,4087.915,4087.915,4087.915,4087.915
1782594840000,4087.915,4087.915,4087.915,4087.915
1782594900000,4087.915,4087.915,4087.915,4087.915
1782594960000,4087.915,4087.915,4087.915,4087.915
1782595020000,4087.915,4087.915,4087.915,4087.915
1782595080000,4087.915,4087.915,4087.915,4087.915
1782595140000,4087.915,4087.915,4087.915,4087.915
1782595200000,4087.915,4087.915,4087.915,4087.915
1782595260000,4087.915,4087.915,4087.915,4087.915
1782595320000,4087.915,4087.915,4087.915,4087.915
1782595380000,4087.915,4087.915,4087.915,4087.915
1782595440000,4087.915,4087.915,4087.915,4087.915
1782595500000,4087.915,4087.915,4087.915,4087.915
1782595560000,4087.915,4087.915,4087.915,4087.915
1782595620000,4087.915,4087.915,4087.915,4087.915
1782595680000,4087.915,4087.915,4087.915,4087.915
1782595740000,4087.915,4087.915,4087.915,4087.915
1782595800000,4087.915,4087.915,4087.915,4087.915
1782595860000,4087.915,4087.915,4087.915,4087.915
1782595920000,4087.915,4087.915,4087.915,4087.915
1782595980000,4087.915,4087.915,4087.915,4087.915
1782596040000,4087.915,4087.915,4087.915,4087.915
1782596100000,4087.915,4087.915,4087.915,4087.915
1782596160000,4087.915,4087.915,4087.915,4087.915
1782596220000,4087.915,4087.915,4087.915,4087.915
1782596280000,4087.915,4087.915,4087.915,4087.915
1782596340000,4087.915,4087.915,4087.915,4087.915
1782596400000,4087.915,4087.915,4087.915,4087.915
1782596460000,4087.915,4087.915,4087.915,4087.915
1782596520000,4087.915,4087.915,4087.915,4087.915
1782596580000,4087.915,4087.915,4087.915,4087.915
1782596640000,4087.915,4087.915,4087.915,4087.915
1782596700000,4087.915,4087.915,4087.915,4087.915
1782596760000,4087.915,4087.915,4087.915,4087.915
1782596820000,4087.915,4087.915,4087.915,4087.915
1782596880000,4087.915,4087.915,4087.915,4087.915
1782596940000,4087.915,4087.915,4087.915,4087.915
1782597000000,4087.915,4087.915,4087.915,4087.915
1782597060000,4087.915,4087.915,4087.915,4087.915
1782597120000,4087.915,4087.915,4087.915,4087.915
1782597180000,4087.915,4087.915,4087.915,4087.915
1782597240000,4087.915,4087.915,4087.915,4087.915
1782597300000,4087.915,4087.915,4087.915,4087.915
1782597360000,4087.915,4087.915,4087.915,4087.915
1782597420000,4087.915,4087.915,4087.915,4087.915
1782597480000,4087.915,4087.915,4087.915,4087.915
1782597540000,4087.915,4087.915,4087.915,4087.915
1782597600000,4087.915,4087.915,4087.915,4087.915
1782597660000,4087.915,4087.915,4087.915,4087.915
1782597720000,4087.915,4087.915,4087.915,4087.915
1782597780000,4087.915,4087.915,4087.915,4087.915
1782597840000,4087.915,4087.915,4087.915,4087.915
1782597900000,4087.915,4087.915,4087.915,4087.915
1782597960000,4087.915,4087.915,4087.915,4087.915
1782598020000,4087.915,4087.915,4087.915,4087.915
1782598080000,4087.915,4087.915,4087.915,4087.915
1782598140000,4087.915,4087.915,4087.915,4087.915
1782598200000,4087.915,4087.915,4087.915,4087.915
1782598260000,4087.915,4087.915,4087.915,4087.915
1782598320000,4087.915,4087.915,4087.915,4087.915
1782598380000,4087.915,4087.915,4087.915,4087.915
1782598440000,4087.915,4087.915,4087.915,4087.915
1782598500000,4087.915,4087.915,4087.915,4087.915
1782598560000,4087.915,4087.915,4087.915,4087.915
1782598620000,4087.915,4087.915,4087.915,4087.915
1782598680000,4087.915,4087.915,4087.915,4087.915
1782598740000,4087.915,4087.915,4087.915,4087.915
1782598800000,4087.915,4087.915,4087.915,4087.915
1782598860000,4087.915,4087.915,4087.915,4087.915
1782598920000,4087.915,4087.915,4087.915,4087.915
1782598980000,4087.915,4087.915,4087.915,4087.915
1782599040000,4087.915,4087.915,4087.915,4087.915
1782599100000,4087.915,4087.915,4087.915,4087.915
1782599160000,4087.915,4087.915,4087.915,4087.915
1782599220000,4087.915,4087.915,4087.915,4087.915
1782599280000,4087.915,4087.915,4087.915,4087.915
1782599340000,4087.915,4087.915,4087.915,4087.915
1782599400000,4087.915,4087.915,4087.915,4087.915
1782599460000,4087.915,4087.915,4087.915,4087.915
1782599520000,4087.915,4087.915,4087.915,4087.915
1782599580000,4087.915,4087.915,4087.915,4087.915
1782599640000,4087.915,4087.915,4087.915,4087.915
1782599700000,4087.915,4087.915,4087.915,4087.915
1782599760000,4087.915,4087.915,4087.915,4087.915
1782599820000,4087.915,4087.915,4087.915,4087.915
1782599880000,4087.915,4087.915,4087.915,4087.915
1782599940000,4087.915,4087.915,4087.915,4087.915
1782600000000,4087.915,4087.915,4087.915,4087.915
1782600060000,4087.915,4087.915,4087.915,4087.915
1782600120000,4087.915,4087.915,4087.915,4087.915
1782600180000,4087.915,4087.915,4087.915,4087.915
1782600240000,4087.915,4087.915,4087.915,4087.915
1782600300000,4087.915,4087.915,4087.915,4087.915
1782600360000,4087.915,4087.915,4087.915,4087.915
1782600420000,4087.915,4087.915,4087.915,4087.915
1782600480000,4087.915,4087.915,4087.915,4087.915
1782600540000,4087.915,4087.915,4087.915,4087.915
1782600600000,4087.915,4087.915,4087.915,4087.915
1782600660000,4087.915,4087.915,4087.915,4087.915
1782600720000,4087.915,4087.915,4087.915,4087.915
1782600780000,4087.915,4087.915,4087.915,4087.915
1782600840000,4087.915,4087.915,4087.915,4087.915
1782600900000,4087.915,4087.915,4087.915,4087.915
1782600960000,4087.915,4087.915,4087.915,4087.915
1782601020000,4087.915,4087.915,4087.915,4087.915
1782601080000,4087.915,4087.915,4087.915,4087.915
1782601140000,4087.915,4087.915,4087.915,4087.915
1782601200000,4087.915,4087.915,4087.915,4087.915
1782601260000,4087.915,4087.915,4087.915,4087.915
1782601320000,4087.915,4087.915,4087.915,4087.915
1782601380000,4087.915,4087.915,4087.915,4087.915
1782601440000,4087.915,4087.915,4087.915,4087.915
1782601500000,4087.915,4087.915,4087.915,4087.915
1782601560000,4087.915,4087.915,4087.915,4087.915
1782601620000,4087.915,4087.915,4087.915,4087.915
1782601680000,4087.915,4087.915,4087.915,4087.915
1782601740000,4087.915,4087.915,4087.915,4087.915
1782601800000,4087.915,4087.915,4087.915,4087.915
1782601860000,4087.915,4087.915,4087.915,4087.915
1782601920000,4087.915,4087.915,4087.915,4087.915
1782601980000,4087.915,4087.915,4087.915,4087.915
1782602040000,4087.915,4087.915,4087.915,4087.915
1782602100000,4087.915,4087.915,4087.915,4087.915
1782602160000,4087.915,4087.915,4087.915,4087.915
1782602220000,4087.915,4087.915,4087.915,4087.915
1782602280000,4087.915,4087.915,4087.915,4087.915
1782602340000,4087.915,4087.915,4087.915,4087.915
1782602400000,4087.915,4087.915,4087.915,4087.915
1782602460000,4087.915,4087.915,4087.915,4087.915
1782602520000,4087.915,4087.915,4087.915,4087.915
1782602580000,4087.915,4087.915,4087.915,4087.915
1782602640000,4087.915,4087.915,4087.915,4087.915
1782602700000,4087.915,4087.915,4087.915,4087.915
1782602760000,4087.915,4087.915,4087.915,4087.915
1782602820000,4087.915,4087.915,4087.915,4087.915
1782602880000,4087.915,4087.915,4087.915,4087.915
1782602940000,4087.915,4087.915,4087.915,4087.915
1782603000000,4087.915,4087.915,4087.915,4087.915
1782603060000,4087.915,4087.915,4087.915,4087.915
1782603120000,4087.915,4087.915,4087.915,4087.915
1782603180000,4087.915,4087.915,4087.915,4087.915
1782603240000,4087.915,4087.915,4087.915,4087.915
1782603300000,4087.915,4087.915,4087.915,4087.915
1782603360000,4087.915,4087.915,4087.915,4087.915
1782603420000,4087.915,4087.915,4087.915,4087.915
1782603480000,4087.915,4087.915,4087.915,4087.915
1782603540000,4087.915,4087.915,4087.915,4087.915
1782603600000,4087.915,4087.915,4087.915,4087.915
1782603660000,4087.915,4087.915,4087.915,4087.915
1782603720000,4087.915,4087.915,4087.915,4087.915
1782603780000,4087.915,4087.915,4087.915,4087.915
1782603840000,4087.915,4087.915,4087.915,4087.915
1782603900000,4087.915,4087.915,4087.915,4087.915
1782603960000,4087.915,4087.915,4087.915,4087.915
1782604020000,4087.915,4087.915,4087.915,4087.915
1782604080000,4087.915,4087.915,4087.915,4087.915
1782604140000,4087.915,4087.915,4087.915,4087.915
1782604200000,4087.915,4087.915,4087.915,4087.915
1782604260000,4087.915,4087.915,4087.915,4087.915
1782604320000,4087.915,4087.915,4087.915,4087.915
1782604380000,4087.915,4087.915,4087.915,4087.915
1782604440000,4087.915,4087.915,4087.915,4087.915
1782604500000,4087.915,4087.915,4087.915,4087.915
1782604560000,4087.915,4087.915,4087.915,4087.915
1782604620000,4087.915,4087.915,4087.915,4087.915
1782604680000,4087.915,4087.915,4087.915,4087.915
1782604740000,4087.915,4087.915,4087.915,4087.915
1783296000000,4183.825,4185.255,4180.735,4181.185
1783296060000,4181.215,4181.575,4170.265,4173.665
1783296120000,4173.645,4176.555,4173.645,4175.635
1783296180000,4175.595,4176.845,4173.885,4175.915
1783296240000,4175.985,4177.005,4174.535,4175.185
1783296300000,4175.235,4177.115,4175.055,4175.785
1783296360000,4175.755,4176.885,4171.545,4172.535
1783296420000,4172.555,4173.525,4170.795,4172.815
1783296480000,4172.875,4175.755,4172.745,4175.255
1783296540000,4175.225,4178.705,4175.055,4176.425
1783296600000,4176.395,4176.395,4173.315,4175.215
1783296660000,4175.245,4176.225,4174.095,4175.555
1783296720000,4175.575,4176.425,4174.195,4176.165
1783296780000,4176.195,4177.285,4174.725,4174.965
1783296840000,4175.215,4175.215,4173.695,4174.695
1783296900000,4174.705,4177.275,4174.525,4177.105
1783296960000,4177.095,4180.395,4176.105,4179.495
1783297020000,4179.445,4181.405,4179.445,4179.705
1783297080000,4179.635,4179.725,4176.805,4177.145
1783297140000,4177.165,4179.215,4176.935,4177.905
1783297200000,4177.955,4178.675,4177.575,4177.905
1783297260000,4177.925,4178.785,4176.025,4178.765
1783297320000,4178.765,4178.985,4176.915,4176.975
1783297380000,4177.025,4177.665,4176.615,4177.645
1783297440000,4177.665,4178.185,4175.445,4176.945
1783297500000,4176.975,4178.065,4173.205,4173.205
1783297560000,4173.215,4173.635,4170.915,4171.005
1783297620000,4171.215,4173.865,4170.865,4173.785
1783297680000,4173.805,4175.525,4172.655,4175.365
1783297740000,4175.325,4175.515,4173.525,4174.315
1783297800000,4174.345,4177.155,4173.935,4175.475
1783297860000,4175.555,4177.675,4174.315,4177.415
1783297920000,4177.385,4180.725,4176.995,4179.905
1783297980000,4179.835,4182.165,4179.755,4179.915
1783298040000,4179.955,4181.865,4179.255,4180.905
1783298100000,4180.925,4181.105,4179.535,4180.555
1783298160000,4180.525,4180.705,4178.305,4179.895
1783298220000,4179.925,4182.585,4179.415,4182.505
1783298280000,4182.595,4183.605,4181.895,4182.495
1783298340000,4182.465,4184.605,4182.295,4184.555
1783298400000,4184.465,4184.665,4182.985,4183.835
1783298460000,4183.815,4185.515,4183.205,4185.035
1783298520000,4185.015,4185.755,4184.465,4185.035
1783298580000,4185.075,4187.125,4184.895,4186.955
1783298640000,4186.965,4187.035,4185.315,4185.615
1783298700000,4185.575,4187.895,4185.545,4186.295
1783298760000,4186.275,4188.695,4186.215,4188.155
1783298820000,4188.195,4188.195,4185.735,4186.005
1783298880000,4185.975,4186.205,4184.755,4185.045
1783298940000,4184.625,4185.165,4182.735,4185.145
1783299000000,4185.125,4185.525,4183.555,4184.345
1783299060000,4184.395,4184.725,4182.435,4182.935
1783299120000,4182.975,4183.195,4181.565,4182.975
1783299180000,4182.945,4185.065,4182.495,4184.725
1783299240000,4184.685,4184.685,4182.875,4183.335
1783299300000,4183.115,4186.755,4183.015,4186.685
1783299360000,4186.725,4188.065,4185.085,4185.275
1783299420000,4185.255,4185.895,4184.485,4184.885
1783299480000,4184.855,4184.865,4174.395,4175.035
1783299540000,4175.005,4180.655,4175.005,4179.235
